1	6	0.39602577216145235
1	10	0.5111028166482322
1	18	0.6513197004716016
1	49	0.3496376694189665
1	60	0.3837157691762247
1	66	0.4190764561725514
1	70	0.33569328638616075
1	79	0.31362217517423424
1	87	0.30517557531023065
1	91	0.7692478123917049
1	92	0.32946826346126357
1	95	0.4320032762644377
2	7	0.634177946771917
2	8	0.4870269193009622
2	31	0.6562562628337705
2	36	0.2786472491073813
2	40	0.4794349886932954
2	62	0.12054418472045915
2	72	0.5118276917198537
3	3	0.6907138749463091
3	5	0.48567618957718783
3	10	0.6266029853580578
3	11	0.7008505141970821
3	15	0.42178487193866115
3	27	0.5374263232639439
3	49	0.40087685705957066
3	60	0.5295414019392237
3	70	0.44361511708285134
3	73	0.6364488788133116
3	81	0.5448160423284945
3	97	0.3568568706463058
4	1	0.46846179829814094
4	11	0.5818200754847133
4	12	0.7120601566939736
4	29	0.6156558152227023
4	55	0.3814097904008308
4	57	0.37960164504302446
4	71	0.7443546538306904
4	81	0.5043363815147368
5	3	0.4101944877239175
5	13	0.6265320212994421
5	17	0.48809407347784056
5	63	0.3862625071360634
5	67	0.35176072042829876
5	98	0.5865449754953307
6	26	0.29623226401462033
6	33	0.7563915930884949
6	42	0.4153929571614942
6	43	0.46067360216176245
6	44	0.5237693310759456
6	46	0.6259500179224922
6	71	0.5403656122142794
6	96	0.7181785127702462
7	5	0.6562897788231669
7	6	0.6932088168886416
7	46	0.6532511881250712
7	56	0.4627992917233809
7	59	0.5343468669109517
7	68	0.6809152419401496
7	69	0.6321663406325283
7	72	0.551323796336795
7	79	0.5449645207989224
7	85	0.7124117000216378
7	86	0.5844397014442035
7	90	0.5774977437183653
7	91	0.5542788473511541
7	92	0.5530029569423203
7	98	0.5992744892186646
8	15	0.5098410146702196
8	28	0.44303794215692577
8	29	0.608968927351043
8	35	0.4677528859012912
8	43	0.20772584617563206
8	61	0.3903082434616058
8	69	0.6777213238162793
8	74	0.3445905959888787
8	86	0.558915893716137
8	95	0.39499410513399347
9	6	0.30744074803134946
9	11	0.36131783513336513
9	41	0.5717211685926917
9	47	0.5231944434659505
9	62	0.49861131111077056
9	68	0.6845316892421537
9	84	0.48463719722036824
9	93	0.8705312151036998
10	4	0.4876206215976125
10	20	0.47820702763261047
10	26	0.3313436919420194
10	30	0.5816684771854752
10	33	0.40356231678669807
10	39	0.23263786521960417
10	46	0.6824696225729526
10	61	0.33475924785390504
10	66	0.2379885327615199
10	76	0.37970780369870666
10	86	0.5939810980961954
10	87	0.5906459687269591
11	1	0.44862591350267855
11	15	0.5685747375134006
11	36	0.6077339259470215
11	41	0.3621142983938543
11	42	0.4375588384807372
11	81	0.4957128755593272
11	82	0.3771020233228548
11	89	0.342185512540591
12	5	0.40060916273504166
12	11	0.5175626120650229
12	29	0.5375551107511528
12	38	0.42598571354087
12	42	0.4480340744105998
12	44	0.4433608565882925
12	45	0.4937545554743979
12	48	0.5712286250756329
12	51	0.5675399226604072
12	80	0.2782663443959344
12	87	0.5032166309790911
13	3	0.2976949926573043
13	17	0.29363598064437707
13	20	0.5948047184188278
13	39	0.44045211972289544
13	43	0.5108389129283116
13	95	0.5374496108423793
13	99	0.6220573403062598
14	2	0.38325962286769727
14	13	0.4622681218104908
14	16	0.3852757448755556
14	31	0.41680924023579163
14	38	0.6862273098200223
14	91	0.3299930143309619
14	100	0.5279679202744133
15	18	0.4306416127570015
15	24	0.5707176415055379
15	36	0.5714054087118802
15	81	0.5135480509385334
15	82	0.5853767578775373
16	17	0.4970962358134535
16	20	0.5151852460729182
16	33	0.500350166804642
16	44	0.6377075957040773
16	51	0.7115301788120909
16	52	0.3802643991203968
16	92	0.40692769957357044
16	99	0.4453110365979621
17	6	0.4884869955483081
17	7	0.850661337391097
17	19	0.520505355439092
17	22	0.4021914719050039
17	25	0.4970557591208447
17	26	0.6680013800139388
17	58	0.6803488915703312
17	82	0.34807045124127906
17	96	0.31818045129230815
18	20	0.6624024179561482
18	29	0.42024165601123475
18	43	0.4152554595536739
18	63	0.53281739820749
18	73	0.5393410112589552
18	78	0.2910641488408526
19	5	0.34610987535534926
19	9	0.6048061297716142
19	25	0.20576590257928584
19	37	0.7623307343781247
19	40	0.41480787415653214
19	57	0.7833877328928216
19	71	0.4487278284107661
19	84	0.461591609898202
19	99	0.5599633602358223
20	3	0.5837502920341556
20	34	0.39656285894643656
20	45	0.2824752633192431
20	69	0.6624509923705678
20	78	0.796701223937322
20	85	0.7844288270364812
20	86	0.44016869310886536
20	91	0.4925832979820934
20	99	0.6104521566483758
21	25	0.5266682888799554
21	26	0.7368109238554709
21	41	0.2810823821502235
21	42	0.9789464777011241
21	46	0.25867851548382687
21	76	0.4294239764360998
21	77	0.6205607483126496
21	78	0.5839454576476223
21	97	0.597072243533075
22	3	0.7473159521200671
22	12	0.43833066127958475
22	37	0.6067521023898589
22	40	0.5396870907124666
22	41	0.39429648827254027
22	50	0.3599181505129545
22	56	0.6461170823055199
22	61	0.4262715824166457
22	65	0.6341724910956598
22	81	0.7305186620691948
22	88	0.4223754565382353
22	99	0.5460288106019257
23	6	0.5074515098341987
23	20	0.442698409622092
23	23	0.26551340765561304
23	30	0.5763678864123671
23	32	0.4080265883636413
23	76	0.682348224852153
23	81	0.6066098535108968
23	82	0.4799518256975279
23	85	0.4523800094805001
23	99	0.5240509960506475
23	100	0.4134071256936708
24	38	0.7350334914292801
24	83	0.6045109905426564
24	93	0.3172656749022553
24	96	0.5873024702892826
25	4	0.346322841445082
25	9	0.3903061581576501
25	31	0.816612192787366
25	39	0.29811004513929057
25	55	0.7187722937127466
25	59	0.4136102889447555
25	94	0.5418965290838748
25	96	0.6084897039591709
26	5	0.5554719841100412
26	6	0.5598734778885963
26	24	0.5560449026041229
26	40	0.5713823020444325
26	93	0.6932387142921772
27	5	0.5846755951188906
27	23	0.7178159467276857
27	24	0.34432277754368823
27	25	0.6097811753714301
27	28	0.4777140079640341
27	29	0.5253660990381311
27	34	0.3993349764916453
27	37	0.575931629604095
27	79	0.6906327821271526
27	82	0.6600792025028104
27	94	0.5537958836537316
27	96	0.7182715517756991
27	99	0.5038948373548434
28	6	0.46691706593192095
28	8	0.25334189515311856
28	20	0.4501378253425667
28	24	0.6117046741144526
28	29	0.4182828760544565
28	44	0.4378667933895897
28	50	0.7639956947429057
28	73	0.3489360258467525
28	94	0.3065055176781996
29	16	0.6630365375125004
29	21	0.5453091066754666
29	39	0.3399592504234783
29	60	0.6028920078184773
29	62	0.7039910929198159
29	63	0.4016360082326785
29	69	0.5548585782330605
29	79	0.9468182580021031
29	95	0.7091604312939807
30	24	0.35948853852091806
30	25	0.6192372372318403
30	28	0.7158785545230842
30	38	0.5220843579635959
30	45	0.6306394853503047
30	48	0.36528736705776
30	70	0.6326018341313729
30	80	0.480168249616191
30	85	0.4346026498998044
31	3	0.3203698268619162
31	12	0.8440968419648469
31	23	0.37811185441354406
31	53	0.45591410175415487
31	56	0.6568435587616406
31	63	0.434047214706833
31	82	0.6078548373548138
31	93	0.568338583529168
32	13	0.63537815702623
32	29	0.5847167753537916
32	43	0.34382139858873134
32	51	0.40265274112733224
32	56	0.8034521773286744
32	73	0.7091191463497596
32	74	0.542206682856228
32	80	0.3856945965850139
32	84	0.5254230165662958
32	94	0.46731328218398865
32	95	0.27472726813818443
33	20	0.5912639708673515
33	43	0.4305580453707895
33	63	0.5044720440852807
33	73	0.2170593713990315
34	21	0.6539364030670762
34	33	0.49944339606437305
34	52	0.3399868783572355
34	68	0.7453237184316441
34	70	0.6292819547351559
34	81	0.5765913659106897
34	99	0.404725824780818
35	17	0.5069789930003289
35	37	0.522165872475824
35	50	0.3452451099267042
35	57	0.3013193425181126
35	68	0.4107536706201092
35	76	0.34839647184218575
35	81	0.2869732678185626
36	2	0.3468234579306031
36	3	0.5009286679406665
36	12	0.6947173199818031
36	19	0.6114560171883129
36	31	0.5699003824186933
36	49	0.5749074885032565
36	60	0.5901769933482233
36	68	0.7043913992140837
36	82	0.4720229785830605
37	14	0.531917524292582
37	17	0.5175285640652948
37	23	0.5953339298402595
37	45	0.3564558782436698
37	68	0.8862999304128037
37	75	0.3804722077623763
37	83	0.4709993415202423
37	95	0.49110981646285845
37	97	0.5373538812414965
37	99	0.015413519783168093
38	1	0.6297389594013934
38	7	0.5282272450079594
38	15	0.560705808655367
38	16	0.6093696198262495
38	55	0.7568565459589712
38	59	0.43185711808247845
38	92	0.8084911910386009
39	7	0.566079907811007
39	9	0.5667721754465458
39	39	0.44156801899630943
39	40	0.507718814390508
39	44	0.547983716020347
39	62	0.4005737552090483
39	63	0.6723823524048682
39	64	0.5014225727286706
39	73	0.6958252468626039
39	77	0.46096797503414
39	85	0.5528590441064353
39	89	0.47255909077693437
39	100	0.5608409748006499
40	12	0.24307023189502738
40	15	0.5856594611819675
40	25	0.08074695008464854
40	29	0.5628519129110912
40	38	0.4427804445516862
40	56	0.5997009037841529
40	70	0.7416568975554344
40	71	0.6589109781957788
40	75	0.46793735250486307
40	79	0.5479770090502969
41	9	0.24072902175651276
41	53	0.4346407737300174
41	59	0.54915729842186
41	77	0.45814821985460324
41	86	0.5049628135083584
41	90	0.533032889949477
41	93	0.5797286959069173
42	27	0.20465041828771333
42	34	0.508567572864442
42	41	0.4642441793460656
42	55	0.27408251573096354
42	57	0.4773331139409071
42	70	0.6185772992093552
42	76	0.5664156289784149
42	84	0.522047408469345
42	96	0.6150366376451735
43	2	0.4792907083435577
43	8	0.45856552168536
43	15	0.5391148676503427
43	24	0.5199000164146124
43	30	0.8628297609876086
43	35	0.3679367211786797
43	37	0.4612265405466904
43	67	0.3108330891435848
43	74	0.5303841095423197
43	79	0.6230972494547671
43	80	0.4493449533854925
43	82	0.6675237607454036
44	1	0.49957237086252543
44	6	0.9072000339688827
44	13	0.5487506630115593
44	17	0.4376087690768987
44	21	0.7329891375878055
44	30	0.4900831326201225
44	51	0.4774194111757511
44	60	0.4942357845443304
44	69	0.47648184523253595
44	78	0.4024260309740256
44	90	0.5098365765820044
44	94	0.7149582395645105
45	2	0.429936896122642
45	11	0.6197820072825858
45	12	0.4953193345434448
45	20	0.5520305391588632
45	22	0.4967489991694216
45	24	0.3137317456877265
45	39	0.617851536913232
45	42	0.44103148656387287
45	45	0.630214492813869
45	58	0.48625810021857074
45	59	0.634000647240487
45	69	0.6402760945323374
45	91	0.4723389559986497
45	92	0.40029622921339536
45	98	0.5453537411693954
45	100	0.7024650127005884
46	9	0.5951758678993199
46	12	0.5478133683595438
46	13	0.5732588095226722
46	16	0.48492425125559285
46	19	0.5648103110604544
46	26	0.2618174674533094
46	36	0.5894400400604027
46	39	0.45755339875635187
46	45	0.626319367761146
46	49	0.23861155996227937
46	53	0.4974712993840483
46	86	0.28694570795163976
46	93	0.3317980953346604
47	5	0.5591475366103024
47	24	0.3295726044024057
47	29	0.2459808343872425
47	32	0.6156169292747151
47	33	0.322101881048439
47	35	0.42788813055155317
47	37	0.6400761134287067
47	40	0.543556920613954
47	46	0.6975755602886236
47	54	0.6454198060211797
47	60	0.44316131703973827
47	80	0.26982735699003924
48	12	0.6283187948867255
48	14	0.46072449850887764
48	15	0.5667081903683877
48	18	0.37450419987078437
48	28	0.5537795286476751
48	45	0.5663941842535923
48	48	0.3968128395883973
48	51	0.3943671763329607
48	57	0.7633026414292146
48	68	0.4387254662817763
48	74	0.48318814425368295
48	91	0.48032518462870943
49	1	0.48262821732824374
49	6	0.5432432072233437
49	29	0.49551719343953576
49	30	0.5316637598191385
49	34	0.6156710767630278
49	35	0.21561550626075002
49	39	0.6571723799281898
49	45	0.5097586563660704
49	53	0.5421826533874631
49	55	0.5938015534123655
49	67	0.5874968166022131
49	85	0.5017746468033972
49	86	0.7593997392284472
49	91	0.4546485965928883
50	2	0.6874141565831345
50	20	0.5101074417803175
50	21	0.31764236485038805
50	32	0.49298800520093894
50	41	0.5829003403718447
50	77	0.3338890853985057
50	82	0.5399417020275653
50	84	0.6225911020059204
50	90	0.4948603922834005
50	95	0.3233388489254189
51	4	0.49723926196763696
51	5	0.5186774628964872
51	12	0.5186765511527026
51	14	0.5160751995326213
51	18	0.4281815182506653
51	19	0.39201757282449184
51	36	0.40274012112657676
51	39	0.748170054457915
51	52	0.5654985642363737
51	68	0.5525083151572329
51	77	0.5532019910606573
51	84	0.4157518714725714
51	85	0.7960720375232938
51	92	0.5040595479168081
52	10	0.5144166788336871
52	13	0.3497362815963025
52	26	0.49008081882499843
52	34	0.44684855312614297
52	39	0.5617132188323074
52	40	0.5006684473307746
52	41	0.4090581084085299
52	67	0.5798117628074221
52	72	0.5870126200780474
52	94	0.44135860042613934
53	6	0.5108000781751207
53	10	0.4818817747748327
53	15	0.5782404466892014
53	16	0.5911217546066558
53	20	0.6909140875517893
53	27	0.646736767939968
53	31	0.5761136817218366
53	39	0.6398217061587864
53	42	0.4130294121290813
53	48	0.7591822841843978
53	56	0.6107040811550155
53	59	0.3831516450432052
53	86	0.45830958478018546
53	89	0.44484146078031367
54	63	0.5009912259801439
54	66	0.3798217530458808
54	72	0.5618162688931619
54	84	0.44437280023409786
54	86	0.6411129006738601
54	97	0.5014677197759633
55	1	0.6757507298618859
55	3	0.6184074132240931
55	15	0.4713826748613325
55	20	0.737317055907637
55	39	0.4174718509249301
55	47	0.6492032488128097
55	53	0.5354593370473792
55	61	0.4760866015689271
55	67	0.5099856865178526
55	68	0.3957223411563452
55	71	0.620356819204348
55	77	0.59579630288588
55	96	0.6808428781665207
56	3	0.5492967948109122
56	7	0.24732426892963347
56	28	0.5392676822824589
56	33	0.39382101380897716
56	54	0.5633379116022555
56	62	0.8271168866208163
56	68	0.3188121679316305
56	83	0.5034708471299151
56	93	0.43662686828949937
57	20	0.33636294541463113
57	35	0.4453287776265034
57	39	0.7055344771989
57	43	0.6557790533192877
57	45	0.47285393198492903
57	62	0.41187072453796536
57	79	0.5543584862434632
57	82	0.6123997255065131
57	83	0.43469233950718283
57	91	0.5205093373955769
57	99	0.27476460812184283
57	100	0.2307509175954584
58	3	0.45355353794219133
58	46	0.36029551168042495
58	51	0.3715659933913075
58	68	0.7025148596186594
58	82	0.4555431850257917
58	95	0.5641722259727747
59	24	0.5321686640945564
59	29	0.587265490282821
59	47	0.2856845409745058
59	52	0.30457200644816584
59	63	0.6943804539565593
59	67	0.5746979162875907
59	78	0.5499559268849737
59	89	0.3388208389531787
60	2	0.5691820199882796
60	18	0.3510498374594132
60	45	0.3252411085869814
60	57	0.47341508408609073
60	72	0.6472704341868943
60	75	0.6828362292893713
60	79	0.5664306002163597
60	88	0.575625205640475
61	22	0.5900272397701005
61	25	0.4360609568053465
61	26	0.5047912311040559
61	31	0.7762002440177385
61	32	0.38866030809441615
61	44	0.435047442976683
61	54	0.3759461976992829
61	57	0.4151834776668531
61	83	0.7609113350036832
61	84	0.602841914867205
61	88	0.5663583581588649
61	89	0.5023627108680127
61	94	0.4711014151841675
61	96	0.5471599729771608
62	6	0.45032109479331023
62	11	0.6482575791033452
62	18	0.4684543965068612
62	27	0.5144776752583565
62	34	0.30969890675877093
62	36	0.7058100786815542
62	37	0.6173268356028057
62	39	0.16269069097853067
62	42	0.6674583969176302
62	47	0.6162664334224803
62	49	0.32848919024567413
62	52	0.6814278786931705
62	78	0.4492266252135899
62	81	0.5880230029101567
62	88	0.6061500798495532
62	98	0.4322512923599009
63	21	0.5659390241828605
63	58	0.46974105076703454
63	65	0.5509265939823366
63	68	0.5191218920573679
63	69	0.13120025390355441
63	89	0.24551338398365374
64	1	0.47489193682967895
64	25	0.25807817496451185
64	33	0.26925957109347337
64	34	0.5789131495054937
64	36	0.581720910744252
64	64	0.4764307709621235
64	65	0.4665341134418541
64	72	0.5110032593220378
64	73	0.7374741817208805
64	81	0.4975654194905947
64	96	0.40329514883654666
64	98	0.2687692434600223
65	2	0.5085936299542508
65	29	0.4765019837545751
65	30	0.43332866574015777
65	36	0.29868607397865304
65	62	0.49911808307982514
65	73	0.42020264605263624
65	99	0.2749462159524602
66	3	0.4700869521517536
66	18	0.23204456068538687
66	21	0.4063154942193161
66	27	0.7218579489527365
66	34	0.4094288277849333
66	39	0.4677094859246324
66	47	0.6312645546972072
66	62	0.732074688839262
66	63	0.4821615702548552
66	73	0.4904479036013941
66	82	0.4045481270613557
66	83	0.3826193772717609
67	11	0.6882907213832223
67	24	0.47173788254007026
67	29	0.5259274426591917
67	54	0.5282248535536668
67	72	0.6746897998104624
67	73	0.4139733347940208
67	74	0.6130233650336584
67	76	0.5388821930647828
67	78	0.2803758680847267
67	89	0.44223006563270834
68	4	0.680376090373006
68	7	0.5093848988268992
68	18	0.4270365959060381
68	29	0.5159119161434558
68	40	0.3607617685045855
68	51	0.13341669041915513
68	55	0.4618153882587166
68	88	0.4902338282912305
68	95	0.10783674992080552
68	97	0.46025602082282235
69	11	0.78204852860553
69	18	0.40817094260834935
69	23	0.5409972002626973
69	27	0.651890032463949
69	30	0.35031740126901756
69	60	0.23510505131002668
69	63	0.4849619604211707
69	64	0.4740039892287665
69	75	0.5445383568187067
69	78	0.6467418961162046
69	85	0.32791177531474835
69	99	0.4398716731967592
70	8	0.7543637316907511
70	39	0.5978402139434539
70	43	0.6177134818262217
70	57	0.41690271891928593
70	84	0.5329938128529773
71	17	0.42190986373178613
71	24	0.4647792079373649
71	28	0.4643460542000518
71	53	0.4824295548247769
71	67	0.5793852612941023
71	93	0.32770773814902154
72	15	0.39850916202902326
72	19	0.6209486442416502
72	83	0.4333440438952413
72	85	0.5177556924640547
73	19	0.6370860383727279
73	56	0.5849496101694587
73	62	0.46833708363976106
73	71	0.4392023362257087
73	91	0.3658829578758
73	98	0.29075993090647473
74	12	0.5835278161049171
74	14	0.5893290225396283
74	24	0.3804328832378079
74	25	0.3428619930579249
74	27	0.5631829386465936
74	29	0.3297808036067261
74	31	0.6605761998058481
74	36	0.5008508603113255
74	56	0.45511935108494533
74	68	0.5213664570628512
74	83	0.6848476676743049
74	88	0.7844985605359144
74	89	0.48848393079167085
74	93	0.24870155122525445
74	99	0.5875616078219571
74	100	0.6523702763615595
75	7	0.5379284793193134
75	14	0.3042124544793096
75	25	0.5169299205308685
75	27	0.5373758917714143
75	44	0.5248918719618452
75	53	0.463695557341876
75	56	0.6707175066495262
75	72	0.41544418231337565
75	73	0.5964360306105723
76	15	0.6007914604577347
76	28	0.44639500771550883
76	31	0.2619311697718985
76	45	0.7294678156634193
76	87	0.49154929880895787
76	90	0.49867680466320075
77	6	0.5746060639147808
77	13	0.4389011432846736
77	18	0.3565339362343003
77	32	0.4147656098964211
77	33	0.3894141564081917
77	42	0.5791443454124431
77	50	0.57035519379973
77	66	0.3847262049672393
77	70	0.44466217033985395
77	80	0.23752036594962192
78	7	0.6948893962257899
78	18	0.48499386623410906
78	30	0.545435640167578
78	32	0.7800951625792676
78	40	0.43919719371115185
78	61	0.40907058804248264
78	76	0.4326111805859971
78	85	0.5268924751793784
78	92	0.4222504757677017
78	94	0.5020279616614713
78	96	0.3499660408535515
78	97	0.46247900302200234
79	13	0.5269726847273407
79	21	0.477025994791902
79	36	0.4708103737885219
79	37	0.572365979461011
79	41	0.39086968785058973
79	51	0.46927525552033605
79	57	0.7361668126157005
79	62	0.531588761982468
79	66	0.2901199605286238
79	72	0.52924386223137
79	82	0.3098591797459681
79	83	0.7535085870717843
79	96	0.3248195952091937
80	5	0.350875382746908
80	9	0.4691103380374059
80	13	0.4157347010432803
80	23	0.5407120823256067
80	28	0.7189273996384017
80	38	0.40350613305090927
80	46	0.12939763642611082
80	62	0.6474244550572691
81	7	0.3824907145073582
81	11	0.534674166390162
81	30	0.5560046356852375
81	34	0.6156032072862577
81	60	0.5377509249235664
81	64	0.5380875875878284
81	78	0.5247710720833599
82	13	0.7008632153705712
82	18	0.34235419530987893
82	30	0.3873773710694049
82	43	0.42250865427166534
82	61	0.5361382643573928
82	72	0.31776646143066783
82	75	0.6294842452390108
82	76	0.4554949743241629
82	91	0.6799859196783337
82	97	0.2826026896070006
83	3	0.7121918239858062
83	23	0.6025854628410353
83	27	0.6063587674445935
83	54	0.6342993321207032
83	56	0.28925429821395116
83	59	0.6113641435098878
83	97	0.5381356218255738
84	5	0.5754810575928198
84	8	0.3934923511761674
84	29	0.6380770229513747
84	39	0.5023491652020494
84	42	0.24503091476030284
84	43	0.5483911759034464
84	44	0.7062361634987838
84	60	0.6246494219921558
84	68	0.5763061414455046
84	75	0.5936506064855108
84	79	0.5151390738204055
84	88	0.46342830567745147
85	1	0.5886420736735932
85	22	0.31243415547479947
85	30	0.5390240109532576
85	36	0.5654699575329092
85	42	0.6291163230475826
85	50	0.3666874837865356
85	51	0.5856561802505137
85	69	0.3586382875591684
85	73	0.2831936060280511
85	88	0.49684634088969915
86	2	0.2931818495001871
86	25	0.37901910557848295
86	29	0.6086790899902237
86	34	0.46631033027757385
86	37	0.859201982543739
86	41	0.1215190784771202
86	52	0.3931781047052882
86	57	0.5477193608411336
86	69	0.5284844232231415
87	4	0.43624759847189853
87	7	0.7783942248481384
87	29	0.29827847165122684
87	38	0.49937617836913745
87	44	0.634271129089715
87	50	0.43098023410833863
87	64	0.36783058695472676
87	76	0.6069624482782767
87	85	0.35409989448324863
88	22	0.26111531273187516
88	36	0.637083069611259
88	39	0.5909595932433872
88	74	0.43376428911739484
88	78	0.5264137843113353
88	79	0.6027436354972224
88	88	0.5576148623975186
88	94	0.5868409915453224
89	4	0.7829909574205861
89	5	0.6198263902162533
89	9	0.28547703165297605
89	27	0.6352827974777251
89	40	0.6424187034159486
89	44	0.4095167501745643
89	47	0.28030348736648003
89	54	0.5578567851323072
89	57	0.3391235786246819
89	59	0.30916552782322637
89	64	0.6069238197248791
89	95	0.5501234720197837
90	1	0.4704190638997636
90	2	0.4841393660679
90	4	0.5198503230912467
90	9	0.35612299946894
90	35	0.384738318082251
90	43	0.5100574448683586
90	44	0.3497579384451196
90	48	0.5428577925084235
90	49	0.5998459857254468
90	64	0.6282154261730198
90	66	0.5783585298115431
90	70	0.48175304470301766
90	73	0.5422885387247947
90	84	0.722480686738962
90	86	0.6350521910385292
90	87	0.541550676001671
90	100	0.5744213988021241
91	21	0.9233991939133621
91	33	0.6283359181204878
91	40	0.492748887701455
91	53	0.24159306334145653
92	1	0.5994756953086373
92	20	0.4488386745345636
92	45	0.40727852151104194
92	50	0.4201034377873205
92	73	0.41111121265454553
92	91	0.3310333224229732
93	6	0.48059464751433495
93	46	0.5276162237809024
93	53	0.6081613162821056
93	61	0.34909724267843034
93	69	0.5501541255272673
93	83	0.18281693829112208
93	86	0.4694000412009428
93	94	0.6678823446237134
94	1	0.7374564975987051
94	28	0.7080520705858236
94	36	0.2906883813210923
94	39	0.4014535736632713
94	63	0.6696712991779985
94	64	0.6559186575829306
94	81	0.31613237052529963
95	2	0.4741407568635562
95	11	0.5396690570966011
95	64	0.33685042883145117
95	69	0.7413533496066503
95	76	0.7895220245431067
96	29	0.46607530158341853
96	31	0.5099811156782519
96	32	0.35445052977567704
96	35	0.5154564725888795
96	39	0.4604248177913646
96	61	0.3806696464028133
96	63	0.4109015416735924
96	68	0.698761707053982
96	74	0.5556974320260963
96	80	0.8883369851027079
97	2	0.2842449960039333
97	3	0.9141483235932951
97	5	0.49472410882134804
97	43	0.2404376172983171
97	55	0.2806702450381128
97	69	0.5461390065434378
97	74	0.5164107450755759
97	79	0.4667863700603909
97	92	0.40390338929599195
97	97	0.6731835369886555
98	10	0.7237268545591758
98	16	0.6071894907130663
98	26	0.5145591028766641
98	40	0.5123471879936644
98	47	0.43062889889016615
98	48	0.5774812147533637
98	87	0.6159998501591228
99	1	0.687074170929176
99	5	0.3398159293384689
99	8	0.5292014026912294
99	13	0.4972801324504063
99	26	0.44403512666305156
99	27	0.44664993895953775
99	29	0.38553653388352194
99	31	0.5693099273534847
99	34	0.3303737300925357
99	35	0.6085850908310225
99	52	0.7853776157773698
99	57	0.4058871799422957
99	85	0.3959075099842158
99	86	0.35619033277705087
99	90	0.5272876346364563
99	95	0.2698035085180377
99	99	0.5720893596711256
100	8	0.41231426418809825
100	15	0.6574582433499614
100	20	0.3697856541192239
100	21	0.3907236064136701
100	39	0.7087803016164979
100	41	0.4779098937841134
100	74	0.35898947053851493
100	76	0.4840747999917237
100	95	0.71396951820823
101	3	0.6306390930752876
101	17	0.31033644765352403
101	19	0.7445227408720272
101	22	0.47217708813770304
101	23	0.618215833789564
101	27	0.5873211193601737
101	31	0.5405385109922475
101	46	0.392856568015118
101	84	0.35964256345262313
101	87	0.4987864568465873
101	91	0.5229386126009442
101	95	0.4864758042575567
102	6	0.5407543791643742
102	16	0.6480347803627361
102	24	0.46547596792404555
102	25	0.5511269060217764
102	33	0.5559470625053777
102	46	0.3436134385560911
102	51	0.4015334404576487
102	66	0.5662183111116611
102	78	0.6173290129256284
102	80	0.5724507658631636
102	97	0.35976829961930273
103	32	0.6683548908364585
103	49	0.6149762665692562
103	54	0.6322832379874167
103	55	0.39696864892771466
103	56	0.5724840650534261
103	80	0.5698433650410102
103	82	0.31581774904000903
103	94	0.4071484591278403
103	96	0.5130989245018304
104	12	0.6197299133675264
104	37	0.6013456946068101
104	40	0.4271565637319524
104	55	0.3390285114049943
104	62	0.4125075893890236
104	64	0.3299197697857744
104	68	0.6394095703122676
104	69	0.5659217846224736
104	71	0.6843410481461746
104	74	0.6050983796752594
104	75	0.3122387991852917
104	89	0.5208293107846281
104	96	0.3683108828201367
104	99	0.5447720213970259
105	10	0.4464191406694019
105	20	0.6022356878986959
105	26	0.5176083083403341
105	36	0.527193266306644
105	40	0.45339373979827763
105	47	0.522543863634526
105	62	0.6108723802355691
105	68	0.682493423243016
105	90	0.31310744032069215
105	92	0.5325941911029475
105	99	0.45790424125449286
106	3	0.34975064765142566
106	27	0.5852417167877573
106	45	0.44148325722251097
106	50	0.28386185929350727
106	58	0.7312011285430905
106	60	0.5904640562920723
106	74	0.5292334677911946
107	8	0.655714893551557
107	10	0.3652976708091057
107	15	0.591484570597391
107	46	0.6603084376235406
107	61	0.5276471882277428
107	73	0.4601512369065479
107	78	0.5705826306736488
107	84	0.6716079508346617
107	86	0.39610780654121114
107	87	0.5132264578192391
108	7	0.5883974650526126
108	31	0.5171670081613555
108	32	0.41141207447884415
108	43	0.5569375116501986
108	51	0.5065946726796663
108	55	0.6558946336593899
108	85	0.4148419573615019
108	90	0.6304143708322542
108	93	0.45154175572417526
109	1	0.44942615416607
109	5	0.4780492789381317
109	10	0.46354816454766606
109	17	0.4014626862829817
109	19	0.528555728226248
109	29	0.35328184073236774
109	77	0.5043305165637335
109	82	0.3880521328432761
109	96	0.6219230606156249
110	1	0.4198951066767102
110	17	0.5506122772982295
110	19	0.8786448635000433
110	20	0.7979569406696692
110	40	0.45185405685777585
110	41	0.538897232880062
110	43	0.49235063641502935
110	48	0.545173128048558
110	66	0.6192770004694601
110	68	0.35347432169209764
110	77	0.5048818848831572
110	83	0.940310148132562
110	84	0.35633977543810297
110	85	0.5298785207023755
111	7	0.22939344904118458
111	10	0.42139593572896383
111	20	0.41902792355989965
111	23	0.4677824157082134
111	31	0.48885853872615254
111	39	0.4915948969907842
111	40	0.7314044361593499
111	41	0.5357259596608172
111	57	0.6121618476418014
111	83	0.5243838126116754
112	1	0.4241623664638717
112	3	0.4187263544336907
112	5	0.5154977170694109
112	12	0.37226668031634785
112	20	0.45845900501001163
112	21	0.6528180556495693
112	24	0.4739259626120699
112	37	0.666616840773124
112	45	0.3621029609915593
112	56	0.4465340564292607
112	69	0.5674471378606263
112	79	0.6609654230956138
112	88	0.5619466294166796
112	89	0.3305675574048056
112	93	0.6254735420847082
113	18	0.4302275213304595
113	19	0.4428845252685006
113	24	0.3731710432427086
113	26	0.6159432366850337
113	34	0.2577806329566803
113	72	0.48568214617279826
113	75	0.31440112587978075
113	94	0.47003726508792837
113	97	0.5941238204605731
114	2	0.5127359687700259
114	37	0.5182931281731733
114	38	0.6382715965730739
114	55	0.5146128638490285
114	58	0.6002607155097759
114	62	0.4728821603733155
114	67	0.3931441001238576
114	69	0.48047769927255
114	72	0.3764948393734363
114	74	0.5515816090598908
115	5	0.5891631804860264
115	33	0.2721824565015643
115	43	0.5680391826737055
115	58	0.4654600290637962
115	61	0.4027353818357461
115	63	0.47287841110415096
116	9	0.5187977323673278
116	17	0.5104422070080259
116	28	0.5418650760122189
116	35	0.2654520507837864
116	40	0.25052237862465304
116	56	0.42654169425708827
116	57	0.4890874773679227
116	63	0.39804364798736547
116	72	0.4210097044184742
116	75	0.5717147422909427
116	90	0.38703542091113563
116	99	0.43400475671454297
117	5	0.4468837211038571
117	6	0.4346983412202999
117	22	0.3117675640583271
117	23	0.47349276477473107
117	36	0.5012556215577784
117	51	0.705773992368799
117	52	0.4880298629722377
117	54	0.46454469179679503
117	72	0.46566742747616774
117	80	0.6392528199205382
117	90	0.6261654920510441
118	13	0.3974342783182335
118	22	0.3722424125521722
118	23	0.4721926918888172
118	28	0.6173807386229014
118	30	0.49950371345425126
118	78	0.6962103313446939
118	93	0.6322163235745373
119	2	0.3827693350689382
119	13	0.33076952310919594
119	15	0.453682152120897
119	22	0.7751058175660733
119	53	0.5498487433956089
119	73	0.552707845439635
119	77	0.35402396264669395
119	81	0.4947169257821389
119	93	0.4844054689203095
119	97	0.6972230592320229
119	100	0.5802302174575662
120	10	0.5208623943929993
120	16	0.5220233593792258
120	40	0.7798901260549688
120	71	0.7081420781416388
120	97	0.47794200751928456
121	1	0.3913188758798224
121	9	0.47276720262789695
121	20	0.6660088718793657
121	26	0.6140591458363635
121	40	0.48289811627594414
121	59	0.4983375798978824
121	69	0.586131402950154
121	77	0.5249240927153772
121	86	0.4777727209630604
121	88	0.6283472789951483
121	92	0.4634766464877508
121	97	0.44798169992749626
122	20	0.3758643334844463
122	30	0.3029470081849453
122	35	0.27468325722233733
122	52	0.3835575981528325
122	58	0.3956901141528742
122	69	0.4980469454850636
122	73	0.43402162831925634
122	85	0.44263631316571433
122	99	0.6005579159482559
123	15	0.6764112050735508
123	16	0.7116398912417085
123	20	0.5654702125487724
123	32	0.4854707863726069
123	38	0.466007507462239
123	40	0.47806138904568657
123	59	0.6029468149167678
123	68	0.7166739808508571
123	87	0.3280380832582502
123	88	0.7381214563539936
123	96	0.5783556193637954
123	98	0.3046733118940046
124	2	0.6105906778591712
124	3	0.664907066333149
124	18	0.6867050813047253
124	26	0.3674124687615451
124	36	0.5246039471319766
124	38	0.4080796684612703
124	88	0.49842850822534224
125	21	0.4545623247149055
125	28	0.4933975405429567
125	37	0.560193179757586
125	70	0.6330140226439347
125	85	0.7920771115706309
125	87	0.632400758503121
125	90	0.5554084324679829
125	93	0.6367145820278187
126	5	0.6860009781034229
126	11	0.3795654003443058
126	30	0.5163858325045397
126	34	0.6443216075319836
126	37	0.4223010761596363
126	57	0.7593765296639079
126	60	0.5596097192698503
127	4	0.532763281722591
127	14	0.6142269911861256
127	19	0.48018783432016354
127	31	0.701001101530604
127	35	0.5475890074571661
127	45	0.80859165543857
127	56	0.49987805862779155
127	73	0.5402684934106101
127	87	0.48749869094071974
128	2	0.5575070049126902
128	15	0.40035586669127565
128	16	0.32509966633811926
128	18	0.4121055299096785
128	36	0.45068047205720185
128	40	0.5967096411949112
128	46	0.07191331512593123
128	54	0.44521472448137683
128	63	0.5706605770289371
128	86	0.6763542104266279
129	22	0.5414721378787773
129	35	0.47840128085892497
129	38	0.45681656893817907
129	51	0.6334886296603696
129	55	0.5858792660213887
129	56	0.4865114127240466
129	64	0.5952854774562244
129	66	0.5090968002839724
129	88	0.47208065097937485
129	91	0.7673799144150278
129	100	0.6320601571153518
130	11	0.43727329797010467
130	16	0.6503278545599376
130	43	0.6460103002578093
130	45	0.5174415813082416
130	47	0.4550699712045584
130	53	0.5221683418404574
130	57	0.3583523111544415
130	58	0.5493987097500338
130	65	0.4157270697750038
130	69	0.449297506041204
130	70	0.8149732690846874
130	84	0.4006578336616689
130	85	0.582209906321822
130	88	0.4265007066555616
130	93	0.35038630576824964
130	95	0.35810175965234625
130	100	0.6461211195013389
131	2	0.5502760321584619
131	10	0.4422478001322202
131	17	0.4804160785498074
131	38	0.4440123058507957
131	45	0.691665437423322
131	46	0.651028127056199
131	49	0.5625367168865176
131	92	0.6398356222021255
131	94	0.4826363649186089
132	9	0.6147264863046598
132	22	0.5389331305405723
132	28	0.572832017533469
132	43	0.32524558451211066
132	55	0.4308339671049528
132	71	0.49310270978168197
132	100	0.38855639041794277
133	5	0.45994001181050986
133	15	0.423342366715078
133	16	0.5271524563040045
133	24	0.5326272492113991
133	28	0.7280114557305212
133	31	0.6021380643091778
133	42	0.3697449178346723
133	48	0.4963057270843383
133	61	0.44549956609733954
133	80	0.657234641043919
134	16	0.5873806802089202
134	19	0.6688307393080952
134	20	0.47093599594837077
134	39	0.3888213509005071
134	41	0.3373307717808006
134	49	0.5392182205491705
134	57	0.6691904597052023
134	59	0.5977306039068289
134	76	0.587609793953608
134	83	0.5267738560555111
134	88	0.5123013258245115
135	3	0.5928558347688183
135	7	0.4138078692864365
135	8	0.6768530500921967
135	14	0.4588943042101289
135	39	0.6155941205148007
135	89	0.45749759184083827
135	92	0.8769809807099636
135	94	0.36777535277280327
136	24	0.5526144706209873
136	29	0.5517358667006684
136	41	0.5072550919080235
136	43	0.40600125966373385
136	45	0.46509748111170046
136	47	0.3195676232044719
136	72	0.6944727654639684
136	81	0.6225401557852597
136	96	0.6198481749299142
137	55	0.3399507594988037
137	63	0.5821568053020656
137	74	0.5898618770858303
137	79	0.26946087834942606
137	92	0.6128870063743722
137	94	0.41869555718673507
137	97	0.41420748114806744
138	3	0.4240213505297881
138	6	0.26546180375654616
138	27	0.28103770283348894
138	34	0.5844849165514042
138	45	0.48746171823776446
138	58	0.552558829164475
138	66	0.7418141530625707
138	85	0.6914663132871909
139	5	0.6492396602795583
139	29	0.7649951885565691
139	43	0.45157162044755544
139	48	0.6841784540089272
139	53	0.6489620114019534
139	55	0.4794257041118643
139	56	0.4780075303530417
139	66	0.38639709110328585
139	74	0.5788475310251677
140	13	0.4336723632059652
140	25	0.673173404931611
140	31	0.4966273407145952
140	32	0.7086540541469712
140	36	0.5065541551988441
140	39	0.5026662036531141
140	51	0.4212597827350768
140	60	0.22087669707663976
140	76	0.48364877935353834
140	88	0.4216598269728327
140	94	0.5582955019856505
141	2	0.8780884710186846
141	9	0.269780207558063
141	16	0.3308959560834285
141	21	0.5349988922160208
141	36	0.5689608718093101
141	42	0.5180529070470463
142	1	0.5553454296446488
142	20	0.4346535697081923
142	27	0.6633685179169211
142	29	0.4051301043576057
142	35	0.44984610134223485
142	40	0.6296488457467094
142	43	0.5523413175537174
142	44	0.5097055894267459
142	56	0.3739513540506282
142	59	0.4266154754813499
142	79	0.4683722316818387
142	84	0.5810274165277909
143	9	0.673371167652871
143	10	0.5870624246812709
143	33	0.7202820590558804
143	48	0.4976132798673996
143	51	0.6000840032049138
143	57	0.43471409073436823
143	63	0.5338173871904305
143	69	0.6226818164798824
143	76	0.5010718472895648
143	78	0.5172825053818663
143	83	0.48815085516536083
144	1	0.38276631628680063
144	11	0.35216703530204646
144	15	0.5874611633498473
144	25	0.5023243675862911
144	33	0.43705334365559323
144	37	0.3135235235934097
144	86	0.6133834765768732
144	96	0.5692127643457288
145	2	0.26506563951288625
145	17	0.5234608787175803
145	23	0.2731722732388594
145	25	0.4699501648174833
145	42	0.44236441313597485
145	58	0.40119677682117344
145	75	0.6028391751018386
145	86	0.4313353878583115
145	92	0.4028698253688698
145	97	0.8779707458749642
146	20	0.573405047861252
146	22	0.4989488360098982
146	28	0.4416243516406277
146	37	0.45572842713050904
146	40	0.3998371469696412
146	48	0.48047614329979693
146	96	0.7620036245582544
147	18	0.40923418221636887
147	62	0.36403123491762995
147	64	0.27888777068190956
147	75	0.4928719160278337
148	11	0.5793300179161699
148	27	0.5314197006839432
148	33	0.6773822238638716
148	41	0.6288307312075277
148	52	0.2548453423767599
148	55	0.5309291824679274
148	61	0.6999227469906166
148	63	0.7638474073410559
148	65	0.3365442483063695
148	68	0.5251625358945065
148	72	0.514250842493381
148	98	0.7127018243604493
149	4	0.9301430549928402
149	21	0.7448787029068218
149	23	0.5466146085515451
149	29	0.44325384254034694
149	33	0.4353135746854622
149	39	0.5583471990559565
149	44	0.5049147360343669
149	55	0.6556638800388347
149	57	0.4241424364258287
149	59	0.5324945461596434
149	68	0.5364646957519393
149	72	0.40679981355079176
149	80	0.6861648348950502
149	84	0.7117620715707595
149	97	0.39215466230981516
150	6	0.5091990665507221
150	17	0.4051824939547808
150	38	0.7472117277341241
150	58	0.5123029127546266
150	60	0.5629587704166077
150	87	0.44958385299089215
150	96	0.5978154250917324
150	100	0.5498527867073455
