0.3081140211
0.0963580809
0
0
0.2739542017
0.2265217889
0
0
0
0.09505190739
0
0.3341384958
0.05361238136
0.01956026761
0
0
0.3513264951
0
0.09842805591
0.1429343043
0.09644917896
0
0.2682145989
0
0.2125168825
0.269424917
0.08246683095
0.07092759166
0
0
0.1261560334
0
0
0.1500482816
0.1992118898
0.1829139771
0
0.2307274025
0.09583503006
0.01510738554
0
0
0.1056263617
0.1747205271
0
0.056580903
0.1101688041
0.3082793181
0.244624086
0
0
0
0.09953038818
0.09795315655
0.1144008911
0.1828570729
0.02757196713
0.3363375164
0.1413490078
0
0.09148141747
0
0
0.07694343683
0.2309893953
0.2509140391
0
0.2930358483
0.05663586291
0
0.2344588315
0.05827671961
0.1984903872
0
0.2494807687
0.2592932929
0
0
0
0
0.1439226534
0.1982023501
0
0.2226882341
0
0
0
0
0.1156526641
0.3195340983
0.2485038916
0
0
0.04061244991
0.2660971145
0.2215301178
0
0.1327218245
0
0.09053460175