0.1204348108
0.1177034862
0.0132794698
0
0.04204775942
0.06903116594
0.1623128581
0.1641598656
0.1518095677
0.1592210165
0.03003243863
0.1819778212
0
0
0.1451318089
0.1623462539
0.1243447804
0.1535943912
0.09062482497
0.1119476809
0.2933281734
0
0.4976580307
0
0
0
0.01635338532
0
0.1313037755
0.06135663506
0
0.1353224753
0
0.3375251958
0.2841182939
0.243034035
0
0
0
0
0
0
1
0
0
0
0
0
0
0
0.253936669
0
0.3229986623
0
0
0
0.1019770023
0.02339983608
0.1689248397
0.1287629907
0
0
0.9052889438
0.09471105616
0
0
0
0
0
0
0.1187169957
0.1193688417
0.01083370544
0
0.04439827125
0.07122655706
0.1618353989
0.164286857
0.1508004667
0.1585329063
0
0
0.7010458375
0.2989541626
0
0
0
0
0
0
0.2430797115
0
0.2890447267
0
0
0
0.1140233495
0.04443735653
0.1720250104
0.1373898454