0
0
0.1017635545
0
0.2201210847
0
0
0
0
0.02541488349
0
0
0
0.1421460565
0
0
0.1902873098
0
0.07055498956
0.3452640164
0.156352403
0.02540206092
0.2550456007
0
0.2653727639
0.05096737694
0
0.1357517319
0
0
0.2348936377
0.1320875036
0.2686211832
0
0.2229701023
0.1549537635
0
0.2219174187
0.01187271195
0
0.2757239037
0.2842717109
0.157723871
0.1418505561
0.01998412657
0.289730464
0.08736820443
0.2852195517
0.2151366274
0
0.1559942865
0.2545671485
0
0.2442277879
0
0.242145245
0.2232059473
0.1793034149
0.2676631514
0
0
0.08499469197
0
0.2196329354
0
0.06045151273
0.2453311245
0
0.177743945
0.1824995742
0
0
0
0
0
0
0.009689687106
0
0
0.4468215259
0.07588562399
0
0.2168457906
0
0.2715519226
0
0
0.05128515833
0
0
0.101150145
0.2186768841
0
0.2521426641
0
0.2017516378
0.2441177269
0.1265227245
0.2570285747
0