0.06694446908
0
0.1612550266
0.2794353371
0.05630872701
0.04510037018
0.2626093076
0.1283467625
0
0
0.07571274455
0
0.08656485169
0.227555604
0.1652831902
0.1019321253
0.1277730189
0.2151784652
0
0
0.4231855342
0
0.167060878
0
0
0
0
0
0.2358587973
0.1738947905
0.438893557
0
0
0
0.2773899269
0
0
0
0.2837165161
0
0
0.1790791956
0
0
0.119838728
0.04483570682
0
0.1017539514
0.2432329684
0.3112594497
0.01037164962
0.256749342
0
0
0.04764939821
0
0
0.1818963024
0.180974839
0.3223584688
0.1296371173
0
0
0.04197977707
0.2484410739
0.07644195526
0
0.1924277042
0.1015070486
0.2095653237
0.307489929
0.06694742175
0.2666286013
0
0
0
0.1087946987
0.05674958708
0.05607374791
0.1373160142
0.2703972253
0.03866882279
0.3128525241
0.04228640522
0
0
0.1991516654
0.08686231136
0
0.04978104587
0
0.3816325618
0.2530877442
0
0
0
0.09693867973
0.1921543507
0
0.07618666355