7.5e-05 0.00429 0.003905 0 0.0002 0 2.5e-05 0 1e-05 0.00025 0.00158 0.00453 0.00148 0.00018 0 0 0.00079 0.00466 0 0 0.001785 0.00471 0 4.5e-05 0 0.000195 0 0 5e-06 0.00056 0.00016 0 0.00045 0.00057 0.002235 5e-06 2.5e-05 0.000365 0 0.00281 0 0.00452 0.0003 0 0.00188 1e-05 2e-05 0 0.004495 0.00358 5e-06 0 0.003615 0.004025 3.5e-05 0 0.004645 0.000325 0.00191 0.001375 0 0 1e-05 0.004345 5e-06 0.001115 0.000755 1.5e-05 0.0047 0 0.003175 8e-05 7e-05 0 0.00099 0 0.00257 0 0 0.003085 5e-06 0 0 3e-05 0.000185 0.000645 0 0.000525 0.004425 2e-05 0 0 0.002425 0.000135 0.001445 0 0 0 1e-05 0.00272
0 0.00317 0 0 0 0 0.00208 0.00435 0 0.00287 0.0013 0 0 0 0 0 0.000905 0.00062 0.00025 0.000335 0 0 0.00422 5e-06 0 0.003925 0 0.001005 0.002145 4e-05 5e-06 0.00506 0.001775 1e-05 0.00258 0.000165 0.000825 0 0 1.5e-05 0 0 0 0.00056 0.000205 1.5e-05 0 0 0.004225 0 0 0 1e-05 0.00247 0 0.001365 1.5e-05 0 0.001065 6e-05 0.00466 0.004995 0.00393 0.0001 0.000325 0.000605 2.5e-05 0.00457 0.001585 6e-05 0 0.003555 1e-05 0 0 1e-05 2.5e-05 7.5e-05 0 0.003565 0.000665 0.003435 0.000325 1e-05 0.004775 0.003285 3e-05 0.00012 3e-05 0 0.000365 0 0.001215 0.001865 5e-06 0.002715 5e-05 0 0.0052 0.000115
0.0007 0 0 5e-06 0 0 0.00218 0.000105 0.000855 0.00111 0.000255 0.000265 0.00098 4.5e-05 5.5e-05 0.003325 0.00456 0.0014 0 0.001315 0 0 0.004105 0.00481 0.001455 0 0 2.5e-05 0 2e-05 0 1.5e-05 1e-05 0 1e-05 0 0 0 0.001795 0.003625 0.00018 0.004575 5.5e-05 0 3e-05 5e-06 0.00028 0.002005 0.002375 0 0.0005 0.00413 0.00074 0.00486 0.004485 0 0 1.5e-05 9.5e-05 0.000405 0 0.00178 0.00334 0.000455 0.00057 7.5e-05 1.5e-05 0.00037 0 0.00236 0 0 0.003095 0 0 0.00396 0 1.5e-05 0 0.00011 0.00012 0 0.001285 0 0.004535 1.5e-05 2e-05 0.00496 0 0.00282 0.00019 0.000845 0.002885 0.00379 0 0 0 0 0 0.004365
0.002065 2.5e-05 0.000115 0.003125 0.004185 0.000225 0 0 0 0 1e-05 0.000665 0 0.004385 0.004175 0 0.002145 0 0 0.00297 0 0.000135 0.002855 0.000505 0 0 0.001365 0.00261 8.5e-05 0 3e-05 9.5e-05 0 0.002135 5e-06 1e-05 0 3e-05 0 0.00044 0.000635 2e-05 0 0 0 0 0.000505 0.001325 0 0.00068 0.000345 0 0 0 0.00177 0 1e-05 0 0.00476 1.5e-05 1e-05 1e-05 0.002885 0.001495 0.00013 0.00402 0 0 0.00028 0 0.00016 0.004665 0.000995 0.000325 0.004925 0.00371 0.00395 8e-05 0 0 0 0.003 0.00441 0.00116 1e-05 0.004685 0.003495 0.00165 5e-06 5e-06 0.000265 0.004275 0 0.000985 0.00418 8.5e-05 3e-05 0.000325 1.5e-05 2e-05
0 7.5e-05 0.00267 0 0.00462 0.000245 2.5e-05 0 0 0.00071 0 0.004575 0 0 2.5e-05 1e-05 0.00118 0.00017 0.0002 0.00106 1e-05 0.000165 0.00023 1e-05 0 0 0.000795 0 0.00012 1e-05 0.001775 0.004665 0.00216 0.004315 1e-05 0 1.5e-05 0 2e-05 0.00012 0 0.00295 0.003295 0 0 0.00035 0.004155 0.00033 0 0.0042 0 0.00264 0 0.00488 0 0.003205 0 3e-05 0.00221 5.5e-05 0 0 0.002305 3e-05 0 0.001285 0.00245 5.5e-05 0 0.003675 0.000135 0 0.00062 0.00062 0.000475 0.003965 0.004095 0.004375 1.5e-05 0 0.00045 0 0.004625 0 0 5e-06 0.00063 0.000195 0 8.5e-05 0 5e-06 0 0.00362 0.00158 0.0014 0 0.001645 0 0.004
0 0.000725 0 0.004305 0.00179 0.000635 0.004495 5e-06 0 0 0.00299 0.003705 0 1.5e-05 0 0 6e-05 2e-05 0.00109 0.00377 2.5e-05 2e-05 0 5e-06 0.000195 0.000105 0 0 0.000115 0.00144 2e-05 0 0 0 0 0.004465 0 0.00092 0 0 1e-05 0.00031 0.00153 0 0.00085 0.00291 0.00196 6.5e-05 0.000105 0.000565 0 0.002475 0.00159 0.00444 0.004905 0 9e-05 0 0 0.000185 0 0 1.5e-05 0 0.00433 0 0.00328 0.0004 0 0.004315 0 0.00219 6.5e-05 0 0 0.000135 1e-05 0.003355 0.00477 0 0 0.002685 0 2e-05 0.003875 0.00032 0.000215 0 0 0.00195 0.00474 0.00115 0.003165 0 0.00453 0.00046 0 0 0.00029 0.000755
7.5e-05 0 0 0 0.00073 0.00112 0.004225 2e-05 0.00383 0 2e-05 0.00016 1e-05 0.0024 2.5e-05 0.001315 0 0.00362 0 7.5e-05 7.5e-05 0 0.00358 0.00176 0.000325 0 0.000505 0.00019 0 0 8e-05 0.00454 5e-06 0.00246 0.004725 2.5e-05 1.5e-05 0.00067 1.5e-05 0 0 0 0 0 0 0.00058 3.5e-05 0.000965 0.004515 0 5e-06 0.000435 0.000355 0.00015 0 5e-06 0 0 0.002935 3e-05 0.00454 0.00161 0 0.00069 0.001825 1e-05 0 0.004535 0.00303 0 0.00114 0.004315 0.00457 0 0.002975 0 0 0.00423 0 2e-05 0 0.000715 0 0.00017 0.003405 0 0.00022 0.002365 0.00048 0 0.00157 9e-05 0 9.5e-05 0 0.00441 0 0.003375 0 0.00223
0.00019 0.00483 0 0.001975 0.00498 6e-05 1e-05 0.001755 0.00023 3.5e-05 6e-05 1.5e-05 0 0.00275 0 0.00398 0.004545 0.003395 0.000295 0.002145 0 0.001 0.001325 0.0004 2e-05 0.00274 0.004205 0.00364 0 0.004235 2.5e-05 8.5e-05 0.00145 0 0 0 0.0007 0 0.000255 5e-06 0 0 9e-05 0 2e-05 0 0 0.00398 0 0.00058 0 2e-05 0.00332 1e-05 0 5e-06 0.000785 0.002945 0.00011 0.004065 0 0.000195 0.00036 0.00104 0.001645 0.00268 0 0.00011 5e-06 0.001305 0.00453 0 0 0 0 0 6.5e-05 0 0.00238 0 0 0 0.00455 0 4.5e-05 5e-06 4.5e-05 0.000665 0.00299 0 0.00445 0 0 0.00049 0 1e-05 0.0037 0 0.000665 0.0003
5e-06 0 0 0 2e-05 0 0 3.5e-05 0.003475 0.00269 0.000695 0 4.5e-05 0.003905 5e-06 0.001135 0.001325 0.00062 0 0.004125 0.00467 0 3e-05 0 0.0029 2e-05 0.00203 2.5e-05 0.004565 0.004665 0.000405 0 0.00019 1.5e-05 0.004705 2e-05 0 7.5e-05 0.004315 0 0 0.00246 0.001655 0 0.000865 0 0 0.00013 0 0.004365 0 4e-05 0 3e-05 0.00021 0.00423 0 0 1.5e-05 0.00055 0 0 0 0 0 0 0 5e-06 0.00095 0 0 0 0.00019 0.000285 0.003715 0.00123 0.003355 0.001625 0 0.00016 0.00011 0 0.00189 0.00291 0.002025 0 0.00028 0.00125 0.005175 0.000405 0 0 0.00456 0.003 2.5e-05 0.000525 0.00024 3e-05 0.001015 0.00241
0.00122 0.00396 0.00213 0.00011 0.004345 0 0.000195 0 0.003555 1e-05 0.00436 0.001845 0.002075 0 0 0.002855 0.003745 4e-05 0.000405 0.000365 0 0.00372 3.5e-05 0 2.5e-05 0 0.000115 5e-06 0.00467 1e-05 0.00024 0 0.000755 0 0 0.00028 0 0 0 0 2.5e-05 0 0 0.002745 8e-05 5e-06 0.002395 0 0.00467 0 0 0.000645 0.00059 0.002315 0.00335 0.000815 0.001605 5e-06 0 0.004855 0.00137 2e-05 0.00026 0.00181 0 0 4e-05 0 0.00292 1.5e-05 0.00456 0 0.003805 0.000795 0 0.00409 4e-05 4.5e-05 0 0 0 0 0 0.00031 0.004225 0 0.00161 0.00033 5e-06 0.001105 0.0011 6e-05 0 6e-05 0.000175 0 0 0.004895 0.0002 0
0 2.5e-05 3e-05 0.004355 0 0 0.00496 0.00486 0.004355 0.0028 3e-05 0.00361 0.003235 0.0011 0 0 3.5e-05 1e-05 5e-06 0 0.000655 0.000165 0 0.00208 0 0 2e-05 0.00011 0.004685 0 0 0.00109 0.004075 1e-05 0.00154 0.00249 6e-05 0.00175 0.004065 0.000855 0.00285 0 0.00365 0 0 4e-05 0.001315 0.000375 0.00031 2e-05 0 0.00362 0.00142 0.000825 0 0 0.000105 0.004505 0.000225 6e-05 0 0.00028 0 0.004925 0 0 5.5e-05 0 0 1e-05 0.00054 0 3e-05 0 0.0032 0.001525 0 0 0 0 0.00054 5e-06 0.00242 0 5e-06 0.004995 9.5e-05 0.00392 0.000315 0 0.00028 0 0.002245 0.001785 0 0 0 0 0.0005 0.000155
0 0 0.00057 0.004465 0 5e-06 0.00185 0 0.000735 0.004435 0.00318 0.00382 0 0.00097 4e-05 0 0.002435 0.004405 0 5e-05 0 0 0.0002 0 0.000125 0.000155 0 0.0001 5.5e-05 0 0.00129 7e-05 2e-05 0 0.00161 0.003615 0 0 0.00499 0.00011 0 0 0 7.5e-05 2e-05 0.00373 0.00024 1e-05 0 0.0002 0.000625 0.00014 0.004445 0.004445 0.00263 2.5e-05 0.00327 0.000755 0.00404 0 0.002825 0 0.002005 0.00419 2.5e-05 0 0 0.00252 0 0 0 0.000465 0.00032 2e-05 0 0.004115 0.004595 0.001035 0 0 0 5e-06 0.001545 0.001805 0 0 1.5e-05 0.002155 0 1.5e-05 5e-06 6.5e-05 0 0 0.00045 0.00092 0.001315 0.00036 0.004955 0
0.000205 0 0.0004 0.00325 4e-05 0 0 0 0.004805 0.00244 1.5e-05 0 0.000295 0.00375 0 0.00276 0.002385 0 0 0.001945 0.000255 0 0.004605 0 0.00127 9e-05 0.00453 1e-05 2e-05 0.001105 0.0001 0.00139 0 0.002055 0 0 1.5e-05 0 0.000125 0.000435 0.000685 0 1.5e-05 2e-05 0 0.00428 0.003285 5e-06 0.00112 0.00397 0.0004 2.5e-05 0 0.00495 0.00173 0 0.003215 0.001755 5e-06 0 0 2.5e-05 0.0006 0.000375 5e-06 0.000205 0 0.00397 0.00484 0.00398 0.003275 5e-06 0 0 1e-05 0 0 4.5e-05 0 0.00025 0.002265 0 0.00084 0 0.00035 4.5e-05 0 4.5e-05 0.001585 0 0.004395 0.00017 3e-05 0.000775 0 0 0.00259 1e-05 0.0042 0
0 7.5e-05 0.00459 0 0.00434 0 0.00043 0 0.004735 1.5e-05 5e-06 1e-05 0 0 0.00478 0.003255 0.001715 0 1e-05 0 0.002 0 0.00342 0 2e-05 0 0.00035 5e-06 8e-05 5e-06 5e-06 0 0 0.002065 0.00445 0.000585 0 0.002925 0 5.5e-05 1e-05 0 0.00283 0.00075 0.00027 0.000155 0 0.00492 0.001135 3.5e-05 0 9e-05 2e-05 0.004755 0.00052 0.00016 0 5e-06 0 2e-05 0 0.001695 0 0 0 0 0.00413 0 0.002595 0 0.00163 0 5.5e-05 3.5e-05 9.5e-05 0 0.00128 0.0003 0 0.00346 0 0.001305 0.001585 0.000595 0.000975 0.00054 6e-05 0.003705 0 0.00426 0.000665 0.00335 0.00257 0.000165 0 0 0.000795 1.5e-05 0.003915 0.0047
0 0.00516 0.00198 0.00376 0 0 0 0.000335 4e-05 0 5e-06 0 0.000605 5e-06 0 0.00091 0 0.002765 4e-05 0 0.00425 0.001 0 0.004565 0.00021 7.5e-05 0 2e-05 0 0 0 0.002485 0 0.0044 0.001625 0 0.000735 0.000195 0.004075 0.002255 0.002355 3.5e-05 5e-06 0 0.00025 0.00364 0 0.003 0.000385 0 0 0.004825 0.00469 0 0.003285 0 5e-06 3.5e-05 1.5e-05 0.003835 0 0 0.00166 0.001435 0.000995 0.001255 0 0 5e-05 0 0.004715 0.000155 2e-05 0 7.5e-05 0.000305 0.00468 0 0 0.00049 0 0 0 0.000215 0 5e-06 0.004105 0.00018 0 0.00061 0.0042 4e-05 0.00343 0.000815 0 0.000365 0.001895 0 0 0.002175
5e-06 0 1e-05 0 0 0 5e-06 3e-05 0.00182 0 0 0 4e-05 0.00039 5.5e-05 4e-05 2.5e-05 0 0.003945 0.00476 0 0.00452 0 0.001385 0.00031 0.00315 0 2e-05 0 0.001045 0.004595 1e-05 0.000435 0.000165 0.000165 0.00023 0 0 0 0 0.002595 0 8.5e-05 0.004735 0.00461 0.00415 0.00075 0.004335 0 0.00135 0 0.00482 0.002795 7.5e-05 4e-05 0 0.00021 0.00407 0.00355 0.000165 0 3e-05 0 0 0.000615 0.00049 5e-06 1e-05 0 0 0 0.00379 0.00324 3.5e-05 0.00115 0.0009 5e-06 0.002185 0 0 0.000285 0.00155 0.001405 0.00078 0.002115 0.000225 0.00365 0.00268 1.5e-05 5e-06 0 0.004085 0.002665 0 0 0 0.000505 0 0.001855 0
0.000725 3.5e-05 0.00018 0 0.00461 1e-05 0.00115 0.002535 0.00285 0.001835 0.000695 0 0 0.00053 0 0.00026 0.002135 1e-05 0 6.5e-05 0 5e-06 0.00016 0 0.00448 0.00016 2.5e-05 0.00029 0.001445 7e-05 0.003745 0.00195 0 0.000105 0.00124 0.00367 0.000505 0 0 0 0 0.00429 1e-05 9.5e-05 0.004025 0.004295 0 0.00482 0 1.5e-05 0.00104 0.003475 0.000485 0.004145 0 1e-05 0 0 0 0.0026 0.001415 0 7e-05 0 0.0046 0.00389 0 0.000555 0 0.00326 5e-06 0.004885 0.004465 5e-05 6e-05 0.00307 0 1e-05 0.00155 0 5e-06 1e-05 0 0 0.000755 0 0.000175 0 0 0.00195 0.00027 3e-05 3e-05 0 0 0.004385 0 5e-06 0 0.000655
0.00173 1e-05 0.00065 0 0.00405 0.00131 0 0.000305 0.002205 0.00444 0 0 0.002 0.00141 0 5e-06 3e-05 0 0 0.000265 0.003685 0 0.00488 0.0001 0.004785 0.000435 0 0.00484 0.00446 0.000455 0 0.00081 4.5e-05 0 0.000165 0 0.00237 0.00107 0.00264 0.00207 0.001065 0 0 0 0 0.00376 0 0.000545 0 0 0.003045 0.00466 0.001325 0.00026 0 0.001485 0 0 1.5e-05 5e-06 0.000145 0.002585 1.5e-05 0.000875 1.5e-05 0.00023 0 6e-05 0 4e-05 0.0001 0 0 0 0 0 0.00045 0 0.00449 0.00019 2.5e-05 0.00347 0 0 5e-06 0.003205 0.000115 0.00392 0 0.00315 0.003715 0 5e-05 4.5e-05 2e-05 0.004465 0 0 0.000575 0
0 0 0.00443 0.00402 1e-05 1.5e-05 0.000135 0.00274 0.00044 0.00217 0 0.000835 1e-05 0 0.004805 0 0 2e-05 0 5.5e-05 0.00052 0 1e-05 0 0.00356 0 9e-05 4e-05 0.001005 0.00246 0.004905 0.003315 0.00435 0.00282 0 4e-05 0 0 2e-05 0.001975 0 0.00277 0.00375 0.000175 0.000785 0.001535 5.5e-05 2e-05 0 0.00021 0.000155 0 0.00023 0.001825 0 0.00429 2e-05 0.000295 0.003385 0 0.00173 0.00353 5e-06 0.004645 1e-05 0 0 0.000255 2.5e-05 0 0 0 0.000325 0.00128 0 0.00024 0 0.004375 0 0 0 0.00462 0 0 0.004545 0 0 0 0.00452 0.00094 0.000735 5.5e-05 0 0 0.00152 0.000355 0 0 0.000725 0.00146
0.00376 8.5e-05 0 0 0 1e-05 0.00043 0 0 1e-05 0.003455 0 0.00457 0 0 0.001485 0.000165 0.00137 1.5e-05 0.00459 0.002565 0.00025 0 0.000535 0.00031 0 4e-05 0 0.001085 0.00015 0.00307 0.00042 0.004665 0.0017 0 0.00286 0 0.00012 0 5e-06 0.00439 0.0045 0.000845 3e-05 0.000225 0 5e-06 0.0036 0.00062 0.002065 6.5e-05 0 0.000795 0.00027 0 0 0 0 0.002465 0 0 0.000185 7.5e-05 0 5e-06 0.004665 0.001045 0 0.000105 0.005095 0 2e-05 0 1.5e-05 0.004655 0.00411 0.00338 0.000665 0 0.00223 0.000385 0.002745 5e-06 3.5e-05 1.5e-05 0 0.00175 0 0 0.004995 0.00184 0 0 0 0 0.00302 0.001175 0 3e-05 1e-05
0 0.00208 0 0 0 0 2e-05 0.001815 4e-05 0.000735 0.00021 0.00013 0 0.0034 1e-05 3.5e-05 0.000935 0 0.00016 0.001295 0.000435 0 8e-05 0.00435 0 0.004835 0.00028 0.003885 0.004155 0 0 0 0.00096 0 0 7e-05 0 0.001905 0.000255 0.000555 5e-06 0.00128 0 0 5.5e-05 0 6.5e-05 0.00485 0.000115 0.00064 0.003595 0.001555 0 0 0.000215 0.000335 0 0 5e-06 0 0 0.002965 5e-06 0.003105 1e-05 0 0.002655 0.001675 0.0046 0.000745 0.002345 1.5e-05 5e-05 0.00461 0.00112 0.0037 0 0.00044 0 0 0.00425 0.001935 5e-06 0.00484 0.004465 0 0 0 0 0.00368 1.5e-05 0 5e-06 0.004515 1e-05 0.000265 0 0 0.00292 1.5e-05
0 2.5e-05 0 0.003405 0.00018 0 0 4e-05 1e-05 0.00506 2e-05 0.003855 0.003015 0 0.004115 0 0 0 0.0049 0 0 0 0.003445 1e-05 0.00076 0.00017 0.004245 0.00475 0.00219 0 0.002445 0.003455 0.00439 0.00417 0.000225 5e-06 0.004155 5.5e-05 0 0.00025 0.002695 0 7e-05 0.00463 0.000915 0.00142 0.00035 4e-05 0.001075 0.0005 0.00442 0 0 0 0 2.5e-05 0.003065 0 0 0 0 0.00165 0.001065 1e-05 0.002045 0.000275 0 0.00013 9e-05 0 0.0023 0.000645 0 0 0 0 1e-05 0.000665 0 0 0.0019 0.00042 1e-05 0.000295 0 2e-05 0 0.001645 2e-05 0.00171 0 0 5.5e-05 0.00119 0.0003 0.00042 0.0047 5.5e-05 1.5e-05 1e-05
0.00462 0.00426 0 0.0006 0.000225 0 0.002685 0 0 0.002995 0 1e-05 0.00211 0.003495 2e-05 1e-05 0.00467 0.000175 0.003155 0.002835 0 0 0 0 0 2.5e-05 0.000415 2e-05 2.5e-05 0 0.000965 0.00061 0.004265 0 5e-06 0.000245 1e-05 9.5e-05 0 0.00019 0 0 0 0.000775 0 0.000805 0 0.00463 0.00181 0.000325 0.00343 1e-05 5e-06 0.001725 0 0.001925 0 1e-05 0.00083 0 0.00473 0 0 0.004435 0 0 5.5e-05 0.00498 5e-05 1e-05 0.001295 0.004705 0.00214 0 0.001755 1e-05 0.00404 0.003805 0.00365 0 1e-05 0.00461 0.000185 0.00013 3.5e-05 0.00249 0 0 9e-05 0 0.000125 0 1e-05 0.000425 0.000995 0.00102 0.00032 0 0 0
0.001255 1e-05 0 0 4.5e-05 0 0 0 0.00439 0.000325 0.00025 9e-05 0.003675 0 0 0 1.5e-05 5e-06 0 0.00456 0.00396 0 0.001905 0 0 0.000665 0 0.00292 0.005015 0.001 0.000355 0.003095 0.00023 0.005225 0.00021 0 0 6.5e-05 4e-05 0.004915 0.00051 0.000305 1e-05 0.00042 0.00164 0.004405 0.001675 0 0 0 0.00059 1e-05 0.001395 1e-05 0 0 0.002315 7.5e-05 1e-05 1.5e-05 0.00104 1e-05 0 2.5e-05 0 0.003875 0.002055 0.00465 1.5e-05 0 0 0.001275 0.003295 0.00103 8.5e-05 0 0.00091 0 0.000175 0.00348 9.5e-05 0.00389 0 0.00294 5.5e-05 5e-06 1e-05 0 8.5e-05 0 0.000535 0 0.00453 0.00282 0 0 0.002195 0.00362 0 0
0.002305 0 0.00269 0.00333 0 0 0.00126 0.000865 4e-05 0 0.003545 3e-05 0 0.000635 3.5e-05 0 0 0 1.5e-05 0 0.004365 0.00151 0.000235 5e-05 0 0 0 0.000125 0.00438 0.00133 0 0 0 0.000555 0 0 0.00378 0 0 0 0.00028 0 0.00028 0.00026 0.00043 0.00411 2e-05 0 0.00342 0.00446 0 0 0.00464 0.000135 0.002435 7e-05 0.003605 0.000825 0.002195 5e-06 0.004575 1e-05 0 9.5e-05 0.000125 0.00436 0.002655 0.002535 0 2.5e-05 0 0.0018 0.00377 7e-05 0.00416 0.00025 0.00455 0 0.005105 0.00086 0.000105 0.001745 0 5e-06 0 0 4.5e-05 0.00033 0.00168 0 0 2.5e-05 0.000555 0.001175 0 0 1.5e-05 0 0.00093 2e-05
2e-05 0.00457 0 0 0.00146 0.00138 0.00097 9e-05 8e-05 0 0 0 0.004265 0.000135 1.5e-05 0.000955 4.5e-05 0.00066 1.5e-05 3e-05 0 0.00253 0.000125 0.000265 0 0 0.001485 0 0.004855 3.5e-05 0 9e-05 0.003075 0.002075 0 0 0 0.000225 0 0 0.00029 0.000355 0 0 0.0002 0.00173 0 0.00024 0 0.00355 0 0 0.004705 3.5e-05 3e-05 0.00093 0 0 0.00382 0.00459 0 0 0 0.000725 0 0 0 0 0 0.002885 0.004485 0.00182 0.00494 0.00209 0 0.00089 0 0.003155 0 0.001435 0.000525 0 0.004255 0.003175 0 0 0 0.00455 0.00429 0 0 1.5e-05 1.5e-05 0.004015 0.00294 0.0006 0 2.5e-05 0.00282 0.00048
0 0 0.00246 0.004555 5e-06 1e-05 0 0.0008 0 0 0.000335 0.002315 0 0 0.001435 1e-05 0 0.00127 0 0.00444 0.000915 0 0.001045 1.5e-05 5e-06 0.00338 4e-05 0 0.000115 0.000525 0.002785 0.00206 0.004165 0 0.0042 0.00471 5e-06 0 0 0.004215 0 0.001595 0.00157 0.003925 0.000755 0 0.00316 0.00039 0.000165 0.00026 0.00018 6e-05 0 0 7e-05 1.5e-05 0.00197 0.004675 0 0 0 0 0.003385 0 0.00018 0 0 0.000735 0.000135 0 0.00076 1.5e-05 0 0 5e-05 1e-05 0.00352 0 0 0.00456 6e-05 0.00454 1.5e-05 0 0.002265 0 0 0.00023 0.00181 0 0.000435 0.002875 0.004965 5e-06 8.5e-05 0 0 0.00388 0.00059 0
0.00458 0.0006 0.000725 5e-06 0.00015 0.00487 0.001635 0 0 0.00019 2e-05 0 0 0.000135 0.000885 0 0 0.0024 1.5e-05 0.00286 0 0.00161 0 0 0.00132 0.00366 0 0.000385 0.003495 1e-05 0.00089 7.5e-05 0 0.000405 0 0.00073 2e-05 0.00112 0 7e-05 0.003885 0 0.00416 0.000215 0.00426 0 1e-05 0 0 0.00193 0 0.004585 4.5e-05 0 0.00028 0 0 2e-05 0 0 0.00016 0 0.003105 0 1.5e-05 0 0.00461 0 0.003365 0 0 0 0.002645 0.00233 2.5e-05 0 0.000395 0.00043 0 0.001955 0.004685 0.001225 5e-05 0 0 0.00031 0.004035 0.00013 0.001615 2.5e-05 0.004795 0.003955 0 3e-05 6.5e-05 0.00236 0.00438 0 0 0.00062
0 0.00012 4e-05 0 5e-05 0.004895 1.5e-05 0.000305 0.001825 1e-05 0 0.00021 0.000685 3e-05 0 0 7.5e-05 0.00119 0.002475 0 5e-06 0 0.00453 0 4.5e-05 0.000215 0.0008 0 0 0.00457 1.5e-05 0.002995 0 0.00449 0.00415 0 0.00144 0 0 0 0.00163 1e-05 7e-05 0 0.00015 5e-06 0.000175 0.004185 0.001215 7e-05 0.00361 0.00164 0 5e-05 0.0018 1.5e-05 0.003035 0.00248 0.002285 0 0.00477 0.003075 0.00275 0 0.004725 0.000605 0 1.5e-05 0.002985 0 0.00431 0.00045 0 5e-06 9.5e-05 0.00451 0.00039 0 0.001035 0.003715 0 0.00033 1.5e-05 0 0 0 0 0.00216 0.00057 0 0.000895 0.000475 1.5e-05 1e-05 0 0 0.004035 0 0 8e-05
0.00467 3e-05 0.000935 5e-06 0.000145 0.00473 0 0.002175 0.00235 0 0 0 0.000705 0.00122 0 0.0001 0.004595 0.000185 0 0 0.002425 0.003165 0 0.003335 0.00154 2e-05 0.001115 5.5e-05 0 0.00423 3e-05 0.002935 0.00058 0 0.00334 0.000665 0.001845 0 0.002425 0 2e-05 1.5e-05 0 6.5e-05 0.000105 0 0 0.0002 0.000825 0 0 0.004045 0 0 0.000865 0 0.000305 0 0 0.00053 0 0.00334 0 0 0 0.004195 0 4e-05 1e-05 0.00186 0 0.004685 5e-06 0.00058 0 0.00133 0 0.000125 0.0033 1.5e-05 0.00027 0.00441 0 0 0.00016 0.000435 0 0.00477 0 0.00159 0.00416 0 0.00478 0.00039 0.002795 2.5e-05 0 0 1.5e-05 0
4.5e-05 0 5e-06 0 0 0.005105 0 0 0 0 0.000195 0 0.00333 0.00069 0.004875 0.004055 0.001025 0 0 0.001105 0.000145 0 0.003355 0 1.5e-05 1.5e-05 0 0 0.002385 0.004745 0.000605 0.00351 0.000225 0.001815 0 0.00222 0 0.00028 0.004635 7e-05 0.000225 0.000115 0 0 8.5e-05 0 0.001455 0.001325 0 0.00379 9e-05 0 5e-06 0 0.00214 0.000935 0 5e-05 0.00327 0 0.00372 0 0 0.00085 0.004085 7.5e-05 0.0013 2e-05 0.001255 0.000125 0.002205 0.00422 0 0 3e-05 0.000415 0 0 0.004715 3e-05 0.004945 0.00213 0.000295 0.00265 0.004295 0.000525 1e-05 0.000525 5e-06 4e-05 0.002715 2e-05 0 2e-05 0.000475 1e-05 0 9e-05 0 1.5e-05
0 0.003285 0.00425 0.000275 0 0 2e-05 0.0024 0 9.5e-05 0.003985 0 0.004405 3e-05 0 0 0 0.000255 9e-05 0 0 0 0 0.002195 0 0.00094 0.004705 0.00224 3.5e-05 0.00123 5.5e-05 0 0 0 5e-05 0.00114 0.000445 0.00048 1e-05 0.00029 0 0.000835 4.5e-05 0 0.000685 0.00277 0.003415 0.004445 0 0 0.0015 0.001745 0 0.00155 0.004615 0.004755 0 0.00194 0 1.5e-05 0 0 7.5e-05 0.00345 5e-06 0 0.004525 7.5e-05 0.000165 0 0.000265 0.000225 5e-05 0 0.0012 0 0 0 0.00297 0.000115 0.004205 0 5e-06 0.000655 0.00205 1.5e-05 0.00404 0.00418 0.003525 0 1.5e-05 0 0 0.000485 0.000855 1.5e-05 0 0.0006 0 0.004715
0.00324 0 5e-06 8.5e-05 0 0.0003 0.00026 0.000685 0 0.00441 0.001015 3e-05 0 0.00315 0 0.00155 0 0 0 0 0.00446 0 0.002665 0 1.5e-05 0 0 0 0.002245 5e-05 2.5e-05 0 2e-05 0.004825 0.000405 0.002315 0.00093 0 4e-05 5e-06 5e-06 0 1e-05 0.003615 0.00356 1e-05 5e-06 0 0.00111 0.001235 0 0 1.5e-05 9.5e-05 0.000305 0 0.004845 0.004795 0.00287 0.000885 1.5e-05 0.00017 0 0.000425 0.001895 0 0 0.000495 0 0.001705 0.003625 1e-05 0 1.5e-05 0 0 0.0041 0 0.000725 0 0 0.00251 0.000105 0.000505 0.00467 0.00124 0 0.00013 0.00442 0.002445 0 0.000245 0.000125 0.000225 0.004 0.001595 0 0.003975 0 0.0049
0 0 0 0 0.000105 0.000445 5e-06 0.004025 4e-05 0.000285 0.00458 0 0 0.00214 0.003155 0.000645 6e-05 0.000545 0.000185 0 5e-06 0.000185 0 0.001005 0.004795 0 0 4.5e-05 6.5e-05 0.00206 0.00082 1e-05 0.001685 0 0.00022 0.00498 0.00095 2e-05 0.004635 0.001 0 0 0.00369 2.5e-05 0 0 0 0 4.5e-05 0.003645 0.003765 0.00314 0 0.00121 0.00079 0.000225 0.00053 3.5e-05 0.00411 0.002925 1.5e-05 0 0 5e-06 0 0 4e-05 0.000205 0.001635 5e-06 0 0 0.004815 0 0.00141 1e-05 0.0017 0 0.00268 1.5e-05 0 0.003995 0 0.00468 0.001895 0.000145 0.000105 0 0 0 1e-05 0 0.004175 0.000135 2.5e-05 0.00044 0.002475 0 0.002665 0.00334
0.00463 0 0 0 4.5e-05 0.004325 0.003125 7e-05 0.00014 7.5e-05 0.00035 0 0.001995 5e-06 0 0.00372 0.00205 1e-05 0.00461 0 0.0002 0.00128 0 0.00462 5e-06 0.005 0.000325 0 0 0 0.00076 0.00117 0 0 0.000915 0 1.5e-05 0 0.002365 0.00149 0 0.00431 0.00082 0 8e-05 0 0.004515 0.003265 0.00447 0 0 6.5e-05 0 0.00405 0 6.5e-05 1e-05 0.000165 0 0.00259 0 0 0 0 0 0 2e-05 0.00314 0.00028 0 0.002565 0.000165 5e-06 0.003235 0 5e-06 0.00128 0.001585 1e-05 0 0.002675 0.00216 0.00417 0 0 0 0.003385 0.000605 3.5e-05 0 0.00041 0.001035 0.000115 0 0.00505 0.000375 3.5e-05 0 0.000265 0.000545
0 0.0024 0.0007 0.0003 5.5e-05 0 0 0.000505 0.0049 0 0 0 0.00481 0.001145 0 0.000355 0 5e-06 0 0.000115 0.00014 0 0 0.000385 0 0.00467 0.00359 0.002555 0 0 0.00326 0 0.00467 0.001005 0.003775 0.00304 0.00187 0.00023 0 0.00114 0 0.000225 3.5e-05 0.001435 1e-05 0 0.000355 0.00302 0.004715 0 3e-05 7.5e-05 9e-05 1e-05 2e-05 2e-05 0 0 1.5e-05 0 0 0.004125 0.00141 0 0 0.00341 0.000705 1e-05 0.001975 0 0.004375 0.00445 0.00462 0 5e-06 1e-05 2e-05 0.000865 0 0.00138 0.003075 0 0.00204 0.004605 0.00022 0.00106 0 5.5e-05 0 8e-05 0.002365 0 5e-06 0 0 0 0 0.00065 0.002825 9e-05
0.000265 0 0.004385 0.00471 0.00429 1e-05 0.00023 0 0.001745 0 0 0.002365 0 0.002445 1.5e-05 0.00345 0.00471 0.00036 0 0 5e-06 0 0.00026 0.000415 0 0 0.000395 0 0.00065 5e-06 0.00225 0.00474 0 2e-05 3e-05 0.00316 0 3.5e-05 0.002595 0 5.5e-05 2.5e-05 0 0.003575 0 0.00343 0 0.0003 0.00164 0.001095 0 0.001375 0 7.5e-05 0 0.00471 1e-05 0 0.000885 0 0.000715 0.00476 0.004215 0 4.5e-05 0.004725 0.0001 1e-05 0 0 0 0.000185 2.5e-05 0 0.001525 0.00063 0.0044 0 1.5e-05 0.00411 0 0.002065 2.5e-05 9e-05 4e-05 0.001795 0.002975 0.00016 0.000695 0.00367 0.001325 0.000105 0 1.5e-05 0.000935 0 0 0 0.00011 0
0.004395 0 0.000175 0 0.00049 1e-05 3e-05 0.00248 2e-05 0 0.00313 5e-06 9.5e-05 0.001395 0 0 0.00188 2e-05 0 5e-06 0 0.00219 0.00033 0.003905 0 0.000165 0.002435 0.000465 0 1.5e-05 6.5e-05 1e-05 0 0 0 0.00076 0 0.004885 0 1e-05 3e-05 0.000115 1e-05 0 0.00098 0 0.00383 5e-06 1.5e-05 0.004535 0.0004 0.002945 0.00319 0 0 0 0.0002 0.004805 0 0.00255 0 0 0.00176 0 0 6.5e-05 0.00442 0 0.000995 6e-05 0 0 0 0 0 0.00089 0 0.00035 0.000865 0.000705 0 0 0.000145 0.00236 0.00356 0.004605 0.00026 0 0.0036 0 0.001565 0.000275 0.00176 0.00015 0.005265 0.00484 0.00142 0.000135 0.00345 0.004065
0.002655 4e-05 0 5e-06 0 0 0 0.004505 0 0.00058 0.00013 0.004685 0.00287 0.000455 0 0 0 0 0.002595 0.00363 0 0.00443 0.00259 0 1.5e-05 0.00209 0 0.00072 0.004525 0 7.5e-05 0.000235 0 1e-05 0 0.00419 0.00012 4e-05 0.003135 0.000575 0.003875 0.004245 2.5e-05 0 2.5e-05 0 0.000245 0 0.000545 0 0.004685 0.0017 0.000835 0.004035 5e-06 0 0 0 0.0013 0 0.00035 0.00396 0.001105 1e-05 0.00441 0 0 7.5e-05 0 0 0.001665 0.0029 0.000525 0.003945 0.00174 0.000275 0.004995 0 0 0.00206 0.00116 0 4e-05 0.001665 2e-05 5e-06 2.5e-05 0 0.00141 0 1.5e-05 0.00012 4e-05 0.00013 0.00035 0 0 0.00039 0 2e-05
0 0.000145 3e-05 0.00217 0 0.003835 5e-06 0 0.000105 3e-05 0.000865 0 0.004685 0.004795 0.00028 0 0 0.000225 0 0.000135 0 0.002485 0 2e-05 0.0005 1.5e-05 0 3.5e-05 0 0.00466 8e-05 0 0.00136 7.5e-05 0 0.000465 0.00488 0 2.5e-05 0.00206 0 0 0.002645 0.000445 0 0 8e-05 0.004235 0 0.00016 0.00433 0 2e-05 0 0 0.000765 0.00417 0 0 0 0 0.003855 0.00058 0.00115 0 3e-05 3e-05 9.5e-05 0.001025 0.001625 0.000815 0.00252 0.00348 0.003315 2.5e-05 0.004315 0.00287 0.00187 0 0.00022 0.00453 0 0.00455 0 0.001715 0.003345 5e-06 0.001175 1e-05 0.00033 0 0 0.000805 0 0.003625 0 0 0 0.001715 0
0 0.00328 3e-05 0 0.000345 0.0017 0 0.00039 0 0 0.00444 0 1.5e-05 0 0 2e-05 6.5e-05 1.5e-05 0.00029 0 0.00096 1e-05 0.004355 0.003695 0.000365 0 0.001995 0.000555 0.00126 0.001175 0 2.5e-05 0.00279 0 0 0.00199 1.5e-05 0.000995 0 0 0.00016 0.00482 0.00347 0.003835 0 3.5e-05 0.00013 1e-05 0 0 0.004685 6.5e-05 0 0 0 0.00385 0.00249 3.5e-05 0.003575 0.0047 0 6.5e-05 1e-05 1e-05 0 0.002155 0.000665 0.000115 0.00018 0.0043 0.00174 1.5e-05 0 0 0 0.00225 0.004605 0.00226 0 0 0.00062 0.002905 0.00028 0 5e-06 0 0 0.00056 0 0.00491 4.5e-05 0.00012 0.00425 0.000245 0 0.00077 0 0 0.00138 0.002985
0.002765 4e-05 0 0.000125 0 0.00393 0.00374 0.002835 0 0.004855 0.00468 1e-05 0.00028 2e-05 0.00395 0 0.000795 1e-05 0 0 0 0 0 0.000275 0.002455 0.00308 5e-06 0 5e-06 0.0001 0 0.004885 2e-05 0 0 0.00094 0.003225 7.5e-05 0 0 0 0.000245 5e-06 0.00184 0.00017 0.00046 0 0.000475 0.000525 0.00115 0.001205 0.003475 0.000605 0.000215 0.004595 6e-05 0 0.001485 0.00442 0 0.00219 0.002055 0.004125 0 0.004695 0.0014 0 0 0 0.001255 0 0.001925 0.000665 0.00226 6e-05 0 4.5e-05 0 0 0 1e-05 5e-06 0 0.000165 0 1e-05 0 0 0 0.00029 0.002955 3e-05 0.00501 0 3e-05 0 0.001125 0 0.005085 0.0008
1e-05 0.000345 7.5e-05 0 0.00233 0.00058 0.00038 9e-05 0 0.000795 0.00402 0 3.5e-05 5e-06 0 0.000205 0 1e-05 0.00253 0 2.5e-05 0.001725 0 0 0.00404 1e-05 0.00467 0 0.00484 0.00443 0.00025 0.00392 0.00108 9e-05 0 3e-05 8.5e-05 0 0 0 0 0.002055 0.002185 0 0.00133 0 0 5e-06 0.00067 0 0.00033 0.00108 0 0.0035 1.5e-05 0 0.002745 0.00474 0.00386 0.000105 0 0.002845 0.001405 0.001795 0 1.5e-05 0 4.5e-05 0 0.00032 0.0001 0.00128 0.004605 0 0 0.004265 0 0.000395 0.003605 0.00051 0.004685 0.00343 0 0 1e-05 0.002425 1e-05 0 0 5e-05 0.00049 0 0.00458 4.5e-05 0.001005 0 0.00331 0 0.00015 0
0 0.005355 5.5e-05 4.5e-05 0 0.00252 0.00199 0 0 7.5e-05 0.00473 0 0.001905 0.00252 3e-05 9e-05 0.00107 0.000635 0.000915 0.00041 0.000515 0.001325 6e-05 0.002515 5e-06 0 0 5e-06 0.00321 0 0.003725 0.00039 0.00017 0 1.5e-05 0.00199 0.00082 0.001185 1.5e-05 9e-05 5e-05 0 0.001765 0.00089 0.00147 0 0.00347 0.003735 0.00371 0.000755 0 5e-06 0.00415 0 3.5e-05 0 0 0 0.00287 0.000285 0.00328 0.00029 0.000145 0.000125 0 0.004105 0 0 0 0.00484 0.000185 1.5e-05 0.00047 9e-05 0 0 0 0 0.004355 0.00346 0.00487 0 0 0 0 0 0 0.00494 0 1e-05 5e-06 5e-06 0 0 0.000375 3e-05 0 1.5e-05 0.001905 0.00488
0 0.000815 0 0.00403 0 0 0.0035 0.003145 0.001485 0.0047 0.004415 0.004525 1.5e-05 1.5e-05 0 0 0.000365 1.5e-05 0.004745 0 0.003075 0 5.5e-05 5e-06 1e-05 0.00113 0 0.00385 5e-05 0.000205 0.000525 0.00457 0.000165 0.000485 0 0 0.00169 0.00024 1.5e-05 0.00151 0 0.000165 2e-05 0 0.004165 0.00326 2.5e-05 0 0.001175 0.00216 0 0.000105 0.000625 0.00164 0.00096 0.003555 0 0.00393 3.5e-05 0 0.00017 0 5e-06 0.004495 0 0 0 0.00297 0 0 0 0 0.00037 0.00509 1.5e-05 0 5.5e-05 1e-05 3e-05 0 0.00433 0.000335 0.001685 0.00066 0.0004 0.00236 0.001065 0.00246 2e-05 0 7e-05 0 0 4.5e-05 0 1.5e-05 0.00226 0.0001 0 0
0.00372 0.002605 0 0.000655 0.001095 0 0 0.00145 0 0.002795 0.000475 0.00494 0 0 0 0.00385 0 0 1.5e-05 0 0.002585 0.002005 1.5e-05 4e-05 0.004785 0 0 0 2e-05 1.5e-05 0.00485 5e-05 5e-06 5e-05 1e-05 0.000105 0.002405 0.000985 5e-06 0 0.004185 0.003515 1e-05 0 5e-06 0 0.00032 0.00023 0 5e-06 0.00096 0.00433 0.001305 0 0 0.00328 0 0.00327 0 0 0.000285 0.002025 0 0.000675 3.5e-05 0 0.000585 5.5e-05 0.003675 0.00031 0.000855 0 5e-05 0.00197 0.000215 6.5e-05 0.001035 0.000235 0 0.004815 0 0 0.00057 0.001675 0.000135 0.000365 0 0.00433 0 0.00411 0.001605 0.00437 0 0 5e-06 0 0.00448 0 0 0
0 6e-05 0.000915 0.00382 0 0 0.0027 0.000505 0 0.00021 0.00124 0.00202 0.000115 0.00429 0 0.000185 0.00016 5e-06 0.001105 0.000205 0 0 0.00041 0 0.001755 0 0.004655 0.00066 0 0.004205 0.001635 0 5e-06 0.001645 0.00155 0.000625 4.5e-05 0.002825 0 0.001 0 0.00208 1e-05 0.00294 0.00031 0 2e-05 0 6.5e-05 5e-06 5e-06 0 0.00432 2e-05 0 0.001335 0 0 0 5e-06 0.00066 0 0.00418 0.003905 0 0 0.00025 0 1e-05 0.000725 0.00251 1e-05 0 0.00454 1e-05 0.000245 0 0.004985 0.00316 0 0.00287 1.5e-05 2.5e-05 0 0.004775 0 2.5e-05 5e-06 0.003615 0.00398 6.5e-05 4.5e-05 0.000415 0 0.003545 0.000155 0 0.00468 9e-05 0
0 0 0 0.00111 0.002245 0.00181 0.00395 0 3.5e-05 0 1e-05 0 0.004755 0 0.004175 0.003765 4e-05 0.003355 7e-05 0 0.004565 0.00081 0.00481 0.00034 0.004905 0 0 0.001135 0 0.002135 0.000415 0.00181 0 2e-05 2.5e-05 0.0007 4e-05 0.00404 0.000265 0 1e-05 0 0.000515 0.00473 0 0.002945 0.001265 0.002595 0.00073 0.003495 4e-05 0 0 2e-05 0 0 0 0 7e-05 0.00426 0.000895 0 4e-05 0 0 0 0 0.00364 0 0.00293 0 0 0.003235 0.003985 0.004705 0.000365 0 0 0 0.00018 1.5e-05 0.000145 0.000245 0.00183 0 0.001595 0.000505 0 0.001105 5e-06 0.001545 0 1.5e-05 0.00042 0 5.5e-05 0 6e-05 0.000185 0
0.004225 0.00045 0.002435 0 5e-06 0 0 0.001085 0 0.001175 0 0.00081 5e-06 0 0.000165 0 0 1.5e-05 0 0.00471 0.000915 0.0002 0.000365 0.004545 0.003805 0.00069 0 0.00221 0 0.00176 0 0.001465 0.00172 0.00433 0.004665 1.5e-05 0.00147 9.5e-05 0.00062 0 0 0 0.00022 0.002745 0 0.003405 5.5e-05 0.004875 0.001 0.00363 0.003455 0.000275 8e-05 0.00441 0 0 6.5e-05 0.0023 0.00184 0 0.00043 0 0 0.00433 0.00193 0.0006 3e-05 1.5e-05 0.00015 0.003255 0.000135 0.004045 0.003975 0 0.000245 5e-06 0 0.000395 6.5e-05 0 0 7e-05 0 5e-06 0 0 0 0.004955 0 0 0.00255 0 1e-05 0 5e-06 1e-05 0 0 0 0
0 1e-05 0 0 0 0.00187 0.00083 0 0 0.000165 0.00177 0.0008 0 0.00267 0.00233 6e-05 0.000625 1.5e-05 5e-06 0 0 0.00173 0 0.00071 0.00035 0.00348 0.000705 0.00214 0.00112 0 0.00064 2e-05 2.5e-05 4e-05 0 0.00104 0 0 0 0 6.5e-05 0 0.000615 0.00037 0 0.00069 2e-05 0 4.5e-05 0 0 0.0015 0.00182 0 0.002305 0.00125 0 0.000855 0.00066 0 0 9.5e-05 0 0.001325 0 1.5e-05 0.00172 0 0.00178 0.000445 0.002665 0.002475 0 0.00179 1e-05 1e-05 0 0 0 0 0 0.001625 0 0.00017 0 0.000225 1e-05 0.000605 0.001435 0.00042 0.00042 0.001565 0.001885 0.00306 0.000245 0.00017 0.002495 0.00036 0.00224 1e-05
0 0 0 0.00172 0 0 0.001315 0.001905 0 0.00161 0.0017 0.000375 3e-05 0.001585 0.00106 0.00109 0.00024 0 0.001155 0.003175 0 0.000295 0.001015 0.000755 0 0.000615 2e-05 8e-05 0 2e-05 0.003165 0.003075 5e-06 0.002255 0 0.000655 0.000185 5e-06 0 0.003355 0 0 1e-05 0.000645 2.5e-05 0 0.000225 0 4e-05 0.000665 2e-05 0 0 0.00137 0.00051 0.00225 0 0.00031 0 0 0 0 1.5e-05 0.002185 0 6e-05 1e-05 0.00275 1.5e-05 5e-05 0.000855 0.00013 0 0.0008 0 0.000435 0.002015 0 0 0.000805 0 0 0.0015 0.000115 0.00015 0.000485 7.5e-05 0.00088 0 0.00035 0 0.00115 0 0.001725 0.00051 2.5e-05 0.00083 0 0 0.002005
0.00103 0.002245 1e-05 0 0.001055 0 0.000265 0.000125 0 0 0.001235 1.5e-05 0.001365 0.002895 0.003055 0 0 0 0.0017 0.002265 1e-05 0.00063 0 0 0.00204 0 0 1e-05 5e-06 0.00182 0.000365 0 0.000705 0.00026 0 0.002485 1e-05 0.000115 0 0.002135 0 0.002505 0.00301 0.000285 1.5e-05 0.000155 0 0.001005 0 0.001015 5e-06 0 0 0.00228 0 1e-05 0.00181 0 0 0.001775 0.001715 0 0.00169 2e-05 0.000325 0 1.5e-05 0.000235 1.5e-05 6.5e-05 0 0 0.00046 0.00013 0 9e-05 0 7.5e-05 0.001595 0.001995 1.5e-05 0.00213 0 5e-06 5e-06 4.5e-05 0.002215 0 0.002775 0 0.000365 0.00085 0.003065 2.5e-05 0.0002 0.003035 3.5e-05 0 0 0.0014
0 0.000495 0.000245 0.000125 0 0.000875 0 0 0.001395 3.5e-05 0 0 3e-05 0.00206 0.001235 1e-05 0.00118 0.00074 0.000415 0.0001 0 0.001965 0 0.00061 0 0.00174 1e-05 0.00145 0.00028 0 0.00135 0.00116 0.000605 0.00195 0.000795 1e-05 0.00066 2e-05 0 0 0.000515 1e-05 0.00053 0 0.001505 0.00062 0 0.001595 0.002715 0 1e-05 0.0014 0.00283 0.001095 0.001885 0 5e-05 0.00049 0.000585 1.5e-05 0 1.5e-05 0 0.001065 0 0.000865 0 0 0.00034 0 0 0.001155 0 0 5e-06 0.00063 0.00147 3e-05 0.00025 0.000865 0 0 0.002555 0 4e-05 7e-05 4.5e-05 0.00073 0.001835 0.001165 0.001345 5e-06 0.000385 0.000955 3e-05 7e-05 0 0.001745 0 0.00145
7.5e-05 0.004495 0 0 0.0033 0.000685 0.00018 0.00388 0 1e-05 0 0 1.5e-05 0 0.00089 0.002345 6e-05 0.00015 0 9e-05 0.00341 0 0.000155 0.00069 0 0.00024 6.5e-05 5e-06 0.004465 1.5e-05 0 0.00217 0 1e-05 0 0 0 0 0 0 0.00034 0.002995 0.000505 0.0011 0.003765 5e-06 5e-06 5e-05 0.0014 0 0.003855 0 1e-05 5e-06 0.00021 0.00105 5e-06 0.00456 0.00042 0.004435 0 0.00263 0.001445 0.001175 0.00069 0.00022 0 0.00034 0.00376 0.00433 0.00195 0.00256 2e-05 0.00054 0 0 0 0 7e-05 5e-06 0.000325 0.004735 0.0015 0 0 0.004575 0 0.004655 0.00304 0 0 0 0.002375 0 0 0 0.00507 1e-05 4e-05 0.001785
5e-06 0 0.000965 2.5e-05 0.00152 0.004215 9e-05 0.000745 3e-05 0 0 0 0.00374 0 0 0.00013 0.000275 0 0 1e-05 0.004585 0.002865 0 1.5e-05 0.00272 0 0.000105 2e-05 0.00427 0.00342 0 0 0 0.00158 0.001365 3e-05 0.00297 0.00392 0.00207 5e-06 0 0 0 5e-06 0 0 9e-05 0.00066 0.00061 0.004025 0.003925 0.004435 0 0 0.00038 0 0.00055 0.003285 0 0.002205 0.000225 2.5e-05 0.00223 0 0.000975 0.00045 0.00402 0.000135 1.5e-05 3.5e-05 0.001175 0 0.004415 0 7.5e-05 1e-05 0 0 0.001805 0.000375 0.004515 0.000165 0 2e-05 0.0021 0 0 0 0 0.000585 0.00282 0.00484 0.000955 1e-05 0.000325 0 5e-06 0.00473 0 0
0.00421 0.00214 0 0 0.002935 0.002675 3.5e-05 0 0 0.00011 0.004635 0.00161 0 0 0 0 0.0008 0.0047 0 0 0.001675 0.000175 0 0 3e-05 0.00016 0 3.5e-05 0 0 0.00397 0.002825 0 0 0.002185 0.000495 0 0.00042 0.004955 0 0.000285 0 0 0 0.000255 0 0.001925 3.5e-05 0 0.003335 0.00391 0 0.003965 0.00029 0.002425 0 5e-06 7.5e-05 0.000365 0.003845 0 0 0 0.00128 0.000675 0.00438 0 0.004575 2e-05 0.003445 2.5e-05 0 0 0.00035 0 0.00111 0.001685 0.001145 0 0 0.005245 0 2.5e-05 0 0.003975 0 1e-05 0.000525 0.00451 0.000425 0.0003 0.00016 0 0.001325 4.5e-05 0 0.002575 0.00087 2e-05 5e-06
0 0 0.00296 0.005025 0.00245 0 9e-05 0 0 5e-06 0 5e-06 0 0 4.5e-05 0.004645 0.004695 1e-05 0.004275 0 0.00441 0.003585 9e-05 0.00352 2.5e-05 0 0 0.0004 2e-05 0.0038 0 0.003115 2.5e-05 0.00011 2e-05 0 0 0.004325 0.00486 0.00082 0.00109 0 0 0 0.002575 0 6.5e-05 0.000715 1.5e-05 1e-05 0.002085 0.00234 0 0 0.00183 0 0.001425 0.00024 5e-06 0 0 0 0.00478 0 0 0.004085 0 0 0.00081 0 0 3.5e-05 1e-05 0.00063 0.004145 0.00039 0.00143 0 0.00028 0 0.00163 0.00025 0 9e-05 0.00406 4.5e-05 0.00299 0 0.00031 0.001885 0.00054 0 1.5e-05 0.000285 0.002385 7e-05 0.001055 0.000385 0.00127 0
0.00177 0 0.001485 1.5e-05 0.0005 0.001695 0 0 0.00485 2.5e-05 0.00417 0.000285 0 0.00019 6.5e-05 1e-05 0 0 3e-05 0 0.004795 4e-05 0 5e-05 1e-05 0.00011 0.000655 0 0 6e-05 0 0.004015 0.00023 3.5e-05 0.004825 0 0.00352 0 0.00186 0 0.000685 8e-05 0.00242 0 0.002195 0 0.00407 0.002995 0.004755 0 1e-05 0 0.003165 0.00046 0 0.0036 0 0 0.00464 0 0 0 0 2e-05 3.5e-05 0 0 0.004565 0 0.003745 0 0.000925 0 0.00089 0.004885 0 0 0.001075 0.000965 2.5e-05 1.5e-05 0.000235 0.000135 0.00031 0 0.001725 0.00129 0.000135 0.00469 0.000455 1e-05 0 0.00335 0 5.5e-05 0.00053 0.001885 0.002245 0.00301 0
0 0.000125 0 0 1e-05 0.001525 0.000865 0 0.00438 5.5e-05 4e-05 0.00356 0 0.00289 0.001365 0.004775 0 0 0.001575 0.00346 5e-06 0 0 0 0 0.00078 0 5e-06 1e-05 0.00056 0 0.00034 0.004175 0.00498 0.002855 0 0.00123 0.00062 0 0 0 2e-05 1e-05 3.5e-05 0 0 0.004585 0 0.00178 0.000165 0 0.00458 0.000575 0 8.5e-05 0.00106 0 3.5e-05 0 0.001045 0.00341 0.00068 0.00396 2.5e-05 3e-05 7e-05 0.000165 0.004725 0 0 0 0.0025 0 0.000295 0 0.003485 0.000235 0 0.00173 0 9.5e-05 0.00387 0.00229 0.005295 0 0.0018 0.000375 4e-05 0.002625 0.000305 0.00352 5e-06 1.5e-05 0 5e-06 0.000165 0 0.00037 0 0.003975
0 0.001505 0 0 0.004125 1e-05 0.000255 0 0.00439 1.5e-05 0.002475 0.00454 0 0 0.004605 0.004155 0 0.000155 1e-05 0 0.000605 0.003055 3.5e-05 0.000915 1e-05 0 0.000255 0.000125 0 0.003595 0.004545 4e-05 2e-05 0.004915 0.00082 0 0 7.5e-05 0 0 0 5e-06 0.00204 0 9.5e-05 1e-05 5e-06 0 0.001985 0.00014 0.001755 0.00034 0 0.004 0 8e-05 1e-05 0.003 4.5e-05 0.000885 0.002205 0.00433 0 0 0.00048 0 5e-06 0.000615 1e-05 0 0 0.003065 5e-06 2e-05 0.002565 0.002795 0 0 0.000865 0 0.00173 0 0.00035 1e-05 0.004805 0 1.5e-05 0.00379 2.5e-05 0.001205 0.004545 0 0.004325 0 0.000605 0.00015 0.0003 0.00131 0.00035 0
0 0.000435 0 0.00176 0 4e-05 5e-06 0.000195 0 0 2.5e-05 0 0.004685 0.00254 0.000135 0 0.003975 0.00239 0.002235 0.000365 0.000635 2e-05 0 0 0.000215 1.5e-05 0.00036 0 0.003495 0.004225 1.5e-05 0 0.00304 0 0.00442 0 0 0.0016 4.5e-05 0.000145 0.00175 1.5e-05 0.000115 0.00117 0.003035 0.003065 0.003635 0 0.001785 0.004315 0.000115 0 0 0.00239 1e-05 1e-05 0.00055 0.004605 0 0.00295 0 5e-06 0 0 2e-05 0.001295 1e-05 0.00367 0.00028 0.00021 2.5e-05 0.00456 0 0.00086 0.000785 0 0 0.001105 0 0.00066 0 3.5e-05 0.004525 0 0 0.004715 0.00468 0.004255 0 0.00096 0.000125 0 0 0 0 4e-05 3.5e-05 0.00028 1.5e-05 0
0 0 0.00446 0.00438 0.004055 9e-05 0.003775 0.001355 0.00047 0 0.003945 0 0 0 0.001375 6e-05 0.004335 0 0 0.00025 0.0026 0.003575 1.5e-05 0.00011 8.5e-05 0 0 0.000945 0.00213 0.0011 0.004525 0.00073 0 0.00147 0 2.5e-05 0.00212 7e-05 0.004485 0 0.002565 3.5e-05 0 0 0 0 0.00041 0.00463 1e-05 0 0 1e-05 0.003375 0.00378 0.00011 0.0041 0 0.00045 0.00034 0.00042 5e-06 0 0.00463 3.5e-05 0.000585 5e-06 0 0 0.00146 0 0.002885 0 0.001815 0.000445 0 0 0 0 2.5e-05 5e-06 5e-06 0 0.000255 0 0.0027 0.00063 0.000185 5.5e-05 1.5e-05 0.00012 0 1.5e-05 0 0.00313 2.5e-05 0.001805 0 0 0.00101 0.004935
0.001915 0.00058 0 0.000625 0.00346 0 0.000555 0.00474 0 3.5e-05 2.5e-05 5e-06 0.00329 0.002205 5e-06 1.5e-05 0.004355 4e-05 1.5e-05 0.00229 0.000305 0.00228 0.000925 0.00038 0.004095 0.002675 6e-05 0.00431 0 0 0.000315 0 0 0.0046 2.5e-05 0.00034 0.00049 0.00014 0 0 0.001545 0.00181 0.000855 0.002845 1e-05 0 0.000105 0 0.0044 0 0.000205 0.00112 0.005305 0 0.00385 0 0.001045 1e-05 0 0.00465 0 1e-05 5e-06 0.00154 5e-05 0 4.5e-05 0 0 0 0.002675 0 0.001195 0 0 0 9e-05 0 0 0 0 0.00161 0 0.000215 3e-05 0.00404 0 0.000145 0 0.00292 0 0.00404 0 0 1e-05 0.004675 0.000185 0.00368 2e-05 0
5.5e-05 0 0.002915 0 0 0.004205 0.000365 2e-05 5e-06 0 0.00387 4e-05 0.00028 0.002195 0 0.001345 2e-05 0.004765 0.003845 0.001055 5e-06 2.5e-05 0.00032 6.5e-05 0 0 0 0 0.00095 0 0.00248 0 0.002905 0 0.00154 3.5e-05 1e-05 0.001205 0.00027 0 0 0 0 0.00024 0.000575 0.00248 0.004125 3e-05 0.00187 0.004375 0 0 0 1e-05 0 0.001165 0 0.000125 0.005095 0.00339 0.004265 0.00468 0.000155 0.004415 0 1e-05 0 0.00016 0.00014 0.000815 0 0 0.002865 0.001525 0.00018 0.000565 0 0.000635 0 0 0.003355 0 0 0.00485 0 0 0.002215 0.004765 0 6e-05 0.00037 0 0.00185 0 0.00273 7e-05 0.000705 0 2.5e-05 5e-06
0 0.00018 0 8e-05 0.00503 0.00116 0.000175 0.00029 9.5e-05 0 0 1e-05 0.001835 1e-05 0 0.00223 0.003615 0 0.004125 0 0 0.00446 0.00406 6e-05 0 0.0008 0.0021 0 0.004565 0 0.00375 0 0.00048 0 0.00081 0.002555 0.000655 0 1e-05 0 0 0 8e-05 0 0.00106 0 0.002855 4.5e-05 3.5e-05 0.000565 0.00366 0 0 1.5e-05 0.000275 0.001035 0.004305 0.00043 0.00084 5e-06 9e-05 8.5e-05 0.0029 4e-05 0 0 0.00033 4.5e-05 0 0 0.003185 0 5e-06 0 0.00429 0.00451 2e-05 0.00163 2.5e-05 0 0.000395 0 0.001275 0.004375 0.001535 0 0.004905 0 0.001325 0.00241 0 0.004085 0 0 0 8.5e-05 3e-05 0 0.00303 0
0 0.003985 0 2.5e-05 1.5e-05 0 0.001625 0 0.00233 0 5e-06 0 0.00427 0 2e-05 6e-05 0.001165 0.00197 0 0.002255 0 0.001395 0.00495 0 5e-06 0 4.5e-05 8e-05 8.5e-05 0.00314 0.000105 0.00291 0.004895 0.004275 0 0 0.000195 0.00446 0.000715 0.000745 0.00057 2.5e-05 0.00452 0 1e-05 0 0.003965 0.000935 1e-05 0.000285 1e-05 0.001035 0.000395 0.00375 0.003105 0.000315 1e-05 0.001775 0.0005 0 0 0 0.00011 0 0 0 0.00223 0 0 1.5e-05 0.00376 1.5e-05 0.005165 0.00271 0 0.000725 0.004585 0.00131 0 0.000445 0 0 7e-05 0.005015 1.5e-05 0.000155 1e-05 0 0 0.00255 0 0.000325 1.5e-05 0.00084 0 0.000265 0 0 0.003545 0
0.003185 0.00026 0.0001 0 0.000285 0.00101 6.5e-05 0.00016 0.000365 2.5e-05 0.004715 0 0 0.000435 0 0.001805 0 0.000885 0 0 2e-05 0 1.5e-05 0 2.5e-05 0 0 0.00482 0 0 0.000515 0 0 0.00445 0 2.5e-05 0.004295 0.00464 7e-05 0 0.001355 0.004895 2e-05 0 0 0.000135 0.004385 5.5e-05 0 0.00175 0.003745 0.002385 0 0 0.000875 0.000425 3.5e-05 1e-05 1.5e-05 0.00195 0.001185 0 1e-05 0 0.00174 0.004185 0 0 0.00011 0.002575 0 0 5e-06 0 0.002585 0.0037 0 2e-05 0.000515 0.000165 0.001495 0.00083 0 0.00382 0 0.002575 0.00304 0.0033 4.5e-05 0.00072 0.005175 0 3.5e-05 0.003305 0.003845 6e-05 0 0.00072 0.000375 0
0 0.003095 0 0.004585 1.5e-05 0.00447 0.000105 0.00487 0.00098 0.002685 0 0.00374 0.00062 0.0002 0.003125 1.5e-05 0.000555 0.000905 0 0 0 0.001775 4e-05 0 0.004195 0 0.000275 2.5e-05 0.003325 0.004005 0.000275 7.5e-05 0.0023 0 0.00053 0 3.5e-05 0 0.0008 0.0001 8.5e-05 0 0.000415 0.001455 0.00469 0 0.00372 0 0 5e-06 0.001445 0 0 0.00048 1.5e-05 0.003665 0.00035 0.004095 1.5e-05 0.000135 0 0.00285 0 0 0 0.00162 0 5e-06 0 3e-05 0.000805 0 0.002305 0.000135 0 0.00452 0.00468 0.002095 0 0 0 0 0 5e-06 0 0 0.001985 0.003605 0.000885 0 1e-05 0 0.00021 3.5e-05 3e-05 0.004685 0.00136 0 0 0.00013
0 0 0 0 0 0.000665 8e-05 1e-05 0.002 1e-05 0.00026 8e-05 0 4.5e-05 0 0 1e-05 0 0 0.00464 6.5e-05 0 0.000975 0.00415 0 0.00378 0.00214 0 1e-05 0 0.004665 0.000995 0.0015 0.00493 0.00011 0.000175 1e-05 0 1.5e-05 5e-06 0.001075 0.000115 5e-05 0.000835 0.002745 8e-05 1.5e-05 4.5e-05 0.00485 0.001865 0.00044 0.00035 0.00014 0 0 0 3e-05 0 0.001725 0 0.000855 0 0.00226 0 5e-06 0.003965 0 0 0 0 0.000575 1e-05 0.00477 2e-05 0.00051 0 0.00355 0.000275 0 0.00459 0.00443 0.003805 1.5e-05 0.00031 0.00067 0 0.001415 0.00338 0 0 0.00456 1.5e-05 0.002465 0.0026 0.003415 0 0.00409 0.000225 0.00284 0
0 0.00297 0 0 0.00441 0.00054 0.00421 0.00039 0 0 0.003115 0 0.000735 0.000135 0.00051 0.004465 0.004975 0.00134 0 0 1.5e-05 0 3.5e-05 5e-06 0 0.00066 0 0 0.002145 0.00032 0 0.000965 0 0.00176 0.003255 5e-06 0 0.000805 0.004255 0 0 0 0 0 0.00426 0 3.5e-05 1.5e-05 4.5e-05 0.00489 0.00455 0.004575 0.00345 1.5e-05 0.00418 0 0 1.5e-05 0 0.000725 0.001825 0.00062 1.5e-05 0.00438 0.002465 0.000115 0 0 0.000195 0 0.00137 7e-05 1.5e-05 1e-05 0 0.00413 0.00031 0 0 0 0 0 0.002775 0.000215 0.002125 0.00258 0 4.5e-05 3e-05 0.001445 0.00014 0.00384 4.5e-05 0.001085 8e-05 0 5.5e-05 0 0.00141 4.5e-05
6.5e-05 0.000305 0 0 6e-05 0.000455 0.00217 0 0.00141 0 0.001625 0.004065 0.00348 0.0044 0.00017 0.00099 0 1.5e-05 0.000675 0.004365 0 0 4.5e-05 0.000205 0 0.00309 0 0.000345 5.5e-05 0.00466 0 0 0.00072 0.001235 0.003985 0 0 0 0.005075 0 0 2e-05 0.00085 1.5e-05 0.00249 0 0 0 0.00248 0.00419 6e-05 0.001885 0.00454 0 0.00452 0 0.00053 0 0.00475 0 0 1e-05 0 2e-05 0.00217 0 0.000905 0.00436 1e-05 1.5e-05 0.003575 0.003805 0 0 5e-06 2.5e-05 4e-05 0.001775 0 0.001235 0.00039 0 0.00015 7e-05 0.00325 0.002955 0.0002 0.000435 0 0 1.5e-05 0.000225 0.00064 0.00018 0 2e-05 0.00294 0 0 0
0.000405 0.00073 0.00151 0.00205 0 0 0.00352 0.000115 0.00159 2.5e-05 0 0 0.00075 0.00497 0.000745 5e-05 0.000585 5e-06 0 5e-06 2.5e-05 0.003315 0 0 0 0 0 0 0.0028 0 5e-06 0 0.003 0.004655 0.00033 0.001305 0.00215 0.000815 0.00039 0 0.00026 1e-05 1.5e-05 0 0.000125 0.002605 1e-05 0 4.5e-05 0 0 0.00146 0.00467 5e-06 0.00023 1e-05 0 2.5e-05 0.00087 0.00017 4.5e-05 0.00013 0.004855 0.00034 0.000165 0.000375 0 0.004465 1e-05 0 0 0 0.00253 0 0 4.5e-05 0.005115 0 0.003285 0 1e-05 0.00322 0.004115 3e-05 0 2e-05 0 0 0 0.00369 0.001665 0 0.003935 0.00396 0.00102 0 0 0.00434 0.001605 0.003985
0.00031 0 0 0.000925 0 0 2e-05 0.000155 0 5e-06 0 0.004275 0 0 0.0001 0 0 0.003995 0.000465 0 0 0.001495 7e-05 2e-05 0.00032 5e-06 0.00021 1.5e-05 0 5e-06 0 3.5e-05 0.000115 1e-05 0.00202 8.5e-05 0 6.5e-05 0.004785 0.00041 0.001935 0.002485 0.004125 5.5e-05 5e-06 0 0 0.00281 0.002975 0.000415 0.00468 0 0.00141 2.5e-05 0.00263 0.00359 0 0 0 0 0.00471 0.00025 0.00353 0 0 0.0043 1.5e-05 0.0028 0 0.000695 0.001095 0.004165 0 0.000255 0 0.00436 0.000835 0.004075 0 0.002095 0.004735 0 0 0.003145 0.00108 0.000325 0 0.00087 0.002485 0.00011 0 0.00072 1e-05 0.00143 0 1.5e-05 0 0.00019 0 0.00481
0 0.00298 0.00147 0 0 0.00034 0.000105 0.00265 0 0.000535 0 0 0 0 0 0.003425 0.00403 0 0.00377 0.004245 0 0 0 0 0 0.00318 0.000665 0.000475 0 0.00048 0 3.5e-05 0 0 0.003405 0 0.00421 3.5e-05 0.00195 0.00196 1.5e-05 0.000685 0.00443 0.00438 0 5e-06 0 0.00145 0 2e-05 0.0002 0.000155 0 5e-06 0.00136 0.003535 0 0.00101 0.0029 0.0042 1e-05 0.00021 0 5e-05 9e-05 3.5e-05 0.00149 1.5e-05 0 0.001055 0.000125 0.00073 8.5e-05 0 0.00029 0.004095 1e-05 0.003755 7.5e-05 0.004495 0 0.00042 0.002175 0 1e-05 0.002495 3.5e-05 0 0 0.00451 0 0.00012 0.000855 0.0046 0 0.00201 0 0 7e-05 5e-06
0.00413 0 0.000535 0.00055 0.00085 0 0 0.00278 0 0 0.00151 8e-05 0.00024 0 0.001205 0 0.00224 0.004215 0 0 5e-05 0.000255 0.00446 1.5e-05 0 0.000105 0 1.5e-05 0.00306 0 0 0 0 0.000225 8e-05 0.003905 5e-06 5e-06 7e-05 0 7.5e-05 0.004145 0 0.00243 0.00495 0 0.003 5e-06 5e-06 0 0.00514 0 0.00165 0.00377 0.000355 0 1e-05 0 0 0.00319 7.5e-05 0.00259 0.00129 0.00184 0 0.00016 0.00491 0.00215 2e-05 0 0.00106 0.000645 0.00078 0 0.000925 0.00497 5e-06 0 0.00058 0.003275 0 0 0.000405 0 7e-05 0 0 0.00431 0.000165 1e-05 0 0.000195 0.001885 3.5e-05 0 0.004335 0 0 0.00449 0
0.002775 0 0.00026 0 0 0 0.00044 5e-06 0.00158 0.00014 0.00316 2e-05 0 2e-05 0 5e-06 0 0 0 0.004615 1e-05 0 3e-05 0 0.000645 0.00428 0.00441 0.00065 0 0 0.00031 0.000125 0.00394 0.00212 0.00123 0 0.00137 0.00452 0.004535 0 2e-05 0.003565 0.002465 0.003855 0 0.00081 0 0.004215 6.5e-05 0 0.00271 0 0 0.00029 0 1.5e-05 0 0.000585 0.000215 0.001345 4.5e-05 1e-05 0.000405 0 0.00514 0.00102 1e-05 0.00348 0.00044 0 0 0.00081 0 0.0048 3e-05 0 0 6.5e-05 0.00023 0.00221 0.001375 0 0 0 0.002465 0.001195 0.00018 7e-05 0 1e-05 0 0 0.004395 5e-06 0.00315 0.004085 0.0001 5e-06 0.001735 0
0.00153 0.00213 0 0.00019 0 0.002465 0 0 4e-05 0 8e-05 0 1.5e-05 0.00143 0.002455 0.005055 4.5e-05 4.5e-05 6e-05 0.00417 1.5e-05 0.0003 0.000875 0.00038 0 2.5e-05 0.00153 0.00369 9.5e-05 2e-05 4.5e-05 0 3e-05 3e-05 1e-05 0 0.003175 0 5e-06 0.001125 0 0.001025 0 0.0037 0 0.00269 0.00033 0 0 0.00183 0 0.00334 0.00178 0.00362 0.00294 0.00043 1.5e-05 0.00054 0.004885 0 0 0 0.004785 0.00017 0 0 6.5e-05 0 0 0.00522 0.004255 0 0.002065 0.000225 0.000165 0 0.000605 0.003495 0.00433 0.003935 0 0 1e-05 0 0 0 0 0.000505 2e-05 0 0.001275 0 0.00091 0.004405 0 0.0044 0 0 0.00074 0.00028
0 0.00024 0.00186 0.004915 0.002285 0 2e-05 0 0 0 0.00327 0 0.00488 0.00475 0.003165 0.00363 3e-05 5e-06 0 0.00464 0.000895 0.001605 0.00016 0 0.001285 0 0.002115 0.001305 0.001135 5e-05 0.000195 3.5e-05 0.002475 0 0.000115 0 0.000655 0 5.5e-05 0.00055 0.00478 0 0 0 0 0.00177 1e-05 0.00378 0 0 0 0.00258 0 5e-06 0 0 0 6.5e-05 0.00411 0 0 1e-05 0 2.5e-05 0.000345 2e-05 0 0 0.00019 0 0 1.5e-05 0.000315 0.001525 8e-05 0.00392 1.5e-05 1e-05 0.00037 0.00019 0 0.004355 0.00287 5e-06 2e-05 0.001195 0.000505 7.5e-05 0.000685 0.00326 0 0 0.000845 0.00394 0.00257 0 0.00434 0 0.00327 9.5e-05
7e-05 0 0.00038 0 0.00095 0.000305 0.004845 0 0 0.000615 1.5e-05 0.00338 7.5e-05 0.001145 0 0.001165 0 0 0 0.0043 0.00275 4e-05 2e-05 0.00479 0 0 0.002705 0.001635 0 0.00461 0.000195 0 0 0.000505 0 0 0.00394 0.00012 0 0 0.00447 0 0.00263 4e-05 0.0004 0.004575 0.004735 0.00012 0.001385 0.00029 0.00453 0.002505 3.5e-05 0.00338 0 0.004945 0 5e-06 0.00219 0.00027 0 1.5e-05 0 0 0 3.5e-05 0.00016 0 0 2.5e-05 0 5.5e-05 0.000805 9e-05 0 0 0 0 0.000225 1e-05 0.00074 0 0 9.5e-05 0 0.003765 0 0.00329 0.002 0.003715 0.001835 0 0 0.000685 0.003315 0.001485 0 0.00214 0.001145 0
0 1.5e-05 0 0.00232 0 0.00376 2e-05 0.00045 0 0 0.00293 0 0.00021 0.000445 0.003055 0 0.00029 1.5e-05 2.5e-05 0 0.000895 0.00424 0 0.004035 0.000665 0.004975 0 0.00165 2.5e-05 3e-05 0 0 0.00034 7e-05 0.00245 0.00116 0.001205 0.004295 0.00134 0 0.003675 0.00417 0.00348 2e-05 0.00049 0.00486 0 0 0.00245 0.0017 0.000145 0 0.000145 0.0002 1e-05 1e-05 0 2e-05 0.00365 0 0.00062 0.00409 0 0.00528 1.5e-05 0 1e-05 0.00124 0 1e-05 0.000885 0 0 0 0.00025 0 0 0.002725 0.00503 5.5e-05 0.00011 8e-05 5e-06 6.5e-05 1.5e-05 0 0 0.000635 0 3.5e-05 0 0 0 0.003325 0.00189 0 0.00479 0.00074 1e-05 0.001605
0 0.000145 0.00025 0 0 0 0.00073 5e-06 1e-05 0.004585 0.004535 0 1.5e-05 0.00056 0 2e-05 0 0 2e-05 0.000775 0.004495 0.002485 1e-05 0.001655 0.002675 0.001625 0.004325 0.00085 0 0 5e-06 0 0.00247 2e-05 0 0 0.00034 7.5e-05 0.00481 8e-05 6e-05 0 1e-05 0 0.001965 1.5e-05 0 0.00415 0 0.00348 0 0 0 0.00106 0.003315 0.000545 0.004345 0.000445 0.004255 0.00354 0 0.000855 3e-05 0 0.00189 0 0 0.0002 9e-05 0.003525 0.00419 0.00035 1.5e-05 0 0.0003 0 0.004535 5.5e-05 0.003875 5e-06 0.000455 0.002305 0 0.004685 0 0 0.00137 0.001235 0 0 0.002935 0.00193 2e-05 8e-05 0 0 0.00019 3.5e-05 5e-06 0.000165
0.003465 0.00447 7e-05 0.004665 0.003625 0 0.00139 0 0.000105 0 5e-06 0.00173 0.002575 1.5e-05 0.00018 0.00144 0.00013 0.00421 0 0 0 0.00242 5e-06 0.00475 0 0 0.00027 0.00053 0.000115 0.00262 5.5e-05 0.002105 0.002535 0 0 0 0.00031 0 0.004495 0 5e-06 0.004 0.004055 0 0.001025 0.000325 0.003045 2.5e-05 2e-05 0.00101 0 0 0.002865 9e-05 0 0.00093 0 0.00187 0 0 0.00091 0 1.5e-05 0.00059 9e-05 0 0.00446 0.00016 4.5e-05 0 0.004155 0.001305 0 0.000415 1e-05 0.000625 2e-05 0 0 3.5e-05 0 0.00453 0 0.0007 0 0 0.00184 9e-05 0.00467 0.000325 0 5e-06 0 0 0 0.000355 0.00306 0.00456 4e-05 0
0.001555 0.001925 0 0 0.00025 5e-06 0 0.00483 0.00016 7e-05 0.000195 0 0.00241 0.000155 0 0 1e-05 0.00063 0.002605 0.004625 0.0047 0 0 0 0 0 5e-05 0 0.00014 0 0 1e-05 0 0.000345 0.00143 0 0 0 1.5e-05 0 0.000455 0.000655 4e-05 0.002025 0.000455 0.00018 0.000905 5e-06 0.004365 0.00149 0 1.5e-05 0 0.003335 0.002115 1e-05 0.004145 0.00463 0 0.003425 0 0 6.5e-05 4e-05 0 0.00297 6.5e-05 0.000765 0.00383 0.004475 0 0.00401 0 1.5e-05 0 0.00111 0.00118 0 0.0037 7.5e-05 0 0.000385 0.000155 2.5e-05 0.00349 0.00178 0 0.003715 0.00324 0.000505 0.001285 0 0 0.00275 0.004425 0 0 0 0 0.00013
0.00065 0.000295 0.00359 0.00157 0.0023 0 2e-05 0 7.5e-05 0.003195 0.00047 0 0 0 0 0.00094 0.004495 0 5e-06 0.002675 8.5e-05 0.00402 0.00417 0 0.003635 0.000245 0.001165 0.005005 0 0 3.5e-05 0.00181 0.000625 0.001885 0 5e-06 0.0045 4.5e-05 0 3.5e-05 0 0.00437 1e-05 0.00459 0 0.001535 5e-06 0 0 2.5e-05 0 1.5e-05 0 0 0 0.000305 0 0.00344 0 2e-05 0 0.001025 0.002425 0.00052 2e-05 0 0 0 0.000885 6.5e-05 0.00037 1e-05 0 0 0 4.5e-05 0.00288 0.00421 0.004985 0.000175 0.0029 0.003935 0 0 0 0 3e-05 0.000355 0 0.00114 0 0.0014 0 0.00202 0.002395 0.000335 0 0.000185 0 0.004755
1.5e-05 3e-05 0.00105 0.003215 0.00434 0 0.000285 0 0 5e-06 0.004345 0.002155 3e-05 5e-06 0.00015 0.00463 5e-06 0.000345 1.5e-05 0 5e-06 0 0.004605 0 0.00386 0 0.001535 5e-06 0.00037 0.004265 5e-06 0.004765 0.001845 0.004405 0 0.005015 1e-05 0 0 0 0 0.00292 0 0 0.00106 0.000375 5e-06 0.000195 0.00205 0.001535 0 0 0.000655 0.000195 0.002605 0 0.004135 0.000745 0 0 0.0001 0 0.000695 0.00303 1.5e-05 0.00366 0 2.5e-05 0 2.5e-05 0 0.001 0 0 0.003855 0.00239 5e-06 0.00069 9e-05 0.00289 0.00025 7e-05 0 0.001185 0 0 0 0.0021 7e-05 0 0 0.003355 0.000515 0.000135 0.0046 2.5e-05 0.000205 0.001275 0 0
0.00013 0 0 0.001775 0.002905 0 0 0 0.00189 1.5e-05 0.00107 0 0.00059 0.000125 0 2e-05 0 0.001465 0.00094 2e-05 0.00473 1.5e-05 0.00336 7.5e-05 0 0 0 0 0 0 0.000265 0.002955 0 0.00038 0 0.00367 0 5e-05 0.001395 1.5e-05 0 0.00482 0 0.002955 5.5e-05 0.000215 0 0.000105 1.5e-05 0 0 0.000455 0 0.00015 0.00431 2e-05 5e-05 0.004545 0.00367 0.00083 0.00228 2e-05 0.00024 0 0.00471 0 0.000915 2e-05 0.001585 0 0.00453 0.002305 0.004235 0.00345 0.0049 0.004605 0.00014 1.5e-05 5e-06 0 0.00071 0 0 0.00232 0 0.000465 0.000185 0 2e-05 0 0.001285 0.00073 0.004415 0 0.00332 0.002 3e-05 0 6e-05 0
1e-05 0 0 1.5e-05 0.00278 0 0.001245 1.5e-05 0.002085 0.000455 0.00011 0.00013 0.00293 0 0.002265 8e-05 0.002325 0 0.0017 0 0.000525 0.003435 0 0.005425 0.0008 0 5e-05 0 1.5e-05 5e-06 0.003785 0 0.000835 0.00443 0.00105 1.5e-05 0.004645 0.00025 0.00146 0.00312 2e-05 0.000745 0.00488 0 0 0 0 0.0045 0 1.5e-05 0 0 9.5e-05 5.5e-05 2e-05 0 0 0 0 0.00105 0.000925 0 0.00372 0.000195 0.000415 0.00406 1e-05 0.004555 0.00016 0.00037 0.00377 3e-05 0.00422 0.000325 0.000215 0.00143 0 4.5e-05 0.00011 0.00406 0.004565 0 0 0 0.00309 0.00137 0.00234 0 0 0.00213 7e-05 0 1.5e-05 0 0 0 0.000425 0 4e-05 0
0.00356 0.001755 0.00446 0.00262 0.004605 0 0.00031 0 0.000335 2e-05 0 0 0.00505 0 0 0.00462 0.00078 0 0 0 0 0 0.00215 1e-05 5e-06 0.00014 0 0.001765 0 3.5e-05 0 0.004335 0.000595 0 0.00405 0 0 0.000385 4e-05 0.000135 0 2e-05 0.00218 0.004545 0.002715 0 1.5e-05 6.5e-05 0.000185 0 1e-05 0 0.001275 0.003245 0 0.00125 0.00086 5e-05 0 0.000415 1e-05 0 0.00514 0.005065 0 0.001575 1e-05 0 0.00019 0 0 0 0 0.004 0.0005 0.00352 0 0 0 0.00079 0 1.5e-05 0.004105 0.000265 0 0 1.5e-05 0.000895 0.00172 2e-05 0.000405 0.00012 0.002225 0.00246 0.004615 0.000165 0.00015 0.000565 0 0.003055
0 0.003915 0.00303 0.00046 0.00126 1.5e-05 0.00503 5e-06 4e-05 5e-06 0.00243 0.00399 3e-05 2e-05 0 0 0.00448 9e-05 0.000105 0.000545 6e-05 2.5e-05 0 0 0 0 0.004385 4e-05 0.00406 1e-05 0.00016 0.002955 0 0 0.00079 0.000445 0 0 0.00103 0.000375 0 0.0023 0.004205 0.00019 0.003215 0.000235 2e-05 0 0.001085 0.000105 0 0 0.002175 0 0.000125 1e-05 5e-06 0 2e-05 0.001245 0 0.002755 0.00233 0.00028 0.004845 0 2e-05 0.001885 2.5e-05 0.0044 0.001575 0 0 0 0 0 0 0 0.0036 0.003035 0.00473 0.000895 0 0.001945 0.000605 3e-05 0 0 5e-06 1.5e-05 0.005005 0 0.00086 0.001515 0.000195 0.00353 8e-05 0 0.000295 0
0.00293 1e-05 0.00463 0.00028 0 0 0.001035 0 0 0 0.004535 0 0.003495 0 0.003675 0.0044 0 0.00223 1e-05 0.000295 0 0 1.5e-05 1.5e-05 0.00399 0.000165 1.5e-05 0.000155 0.00396 2e-05 2e-05 0 6e-05 0.00255 5e-06 0.00026 0.00059 0.001185 0 0.004645 0.000985 2e-05 0.00165 0.004975 2e-05 0.00475 0.00458 0 0 0 0.003305 1e-05 0.000425 8e-05 0.00095 0 1e-05 8.5e-05 5e-06 0.00448 0 0.001715 0 0 5e-06 0.00263 3.5e-05 0.00011 3e-05 0 0 0.0043 0 0 0 0.00379 0 0.00048 0.00162 0.000645 0 0 0.002315 8.5e-05 0.000835 0.002215 0 0.00067 0 0.000245 0.00325 0 0.00148 6e-05 0.0001 0 0.001085 0 0 0.000415
9.5e-05 0 0 0 0.00096 0.00041 0.000865 0 0 0.00223 0 3e-05 0.004785 0.00022 2.5e-05 0 0 5e-06 0.00011 0 0.004915 0 0.001095 1.5e-05 0.001125 0 0.001965 0.00455 1e-05 2e-05 0.004165 0.00413 0 0.002835 0.000235 0.000115 9.5e-05 0.0018 0 0.004585 0.00071 0.000325 0 0.00384 0.000455 0.004345 0 1e-05 8e-05 0 0.00016 2e-05 0.003595 0 0.00161 5e-06 0.000125 0 0.00062 0.002125 0 0 0 0.002355 0.00359 0 0.004405 0 0.00057 0.00373 0.002495 0.005175 0 0 1.5e-05 0 0.00117 0.00357 0.002805 0 4.5e-05 0 0.000245 0.0002 0 5e-06 0 0.00143 0.00052 5e-06 0 0.003045 0.00141 1e-05 5e-06 0 0.00338 0 0 2.5e-05
0 0 0 0 6e-05 0.00068 0 0.00471 0.00079 0 0.001085 0.00126 0.002235 4e-05 0 0 0 5e-06 0.00017 0 0.00021 0 0.003425 0 0 0 0.004595 0.000175 0 1e-05 0.00426 0 0.004755 0.0046 0.00414 0.00216 0.0031 0.004065 0.004635 1.5e-05 2e-05 5e-06 0.002985 9.5e-05 0.00025 0 0.001405 0.003035 2.5e-05 5.5e-05 0.00153 2e-05 0 0 0.00039 0.000175 0 0 0.00297 0.001325 5e-06 0.004905 0.00039 9.5e-05 0.00193 0.00025 0.000645 4.5e-05 1e-05 6e-05 0.00251 0 0.00059 0.00406 0 0 5e-06 0 0.00193 0.000265 0.003865 0 0.000885 0 0.003885 0 5e-06 0 0 0 0.001075 0 1e-05 0 0.00093 0.002575 5e-06 0.003525 0.000115 0
5e-06 0 0.00497 0 0.00015 0.00034 0.00176 0.000125 0 0.00183 0.000115 0 0 0.00088 0 0 0.001295 0.00026 0.000645 0.00363 0 0.00292 0.004295 0 2e-05 0.000625 2.5e-05 0.004745 0.00019 0 0 2.5e-05 0.00224 0.00334 2e-05 0.00187 0.0004 0 0.0026 3e-05 0 0.000315 0 3.5e-05 0.002065 0 0.001145 0.00155 0 0 0.004285 0 0 1.5e-05 0 0 0.00474 0 0.00026 0.00058 0.0009 0.00352 0 0.00453 1.5e-05 0.000825 0 0 8.5e-05 0.004635 5e-05 0 0 2.5e-05 0.004645 1.5e-05 0.00425 0 0.00013 0.000155 0.002725 0.004795 0.0036 0 0.00206 0.00436 0 0 0.000195 0 0.00021 0.00132 0 0 0 0.00263 0 5e-06 0 0.000515
2e-05 0 0 0 0 0.000595 0 0.00088 0.00173 0 2.5e-05 0 0 0.00011 0.00104 0 0 0.00076 0 0.00011 0.00195 0.00159 5e-05 0.000205 0.00161 5e-06 0.000645 0.000785 0 0.00175 0.001855 0 0.00131 0 0.00142 1e-05 0.00042 0 0 0.00086 0.000115 0.00041 0.00054 0.00119 6.5e-05 0 0.00162 0.00184 0.00073 0 0.00139 0 0 0 0 0 0.000795 0 0.00052 0.00186 5e-06 0.00082 0.000355 0.000505 0.00028 0.00121 0.00139 0 0.000105 0 0.001235 0.000365 0 5e-06 0.002015 0.001885 0.001635 0.00192 0.000735 0 0.00021 0.00024 0.000455 0 0.001615 0.00125 0.000655 0.0018 0 0.000995 0.00032 0.00088 0 0.00146 0.00031 0 1.5e-05 7.5e-05 0 0
0.000355 0.00063 1.5e-05 0 0 0.000125 0.002165 0.00213 0.00095 0 0.001485 0 0 0 0 0 0.00095 0.00248 0.000635 0 8e-05 6.5e-05 1e-05 1.5e-05 0.000295 0.002105 6e-05 0.000605 0 1e-05 0 0.0006 1e-05 1e-05 0.00151 0 0.000295 0.000105 0.00148 0 0.001395 0 0.0014 0 0 0.00049 5e-06 0 0 2e-05 0.000135 0 0 0.00101 0 0.000705 0 0.00059 0.00239 0.000665 0 0.002305 0 0.0016 0.000775 0 0.000405 0.00259 0 0.001935 0 0.00229 0.00132 0.001115 0.00049 0.00075 0 0.00185 0.000485 0.001195 0.002345 0 0.00084 0.0016 0 0.001405 5e-06 0.001865 0.000175 0 0.00035 0 2e-05 0.00099 0 0 0.001065 0 0.000235 0.001965
0 0 0 0 0 0.00158 0 2.5e-05 0.00091 0 0 0.00063 0.00147 0 6.5e-05 0.001425 0 0 0.00116 0.00157 0 0 0.001095 0.000955 0.000575 0.000835 2.5e-05 0 0.001455 8.5e-05 0.00081 0.00091 2e-05 0.00051 0 0.00016 0.0018 0.00063 0 0 0.001515 0.001445 0 0.001385 0.00062 0.001795 0 7e-05 0.000975 0.00045 0 0 0.000355 0.001345 0.000705 0.000275 0 0.00022 0 0.000605 0 2e-05 0.00145 0.0002 0 0.001195 0.001275 0.000215 0.000805 0.000235 0.00014 0.000595 0 0.00117 0.000835 0 0 0.000165 0 0 0.00061 0.00149 0 0.00048 0.000205 0.00032 0.001415 0.000875 0 0.00138 0.001 0.000635 8e-05 0 0.000605 0.00115 0.00174 0 7e-05 0.00029
0 0.001315 0.00123 0 0.000225 0.000615 0.00109 0.00125 0.000465 0.00103 0 1e-05 0 0 0.000625 0 0.000735 1e-05 0 0.001115 0 0 0.001135 0.000265 0.0005 0 0 0.001385 0.000375 1e-05 0.000475 0 0.000245 0.00079 0 0.001315 0 0 0 0.00126 0 0.00014 0.00138 0.00041 0.00104 0 0 0 0.00077 0.000955 0.000165 5.5e-05 0 0.00146 0.000125 0.000195 0 0.000675 0.00099 0.000815 0 0 0.001455 0 0 0.000925 4.5e-05 0.00068 0.001175 0.00094 0.001625 0.000785 0 0 0.000185 0.00104 0 4.5e-05 0.00093 0 0.001345 0.00121 0.000945 0.00047 0.00104 0 0.00087 0 0.00057 4e-05 0.0013 0.00102 0.00089 0.001175 0.00129 0.00143 0.00115 0 0.001115 9.5e-05
0.00211 0 5e-06 0 1e-05 0.002815 0.00049 0.00093 1e-05 0 0.0011 0.002445 3e-05 5e-06 0.000645 0 0 0.00135 0.002305 5e-06 0 0.001625 1.5e-05 0 0.00018 0 0.000565 0.000155 0 1e-05 0 5e-06 0.00025 1e-05 0.001845 2e-05 0.00238 1.5e-05 0.00025 0.00291 0 0.001045 0.00133 0.00096 0.002225 0.000225 0 0.00035 5e-06 0.000105 0 0 0.001475 0 0 0 0 0 0.00243 1e-05 0 0 0.00102 0.00125 0 0.0009 0 0.001185 5e-06 0 2e-05 0.00071 0 0 0 0 2.5e-05 0 0.000265 0.00191 0.00232 1e-05 0.00197 0.00148 0.00163 0.00112 0.00058 1e-05 0 0.00057 0.000485 0 0 0.000465 0.00229 0 0.00074 0.001585 5.5e-05 0.00042
0.00136 0.001205 0.000935 0 0.00152 3.5e-05 0.001705 0.00043 7.5e-05 0.0017 0 0.001535 0.0005 0.000535 5e-06 0 0 0 0 0 0 0 0.00084 0 0.00059 0.001305 0.00121 0 0.001075 1.5e-05 0.00019 0 0.001405 0 0 0.00051 0 1e-05 0.00155 0.000845 0.00066 0 0.00125 0.000585 0.00116 0 1e-05 0.001395 0 0.00162 0 0 0 0.00145 0.0013 7e-05 0.00188 0 0.001335 0 0 0.00173 0.00112 5.5e-05 3e-05 0.00077 0.001405 0.00101 0.001695 0.00193 6.5e-05 0.00033 0.00034 0 0.00084 0.000265 0 0.00135 0 0.001815 0.00176 0 0 0.00073 0.000855 0 0 0.0011 0.00026 9.5e-05 0.000875 1e-05 0 0 0 0.00127 2e-05 0.000535 0 0
0 1e-05 0 0 0 0.00086 0.000785 7e-05 0 0 0.00096 0 0.00163 0 0.001115 0 5e-06 0 0.000155 0 4e-05 0.000195 1e-05 3e-05 0.00046 0.00022 0.001425 0.0001 0 0 0 0.000675 0.00154 0 4.5e-05 5e-06 0.001695 0.00211 0.001975 0.00157 0 1e-05 0 0.00116 4e-05 0 0 0.00287 0 0 0.00159 0.00115 0.0008 0.00046 0 0.001835 0 0.00046 0.002045 4e-05 0.001155 0.00173 0 0.002145 0.000305 0.00174 0 2.5e-05 0 0.002035 3e-05 0.00151 0.00095 0 0 0 0 0.00169 0.00255 1.5e-05 0.000875 0 0 0.000495 0.00144 0.001455 0 0.00196 0.00091 0.000725 0 5e-06 1e-05 0.00222 0.0003 0 0 0 0.00136 0.001465
