0
0
0
0
0.0363526981
0.03004502971
0.03067648521
0
0
0.0146610524
0
0.05605325905
0.002844178183
0.03405872714
0
0.00972914908
0.01841816348
0.01130048106
0
0.005940825534
0
0.03661404465
0
0.03279689008
0
0
0.04800078253
0
0
0.003692914818
0
0.05094890116
0.04400298466
0
0
0.01285484359
0
0
0.01087730313
0.02105397214
0
0
0
0.03033914459
0
0
0
0
0
0
0
0
0
0.005883339334
0.03601825173
0
0.007959439165
0
0
0.001739246511
0
0.02232315623
0
0.006625852752
0.005551172718
0
0
0
0
0
0
0
0
0
0
0
0.0246889638
0.03227561725
0
0.00167462236
0
0
0
0.01924414283
0.004188572373
0.02301765821
0
0
0
0.05229096626
0.05074015039
0
0.0138962039
0.06925619734
0.001561253976
0
0
0
0.0451505796
3.47E-02
0.06139374112
0
0
0.0231142168
0
0
0.01435402334
0
0.0331946676
0
0
0
0
0.01378898711
0.01373150552
0
0
0
0.03117590709
0.001229803439
0
0.01249862633
0.01926935134
0
0
0
0
0
0
0.003844595268
0.02664375383
0
0.03350932054
0
0.0432630581
0
0
0.01598743154
0.04751618975
0.008599107729
0
0
0.03101202039
0
0
0.02704611695
0.02311666
0
0
0.02027652195
0
0
0
0
0.02433065992
0.00170565803
0.01008368855
0.01314895701
0.02671902132
0
0.02071854641
0
0.005080842159
0
0.03313228701
0
0.03455742333
0.01021867475
0
0
0.02886421682
0.0003882056706
0
0.03972394062
0.02208429031
0
0
0
0.006895166178
0.002213766804
0.0286159699
0
0.02696640041
0.03355481397
0
0.005107513562
0.00694561298
0
0
0
0
0
0
0.007848820532
0.01582203815
0.02260240201
0
0.05211220279
0.01599327506
0
0.02109396899
0
0
0.02552136096
0.02489818526
0
0.01925645774
0
0
0.00108084187
0.008227774333
0
0.01690131487
0.003137558915
0.02000016595
0
0
0.02083822802
0
0
0
0
0.026242546
0
0
0.01658413288
0.01536339494
0
0.01986713343
0
0
0
0.01696796231
0
0.01343752713
0
0.01924887093
0.01276660738
0.01548056325
0
0.008748423899
0
0.0464762789
0
0
0.01336718371
0.004467339442
0
5.78E-05
0.02581581531
0
0.03120792263
0
0
0.002201867996
0.0309748225
0.01189248335
0.01283998514
0.007581739338
0
0.05342010053
0
0
0.01282153123
0.02234550171
0
0.03113088745
0.05820703757
0.01310097399
0
0
0
0
0
0.02893392566
0
0
0
0.001345704779
0.02191849517
0.02370057234
0.01229606491
0.001962644215
0.05314985338
0
0.01383526764
0.000783289829
0
0
0.03048148681
0.002138853136
0.03439712872
0
0.00244369908
0.04553415231
0
0.0131773205
0
0
0.01032923739
0
0.01383637934
0
0.02721701228
0
0
0
0.01718025488
0.02148206306
0.007281046983
0.01360484023
0
0.02104001124
0
0
0
0
0.02197626769
0
0
0.02618823108
0
0.01381059685
0
0.01957558416
0.04726128807
0.01481208187
0.02464244788
0.03219851029
0
0.009064248452
0
0
0.01899453394
0
0
0.0436017613
0.01910901845
0
0
0.008638641568
0
0.0295154673
0
0
0
0
0.04674818862
0.0118305453
0.005760826545
0
0.02713021739
0.005712630743
0.001890873558
0
0.0470517078
0
0.01809855364
0
0.01468378916
0.03644502561
0
0
0
0
0
0
0.02996545755
0.01099595489
0
0.0116615351
0.0269645604
0.01642600364
0
0
0.009575295226
0
0
0
0.02315088707
0.009475805817
0.00631523508
0
0.007899395757
0.008094037271
0
0.03488101616
0.02392241991
0
0.0009586475824
0
0.04954907027
0.01635386487
0
0.03526606048
0
0.005473903019
0.006688204629
0.00E+00
0
0.0003079039041
0
0.0403123369
0
0
0
0
0
0
0
0
0.00757993992
0
0.008254961184
0.02550394269
0.02715518335
0
0
0.03679604056
0.01855645159
0
0.04742819201
0
0
0
0
0
0
0
0
0.01642142436
0.003338473656
0.02800437274
0
0.02733677831
0
0
0.01604423068
0.02596252586
0
0.009593985142
0.04614520476
0
0.02393175826
0.03696110846
0.04547392357
0.02372960319
0
0.005604309503
0.003703518831
0.03957904386
0
0
0
0.01559418131
0
0.03820206753
0.01465553843
0.01436395733
0
0
0.009255369381
0.04310226185
0.008906570695
0
0.01958646946
0.0001026078445
0
0.01309848323
0.0399178919
0
0
0.005090405966
0.03996265664
0.01686964407
0
0.02261171128
0.006054085954
0.01465225393
0
0.01186278929
0.005837328496
0.02673403997
0
0
0
0
0
0.02381640246
0
0
0
0
0
0
0.01021761933
0.01692350219
0
0.01602600699
0.002830941177
0
0
0.001136250135
0
0
0.04548753671
0.009970477029
0
0
0
0
0.04706911878
0
0.01120865259
0
0
0.007555847243
0
0.01120640293
0
0
0.02352713522
0
0
0
0
0.01101841222
0
0
0
0.01778909307
0.01896876661
0.02879324291
0
0
0
0.00540484636
0.0271178732
0
0
0
0.03392133918
0
0.006248947548
0.03376252065
0.01022610224
0.0348805601
0
0
0.03731234837
0.04603703629
0
0
0
0
0
0.04336121415
0.0006600655922
0.04400294476
0.007064626105
0.01841469832
0.04155915568
0.02088301056
0.007611595438
0
0
0.02215834365
0
0.0273273601
0.005471499795
0
0
0
0
0
0
0.01749591373
0.03708024789
0
0
0
0
0.04690571963
0.01665837463
0.001517833776
0.04070912398
0
0
0.005640374862
0.03270157234
0
0
0
0.01823931223
0.00702021593
0.02373956482
0.04498312151
0
0.0001516011134
0
0.005233785833
0
0.01412025189
0.008383064065
0
0.04795174586
0.0109625557
0.03706165034
0.02526466439
0.01325504503
0
0.04308000138
0
0
0
0.02006304037
0.06047165394
0
0
0
0
0.01675182179
0.02427117963
0
0
0
0
0
0
0.01100218018
0
0.01703795616
0.02264195858
0
0
0.01372902254
0
0.02021289633
0
0
0
0.02582530985
0
0
0.04708721038
0
0.0007504477919
0.0030904686
0
0.0338542738
0.05488207642
0
0
0
0.01250550316
0
0
0
0.0288193791
0
0
0.02566580859
0.02031866394
0
0
0
0.01350383115
0
0
0
0
0.001200756401
0.0007990601448
0
0
0.02030962015
0.03131540687
0.04347947584
0.01725946614
0
0.02392024241
0.003042238974
0.01759341894
0
0.01784993104
0.04704920323
0
0
0.02342051622
0
0
0
0
0
0
0.02661133514
0.03065216854
0.01769971318
0
0
0
0.01745326029
0
0
0.04308615183
0.002389449306
0.04334467513
0
0.003612568657
0
0.005691577036
0.006795730863
0.01276470448
0.02125041443
0
0
0.005199112306
0.04246371148
0.006426127439
0.01977846318
0.01874763928
0
0
0.01095342123
0
0
0.02861835389
0
0
0.008939404971
0
0
0
0
0.009535810578
0.01888681038
0.003987441859
0
0
0.008882401612
0.003018232203
0
0.004500656596
0
0
0
0.02250373947
0.007745064275
0.02484988004
0.01259631003
0
0.04049994692
0.009895818246
0
0.006428029546
0
0.02910729319
0
0
0.03811208693
0.01690382348
0.03244233698
0.006563518827
0.02866563275
0.02223354423
0.008313882084
0.02710542122
0.0306825058
0.0189693716
0
0.005980861788
0.0004284408645
0
0
0.0259209111
0
0
0.00101938837
0.01859181341
0.01405109517
0
0
0
0.03593840523
0
0.03457042977
0
0
0
0.01916902207
0.02153377391
0.01463093124
0
0.0146840923
0.01706566392
0
0
0
0.02068290851
0.02578793771
0.01754055539
0
2.98E-03
0.002259459473
0
0.02185510382
0
0
0.005679483841
0.02339287868
0
0.0109090453
0
0.001305382018
0.01365353956
0
0
0
0
0
0
0.03057730126
0.005079317306
0
0
0.00999929009
0
0
0
0
0.04952900779
0.03073656871
0.06578660933
0
0.01827533422
0
0.0125542598
0.04491553507
0.02452578791
0
0.008330394214
0.01001138169
0.04370421919
0.03704300223
0
0.01584309131
0.01625854066
0
0
0.01611170653
0.02702054633
0
0
0
0.00436282464
0.009580949261
0.009549134721
0.02397751252
0.03065923502
0
0.03390399311
0
0.006996576166
0
0
0
0.004234128511
0.01025794468
0
0
0
0
0.007336089175
0.0429259548
0.005834090892
0
0.008623893412
0
0
0
0.05111912065
0.0118350961
0.03922459288
0.0249795624
0
0.003827699166
0
0
0
0.01288477878
0
0
0.00665697474
0.02140829276
0.00979379017
0.0002394669326
3.72E-02
0.01675051841
0
0
0.01575126033
0
0.01751546391
0.03184933511
0
0
0.01087127934
0.002875266278
0
0.01920606822
0
0.02800779724
0
0
0.05677248063
0.03606218053
0.05650214774
0
0.0008975022005
0
0
0.01873681127
0.04763935958
0.02485640094
0
0
0
0.02508686426
0.0311230947
0.01968846015
0
0.02620861939
0.007481363849
0.02089863193
0
4.62E-02
0
0.007563815509
0
0.006778516201
0
0.01764135801
0
0.001936251678
0.01586454663
0.02455795486
0
0
0
0.01355313148
0.0251388221
0.008736525158
0
0.05225510542
0.02446283158
0
0
0
0.02541107992
0
0
0.008790848947
0
0
0.009925259735
0.003220043471
0.008882281918
0
0
0
0
0.01283632808
0
0
0
0
0
0.005855804482
0
0.005317392324
0
0.0001354879991
0
0
0.02541192495
0
0
0
0.03310896282
0.01124053814
0.02777160253
0
0
0
0.007507936329
0.03906572218
0
0
0
0.03279919181
0.02002419142
0.006979105252
0.02560524347
0.02801768566
0
0
0
0
0
0.0244501589
0.02298539264
0
0
0
0.05690316685
0.04590398332
0
0
0.003376012794
0.009704917834
0
0.02020709289
0.02059782465
0.02426826961
0.0277045826
0
0
0.03426205575
0.02499344423
0.02617179265
0
0.02361367901
0.01005214895
0.03243617792
0.007645909433
0.007967381786
0
0
0.03818408246
0.04816685262
0.001639076345
0
0
0.04338067782
0
0.03971891458
0
0
0
0
0
0
0
0.06425905799
0.02777629438
0.007120182476
0
0.03120562237
0
0
0
0
0
0
0.0216171387
0.01339324883
0
0
0
0.01753952184
0
0
0
0.003552646503
0
0
0
0
0
0.02554336149
0
0.01272534737
0
0
0.01898357441
0
0
0
0.009498318812
0
0.03145662247
0
0
0
0
0.0001873316264
0
0.01317399998
0
0.02700790931
0
0.03902302782
0
0
0.01421514524
0
0
0.004090250963
0.002939781439
0.01525270348
0.03858116166
0
0.03731241463
0.005930584764
0
0.009037808247
0
0.02337301187
0
0.03020583536
0.02479958592
0.005966438674
0
0
0.03892671231
0.02630295821
0.01588171402
0
0
0.006223895628
0.01964637255
0
0.004675549845
0.0167286247
0.03112073997
0
0.01787305518
0
0.01689893332
0.01490398484
0.05089495828
0
0.03500777389
0.01853379612
0
0
0.0001371038027
0.002379953433
0.02405257854
0
0
0
0.01102784446
0.002170495184
0.002836940786
0
0
0.002265301544
0
0
0
0
0.005334280069
0.02423717161
0
0.0141119633
0
0.01970329558
0
0.02196151144
0.001814313164
0
0.005165680333
0.03528352451
0.01564152728
0.01715002336
0.01794831581
0
0.0003960318725
0.0173403748
0.02027399353
0.02947824111
0
0
0
0
0.03801274167
0.02999486674
0
0
0
0.02779059629
0.02263383418
0.0121855758
0
0
0
0
0.01432510086
0
0.06228176222
0.02275801819
0
0.04268413134
0
0
0.02556564505
0.01818341646
0.03917292411
0
0.01681352623
0
0
0
0
0.008677090656
0.03994543265
0
0
0
0
0
0.0357819359
0.02606097958
0
0
0
0.05119214136
0
0.06708574705
0
0.007115873871
0.01897874976
0
0
0.007951610723
0
0
0.007250647001
0.02998282207
0
0
0
0
0
0
0
0.01078734705
0
0
0
0.02007383038
0
0.05248651315
0.04216149947
0
0
0
0.004338606613
0
0
0
0
0
0.04124791457
0
0.01229130504
0
0
0.00E+00
0.03606807724
0
0
0
0
0.009425615179
0
0
0
0.05149189657
0.008625303196
0
0
0.007859928177
0
0.008321887509
0
0.007706250133
0
0
0
0
0.02786834693
0.009220246148
0.01583986187
0.01662475228
0
0.07330157716
0.01677678711
0
0
0
0.02969010626
0
0
0.01051028578
0
0.01534280309
0
0.04257607908
0
0.0194298605
0.01869033902
0
0.01086144081
0.03093465152
0
0
0
0
0.007819233992
0.004896456368
0
0.01282287025
0.03902596287
0.01331931655
0.007455620128
0.0194141256
0.02764025344
0
0.010076941
0.05084046168
0.006422387125
0.0511450014
0
0.009081872808
0.003196889825
0.01593043883
0
0
0.01575149687
0.03093376902
0
0.05449551395
0.01446453509
0.002026467524
0
0.01154731336
0.0110299609
0
0.02186254663
0
0.01348251195
0.01378245924
0
0.01131329395
0
0.03062282105
0
0
0
0
0
0.003041330397
0
0
0
0
0.006322343499
0.03278455995
0
0
0.02872694385
0
0
0.01728576967
0.02145532264
0.02808095775
0
0
0
0.01529982892
0.004238763005
0
0.05966449474
0
0
0.01933040363
0.01486972423
0.01545045333
0.02154080116
0
0.01580076078
0.007671454982
0
0
0
0
0
0
0.04790977908
0.007250193388
0
0.04245543555
0
0
0.001642693009
0.01133207
0.01708767471
0.01767293238
0.0367434948
0
0
0
0.01510459291
0.005782850103
0
0
0
0.01725539653
0
0.02840647108
0.0339620227
0
0
0.0186706467
0
0
0
0.02180510977
0.0157644823
0
0.04783398036
0
0.03725535567
0
0
0.01028826433
0.02958174901
0.005337236676
0.008154713888
0
0.05157659575
0
0
0.003062094373
0
0
0
0.0007094743645
0
0
0
0.02159157197
0.03828907329
0
0
0
0
0
0.004324424243
0
0.01255713314
0
0.02555622892
0.00766860206
0.006594042742
0.02720023995
0
0
0.001039315795
0
0
0.03866056025
0.03784460684
0
0.003814907058
0
0.01289973037
0.03188586051
0.0668199055
0.03210247956
0
0.02768739746
0
0
0.02166464123
0
0
0
0
0.006805716626
0
0
0.002185869044
0
0.0004408674401
0.03972151658
0
0
0
0.04239608566
0
0
0.02920508798
0
0
0
0
0.008804526998
0.03224388146
0
0.03879353611
0.01655843792
0
0.01287929696
0
0.03344693781
0
0.03716454062
0.02715355572
0.01265241815
0
0.0001380815868
0.03107624611
0.007499691331
0.0299192793
0
0
0.01054959531
0.009871183258
0.002298060379
0.00256421811
0.01210491837
0.02839824637
0
0.008306298966
0
0.01156929925
0.01894131413
0.04799286345
0
0.02097168478
0.01412069979
0
0
0.003383380702
0.002457028359
0.03106458643
0
0
0
0.01838250888
0
0.01020711406
0
0.00111188526
0
0
0
0
0
0.005230156636
0.03437776267
0
0.0164960596
0
0.01609459994
0
0.02094863351
0
0
0
0.02488287959
0.01478754072
0.02022782755
0.02711135111
0.001336695373
0
0.01400383649
0.001119047959
0.0202663422
0
3.08E-05
0
0
0.02114290306
0.02754329069
0
0
0.01008568665
0.02115177131
2.22E-02
0.02610202
0
0
0
0
0.03044712693
0.01022165129
0
0.01143748946
0.03395748059
0.004447328572
0.0117154522
0
0.00435963511
0.01321958354
0
0
2.59E-02
0
0.009099294489
0
0.02349734276
0.04215394983
0.01050663771
0.006759647363
0.01927938354
0.03607087448
0.01573311361
0.02280515385
0.007995630723
0.002170329955
0.02700143938
0
0
0
0.005134523146
0.02163115023
0
0
0
0.01969662764
0.007052152091
0.02507695132
0
0
0
0.006499438897
0.01026363335
0.02340973701
0
0
0.02794136387
0.02289394366
0
0.00E+00
0.01199595646
0
0.01869382691
0.002113295966
0.001615684956
0.01534010166
0.01671123168
0
0.01523037171
0
0
0
0
0.008770115604
0.04361612414
0.02853449723
0.005886079515
0.05745583598
0
0
0.01938896199
0.04439997328
0.0001725540611
0.0009161717252
0
0
0.02930540952
0
0.02094956395
0
0.04318626611
0
0
0.03012330708
0
0
0
0
0.00623180869
0
0.05097501547
0
0
0
0
0.00E+00
0
0
0
0
0.0005847806565
0.03009120218
0.03128786996
0
0.06535266594
0.02502887255
0
0
0
0.02936567117
0.002967157588
0
0
0
0
0
0.04407064449
0.03513047116
0
0
0.04422999242
0.003695279595
0
0.008332579004
0.02159226434
0.0139978401
0.00548925003
0
0
0.01701662163
0.01228120813
0.01668440628
0
0
0
0
0.01250603004
0.005704986379
0
0.01713997152
0.02330267627
0.0119616232
0
0.04497099904
0
0
0.02879835607
0.04893054201
0
0
0
0
0.01791567336
0
0.00876718281
0.01680895298
0.009011909541
0
0
0.01754732318
0.01538011271
0
0
0
0.0206977913
0
0.01114719116
0.03282309036
0.002143894866
0
0
0.01112703786
0.03531954579
0.02938018118
0.02277430681
0.01988197778
0
0
0
0
0.02247225016
0
0.0009694224147
0
0.01541472928
0
0
0
0.00835186888
0
0.035932185
0
0
0
0
0
0
0.03862059428
0
0.03767479936
0
0
0.01565959981
0
0
0.0348952824
0.01092874984
0.002847221284
0
0
0
0.02996768303
0
0.004245317096
0.008660730514
0
0.01955301015
0
0.01090404571
0.009135366511
0
0
0
0
0.03273173328
0
0
0.02300543737
0.02523505713
0.02962385365
0.0365005631
0
0
0.02856369167
0.0191438958
0.01827425659
0
0
0.0110074435
0.02160753335
0
0.001532244948
0
0
0.02684508016
0.01912420824
0
0
0
0.02269624731
0
0.01180337406
0
0.02875107609
0
0.02429215867
0
0.05650659612
0
0.02493632459
0.01830818858
0
0.04797699325
0
0
0
0.007763930576
0
0.008792926753
0.03787786982
0
0
0
0.00212438306
0
0
0
0
0
0
0
0.03180027607
0.01045132426
0.001973056004
0.0006764513353
0.02924519343
0.009754307054
0
0
0
0
0.03998311146
0.02449714568
0.03783325832
0.003343823789
0.01548680368
0.05814078137
0.001477655951
0
0.003514737613
0
0
0.02797717943
0
0
0.01736400122
0
0.01580794828
0
0.02133767577
0.06167852073
0
0
0
0
0
0
0
0
0
0
0
0
0
0.00509058678
0
0
0.02808995137
0
0.001031350692
0
0
0.05326781501
0
0.02064929647
0
0.01855862262
0
0.03180496927
0.03092459395
0.009037613848
0
0.002969983522
0
0.05383133933
0
0
0
0.03172012064
0.002073482522
0
0.01546166812
0
0
0
0
0
0.01573902039
0
0.005287788682
0.01477057512
0
0.0346040154
0
0
0
0
0
0.01064018487
0.01684599901
0
0
0.02168608043
0.002420179226
0.02665912732
0.03647582706
0.008454076149
0.01928728814
0
0
0.003446548883
0.001805651282
0.04678159725
0
0.02737361023
0.02653073264
0
0.006585064299
0.04219662145
0.0267794047
0
0
0
0.01761306759
0.03549928603
0.01201254264
0.01908833055
0
0.02560167167
0.04713898941
0
0
0
0
0
0
0.01869602773
0.01494173787
0.02142590595
0
0
0
0
0.03527001207
0.01059425662
0.02208839087
0.01583644109
0
0
0
0.01163772994
0.008408194755
0
0.0363589003
0
0
0
0
0.01717174061
0
0.004935988927
0
0
0.009849915405
0.02839466297
0
0.009806352132
0
0.00E+00
0.004597427136
0.01094686477
0
0.006393294176
0.01127102942
0.002910022142
0.01661082537
0.009313290903
0.02835388098
0.02221097643
0
0.01541266189
0.02177978686
0.02144529828
0
0
0
0.01111155299
0
0.04962879813
0.008699091305
0.01889474503
0
0.02379239015
0.02809871755
0.02158829017
0.03106303277
0
0
0.02115504195
0.01531929806
0.03314839805
0.02851507104
0
0
0
0.002414624087
0.01861136428
0
0.01311144977
0.007855733594
0
0
0
0.0002139913624
0.01989581474
0.02946968502
0
0.02730296853
0
0
0.00206342934
0.04716994108
0.01366804356
0
0
0.01929993119
0.007491956207
0.002949057199
0.02576084361
0
0.01103135762
0.02401376602
0.04321356357
0.02137956602
0.001933665124
0.04523212143
0
0
0.001360229879
0.03024865593
0.05195252567
0
0.03512664186
0
0
0
0
0
0
0.006766523258
0
0.006677879651
0
0
0.0296267946
0
0
0.02921852231
0
0.003153268886
0
0.02564745337
0.01475011804
0
0
0
0.02590671219
0
0.01352131506
0.009044641099
0.01051279975
0.001061527124
0
0
0.04326793193
0
0
0
0.01011734736
0.004412397046
0.00E+00
0.009954299269
0
0.01524137662
0
0.006834106556
0.005342896776
0
0
0
0
0
0.009245361063
0
0.01057376245
0
0.0248192779
0.01234119574
0.01635085237
0.02362256826
0
0
0.03869302403
0.009982368506
0.00584626509
0.02363297884
0.03159844897
0.003946678532
0
0
0.0329331223
0.03272831007
0.04568755871
0.009707275904
0
0.02010300689
0
0
0.04924641343
0.01140149651
0
0
0
0.01708958355
0.008674932439
0
0.01141829358
0
0
0.0488523445
0
0
0.0381211424
0.03973084531
0
0.01239544839
0.02149557256
0
0.02922448021
0
0.005150916409
0
0.04183691947
0
0
0
0
0.03160397485
0.001371347712
0.009828331554
0.02173703526
0.04439184762
0
0.02838537463
0.005514278878
0.01653813443
0
0
0
0.0002032434443
0
0.06135348077
0
0
0.01482424796
0
0.04242127428
0
0
0
0.03407042738
0.04624887036
0.0005954005766
0
0.003744225707
0
0
0
0
0
0
0
0
0.009490883394
0
0.03566216649
0.05839824986
0
0
0
0
0
0
0
0.002239017809
0
0.04708128415
0.03449246441
0.0005039333185
0.004317855864
0
0
0.02564617018
0
0
0.01986216708
0.02804023808
0
0.006775980515
0
0.01155074003
4.22E-02
0.006807312822
0
0
0.008617717309
0
0
0
0
0
0
0
0
0.00118363741
0.004489265066
0
0
0
0.02879111303
0.04424025164
0.0288671311
0.02966203446
0
0.05583839021
0.04281720592
0
0
0
0.0421546677
0.009842288491
0.01430566298
0
0
0
0
0.04436065709
0.01377547374
0
0
0.005043380936
0
0
0
0.03428925203
0
0.01074540237
0.02564674923
0
0.02169694927
0.0294964748
0
0.01823470479
0.003778802687
0.01067816541
0.007593665924
0
0
0
0.04910926417
0.01453267214
0
0
0.03355934229
0.004369167145
0.01726906139
0.00131154048
0.03251309667
0
0
0
0.004344024514
0.02199594379
0
0
0.01811439882
0
0.01328338518
0
0.030512077
0.02328658089
0
0
0.00E+00
0.003056817665
0
0
0
0
0
0
0.002408032456
0.01359429281
0.02131228704
0.03246048518
0.02430301154
0
0
0
0
0.001319058726
0
0.03674694856
0.01127115798
0.02509914608
0
0.01660668816
0
0.02160297128
0
0.03408968365
0
0
0
0
0
0
0.02716349331
0
0.04480544306
0
0
0
0.02344977783
0.01651759066
0
0.001190748305
0
0
0.007570609823
0
0.009177211706
0
0.0005460541344
0.005412419702
0.01700420699
0
0.03325791532
0.008148157563
0
0
0
0.02668883403
0
0
0.06120921952
0.03912305661
0
0.004176102046
0.04555708949
0.01488906203
0.01424723711
0
0.02266637715
0
0.0374750863
0
0.05256588347
0
0
0
0.0301341744
0.002596677816
0.01137215756
0
0.02611746568
0.01235826766
0
0
0.03132175911
0.02625382265
0
0
0
0.0483454268
0.03015674354
0
0.007390944192
0
0.01877225694
0
0.021253684
0
0.005174590847
0
0
0
0.003954428585
0
0
0.002689838247
0.01435671621
0.008271370023
0.01052113037
0.02235743268
0
0
0.02419026717
0.0009397261658
0.02827440731
0
0.0002002971078
0
0
0
0
0.04604971331
0
0
0.02430356727
0
0.004609755792
0.05137087089
0
0.01930365703
0.008250436592
0
0
0
0
0.009020823618
0.009214950649
0
0.003286075102
0.01427089599
0
0.01217866111
0
0.002573242585
0
0
0
0.002559483094
0
0.01283655241
0.03745323411
0.008991548226
0.005606223309
0
0
0.03621688397
0.03783608423
0.02741689399
0.01939123405
0
0.00476259372
0.01755676336
0
0
0
0
0
0.004983808129
0
0
0
0.04424175061
0
0.0005974844423
0
0.03743923649
0.01889115671
0.03352362651
0.01404350599
0.004946258513
0.01356725859
0.007412276042
0.04016218389
0.03005043185
0
0.04824128457
0
0
0
0.02451093709
0
0.005867567493
0
0.03992676822
0.02349959512
0
0.003234037355
0.001104824667
0.008886872931
0.03033758778
0.03041755105
0.01093874883
0.02805292703
0.0008871049601
0.007438247023
0.02683074052
0.0463835572
0.01169795596
0
0
0.03400623191
0.0262987709
0
0.0006953588883
0
0.01878989204
0
0
0
0.002019364404
0.0007627228241
0
0
0.01294358349
0
0.002298112611
0.005161385151
0.006102072119
0
0
0.004197387466
0
0
0
0
0.02919695885
0.01647650451
0
0.004296400101
0
0
0.02517514131
0
0.02515665928
0
0.0002702083256
0
0.01066693639
0.004425678102
0.01904772462
0.005646682012
0
0
0
0.0247793301
0.01646709327
0.03587653329
0.01566507555
0.02355723103
0
0
0
0
0.008610770876
0
0
0
0
0
0.001601699777
0
0.02961263843
0
0.01085814692
0
0.004952970542
0
0.02273042348
0
0.0193121512
0
0.009562897599
0.008581396345
0.03524523947
0
0.02277896045
0.01243401792
0.006955089121
0.008238074698
0
0
0.01402468403
0
0.04441977048
0
0
0.0005030175501
0.007753117194
0.01904874567
0.04515923812
0.0405087996
0.008822583804
0.02824189695
0.01831646862
0.02495681153
0.02134237259
0.02659966488
0
0
0
0.01600914175
0.04839604807
0
0.01811956241
0
0.03920657621
0
0.01020760571
0.0151923031
0
0.02822962446
0
0.02746244709
0.01024491539
0
0.01012488798
0.002435117868
0
0.005326796028
0
0
0
0
0.02045110114
0
0.01790232363
0.01848920795
0.02254580804
0.04366280476
0
0
0.008244537531
0
0.02243252665
0.01132313274
0.0500394423
0
0.0333239063
0
0
0
0
0.00638301595
0
0.02289071237
0.01512092986
0.03444596573
0.002713883187
0.005789235948
0
0
0
0
0
0
0
0.04479579928
0.01311987596
0
0.004027433385
0
0.03847064508
0
0
0
0.01044771231
0.01511363016
0.007917455959
0
0.02288668232
0
0.002581726091
0
0.02024215499
0
0
0
0
0.006081861809
0.009714285987
0
0.03003572036
0
0
0
0
0.004675797101
0
0
0.01549529805
0
0.02393981875
0.02530975328
0.002891002555
0.005851547313
0
0
0.03595927629
0
0
0.02984129154
0.03172839507
0.02898686861
0.01402617459
0
0.0273986976
0.02560144744
0.01861907804
0
0
0.01688655184
0
0.01774551408
0.03014407125
0.02552754532
0
0
0
0
0.02843010043
0.01275337808
0
0
0
0.03349154369
0.040345964
0
0
0
0.008972600795
0
0
0.04003493166
0.02149404608
0.01951883407
0.04279797658
0
0
0.0250235378
0
0
0
0.0114749016
0.0244829325
0
0.02597026188
0.006078099921
0
0.01413651179
0
0.002086104138
0
0
0
0
0
0.01155066726
0.01169022511
0
0.003433461878
0
0
0.009577014869
0
0
0
0
0
0.02351808343
0
0
0.05404764084
0
0.04048014733
0
0
0.02189110008
0.03488903866
0
0.008086679534
0
0.01058999128
0
0.02689259274
0
0.01149107907
0.02147148825
0
0.04391265432
0.03761546057
0
0
0.01703445973
0.01594702668
0
0
0
0.0112594751
0
0.007560084488
0.006572438434
0.01426664213
0.03361739667
0.03124066806
0.04613914003
0.03435214075
0
0.003827235302
0
0.01707522151
0.002165010065
0
0.048720665
0
0.00798500795
0.001926607227
0
0
0
0.01025860833
0.001598976859
0
0.01337837228
0.02674311192
0.01148347206
0.02364017538
0
0.003555560287
0
0.006893336851
0.003426743056
0
0.03624172278
0.02274284875
2.68E-02
0.02720580745
0.002420217902
0
0.03242045438
0
0
0
0.01659729339
0.04305474707
0.007219825
0.004385077647
0.006597350554
0
0.02708584043
0.01700569571
0
0
0
0
0
0
0.01399198863
0
0
0.01940340439
0
0
0
0
0.006350078894
0
0
0
0.01569277639
0.00E+00
0
0.04147775262
0
0.01939360874
0
0
0.03262404731
4.72E-02
0
0
0
0.02135563929
0
0.01845185823
0
0.007318845611
0
0
0.02462807292
0.04656388986
0.002832081907
0
0.02195771108
0.01959275118
0
0
0
0
0
0
0
0.03177201074
0.01422325791
0.03895506725
0.02803557558
0.04350924052
0
0.03517276463
0.01916491047
0.004502559244
0.01328946807
0
0.05392048135
0
0
0.02741657823
0
0
0
0
0
0
0.006753796215
0.03672693148
0.003994806234
0
0
0
0
0.007081488093
0
0
0.008950655007
0
0
0.02138792586
0
0
0
0
0.04928400642
0
0
0
0
0.02820518469
0.0008732728907
0.03291476271
0
0
0.005278558119
0
0
0.003118878426
0
0
0
0.03470996675
0
0
0
0.02210225038
0
0.02203967014
0.006807226573
0.01725745679
0
0.01486824389
0.02091354556
0.006465913027
0.007057474734
0.01300418922
0.01494000942
0.05433244274
0
0.04278126089
0.005618310014
0.00E+00
0
0.03762354515
0
0
0.008849377034
0.03704933719
0.02904957257
0.01516012323
0.03231299508
0.02258093974
0.024231505
0.01339104664
0.00988730877
0
0
0.00789691548
0
0.02775005428
0.01469143853
0.01862948098
0.012940585
0.0265288165
0.02830165875
0
0.01195625282
0
0.01200101064
0.003985300477
0
0
0
0.03631807337
0.005147029699
0
0.002059513718
0.01584494291
0.01106965374
0
0.009322485937
0
0
0.01524440385
0.02551856624
0
0.007156504444
0.01733779855
0
0.02017107136
0
0
0
0
0
0.04058540411
0.01909631784
0.03808442205
0
0
4.09E-05
0
0.038752034
0.01505364908
0
0
0
0.05019279642
0.04160467491
0
0
0.002924169649
0
0.01477077433
0.009038532895
0
0
0.03404415139
0
0.01427152653
0.002349632074
0
0
0
0.01360368529
0
0.04669106551
0.002394062328
0
0
0
0
0
0
0
0
0
0
0.02826088805
0.002338185861
0.02708973547
0.002577023783
0.04929993604
0
0.003518804472
0
0.001728742951
0.01419848817
0
0.00221485227
0.02950444637
0.009629324348
0.03906851654
0
0.02808749945
0.003305456919
0
0.02404254932
0.01949069435
0.03153967796
0
0
0.009214861533
0
0
0.005799496633
0
0.002496448497
0.01884211295
0.008760058315
0.01128991868
0
0.002900188125
0
0.02235928508
0.0004135690639
0.04273529845
0
0
0.01153530864
0.03518913851
0.03503102856
0.01855032636
0
0
0.0286559274
0.004562249869
0.009456528765
0
0
0.03281559865
0.05268477947
0
0
0.01673617278
0
0.02550364624
0
0.008999716113
0.04283948888
0.0220059367
0
0.001824650663
0
0
0
0
0.0007026325554
0
0
0
0
0.01634163509
0.009271242945
0
0
0
0
0.02768104331
0
0.01978119365
0.0467212517
0.04400184078
0.07356771406
0
0.0165317831
0
0
0.01112655393
0.02853864945
0.006043772518
0
0
0.03107313463
0.01919783013
0
0
0
0
0
0
0
0
0
0.01727836105
0.03416294516
0
0
0
0.01945173178
0
0.002495750182
0
0
0
0.01021925975
0
0
0
0
0
0.006994135113
0
0.0112611812
0.03610358904
0
0.01599324412
0.0009602870391
0
0
0.01793171205
0.04292478939
0
0.01198468994
0.0187457278
0
0.00296080273
0
0.02145102495
0
0
0
0
0.05335628054
0.04864808246
0.009426349879
0
0
0.0751270354
0.02134835173
0
0.01773254046
0
0.003313716273
0.004055828745
0
0.03739665368
0.01813066757
0.001062752771
0
0.02540394367
0
0.05401259225
0
0
0.01527307561
0.02821282536
0.0424808637
0
0.002836023131
0
0
0.05777174329
0.02514338633
0
0
0
0
0
0
0.001402382727
0
0.03786274621
0.06583934915
0
0
0
0
0.01830333156
0
0
0
0.01813304056
0
0.001323255357
0.03393677891
0
0
0
0
0.02755793117
0.05521992987
0
0
0.004980147061
0.04250092984
0
0.01109980714
0
0.03063248388
0
0
0.01155887847
0.0207010764
0
0
0
0.01525036528
0
0
0
0
0
0
0.0007350287748
0.008726513921
0
0.03804762591
0.02427622131
0
0
0.03443975976
0.0123940524
0.01624088556
0.01369730461
0.004134794683
0.04140325584
0
0
0.01214458423
0.002225777903
0
0
0
0.0008359673172
0
1.71E-02
0.02651526109
0.007378161789
0.002468720496
0.008060354533
0.004176428044
0.02098687264
0.02298862733
0
0.009152243337
0
0
0
0
0
0.03067427966
0
0.01220737755
0.008833224725
0.01531354901
0.03284372841
0
0
0.02568153701
0.04740639054
0.01110240107
0.03143518549
0
0
0.03016109471
0
0
0
0
1.52E-02
0
0
0.003204400356
0.002810200951
0.0473038057
0
0
0
0.03929648148
0.0291978094
0.03687041977
0.005524399046
0.00880650938
0.01698188994
0.003389411519
0.03135724664
0.000678840032
0
0.02290828013
0
0
0
0.009109892354
0.007373393579
0.02535400723
0
0.01194029861
0.008424087693
0
0
0
0
0.02833175765
0.01964335326
0.01621485614
0.04194145888
0
0.002682158029
0
0.04084580381
0.01075602452
0
0
0.04118093489
0.02909688787
0
0.01325664444
0
0.01864928653
4.40E-03
0.007958855515
0.02030126262
0
0
0
0
0.02028180398
0
0.009819337199
0
0
0
0
0
0
0
0
0
0.0267234671
0.01918782898
0
0
0
0
0.02766238687
0
0.02031904835
0
0
0
0
0
0.01209454088
0.02110028016
0.03164029128
0
0
0.009562356292
0.01717502883
0.01173439553
0.01920184252
0
0.004260850736
0.009679675144
0.004010719907
0
0
0
0.03449214722
0
0
0
0
0.004530953909
0.003918233792
0.02224508619
0.003002057908
0
0.008858097764
0.00997754636
0.004219862988
0.006114475265
0
0
0
0.04101163251
0.010058832
0
0.03957059575
0.01638682058
0
0.02492975493
0.006564022552
0
0
0.01552575388
0.03603311527
0.02058718849
0.004592811595
0.02191436834
0.01822834534
0.02510664685
0.01336746025
0.03145940615
0.01632681939
0.01389681762
0.02471153762
0.02132263078
0.05387748252
0.03769339682
0
0.02076663163
0
0
0.01716394633
0
0
0
0.01619475468
0
0
0
0.001716793321
0.01261738691
0
0.002187599505
0
0
0.01967266695
0.0333810752
0.03320165736
0.002885372724
0
0
0.0152102538
0.0128806922
0
0
0
0.03315585228
0.002104748917
0
0.03217548324
0.01223210079
0
0.0269368127
0
0.05570038014
0.04990598738
0
0
0.001853812357
0
0
0
0.01006443374
0.02521268747
0
0.003048536891
0
0.003189129099
0
0.01335315469
0
0
0.01653219841
0
0
0
0.008241433784
0.01603477471
0
0
0
0
0
0.01531882805
0.02352434834
0
0
0
0.02882942429
0
0
0.03832426151
0
0.02277453552
0.01243745843
0
0.02337231211
0.04020026469
0
0
0
0
0
0
0
0.009684135017
0
0
0.008779227175
0.03585434979
0
0
0.01706890229
0.004815955897
0
0
0
0.01346659591
0.01502204182
0.02381341687
0.006647601001
0.01099123225
0.03467014928
0.02087365225
0.02352668783
0.04082485323
0
0.03451291805
0.01155094938
0.0161929426
0
0.00788716916
0.02483031269
0.02777992961
0.01658823767
0.03244346171
0
0
0
0.008292909521
0
0
0.01404603171
0.03195300659
0.02651622344
0
0
0
0.01444184968
0
0.03468837032
0.01984450301
0
0.001306078177
0.01648367685
0
0.03819704057
0.03994705545
0.007947920163
0.02719338371
0
0.01264383793
0.009450524718
0.02924366652
0.03148862529
0
0.007727011449
0
0.01045586284
0.03418917901
0
0.01386091453
0.03495072879
0.01024108583
0
0.008995999547
0.01446426396
0
0.006032881979
0.01324767559
0.03340223428
0
0
0.009980609293
0.00324388024
0
0
0.01085914163
0
0.02513656079
0
0
0
0
0.01382767164
0
0.002935875688
0.007083061273
0.02254194444
0
0.03129545974
0.01354449704
0
0
0
0
0
0
0
0.009037488981
0.0173261798
0.002183450876
0.01202610885
0
0.03005996051
0
0.005583830389
0
0
0
0
0.02469472189
0
0.01747744237
0
0.01424401757
0.03369465147
0.04194461229
0.05391921804
0
0.01243206399
0.00566271959
0.006579475045
0.008316600619
0
0.02849581306
0
0
0.0346709736
0
0
0.007783667934
0
0.009622693965
0
0
0.01335123721
0
0.005248218623
0.02996059975
0
0
0
0
0.01344752151
0
0.003098091614
0.002659260098
0
0.02351075913
0.01414766053
0.01543043259
0
0
0
0
0
0.04436156944
0
0
0.00619331066
0.04996293753
0.03167359774
0
0.02025033619
0.04481894341
0
0.007069788654
0
0
0.03538656783
0
0.004148650454
0.0295413781
0.01567894999
0.003653661463
0.00500233337
0.02652393483
0.01950341268
0
0.02523636175
0
0.02004656337
0
0.02073172047
0.0444932866
0
0
0
0.03397292986
0
0
0.03469261556
0
0.04740066841
0
0.007142816793
0.007137946634
0
0
0.01131769672
0
0.0002761062932
0
0
0.03310603741
0.04021492612
1.10E-02
0.02650670767
0.03280836544
0.004088409836
0
0.005803349694
0
0
0
0
0
0.005815123716
0.005444044935
0
0.02382227185
0
0.02981236738
0.01755184913
0.02037838629
0.002530704406
0.01417412242
0.01890330177
0.004310059857
0
0
0
0
0
0
0
0
0
0.03467256388
0
0
0.008632188572
0
0.009318547137
0.003656862025
0
0
0
0
0.02906301456
0
0.001413953444
0
0
0.02178872925
0
0.03585857019
0
0
0.03230965984
0.01415856093
0
0
0.01696419644
0.0180404263
0
0.01252174051
0
0
0.002231857115
0
0.02525150121
0.01000179443
0.01202135312
0
0
0
0.04527131259
0
0.01148783734
0.03350161384
0.01342183408
0.02280845418
0.009458468586
0.03499599897
0
0.01415601465
0
0.04922234846
0
0
0.0102004722
0.01252335532
0.03032045993
0.01965282799
0.0369942693
0
0.03019133823
0
0
0
0
0
0
0.03358219775
0.02011720381
0.01561422597
0.03308845952
0.0413928782
0
0
0.02276095666
0
0.03463400698
0
0
0
0
0.032226041
0
0.02462568269
0
0.001292006642
0.01451848669
0.008605216878
0.003539488486
0.009437092414
0
1.18E-02
0.002838814003
0
0.023595242
0.003450025511
0
0.000799168444
0
0.04169982461
0
0.009691387345
0.02898831585
0
0
0.02951012361
0
0
0
0
0
0
0.002926597517
0.03700076285
0.006243489915
0.01972270871
0
0.03649947033
0
0
0
0.03378968336
0.04549510959
0
0
0
0.03544031943
0.01267809753
0.03313288251
0
0.00E+00
0
0
0
0.04368289542
0
0
0.01419988755
0.03110692471
0
0.003186261008
0
0
0.004311532844
0.03318463729
0
0
0
0.01591867492
0
0.0249660781
0.004654281128
0.02938747342
0.01866629073
0.003506951951
0
0.003515042447
0.02318116878
0.02813021593
0
0.01997257007
0
0
0.04158589578
0.01263505904
0.03352634039
0
0
0
0.03494823833
0.03938585429
0
0
0
0
0
0
0.006224678177
0.01362244117
0
0
0.0005065924256
0
0
0
0
0
0.002184701574
0
0.0221254503
0
0
0
0.01550919974
0.04971379058
0
0.02438278155
0.004570936056
0.02468838116
0.002585369692
0
0
0
0
0.02119062958
0
0
0
0.03065222747
0
0.02264508683
0.0112574827
0.00725162548
0.01449875349
0
0
0
0
0
0
0.04205850727
0
0
0
0.005288901411
0.01100372653
0
0
0
0.04110676192
0.03935296783
0.06802845802
0
0.01921781085
0
0.00910768661
0.03272075079
0.02548206759
0
0.02072493083
0.007613324551
0.03888655042
0.04825639749
0
0.01756982718
0.009697047109
0
0
0.005598167333
0.0263669638
0
0
0
0.009838824399
0.005083302265
0.01559732668
0.02381090959
0.01937336356
0
0.02987916923
0
0.007803046322
0.004909527444
0
0
0
0.01373754486
0
0.01507618335
0
0
0
0.03967664974
0.006897175798
0
0.02013299279
0
0
0
0.04187277451
0.01999870738
0.0279952631
0.02302162757
0
0.001955465874
0
0
0
0.02765739829
0
0.000215448985
0.001528597172
0.02906014281
0.002393906617
0
0.0343226289
0
0
0
0.004393531499
0
0.02044834046
0.01768380999
0
0
0
0.01521629283
0
0.0506979978
0
0
0.00606100805
0
0.02895100352
0.008287174775
0
0
0
0
0
0.007529898951
0.0081257837
0
0.02166669671
0.03144953934
0
0.02311516548
0.02775038683
0
0.03393375227
0.05120132468
0.04236768733
0.03263273032
0
0
0.006416554048
0.04068221801
0.02116510075
0
0.01506332394
0.007789199957
0.02232181911
0.06326968107
0
0.01236847965
0
0
0
0
0.00843900953
0
0
0.0218286067
0
0.03138587809
0
0.0465195801
0.01075302224
0
0.01044997092
0
0
0
0
0
0
0
0
0.006902711412
0
0
0.02574785476
0.02711486091
0
0
0
0
0
0
0.03435879068
0.02186170817
0.01398963625
0
0.03758923947
0
0.004961654059
0.01218641085
0
0.006064415799
0
0.00794457442
0.01966422051
0.009024507569
0
0
0.001055021896
0.02156982461
0
0
0
0.03029092317
0
0
0.04783095202
0
0.02079915731
0
0
0.01206803216
0.03499448885
0.0124353214
0.03712207364
0
0
0.01211165444
0.002841773339
0.04346326489
0
0.03901778965
0.00537829277
0.02560657014
0
0
0.01419031074
0.0004587971503
0.02981282957
0
0
0.01599793079
0
0
0.009320625012
0.0149584133
0.0193766002
0
0
0
0.00421292167
0.01664444359
0.03265964344
0
0.01726879727
0.0006036611182
0
0
0
0
0.01501966737
0
0
0.01863263861
0
0.01036954952
0.02696442448
0
0.01021089689
0
0
0
0
0
0.01204563388
0.04184237425
0.01379957649
0.02172155258
0
0.03228636958
0
0.02100447914
0
0
0
0.0007163906858
0.03159644895
0
0.02539219844
0
0.008266538595
0.02524416857
0.004995908847
0.03100159665
0
0.01957940126
0
0.009154097587
0
0
0
0.0133428743
0.01962570773
0.02244765039
0
0.009892890889
0
0
0
0
0.01931224659
0.03606945009
0.009100779224
0.01089436882
0.001445524324
0.04358913808
0.005516789257
0
0.005937375624
0.0201971126
0.002537933415
0
0.01282468128
0
0
0
0.01936409946
0
0.03068586086
0.01439924864
0
0
0.01492343595
0
0.03915432238
0.0193055141
0.008669505417
0.01816802296
0
0.04016315286
0.04145065219
0.02049654474
0
0
0
0.01779936015
0
0.04651639722
0.005070580823
0.00181195564
0
0.007845634883
0
0
0
0
0
0
0
0.04733117437
0
0.01522692053
0
0.04874924461
0.007684987943
0.03155826716
0
0.02977801102
0
0
0.002822161783
0.03232178267
7.16E-04
0.001733393899
0
0
0.01625530098
0.005106674799
0.01583861498
0.006255153156
0.01851754827
0
0.02473057419
0.05192333072
0
0
0
0
0
0
0.01240059279
0.03107641605
0
0
0
0
0.007161831798
0
0.005489458249
0
0.02355500935
0
0.019991926
0.01849190322
0
0
0.03135118343
0.02542019828
0
0.005153487943
0
0.005490649694
0.006838883068
0.009054623863
0.001529726992
0.04171334777
0.0191063537
0
0.007756499727
0.008949154354
0
0.00E+00
0.02957098572
0
0.01541168049
0
0.03030709075
0
0.01320673825
0.02467752261
0
0.004090506239
0.01202698938
0
0.03907018742
0
0.01728302209
0.0288149619
0
0
0.03697396459
0.01006454648
0
0
0
0.02305664786
0
0.01482103599
0.01476338777
0.004145796603
0
0.00176789042
0.0001830542039
0
0.00799235534
0
0
0.01222599618
0
0.01919701563
0.004691530431
0.01598843711
0
0.04112361439
0
0.02181946617
0
0.01537906419
0
0
0
0
0.009438976428
0
0.009490912049
0.01574899993
0.01774423068
0.02116167724
0.01623827686
0.03113710382
0.0251542812
0.01575621358
0.003148237457
0.0241526673
0
0
0.02378432791
0
0
0
0.03029388335
0.02930378994
0.008827836541
0.02635928977
0
0.008171035928
0
0
0.01553395898
0
0.03853001274
0
0.005057270842
0.02941602517
0
0
0.02153317123
0.003082230499
0
0
0
0.01733351288
0.007393478515
0.005726350616
0.02660470645
0
0
0
0
0.02928678874
0.04518142255
0
0
0
0
0.02197133665
0
0
0
0
0.006633064684
0
0.02036781137
0
0
0.0005533309092
0.0166235425
0.01995462547
0
0.02954859748
0
0
0.05206705515
0
0
0
0.01470296167
0
0.02083920479
0.02229295383
0.01933804846
0
0.01150828023
0.01327684954
0.01695502436
0.01901110421
0
0
0.01996451116
0.00787132665
0.009025885922
0
0
0
0.03527382595
0
0
0.02044911418
0
0.03609461855
0.006893707757
0.005435790818
0.005804924358
0
0
0
0
0
0
0
0
0
0.03802974876
0.01540434451
0.05698948139
0.0417112685
0
0.0349044973
0
0
0
0
0.00901930113
0
0.02679454976
0
0.01126622686
0
0.04370026973
0.04322663302
0
0
0
0
0.04828398494
0.0140689286
0
0.002489097422
0
0.04603438166
0.001427042912
0
0.03371874035
0
0.03560448947
0.04862677949
0
0
0
0.006132839429
0
0.00254283369
0.006168243524
0
0
0
0.07230449972
0.02213492647
0.001271088189
0
0.01250024856
0
0
0
0.04476923271
0.02053602601
0.01162984583
0
0
0.04086274291
0.04881456904
0.01670467631
0
0
0
0.01943272589
0
0.01880588866
0
0.01371506467
0.02591377547
0.03240409213
0
0.01264690665
0
0.0167029594
0
0.0534897701
0
0
0
0
0
0.00285093079
0
0.05302517939
0.008809441861
0.0233486562
0
0.0366398169
0.01265779278
0
0
0
0
0
0.02601886111
0.01012392037
0.001280208331
0
0
0.008829618621
0.01392143423
0.02901819198
0
0
0
0
0
0
0
0.01775492449
0
0
0
0
0.009340275967
0
0
0
0.02857450394
0
0.02093675296
0
0
0
0.007042880305
0.0337948764
0
0.02075573443
0
0.0178430343
0.05745846417
0
0.01503879418
0.02839760652
0
0
0
0
0.00589329533
0
0
0
0
0.02294779216
0.03568500843
0
0
0
0.02104965692
0
0
0.004537281311
0.01561972532
0.005864579471
0
0
0
0.03764811175
0.003148916758
0.004302078155
0.02520034602
0.01076411472
0.03227472907
0
0.03390705513
0
0
0.01877289829
0.06473447018
0.03432669224
0
0
0.01461704015
0.03774974471
0
0.03986061902
0
0
0
0
0
0
0
0.02101488923
0.01675280273
0.02633011837
0
0.05146048441
0.0224052915
0
0.008416543139
0
0
0
0.02783506085
0.00E+00
0.0006530043175
0
0
0
0.02871069204
0.00142042524
0.01780721911
0.03972618838
0
0
0
0
0
0.009356064144
0.01229486787
0
0.01945270411
0
0
0
0.000256794706
0
0
0
0
0
0.01272470634
0.01402980423
0.008326228781
0.02089110199
0
0.06075732952
0.009578658998
0
0
0.006729087631
0.02819850211
0
0.01018125234
0
0
0
0
0
0
4.49E-05
0.02322223381
0.0180702606
0.009843083403
0.02613900566
0
0.0002752815398
0.01615133754
0.02032697428
0.04191613397
0.004369568437
0
0.02635849185
0.04098523389
0
0
0
0.01971419677
0
0
0
0
0.02925323531
0
0.03084988055
0.002028112309
0
0
0.01084671583
0.02497681568
0.03041357485
0
0.01720760865
0.02410663658
0.02402392011
0.001949580902
0
0.05112409278
0
0.006349508542
0
0.0371978265
0
0
0
0.01872275871
0.01796448977
0
0.01200945477
0
0.01901866373
0.01665239507
0.03585018393
0
0.02890231071
0
0
0.04062900883
0.05753331073
0
0.006781211283
0.008310855894
0
0
0.002549495067
0.01231749452
0.01647869994
0.006832766954
0
0
0.005755399344
0
0
0.01646846293
0
0.0005344050932
0
0.02638003913
0.01015962076
0.03005394087
0
0
0
0
0
0
0
0.008133150971
0.01910886829
0
0
0.003845963109
0
0
0
0
0
0
0
0
0
0
0.04772546681
0.01591546588
0
0
0
0.0213126979
0
0.02244628961
0
0
0.005203824512
0
0
0
0
0.03156164715
0
0.01405772628
0
0
0
0.009621340488
0
0.0200526998
0.0189321471
0.02181218489
0
0.004575090755
0.01759415248
0.002391477068
0.01421475264
0
0.03972995533
0.03560321449
0
0.0432248998
0.01829268217
0
0
0.02250748042
0
0
0.03656289527
0.03447222402
0.05103285096
0.02901359842
0.03057415963
0.04022427055
0.01920843256
0
0.008203702067
0
0
0.02122581821
0.009906444591
0.0476680304
0.02240129005
0.009035859671
0.02889196032
0.01314867768
0.005772630705
0
0
0
0
0
0
0
0
0.03895541386
0.01161556274
0
0
0
0
0
0.03322843764
0.01383763395
0
0
0.01136922954
0.02091518807
0.02264835753
0.009466172889
0
0
0
0
0.03108112751
0
0
0.006794467328
0
0
0
0.02066593964
0
0.01732756893
0
0.02323529043
0.03534289612
0
0
0
0.01554112355
0.003040355682
0.01590294351
0.04378826971
0
0
0.001718837997
0.0292778937
0.01831519209
0.01045361872
0.003503681602
0
0
0.02492304389
0
0
0
0.03076272915
0
0.0274462525
0
0.02264928932
0.01763316856
0.03899817361
0
0.0284966768
0.007651337897
0
0
0.02364120485
0.01030444299
0.04519987941
0
0
0
0.03791474685
0
0
0.01744010261
0.0004689687292
0.02466414077
0
0.01677809499
0.01755837647
0
0
0.01386321941
0.003470527338
0.001886042425
0
0.01911941535
0.004844147918
0.01232669306
0.02892540793
0.002135854551
0.02064924786
0.02900594386
0.005084234492
0.01742414385
0
0
0.0006941225169
0.007573367096
0
0
0
0.001273709223
0
0
0.043264468
0.03138418708
0
0
0.0005483050596
0.02430330911
0.02733388841
0.01771701586
0
0
0
0.003823469195
0.01482944449
0
0.01652259381
0
0.01961822296
0
0
0
0.01977939083
0
0.01588444047
0
0
0
0
0.03159811689
0
0.01024162315
0
0
0.05850454042
0.02901364074
0.005714076197
0.02253982331
0
0.01768467619
0
0
0
0
0
0.006274847629
0.008211897717
0
0
0
0.04085519355
0
0
0
0.03112239884
0.01115848623
0
0.0239611345
0
0
0.03374585569
0.03041008259
0.0427772166
0
0.01591351757
0.004712270071
0.005192231712
0
0.02435137528
0
0.01949970036
0
0.0430651321
0
0.0072495438
0.01850483062
0
0.03050122364
0.03528392226
0
0.01701381135
0.02820727704
0.01988499028
0
0.004605555976
0.007627597922
0.03094619733
0.003499930356
0.003917858689
0.03286435023
0.02301149203
0
0.001090193795
0.005519816315
0.02840133936
0
0
0
0.01804631892
0.002103987599
0
0.009879650361
0.0006990384652
0
0
0
0
0
0
0.00545364126
0
0.01698115077
0
0.01127436177
0.04317847563
0.005900958829
0.01685941617
0.04375483511
0.01681701634
0.01875945076
0
0
0
0.04797316963
0.03474516306
0.007607090995
0.02652939299
0
0
0
0
0.02976645211
0.01144030474
0
0
0
0
0
0
0.03653211568
0.01849386085
0.006808670049
0
0.06043981531
0
0.0521794553
0.004225499387
0.007927161541
0
0.002556386139
0
0.01563207272
0
0
0
0.02966299618
0
0
0
0
0
0
0
0.03405930947
0
0
0
0
0.02921810678
0.04597614462
0.003633644143
0
0
0
0
0.001841201524
0
0
0
0
0.005149339779
0.005049795823
0
0
0
0
0.04544642488
0.007077979196
0.03484954208
0.005306349095
0
0.04454816688
0
0.003820707499
0
0.03154127662
0
0
0
0
0.02727847745
0
0.0229509771
0.04647692872
0
0
0
0
0.0487435288
0
0
0
0
0.05858335168
0.009738422815
0
0
0.02379711496
0
0.01116931513
0.01803510166
0.02299902309
0
0.004644047673
0
0.05277294826
0.01767557061
0.02706719885
0.01915642992
0
0
0.001233217134
0.03910037102
0.0270529713
0
0
0
0
0.007356236548
0.004375073933
0.004397927635
0.01815463787
0.04411996676
0.03270355135
0
0.01553919883
0
0.05223420348
0.02182288934
0.03575047556
0
0.007722893296
0
0
0
0.006783151621
0
0
0.006742882341
0.01853297651
0
0
0
0.04291173819
0
0
0
0.01655058953
0
0.04358084537
0.003727290201
0.01764475458
0
0
0
0
0.001069911819
0.00E+00
0
0
0
0
0
0.01009681676
0
0
0
0
0
0
0
0.01715084838
0.01038072061
0.009273431007
0
0.03962173955
0.006012137146
0.01635265521
0
7.88E-05
0.03791090594
0.00E+00
0
0.02593696795
0
0.018148437
0.02854420392
0.03317160412
0.03239951703
0.02857484714
0.01895561744
0
0
0.0002633255279
0
0.0007029527298
0.01871676615
0
0.004067623403
0.01935867797
0
0
0.0049377384
0
0
0
0
0
0.004186891226
0
0.03651052504
0
0
0
0.005156581836
0.0005421728391
0
0.01467407996
0.02425154891
0
0
0.01149057263
0
0.00E+00
0.02455100359
0
0.007584009743
0
0.01946929082
0
0.01808418118
0
0.01673866405
0.03120725676
0.01846173918
0
0.006318153202
0.007128931457
0.03246324119
0.003808756549
0
0.03896736905
0.01925507351
0
0.0008337269365
0.03225865502
0.01323786893
0.001628998386
0
0
0.000124674174
0.01444685492
0.02889615197
0.01990255867
0.02066026406
0
0.03703058702
0
0.02563007224
0.01154968656
0.008261775775
0
0.02949500831
0.03201603507
0.0255342359
0.02166166323
0
0.002902706609
0
0.01480166019
0.03260172074
0
0
0
0.01848947239
0
0.03033812579
0.0153059101
0.02322613668
0.03272283047
0
0.008288487174
0.004354432051
0
0.0216284195
0.01584712389
0
0.007867247448
0
0
0.02215204458
0.01076615122
0.02558286472
0
0
0.00202500066
0
0
0.004749024409
0
0
0.03843929973
0
0
0
0.01110679816
0
0.04434331551
0
0.03704720559
0
0.01229258817
0
0
0.01221392069
0
0
0.03337290519
0
0.01606600974
0
0
0.01618489868
0
0
0
0.03080731028
0.05105883892
0.04201922901
0
0
0
0
0.009686080645
0.01180400592
0
0
0.03112328205
0
0.04967711043
0.03166176202
0.008857491731
0.01303673185
0
0.004437524479
0
0.02978843817
0
0.008117317123
0
0.001093106622
0
0.02118387795
0.02339392354
0.02813178994
0
0
0.02293649309
0
0
0
0
0
0
0.001108342119
0.009058478882
0
0
0.01546945479
0.01879941259
0
0.008466549752
0.02627898277
0.04554929207
0
0
0
0
0.03559166
0
0.02327124576
0.003464713109
0
0.0009617179522
0
0.03572890756
0.01240121645
0
0.01866992235
0.05192826171
0
0.005515209692
0.01651580069
0
0.0265905521
0
0
0.03302799728
0
0
0.01651265137
0.02108268385
0
0.01376449371
0.02004047476
0.01985286896
0.0207993608
0.002313233183
0.0369977237
0
0
0.00E+00
0.007971937113
0.04374861038
0
0
0.02965255575
0
0
0
0.02118446198
0.0359959398
0.04383355672
0.006454577691
0
0
0.01190824196
0.005634438479
0
0.0222520849
0
0
0.03756533419
0
0
0
0.02245944999
0
0.02566755972
0
0
0
0
0.04973917344
0.01277274025
0
0
0.01970290352
0.01005086419
0
0
0.01556397609
0
0
0
0.01180846125
0.01684685445
0
0
0.0173968945
0
0
0
0.02293359529
0
0
0
0
0.007754056672
0
0
0.03447911405
0.006943276078
0.00831463284
0
0.02122286627
0.007534005888
0.01630514542
0
0.006799597271
0.01592786958
0.004434200221
0.02673166458
0.0410542458
0
0.00197189059
0.003268190811
0.04922765688
0.03381655567
0.01509512233
0.0116509206
0
0.01193328918
0
0
0
0
0.01205426983
0.04836617685
2.06E-05
0
0
0
0.01724612606
0
0
0.0113633909
0
0
0.003021603472
0.01918441785
0.02774840678
0
0
0.03818612384
0.02426979649
0.03608846037
0
0
0.02576870953
0.03192976312
0
0
0.004351138146
0.01246350923
0.01624807869
0
0
0
0.004208096352
0.01331515005
0.0280684811
0
0
0.009277514483
0.01848411115
0.005645385475
0.0330862027
0
0
0.02584347665
0.03421129262
0.007009692016
0
0.03169684815
0
0
0
0.0381757509
0.004023499363
0
0
0.01064317327
0.01003798758
0
0.01536858087
0
0.01037769416
0.02776875963
0.007201696988
0.007929397468
0.0489352912
0
0
0.02426051741
0.03692572401
0.03622580827
0.02974971087
0.01598217534
0.007254236003
0.008065808002
0
0
0
0.03516085147
0
0
0
0
0
0
0
0.02185625113
0
0.03549029845
0
0.0008707594296
0
0
0
0
0.01340335021
0
0
0.005905088036
0.009230811288
0
0.02372539925
0.00425694751
0.0166872781
0.01164684741
0
0
0.005554055425
0
0.04857561455
0.03630672423
0
0.03378447706
0
0.02529760512
0.0263267251
0
0.005743877936
0
0.006048988586
0
0.005878503419
0.004796260051
0
0.0490416009
0.03152355887
0.006727167585
0.01934769463
0.02605844415
0.006867671286
0
0.0329247245
0.009733193258
0.05668765788
0
0
0
0
0.01301799899
0.0260275144
0.03304461561
0
0.009915289305
0.0465407897
0
0.003419032831
0
0.01091006872
0.003180699403
0
0
0
0
0.04863824313
0.003570754733
0.01783854315
0
0.02338718364
0
0
0
0
0
0.007622383894
0
0
0
0.01014340849
0
0.02683132313
0
0
0
0.003149175197
0
0
0.006096969685
0
0
0.03006935621
0.01145214983
0.04014680461
0
0
0.03219397882
0
0.00590278644
0.01069084371
0.007069657577
0.006891793543
0.02688412988
0.02627790922
0.003800494057
0
0
0
0
0
0
0.01174508529
0
0
0
0
0.005733249874
0
0
0
0
0.04626914585
0
0.03195076096
0
0.004265780427
0.0348644194
0.0356106289
0.02658000247
0
0
0
0
0.01747448412
0.004572215151
0.04393468519
0.005798919067
0
0.009474872681
0.0473674154
0.0248083055
0.007029925105
0
0.07136087739
0.02758770102
0.04233310353
0
0.02985462288
0
0
0.01038039014
0.0333983033
0
0
0
0.06036479473
0
0.008150207729
0
0.001438217216
0
0
0
0
0
0.05929859359
0.01808314806
0.01956911667
0
0.02725887609
0.005456665529
0
0
0
0
0
0
0
0
0
0
0
0
0
0
0
0
0
0.001336853893
0.01144322211
0
0.01222672014
0
0
0
0
0.05019947042
0
0
0
0
0.04096994591
0.06474969616
0
0.002514862937
0.02635564006
0.0004859845389
0.001986850454
0
0
0
0.02746132539
0
0
0
0.009984169598
0.002875542184
0.01124211358
0.002966742013
0
0
0
0
0.007844311207
0.01074045994
0.003957057092
0.01601556833
0
0.004332697829
0.007105618214
0
0
0.01169367674
0
0.01717378063
0
0
0.01668502085
0.01435667584
0
0.04713746013
0
0
0
0
0.008717412282
0
0.006422664214
0.03405438731
0.03113803891
0
0
0
0.004632833851
0.006202130579
0
0
0.01004214418
0.01398219439
0.01878661445
0.01553478016
0.03887678678
0.005089759528
0.02496712985
0
0
0
0.04207454839
0.01546347236
0.02188068023
0.03110765009
0.02417691959
0.04644924601
0.01659714734
0
0.01169583113
0
0
0.02715285655
0.02373452612
0.04875181322
0.006918566949
0
0.03327649352
0
0
0
0
0
0
0
0
0
0
0.02766578917
0.02133921908
0.000972703523
0.01612966623
0
0
0.01597846554
0.03704094646
0.01096677741
0.02503760585
0
0
0.04439802437
2.18E-02
0.02679860004
0
0
0.00E+00
0.03424266847
0
0
0.03568573926
0
0.02600071706
0.03741900186
0.01238560966
0.02659579245
0.00E+00
0
0.02296438271
0
0
0.005919369556
0
0.05108068694
0.0005734135498
0
0
0
0.004594742666
0.05045123248
0
0
0
0
0
0
0.0118653036
0
0
0.01736780082
0
0
0.003092032195
0
0.02027407996
0
0
0
0
0.001327554765
0
0.01032175576
0
0.006175758669
0
0
0.05692916738
0.02783777325
0.02750441356
0
0
0.01730759543
0
0.007583990917
0
0.03462697145
0.001082095809
0.00774481616
0.02006341348
0.01649827101
0
0.01243765846
0
0.04917382009
0.005766445256
0
0
0
0.01324550426
0
0
0.02216772675
0
0
0.002495137602
0.02898528359
0.005222481857
0.02891787511
0
0.0154208051
0.03610248896
0
0.05762313757
0
0
0.01570115096
0
0
0
0
0
0.03237137371
0.03387353632
0.0258243237
0.01915509984
0
0
0.02969145473
0
0
0.03612223908
0
0
0
0
0.006641886895
0.005130861
0.01952394927
0
0.01148897444
0.002297765474
0.0276933275
0
0
0
0
0
0
0
0.0219407159
0
0.0118653747
0.03707378351
0
0
0.02464702102
0
0.02317314734
0
0.01346271674
0.0002778860387
0.02975808666
0
0.02516027215
0.02773239503
0.03594417745
0.006050194198
0.02399283352
0
0.05559275931
0.01768871383
0
0.02596807798
0.001690082517
0
0.003010237673
0.003144512808
0
0.001316909445
0
0.0009577511116
0
0.03672965961
0
0.03860427245
0.0006173160289
0
0.04158136705
0
0
0
0.01565042445
0
0.00690116539
0.04184574819
0
0.007371567197
0.00791793446
0.001605384741
0.003291666094
0.03078439134
0.01903638539
0
0
0
0
0.01904326976
0.0397034939
0.01737296154
0.00736084883
0.02358357984
0
0
0.03519231326
0
0
0
0
0.02963905632
0
0
0.02449536516
0
0.002254323923
0.02037939777
0
0
0.007699385858
0
0
0
0.03180282234
0
0.008731032423
0
0
0.01227589437
0.001587768725
0.004910490046
0.02132389311
0.03834656618
0.01475622498
0
0
0.006904894496
0
0.0106980608
0
0.02242317181
0
0
0
0
0.02785349603
0
0.0034414669
0
0.006675166022
0.02463071441
0.03861559061
0.001196665094
0.02843066077
0
0
0
0.04489540208
0.02817120123
0.02657902143
0
0.03054541785
0.04545165406
0
0.01930549631
0
0
0.01423811286
0
0
0.001371983138
0
0.003321634951
0.01914655587
0.02515962655
0.006787108753
0.03349867881
0
0
0.03547757984
0
0
0.01300386632
0.01932117209
0
0
0.03888663516
0
0.008982234675
0
0
0
0.01482670232
0.003338276882
0
0
0
0
0.01494026445
0
0.0003051291267
0
0.0332526202
0
0
0
0
0
0.04951759905
0.03516234931
0.0147756435
0
0.04565018029
0.01949203349
0
0
0
0.01871173575
0.02358011868
0
0.001742750658
0.03354657344
0.02708221332
0
0.008295214639
0
0.0519385713
0.01301593377
0.02006314579
0.02368382915
0.008097897704
0
0
0.00563037911
0.03223441684
0.03928287008
0.005352357444
0
0.006658484942
0
0.01362584113
0.03079639974
0
0.00929803158
0.02474998275
0
0
0
0.01943420186
0
0
0
0.01741682092
0
0.005080475933
0.005797946199
0.01498868262
0
0
0
0.02277815269
0
0
0.03080135335
0
0
0.00812976811
0
0.01517274859
0.04356260459
0
0
0.01427862642
0.007856694418
0
0
0
0
0
0
0
0.04341495227
0.005066798264
0
0.0369357922
0
0
0
0.007547943231
0
0.0007047087167
0
0
0.02508246313
0.0124931024
0.03232590869
0.008651686884
0.04650594654
0.0007439871326
0.04251891021
0.04480723471
0
0
0.01253579657
0.01631530323
0.0185333753
0
0.05780184225
0
0
0
0
0
0
0.0004692274061
0.02292023135
0.004231820388
0
0
0.01757929182
0.02176653371
0
0
0
0.005869605829
0.001655234968
0
0.01318363019
0
0.003481041235
0.0005093889323
0
0.0376144097
0
0.02346861385
0
0
0.02003993513
0.02647842906
0
0.03773718207
0
0.01926559481
0
0
0.006924770734
0.001587118979
0
0.02193687518
0.03581200456
0.02850217913
0.05047207636
0
0.04854526917
0
0
0
0.04911603049
0.03400901963
0.01677868847
0
0.01233898481
0.03350462887
0.002341364717
0
0.002483906672
0
0
0
0
0
0.01122125585
0.0001959653375
0.04254008395
0
0
0
0
0
0
0
0
0
0.012548222
0
0
0
0
0
0.01097898746
0
0.004980859003
0.05414309269
0
0.01965900754
0.02268947719
0.007881209641
0
0.002903186921
0.002670954558
0
0
0.001985506783
0
0
0
0.02373578851
0
0
0
0
0.04641688744
0.06396257349
0
0
0
0.03273083832
0.06575429426
0
0
0.00E+00
0.0301869852
0.02885867754
0
0.002708332222
0
0.04030618393
0.01420143786
0.0169707972
0.01470776907
0
0.01341618119
0
0.01426116368
0
0.006936289497
0.002212862614
0
0
0.008387621246
0
0.02770006837
0
0.0166100813
0.04361934698
0
0
0.02069379394
0
0.007385359212
0
0
0.01918399175
0
0
0.03412884517
0.03638666811
0
0
0.007366900484
0.02146051102
0.02257701751
0
0.006791377497
0.001130526986
0.008580610297
0.006974957488
0
0.02260173963
0.03347778415
0
0
0
0
0
0
0
0.001156226448
0
0.004051668431
0
0.03718617763
0.01156442232
0
0.01625123823
0.002299316899
0.008625029046
0.01504757539
0.02068598118
0
0.01090366273
0.008366258438
0.006007703146
0.02452454214
0.001514198994
0.01080216269
0
0.03827056054
0
0.04780214876
0.04271845322
0.008144564517
0
0.006204062487
0.004419829716
0.03414041357
0
0.05351301379
0
0
0.02014645521
0
0
0
0.0004875809101
0.03534287244
0
0
0
0
0
0.02161519095
0
0.001505699652
0.01994105802
0
0.003139021368
0
0.012828588
0
0.03089854284
0.02170974006
0
0
0.03433954678
4.50E-05
0.001224459382
0.008330194811
0.02414965889
0.01417953666
0.0387096434
0
0
0.01704121596
0
0.008909067577
0
0
0
0.006924032371
0.01294345561
0.01314664158
0.01482372719
0.004993372629
0
0.003417679268
0
0
0
0.02471215181
0.03271805608
0
0.01298899871
0.04230819383
0.001285293758
0.01621909147
0
0.01679626196
0
0.03966808415
0
0.003954921509
0
0.006851675154
0
0.02887750345
0
0
0
0
0.01894868499
0.04129925614
0.03739713693
0
0.02512176204
0
0
0.01554422907
0.04375780535
0
0
0.0003139077742
0.01839431347
0.01322327393
0.01415791293
0.05046624683
0.03426829361
0.01569386639
0
0.005344436161
0.02585165958
0
0
0.01317713393
0.009416820701
0
0.001858660886
0.02527876202
0.0006524981762
0
0
0
0.0005844618591
0
0
0.02509494659
0
0.01497226002
0.00798632681
0
0.02143143354
0.01597627447
0
0
0.01722151307
0
0.007613269796
0
0.007739090268
0
0.01732720997
0.002991493446
0.0236503238
0
0.04287542975
0
0
0.01177861732
0.01337154213
0.01907063693
0.01480160277
0
0.04195326812
0.02283728837
0
0.01181592981
0.01033067085
0
0.009525269823
0.01519909548
0.03039832401
0.000636264702
0.008795617739
0.001453568449
0.01848477055
0
0
0.0001694219464
0.013545176
0.01638810568
0.01953877164
0
0.02848592751
0.03807068336
0
0
0.002571870118
0.01807676674
0
0.006089307743
0
0.04475587876
0
0.003175217807
0
0
0
0
0.006493881178
0
0.0125176941
0
0.002397814557
0
0.008031159693
0
0
0
0.01004678841
0.002322123017
0
0.02735768986
0.01878079183
0
0.04563373838
0.03738285626
0.04970878065
0
0
0
0
0
0
0.0331625041
0
0
0.03720042058
0
0
0.01524203478
0
0.03969571983
0.03506552473
0
0
0
0
0.04081484556
0
0.01612640932
0
0.02273391528
0.03456007096
0.00287485023
0
0.01556934285
0.01048711185
0.000140023627
0
0.008697196245
0
0
0
0.03423949498
0
0.008485160331
0.002287411206
0.02122718083
0.003201659025
0.01909875284
0
0.03520333854
0.006850178889
0.004270630328
0.004568282847
0
0.005289353237
0.03462095234
0.01296181044
0
0
0
0
0
0.03291391978
0.002026203249
0.003923543924
0
0.004083830868
0
0.01277627164
0
0
0.001454232318
0.03136722429
0.00378633368
0.008492920614
0.01131452521
0.02722566095
0
0.03543000585
0.006551923582
0.007789890023
0
0.007637595184
0.01158204222
0
0.00597415241
0.02580823424
0
0.01550683662
0.02088293816
0.00209283867
0.02371568012
0.03290434826
0.03214227102
0.006464665691
0.03723671547
0.01313540206
0.02957580446
0.05038193237
0
0
0.02053520354
0
0
0
0.04547983099
0.009173867056
0
0
0
0
0
0
0.01146359178
0
0.04327621758
0
0.0008565401439
0
0
0
0.0141938059
0.03244213132
0
0
0
0.01490774255
0
0.02943299491
0.01699489663
0
0.008303341933
0
0.008884065474
0.008742061864
0
0.0007900386009
0.01353163068
0.01420595806
0
0
0
0.06844512105
0.0343067054
0
0.02271775912
0.02587885321
0
0.02389295876
0
0.0622613065
0.0103468927
0
0
0.02244990267
0
0.05569592039
0
0.01474654554
0
0.00926522709
0
0.05636323762
0
0
0
0.03797553585
0
0.008515762848
0
0
0.03909277619
0
0
0
0
0
0
0
0.0245030213
0.04468668751
0.03783486906
0
0
0
0
0.002977798866
0
0.01659039859
0
0
0.009925459867
0.03814959309
0
0
0
0
0.01095402794
0
0
0.00E+00
0
0.01747696241
0.02751024051
0.03301272264
0
0.009679219327
0
0
0
0
0.02201983141
0
0
0.003531445504
0
0
0.03117153043
0
0.002696172241
0
0
0
0
0.002255789129
0.03869348451
0.0334912526
0
0
0
0.003734867984
0
0.05381247497
0
0.02833167414
0.0008353054562
0.0429096645
0
0.05294761057
0.01359055852
0
0
0.002999258461
0.05711863283
0.01574723207
0
0
0
0.0029608529
0.01684508999
0
0
0.02149437048
0.02805962346
0
0.006134592283
0
0
0.03357335542
1.75E-02
0.02849959507
0
0.01001334935
0.01963917298
0.02475515569
0
0
0
0.00955743261
0
0
0.01883406824
0
0
0.03019342764
0
0.02446525481
0.04587432701
0.003485261238
0
0.0002589677412
0
0
0
0
0.01269001286
0
0
0.01094694429
0.005656603847
0.008695460934
0
0
0
0
0.002315476478
0
0
0
0
0
0
0.0200862008
0.03523250078
0.03907978424
0
0
0.02625032862
0.03130228601
0.004912406068
0.0005409509348
0.03734309926
0.03729377598
0
0.006246101792
0.02800247556
0.00814213222
0
0.01770369213
0.000780026105
0
0.009049786247
0
0.04357026687
0
0
0
0.01094037565
0.04208675192
0
0.0438945027
0.01359116207
0
0
0.02618761735
0.004199911851
0.007888405644
0.046769457
0
0.008714838983
0
0.006506711485
0.002273643498
0.01623819696
0.02616191786
0
0.001220489405
0.01340220563
0
0.0283728229
0.008919844711
0.02975295392
0.03168479438
0
0.03612491643
0.01769147061
0.03906007695
0
0
0
0.02697944387
0
0.02207283092
0.002170872114
0
0
0.0254087066
0.0001751105534
0
0.002364886069
0
0
0
0
0.04318940317
0
0
0
0.03768573833
0.004296070579
0.0485340465
0
0.01663486858
0
0
0
0.001970922735
0
0
0
0
0.02107780015
0.01539522011
0
0.01564541146
0
0
0.02482941777
0.01872790863
0
0
0
0.003152923654
0
0
0.006284809386
0.05314671459
0.0006661301004
0.01601647748
0
0
0.006866949013
0
0.02570724493
0.01411961012
0.009220484768
0
0.01228135694
0.03080878728
0.001303426305
0
0.01088713392
0
0
0.01509904765
0
0.005597177838
0.03581670637
0
0
0
0
0.01626248324
0
0
0.03183695579
0
0
0
0
0.04484990142
0
0
0
0
0.00904569227
0
0
0
0
0.0353885245
0
0
0
0.05722954225
0
0
0.03536979327
0.02911457173
0.02332735161
0
0
0
0
0.01066655565
0.02931905052
0.01668701407
0
0
0
0.02290316708
0
0
0
0
0
0
0
0
0.01586304662
0
0
0.03460102909
0
0.03544004963
0.04273372571
0.02510472635
0.01897789439
0
0
0
0.007788000828
0
0.005980999421
0
0
0
0.02784207943
0.0114903927
0.03040625129
0.008001714118
0
0.01181730922
0
0.006783258644
0
0
0
0
0.0362678035
0.00372668696
0.004115860164
0
0
0.01767738362
0
0.009173639362
0.006813729668
0
0.05000689777
0.05731352497
0.02685092323
0.03031421689
0
0.05731296634
0.01977858033
0
0
0.002612704764
0.02824221265
0
0
0
0
0
0
0.03618945643
0.01068369551
0
0.0270286924
0.009957361977
0.03187588713
0.03660973456
0
0
0
0.01143020471
0.003742965711
0.02394103578
0.00E+00
0.004220110938
0.04975007271
0.01264974537
0
0.006290171019
0.02537326408
0
0.005843863048
0.03627025237
0.01574355874
0.04722490217
0.01031084753
0
0
0.002939923386
0.02902267486
0.02217312364
0.03934995354
0.01635739171
0
0.06663530863
0
0.03046216495
0
0
0.02263047381
0
0.001655322632
0
0.005784703021
0.02341991998
0.000486376199
0.009367889897
0
0.04412250907
0
0
0
0
0
0.01322129316
0
0.003586113663
0
0
0.001403713573
0.05233865727
0
0
0.0114987362
0.02513795147
0
0
0.01438784489
0
0
0
0
0.02729878321
0
0
0.03271498195
0
0
0.004181952977
0.01139529615
0.01381617512
0.0246855908
0
0.0001909536843
0.004953892546
0
0
0
0
3.62E-05
0.008753345337
0
0
0.02269796183
0
0.008318333185
0.006735999429
0.006666774017
0
0
0
0
0.03186431395
0.004282849357
0
0.01437759645
0.02665426076
0.02694554102
0
0.01459177683
0.003872525305
0.0176505976
0.01115351179
0
0.02625339565
0.009121259719
0
0
0
0.01973480407
0
0
0.0006071416258
0
0.0217033457
0
0.05184125704
0
0
0
0
0
0.03857986617
0
0
0.04309031228
0.01599580216
0
0.001687717896
0.02129662019
0.007167015389
0.03172645869
0
0.01480871029
0
0
0
0.0264031043
0
0.00487823793
0.0191411442
0
0.04563701446
0.02221562691
0.02783257341
0
0.02366507402
0
0
0.04433108208
0.03814639905
0
0.01441992748
0
0
0
0
0.0189508208
0.03726350147
0.01401100924
0
0
0.0006740733173
0.001314970806
0
0.01998255284
0.01054475759
0
0
0.03937071662
0.01738946457
0.02728673107
0
0
0
0
0.01590836629
0.004728986058
0
0
0.0264781171
0.02903548788
0.01168228048
0
0.01878485299
0
0
0
0
0.02499097218
0
0
0
0
0.03904432507
0
0
0
0
0.006922636997
0
0.01269215134
0
0.00211720187
0.03399678283
0
0.0009883313551
0
0.05886157703
0.01804146808
0.005524396277
0.006887660675
0
0
0
0.003993940315
0.00501589366
1.23E-03
0
0.02677496994
0.03305734237
0
0
0.001378479698
0.0003354220894
0
0.00657580681
0
0.02338095684
0.01403206577
0
0
0.01805224017
0.03532943776
0.007949687466
0
0.05222668067
0
0.04467017071
0.01267312329
0.04093809809
0.02477975721
0
0
0
0.02491235522
0
0.008816255327
0.005141688301
0
0
0.05143210272
0.04091561206
0.02546735359
0
0
0
0
0
0
0.02186412298
0
0
0.009834988988
0
0
0
0.01487866373
0.01601725259
0
0
0.01994048155
0.005951299988
0.02577591782
0.01426004516
0.03257384478
0.021257323
0
0.03899284651
0
0
0
0.01957120625
0.01158837558
0
0
0.002937221999
0
0.02846418996
0.04624805632
0
0.01612108236
0
0.0107253141
0
0
0
0
0.0197538208
0.005647123764
0.01201823463
0.04112827658
0
0
0
0.01363315993
0.02520778703
0
0
0
0.001272508457
0.0178273302
0
0
0
0.0123727056
0
0.03612208374
0.00267109684
0
0
0.01613910833
0.005440243043
0.02195194134
0
0.009106324084
0
0.04023464194
0.01698983445
0.01892609373
0.0091862492
0.001079705396
0.005702896257
0.0206153938
0
0
0
0.01196019983
0
0
0.01819758582
0.003614127808
0.004844658046
0.03317655722
0.01491285678
0
0.02234249191
0.005383996334
0.008375746602
0.01074537338
0.004452264992
0.02796333862
0.01588904429
0.01887678852
0.01671628665
0.02691084798
0.02839546762
0.00291251501
0
0.0446032773
0
0.01763265126
0.008184697285
0.003040597715
0.003756740921
0
0.01119915892
0.05091398848
0.02437960769
0.01418384889
0
0
0.01800860321
0.0109540565
0
0
0
0.02146019459
0.007330424082
0
0
0.0002057013069
0.03286094038
0
0.01836686424
0.01862049034
0
0.01383631118
0.009271124554
0.01168915485
0
0.01823219593
0
0
0.00150606002
0
0
0.01652234834
0.0277204269
0
0
0.03526599278
0
0.01016856341
0.03716696925
0.01382758374
0.005584032426
0
0.0365113616
0.01684701497
0.0296889306
0
0
0
0.005520266257
0
0.0509880565
0.003217113219
0
0
0.02252968931
0
0
0
0
0
0
0
0.04825287444
0.02029265925
0
0
0.04825697255
0.03431010737
0.01984331846
0
0.01880086615
0
0
0
0.05102192614
0
0.0126076975
0
0
0.02125521189
0.01396461694
0.009263493618
0.005657319549
0.01496220102
0
0.03937166312
0.04340546259
0.001014960158
0
0
0.008180643377
0
0
0.01397636774
0.03198399708
0
0
0
0
0
0
0.01314424022
0.009685894266
0.0007810012284
0
0.02848542228
0.01685328489
0
0
0.01730020275
0.01041275561
0
0.001301746511
0
0.009465901206
0
0
0
0.009378697798
0.01760399051
0
0.007624012382
0
0
0
0
0.005815233922
0.01757806003
0.008217648836
0.04059850541
0
0
0.004665887415
0
0
0.005063703218
0
0.01849703212
0
1.96E-05
0.007181236986
0.006155180456
0
0.05245439807
0
0
0
0
0.01681742467
0
0.005684665269
0.01783402498
0.02002775857
0
0
0.00108848457
0.005481709898
0.003032405859
0.007382395671
0
0.03675422452
0.002289520668
0
0.0243332055
0.02815243077
0.002892060241
0.02208218605
0
0
0
0.03451424685
0.02535739261
0.02994658772
0.01993202149
0.005951051707
0.03832193331
0.01083402604
0.002897461161
0.02542927017
0.002592518951
0
0.02442899309
0.02991354122
0.05422199417
0.03260922973
0
0.01972581824
0
0
0.0079101058
0
0
0
0.001604540482
0
0
0.005712108558
0.01457186044
0.02009512244
0
0.003609511231
0
0
0.02453139564
0.0459398803
0.02577172459
0.0174629044
0
0
0.03359609304
0.01508795146
0.01341182221
0
0
0.01931316525
0.03937596292
0.003033662307
0.03326552687
0.01318620988
0
0
0.00928990174
0
0.005536996279
0
0.007170245026
0
0
0.01716324729
0.02887409834
0.01733461379
0
0
0.05556536274
0.0272721376
0
0.007332545816
0.006929402251
0.02409794587
0
0
0
0.007820411154
0
0.02663960203
0
0
0
0
0.0411468097
0.002736828033
0
0
0.04536292246
0.03607228633
0
0.01479494618
0
0
0.00940014613
0.04911449726
0.009241239577
0
0.00736082268
0
0
0
0.02013464937
0.007250334815
0.02177716805
0
0.01292339226
0.01620157853
0
0.006333147901
0
0
0.01807289494
0
0.03821210573
0.03755440977
0.01619973806
0
0
0.006717663161
0.04909582225
2.05E-02
0.003631560608
0.02557873368
0.01808796255
0
0
0
0.02654371271
0.001658714595
0
0
0.001139250081
0
0
0
0.01040557178
0
0.004865795918
0
0
0
0
0
0
0.02451482042
0
0.03041560579
0.0250181792
0.01206961463
0
0
0.0256795628
0.003468289419
0
0.01131533196
0
0.03702521638
0.03864347543
0
0
0
0.003721945153
0
0
0
0
0
0
0
0.04052942395
0
0
0
0.01578387419
0.03212422328
0
0.005016120234
0.01858932447
0
0.02120613701
0
0
0.002710124498
0
0
0.04395856454
0.02913107338
0
0
0.0006347023704
0.02491084007
0.005266877643
0
0.01094589107
0
0.03127015005
0.03074225458
0.01764515657
0.01718761428
0.01228875471
0
0.02468784056
0
0
0.01527526098
0.0006837404337
0.007252217547
0.011141587
0.02548310744
0.01197515484
0.006848997415
0.01377531686
0.00026211526
0
0
0.001114933113
0
0.02637716398
0.004939871227
0.02103810383
0.03859183807
0.03838997024
0
0
0.0286268148
0
0.009643938135
0.02347311346
0
0.006074780918
0
0.02565954791
0
0.0110657999
0
0.04047881941
0.02468293021
0.02397312104
0
0
0.01574824373
0.01262224439
0
0.003567438458
0.01276177142
0.02648408216
0.00750520722
0
0
0.01444366705
0.0007376145002
0.00606337082
0.02041614647
0.02504077232
0
0.01401637763
0
0
0
0.02557843613
0
0.01331370773
0
0.04333414066
0.007317370635
0
0.008001928005
0.01336136822
0.03223043827
0
0.02158275349
0.02117731443
0
0.01261549052
0.00258854205
0
0
0.01945642477
0.005634435108
0
0
0
0.007719293764
0.02780654967
0
0
0
0.02615828147
0.01906322022
0.01753429339
0
0.01217673677
0
0
0.04373367812
0
0
0.01459613055
0.003279596236
0
0.0159359693
0
0.01253153374
0.02091496369
0
0.02015179901
0.008166748759
0
0
0.00412769945
0
0.02607879759
0.02541780089
0.02903103281
0.03248422061
0.01490248624
0.03036605786
0.02094843434
0.03828766102
0
0
0
0.005980642979
0.04029964694
0
0
0
0.02689204597
0.01554282829
0.009059979729
0.02485727391
0
0.01437579286
0
0
0.002785640135
0
0.02757224357
0.005509493969
0.007930805043
0.005002653748
0
0
0.0004586989659
0
0
0
0
0.03540896958
0.0006538363641
0.02778619596
0
0
0
0.005907026109
0
0
0.03862675867
0
0
0
0.00293215423
0.04945324758
0
0
0
0.008882342963
0
0
0.02586000452
0
0
0.01924039673
0.00165772426
0.000344274639
0.02409908371
0.02467929207
0
0
0.03722112571
0
0
0
0.02041588196
0
0.01582332232
0
0.02030481122
0.01845983692
0.01729432201
0
0.02235535319
0.008386100436
0
0
0.02301173562
0.01870675035
0.02588717504
0
0
0
0.04173089896
0
0
0.02317965073
0
0.02063925415
0
0.03340867043
0.02229643997
0
0
0
0.002812479805
0
0
0.00757545487
0
0
0.03331277187
0
0.02732516163
0.02211961211
0
0.03267934731
0
0.0005080795924
0
0.007744044344
0
0
0.004769681954
0.00835386039
0
0
0.02515122416
0.04401429049
0
0
0.00543663903
0.01462932897
0.055150897
0.05104607241
0.007169875413
0
0
0.02323555113
0.02772196068
0
0.003409308315
0.0243534481
0
0.01523968771
0.01299761072
0.03928422707
0.01988692033
0.02452614806
0.02683864231
0.03196308917
0.02590704207
0.0324470813
0.002988378311
0
0
0.007129295307
0.0569181803
0.03734658857
0
0
0
0.007045472506
0.01802033416
0
0
0.01102819043
0.02959664349
0
0
0.03443000251
0
0.01943153077
0.02686580619
0.0004377864754
0
0
0
0
0
0
0
0
0.01611739141
0
0
0
0
0.02842628913
0
0.005366029675
0.007918208101
0.02139989524
0
0.02183669555
2.42E-02
0
0
0
0
0
0
0
0
0.00E+00
0
0
0
0.008936785542
0
0
0
0
0
0
0.009997993728
0.0279725813
0.03351047365
0.01874715865
0.003965464785
0.03301829629
0.03656132672
0.02544716657
0
0.02052647885
0.007659458712
0.04188753475
0
0.01922646362
0
0
0
0.01976396028
0.02116069161
0.00569310919
0.00595648433
0
0.0141797712
0.01239056184
0
0
0.02497528116
0.006716285486
0
0.003063498292
0.01543136288
0
0.02268680347
0.00E+00
0.02547697101
0
0.01088027433
0
0.004842386778
0.0230315271
0
0
0
0.01670567834
0.01376171244
0.02070586063
0.006307362155
0
0
0
0
0.001712610269
0.003486499611
0
0
0
0.01786447369
0
0.006205513046
0
0.04376826978
0
0.01623852659
0
0.0293408473
0.005518247133
0.01772485772
0
0.04622985171
0
0
0.008861688371
0.03813396988
0
0.0150482711
0.01466110277
0
0.015382015
0
0
0.007500651132
0.004986768074
0.02724957936
0.003032603186
0
0.006380753197
0.03640186801
0
0.01675268295
0.01069441842
0.0268848896
0.001857850112
0.02955752823
0.0424263997
0.001897311228
0
0.01849961586
0
0
0.02794034133
0.04147983076
0
0
0
0.02258670215
0.01068622857
0.01796257202
0
0.005166526561
4.69E-02
0
0.01557677322
0.02468181366
0
0
0.00E+00
0
0.01540553664
0
0.01185965002
0.01782543272
0
0.009069184735
0.007987319019
0.01596493242
0
0.01627504513
0
0.01388459583
0.02113049758
0.002923413241
0
0
0
0
0.004428017743
0
0
0.0002828848881
0.02375868593
0.07068626877
0
0
0
0.006935723137
0
0
0.00358068927
0.01833495504
0.01139803071
0.01763230113
0
0
0.02240080093
0.05806270355
0
0
0.009181515123
0.001357683279
0.02322588871
0.009434785141
0
0
0.01415507823
0.04689999596
0.03468624354
0.006370386139
0.004249685734
0
0.04923235238
0
0.06680866271
0
0
0.01855301641
0
0
0
0
0.02654352729
0
0.04496971492
0
0.06810855493
0.01248677654
0
0.01804869615
0
0
0
0.02006501678
0
0
0.01197635697
0.02304390239
0.03465736347
0
0.01187031507
0
0
0
0
0
0
0
0.005345012767
0
0
0.004474563338
0.00E+00
0.001167203046
0
0
0
0.008146569399
0.03589734749
0.04167777756
0
0
0
0.0168526937
0.01557637356
0
0
0
0.02322232841
0
0.009420534795
0.05005875129
0.001508590591
0
0
0
0.04121890779
0.02249791465
0
0.01060199759
0
0.002289085069
0
0
0.01513864731
0
0
0.01752967762
0.009910256592
0.04190016471
0
0
0
0.03431194996
0.0223041853
0
0
0.007957390462
0.0005383239549
0.007854905132
0
0
0.007891653149
0.004387916599
0.004640245237
0.0215799211
0.01103235802
0
0
0.01301646239
0.03650842591
0
0
0.02686101496
0.009192994365
0.02135313112
0.008936424454
0.022314742
0
0.01561786469
0
0.0302912211
0
0
0
0.003926634571
0.001589895216
0
0.006538815324
0
0.0003956603693
0.034739571
0.007566786152
0
0.03548143745
0
0
0.01889165113
0.02950224165
0.02850795554
0.02639285587
0.03304347232
0.0176462526
0.00859113931
0.02288255745
0.003757616206
0.002845870303
0.03926937077
0
0.005746925088
0.01110800374
0.005981818511
0
0.006702944364
0
0.0445532108
0.01712450047
0.04013203798
0
0
0
0
0
0
0.004508938132
0.006852150028
0.007054029788
0
0
0.0313934578
0.0005276945563
0.01379190984
0.04009872496
0.005231340738
0
0.01514783887
0.01145938437
0
0.02437356387
0.02973027455
0.009079967715
0
0
0.04266025265
0.05140372856
0.04000264614
0
0.002346638872
0.0191177102
0
0.04431701685
0.04647241219
0
0
0
0
0
0
0.04521876329
0
0.01130544268
0.02895219103
0.01106511089
0.0007614209463
0.008830038031
0
0
0.005047853503
0.0164532215
0
0
0
0
0.007207557277
0.01449044936
0
0
0
0.00E+00
0.01725083523
0.004130429054
0
0.05766335497
0.05521813524
0
0
0
0
0
0
0
0.01184094726
0
0.02606055389
0.03239483182
0.001171524229
0
0
0
0
0
0
0
0.01914037176
0
0.01793194371
0
0.01205369013
0.02876323089
0.02651996339
0.03191575857
0
0
0
0
0
0
0.02931824283
0
0
0
0
0
0
0.00405674262
0
0.01272814137
0
0.0353546918
0.008383070563
0
0.03120952017
0.01434070674
0
0
0
0
0
0.04000656362
0
0.00681470186
0
0
0.06233044398
0.02341054094
0
0
0
0
0
0.02895537985
0.01692441704
0
0.009540632205
0.001971192706
0
0.01681621465
0.04205538399
0
0.007288881492
0.05123988375
0.04307996682
0.03067661291
0
0
0
0.03751729079
0.03018819839
0.005545814147
0
0.02644736285
0
0.06784204761
0
0.04768942489
0
0
0
0
0.02152163796
0
0
0.0269724436
0.00505126016
0.02417758869
0
0.05335025845
0.02561889779
0
0
0
0
0
0
0
0
0
0
0.02457314555
0
0
0.007681476013
0.01334266171
0
0
0
0
0
0
0.0121034211
0.01259002971
0.01945566831
0
0.03247408323
0
0
0
0.01514384113
0.02464985417
0.01240223447
0
0
0
0
0.01392030425
0
0.004532121915
0
0.0001648198432
0.02451363672
0.006684354634
0.04431257992
0.01678843535
0
0.00457516496
0
0.06114546181
0.06538113592
0
0.0006590865844
0
0
0
0
0.01598384082
0.003730250259
0
0.02263979885
0
0.001808795595
0
0.006534901401
0.002170949349
0
0.005617551357
0
0.02156729433
0
0.02616096551
0.02518482184
0
0
0
0.001728579138
0
0
0.01566083985
0
0
0
0.02663534849
0
0
0.03284653865
0
0.01693970103
0.008173180825
0
0.002383783202
0.01581331424
0
0.01940649008
0
0
0
0
0
0.009065935501
0.006337467361
0
0
0.01475388136
0
0
0.01631275059
0
0
0
0
0.04986581336
0.02510463829
0.04481872232
0.02428633408
0
0.04199103874
0
0.01196457385
0.02685077472
0
0.02091256327
0
0.01714365007
0
0.004901766626
0
0.03732753209
0.02951030505
0.008589098984
0
0
0
0.02882957276
0
0
0.02311840678
0
0.06303960397
0.0002287694954
0
0.004337020478
0
0.02849610092
0.002006649062
0
0
0
0
0
0.007435277368
0
0
2.94E-03
0.004377048967
0.04159863364
0
0
0
0.01029848104
0
0
0.02600815789
0.007202984109
0
0.0008610014136
0.008362526229
0
0
0.02890615325
0
0.02234333296
0.007269635711
0.02921856456
0.002686612648
0.01538176334
0
0.01309405436
0.04160049897
0.02391916405
0
0.01295107921
0.03324460798
0.01865700791
0.03306101754
0.002750519276
0.04913181296
0.01655444603
0
0.006042387746
0.01717107563
0.03043619276
0
0
0
0
0.01173612131
0.02669790057
0.03834737186
0.02617260429
0
0.02351530283
0
0.024995658
0.007774108598
0
0
0.006987089635
0.005348060582
0.02595279763
0.03891722059
0
0
0.005300126656
0.02984071575
0.01185456407
0
0
0
0.001876922736
0
0.02609718954
0.01497876817
0.03592905884
0.005617139658
0
0
0.000144566993
0
0.02664313099
0.0170245819
0
0
0
0
0.0005565419005
0.01190888286
0.02744372299
0
0
0
0.02300052633
0
0.01381915858
0
0
0
0
0
0
0.01192641051
0
0
0
0.03641037368
0.04580387755
0
0
0
0.0102224061
0
0
0.0151267571
0.0007909946876
0.00927025158
0
0
0
0.02856944866
0.02906180968
0
0.0259500249
0.04439365015
0.04354915111
0
0.006794369146
0
0
0.03433269122
0.05021446825
0.0142550481
0
0.01747061387
0
0.06800920685
0
0.04938919676
0
0
0
0
0.0008757564282
0
0
0.004019786782
0
0.03954399509
0
0.0709630983
0.04364418756
0
0.02128919589
0
0
0
0
0
0
0
0
0
0
0
0.01731503575
0.0223558307
0
0
0
0
0
0
0
0
0.04058324416
0
0.01379332456
0
0
0
0
0.03494520178
0.01651666114
0
0.00370911529
0.03130673147
0.01316793201
0.02648975309
0
0.02112071518
0
0
0.01434146393
0
0.05544410642
0.01322349768
0
0
0
0.01859553878
0
0
0.008369639535
0
0
0
0.03849003343
0.02714731157
0
0
0.02828449809
0.0190912231
0
0.02472178105
0.008301812739
0
0.0218020245
0.009921102409
0
0
0.01147625532
0
0.01182564501
0
0.006876847633
0.001604796361
0.03049050422
0
0
0.02229730499
0.02941860874
0.0003777664575
0.01598042371
0.03805837481
0.006101267915
0.01600680643
0.01614740475
0.04820528011
0.007812305962
0
0.003265579598
0
0.02255189567
0
0
0
0.00668690972
0
0.01076100846
0.02209922869
0
0
0
0
0.03833816476
0
0
0.0319889139
0
0
0.00525856811
0.04009038438
0.01053451793
0.002220495927
0.01527510445
0.04289915153
0.02064006722
0
0.00344820306
0
0.02614656275
0
0.02736925224
0.02049336988
0.0122752709
0
0
0
0.02513623856
0
0.03899815136
0
0
0
0
0
0
0.007474798536
0.001293901764
0.01434063495
0
0
0.03995688793
0.00470250128
0.03245421899
0.05256559134
0
0
0
0.03980132623
0.0258666279
0.006242331716
0.03436454179
0
0
0
0.0259914598
0.009167119011
0
0
0.00193706267
0.007956972536
0
0.003114101843
0.04012229323
0
0.00955316347
0.03375080671
0
0
0.002344513336
0.01850528358
0.009962660563
0
0.009051003484
0
0.02256702416
0
0.004973259454
0.02507411699
0.01477796215
0
0.002313894344
0.002328844764
0.03292186744
0
0
0.01466021788
0
0
0
0.005530972857
0.005472777177
0
0
0.01985274666
0.01097978656
0
0
0
0
0
0
0
0.02316702951
0
0.01459079127
0.02315046332
0.003751547612
0.008895584078
0
0
0.02156223183
0.004910902401
0.007492870232
0.03081955458
0.02952283857
0
0
0
0.03267162048
0.02016474011
0.05752738194
0.03053553378
0
0
0
0
0.04238351041
0
0.02990514619
0
0
0.004039908528
0
0
0
0.002662666189
0
0.04338174111
0
0
0
0
0.003663610255
0
0
0.04327500627
0
0.03144308364
0.01657857357
0.03282127929
0
0.02659164847
0.02533909835
0
0
0
0.01843836938
0.01377652189
0
0
0.01250070866
0
0
0
0.01123919784
0.03468925722
0.02579602987
0
0.001794962984
0
0.02400252419
0.0205208107
0.009116328586
0.02407791934
0
0
0.03886527979
0.02580824435
0
0
0.01075229919
0.01251059226
0.01583947809
0
0.0128072127
0
0.009783699292
0.02706989295
0
0.009282307477
0.0333782534
0
0
0
0
0
0
0
0.001054437208
0
0.006950075211
0
0.01188764842
0.01563353271
0
0
0
0
0.005564131578
0.004535882785
0
0
0.01685996464
0
0
0.0326368409
0.03089055768
0.02904478136
0.003205031058
0
0.03029443399
0.03005331758
0.01032939405
0
0.03034535942
0.01727209672
0.01690326724
0.02634801286
0.01959323633
0
0
0.02600152522
0.01815421942
0
0
0
0.04468006366
0
0
0
0.01323643573
0
0
0
0.008974177435
0.004730313081
0.04687592667
0
0.01004671281
0.00E+00
0
0.01273461448
0
0.0077571855
0
0
0.04035108062
0.0008443734837
0.03182460112
0
0
0
0.01027295787
0.05010407303
0
0
0
0.01751267633
0
0.02718194116
0
0
0
0
0
0.06171677796
0
0
0
0.00781634112
0
0.003421561938
0
0
0.02670722634
0
0.007863971566
0.01034485211
0
0.02793626965
0
0.03435995093
0.01846531315
0
0.008302567159
0
0.01698928041
0
0.02223028189
0.05965572201
0
0.05841657107
0
0
0.02349530662
0.009929384197
0.03911499964
0
0.01176782091
0
0.02675057104
0.0368525398
0
0
0
0
0
0.02539477292
0.01687589973
0
0
0
0.003980437213
0.003652783481
0
0.03685494926
0
0
0
0.000481189626
0.02199825506
0
0
0
0.01402915975
0.0428325269
0
0.002409856271
0.01530474564
0.02160104532
0
0
0
0.01260125754
0.00930801729
0
0
0
0
0.0204362198
0
0.00348367314
0.0267688749
0.004704421073
0.04547054361
0
0
0
0
0
0
0
0.01628265123
0
0.01452701295
0.02175887772
0.008545458665
0
0.05762486414
0
0
0.01358587221
0.006149309653
0.03347345068
0
0
0.0210400538
0.02910810234
0.007666264153
0
0.01442148205
0.003655970068
0.01448555871
0.03362826688
0
0.03529660596
0
0
0.01909639185
0.01161573397
0.002803661839
0.005534571436
0
0.0004196031358
0
0.04278785873
0.006809210322
0.04395174183
0.01468016517
0
0.03879693413
0
0
0.02037771118
0
0
0.003460555896
0.0291098918
0.04043572102
0.03740652353
0
0.005844940336
0
0
0
0
0
0
0
0
0.003313099108
0.01930972321
0.01209708744
0.01026953708
0.008460996953
0
0
0
0.02122019733
0.04645562092
0.02410663999
0.02487620586
0
0
0.02831078029
0.002491723892
0.01185606645
0
0
0.01007829676
0.01678676839
0
0
0
0
0
0.02293001813
0
0.007962947708
0
0
0
0
0.0424692459
0
0
0.006483111649
0
0.03938753104
0
0
0
0
0.06880714535
0
0
0
0.04484573806
0.0002768840937
0.01215719876
0
0
0
0
0
0.04993909351
0
0
0.008799389691
0.02511949683
0
0.008757084028
0
0
0.01528392156
0.01379649328
0.006104665981
0.004452392157
0.006478113715
0.008144441966
0
0.01103656837
0.04163844982
0
0
0.01334841681
0.005565654149
0.01671317014
0.03219001653
0.06395235376
0
0.04415492757
0
0
0.02012448074
0
0.02381408287
0
0.007045604237
0
0.04019631787
0.04279859308
0.01171806114
0
0
0
0
0.01964258316
0
0
0
0
0.02042639118
0
0
0.002465560393
0
0
0
0.009225780289
0.03474249822
0
0.004508758581
0.01679073223
0.01328285966
0.04819765507
0
0.01849430727
0.0233787486
0.005565746458