0.006279185541
0
0
0.05122056801
0.03258899715
0.005217236562
0.03429743887
0
0.003596639157
0.04997337183
0.001165577575
0
0
0
0.02606398636
0
0
0.0163248372
0.03686588049
0.001667935317
0.00E+00
0.01801911333
0
0
0
0.01090108709
0.03482678316
0.03297170568
0
0
0
0
0.01469159778
0
0.02163988382
0.01322771215
0.02542086393
0
0.04980026028
0.007365187047
0.01388583245
0
0
0
0.01808495993
0
0
0
0.01342873871
0
0.03111183906
0.01486426
0
0
0.003117312671
0
0
0
0.0476763243
0
0
0
0.04982690473
0.02722466271
0
0.02858232998
0.04701359734
0
0
0
0
0.005370502678
0.007687522488
0
0
0.003246707028
0
0
0.02066966722
0
0.0171907157
0.01141104184
0.01883503486
0
0.0125242346
0.0421846351
0
0
0
0
0
0
0.04400577657
0
0
0.01685715397
0.004681528748
0.006392868974
0
0
0
0
0
0
0.03718866943
0
0.02493913031
0
0.02153667142
0.02824501174
0.02468689097
0
0.02387626027
0
0.04285847836
0.001620745298
0
0.01396825167
0
0.01037131654
0.009978576123
0.06959829797
0.001551933837
0.01138788044
0
0.002571150791
0
0.02648532842
0.0110791539
0.02392491256
0
0
0
0.03687613224
0
0.009106147287
0.02932226773
0.0204757033
0.0132028989
0
0.00617832776
0
0
0
0.03071873013
0
0
0
0
0.00989122877
0.02874191002
0.02905450629
0
0
0.01375759094
0
0
0.02285954299
0.04125053721
0.002608387599
0
0
0.04154187835
0.03204258787
0
0.006976865258
0.02668223035
0
0
0.0120921446
0.03615738214
0
0
0
0.04555290333
0
0
0.0178353194
0.01721581557
0
0
0
0
0.01764968582
0
0.01524437514
0
0
0.01230720565
0
0
0
0.007470331787
0
0.007914536477
0
0
0.01723861132
0.00616555571
0
0.01445743442
0.02312021157
0.03480850579
0
0.01371451007
0
0
0
0.04720611358
0
0
0
0
0
0
0.01209297775
0
0
0.01892411948
0.01144819352
0
0
0.04309184628
0
0.01813962984
0.03339830015
0
0
0.01620134983
0
0.01486993189
0.02324245717
0.02671861738
0
0
0
0
0
0
0
0
0.02123743183
0
0
0
0
0
0.03553359473
0
0
0
0
0
0.01997723881
0
0
0.001511366727
0
0
0.06630941221
0.03574626175
0.05738564956
0
0
0
0.02164153543
0
0
8.89E-05
0.02111427679
0
0
0
0
0
0
0.01740514697
0
0
0
0
0
0
0.001730816899
0.007984481994
0
0.03446076272
0.005573240368
0.04208689641
0.02862490578
0.04255914331
0
0
0.05753898809
0
0.00E+00
0.04306092541
0.04844960029
0
0.03854518757
0.0145279415
0
0
1.75E-02
0.04356152072
0.009899840896
0
0.0200273534
0
0
0.02334333059
0
0.002317400731
0
0.0201055295
0.00925915312
0
0
0.03752257063
0
0
0
0
0.01706752196
0.04661202178
0.006159687266
0.05476107641
0.04059252244
0
0.01376571839
0
0
0.005306561619
0
0
0
0.01743064503
0
0.05046624133
0
0
0
0
0
0.01766441259
0.009735129523
0.00751469125
0.008631340349
0.001856061821
0.017012588
0.002976423284
0.007712183591
0
0
0.01548039141
0.007250409295
0.02131650948
0.02228757232
0.01892297273
0
0
0
0.02074465168
0.03362402723
0.0184274065
0.0127500502
0.009251687058
0.002783336741
0
0
0
0.02757909401
0.01370434219
0
0
0.04237668285
0.01001095547
0
0
0.01482977774
0.01989890161
0.01051529978
0.02753923629
0
0
0.006195425167
0
0.03370858861
0
0
0
0
0.0136972375
0
0.0002866682029
0.04703954502
0.02083987678
0
0.005612582476
0
0.005527328579
0
0.01655548286
0
0.00733973001
0.006624635386
0
0.004910592672
0.01637257609
0.008523033383
0.05876615641
0
0.02837740281
0
0
0.06231680516
0
0
0
0
0.04644573989
0.02135606565
0
0.005292546111
0
0.02659915707
0
0
0
0
0.01464669368
0
0
0.06225010704
0.0086895028
0
0.03288756682
0
0.005596951376
0
0.005467486035
0.01737931742
0.006878031848
0
0.01542544178
0.00948315348
0
0
0
0
0
0.03152966077
0.02074999735
0
0.04113410597
0
0
0.006401803182
0.03319912178
0.01329876803
0
0
0.02873880666
0.01842409282
0.02236797299
0.03658155903
0.03325142319
0
0
0
0
0.003739691811
0
0.001615273905
0.0190856935
0.009115197026
0
0.03667017066
0
0.01960226778
0
0
0.009721253162
0.01921759699
0
0.001472333626
0
0
0.02441475163
0
0
0.02342837579
0.004761153832
0
0.02458385658
0
0
0
0.02318356759
0
0.01366756684
0
0
0.02777928054
0
0.02914885363
0.03740406952
0
0
0
0
0.01764526401
0
0
0.003403995771
0
0
0
0.008142679448
0.00824033039
0
0
0
0
0
0
0
0
0
0
0
0.007391240322
0.02923900656
0
0.0180962185
0
0.002879911642
0
0
0.0273064366
0
0
0
0
0.01051450117
0.06940356044
0
0.02874196149
0.006045177338
0
0.02626138027
0
0
0.05603669147
0
0
0.05494465264
0
0
0
0.01240684556
0.02141993116
0
0
0.03124028205
0.03113584559
0
0.01648138237
0.04608114498
0.002421844968
0
0.01820993289
0.03288151788
0
0
0
0
0.01264184775
0.01326658391
0
0.02321234152
0
0
0.03084958987
0
0
0
0
0.01138035418
0.0555446806
0.04712916567
0.03456444977
0
0.002524333471
0
0.006160986282
0.03978775779
0.02836640314
0
0
0
0
0
0.02186116303
0.02670224464
0.006389231684
0.06447467444
0
0.05112265833
0.03135795578
0.00669298844
0.01329160823
0.04165760594
0
0.01478577901
0
0
0
0.02693314483
0
0.002910217231
0.03624185769
0
0
0
0
0.01085351974
0
0
0.03276545183
0
0
0
0.00178679995
0
0
0.005688297596
0.02166815921
0.04898128567
0.002895769164
0
0
0
0
0.02965177389
0
0
0.01680044141
0
0.006397279419
0.01607139269
0.0128613724
0
0
0.01679450699
0
0
0.01009842946
0.04021913627
0.0003193383936
0
0
0.04255149177
0.003065855405
0.02563170604
0
0.07520614413
0
0.0106149345
0
0
0.01710895737
0
0.02464484615
0.01516882314
0
0
0.02506591961
0.005993211468
0.002851238118
0
0
0
0.01311049098
0
0.04039012792
0
0.01641604849
0.000550558751
0.005572313815
0
0.009971283368
0
0
0
0
0
0.0168567497
0
0.03095521594
0.007827429825
0
0
0.02070420043
0.05418615617
0
0.02102732927
0
0.03250168241
0
0.04427816802
0
0.03067897299
0
0.0003616322026
0.02955637822
0
0
0.03056751053
0
0
0
0
0
0.02463584004
0.01421121956
0.02216427861
0.003006408638
0
0.03350205788
0
0
0.004587513268
0.0261492553
0
0
0.04808950939
0
0.04082042714
0.006378983214
0
0
0
0
0.03149871002
0.02116056406
0
0.02107885966
0
0.004051336726
0.02313399268
0.007315501983
0
0
0
0
0.01070059328
0.05157313895
0.02180401945
0.01061286968
0
0
0.03434519323
0.02298046729
0.02886779246
0.02152050088
0.01823691392
0
0
0
0
0.02193960941
0
0
0.002389003743
0.03611157093
0
0
0
0
0
0
0.01719451192
0
0
0.001210875877
0
0.02033633895
0.007218379155
0.03434735344
0.006325671492
0.0006607814748
0
0
0
0.01119656653
0.01695392972
0
0
0
0.01079992636
0
0
0.03637644087
0
0.006332509863
0
0.04426686705
0
0
0.002574743325
0.02414510398
0
0.006648123023
0
0
0.01752802079
0.01259573583
0.02606060379
0
0
0
0
0
0.03510259921
0
0.03934755902
0.02875756354
0
0.009220388866
0.01333139564
0
0.02600077235
0
0
0
0
0
0.01381392026
0.0170616595
0
0.00E+00
0.001620447235
0.006413937649
0.01432424866
0.02110229418
0.0188072062
0.004229663868
0.01244688304
0.009967253871
0
0
0.0193486748
0.006810374806
0
0.00607574296
0.0450030287
0.002393913073
0.01597592259
0
0
0
0.004335412437
0.01594986414
0.01301340959
0
0
0.04304523317
0
0.00E+00
0
0.03299990958
0.01382744762
0.006615971232
0
0.03675365193
0.02072576139
0
0.01991585004
0.03174269082
0.01981186978
0.04031940363
0.01672989041
0
0.001804729718
0.01512445822
0
0.008234447971
0
0.007395350405
0
0
0.03209328454
0
0.009395617053
0.05061335646
0.004142177347
0
0.0009266876241
0
0.01854880242
0
0.04369306835
0
0.017808495
0
0.003815091184
0
0.03485370525
0.01552432208
0.02164272315
0
0
0
0
4.71E-02
0
0
0
0.03584795485
0.02123379584
0.02641542047
0
0
0
0.04199362629
0
0
0.03970857932
0
0.01799870144
0.03282660215
0
0.06853135261
0
0
0.00519035567
0
0
0
0.01025310948
0
0.03345059825
0
0
0
0
0
0
0
0
0
0
0
0.02945302469
0
0
0
0
0.06696743786
0.030643181
0.007033810619
0.01784191868
0.005840415954
0.0212984202
0.02734163984
0
0
0
0.01137593915
0
0.0008323052175
0
0
0
0
0
0.03139922861
0
0
0
0
0
0.01333391726
0.008709099763
0
0
0
0.0724047353
0
0.0005587005487
0.03834069072
0
0
0
0
0
0.05142770482
0.006514983149
0.02225156322
0
0.04585761297
0.002413188772
0
0
0
0
0.01004298537
0.007442438742
0.01425598487
0
0.008811647399
0
0.04459259593
0
0
0.02971589264
0.03090023959
0.01989136157
0.02150318961
0.0100637384
0
0.04897209999
0.00328457905
0
0
0.007652081913
0.002061946198
0.002800691244
0
0.01292973336
0.01829600772
0.01222595561
0
0.02528648693
0.01577984568
0
0.02243283855
0
0.02150968348
0.03413328324
0.03883408858
0
0.01632823878
0
0
0.008286555652
0
0.006435653349
0.01765227526
7.29E-05
0
0.002543215378
0
0
0.0002157894288
0
0.0101052602
0
0.005436105207
0.007444105759
0.03796408693
0
0
0
0
0
0.002452166495
0.006530386031
0.008255883377
0.04367239746
0
0
0.02561005285
0
0
0.04539078034
0
0
0.01070557037
0.007085808302
0.0498051345
0.01908259075
0
0.001925981146
0.03147483558
0.02206367766
0.01021334778
0
0
0.0103422767
0
0
0.03965168443
0.03103651887
0
0
0.004554601681
0.0006948726511
0.005277075613
0
0
0
0.02824777214
0.04256175515
0
0.04545202799
0.001216604631
0
0
0.002069166018
0.03890278243
0.008088225479
0.003735890687
0.01799454781
0
0
0.009806904336
0.02659531803
0
0
0.004674360206
0
0
0.008052395004
0
0.0157012892
0.02645579384
0
0.04765346102
0
0
0
0
0
0
0
0.003088683121
0.0289379877
0
0
0
0
0
0.02293889716
0.01657516555
0.02750327994
0.0223808028
0
0.02576913307
0.006521457853
0
0
0.02814119106
0.01907772849
0
0.0331217966
0.006245103217
0.02428585123
0
0
0
0.03211362
0.03224493067
0.05477247787
0
0.01212438083
0.01553517986
0
0
0
0.05897853185
0
0
0
0.03299697259
0
0.01851010378
0.03143847501
0.01466836498
0
0
0
0
0
0
0
0.02264291904
0
0.001253621513
0
0.003633493636
0
0
0
0.04818399015
0
0
0
0.02910756644
0.01131844487
0.02072648802
0.009439499745
0.01513443043
0.01674703902
0
0.04053967154
0
0.02965053709
0.0510694478
0
0.008069618543
0
0.005104287225
0
0
0
0.04924343732
0.02188242402
0.05548213891
0
0.01450987606
0.03658341332
0
0
0.02110557088
0
0.01497055517
0.0298880435
0
0
0.06202232057
0.00609575526
0
0
0.002353855344
0
0
0
0
0.03640587403
0
0.002043197362
0
0
0
0
0.01013917355
0
0
0.02342264352
0
0
0
0
0
0
0
0
0.04655633209
0.04345880363
0.02593051271
0.01361249742
0
0
0
0
0
0
0.03682326437
0.01394503313
0
0
0
0
0
0.027066634
0
0.0303454555
0
0
8.62E-03
0
0
0.02724669516
0
0
0
0.001817566708
0
0
0
0
0.01559467374
0.0005922629431
0
0
0.07391591594
0
0.04052809069
0
0
0.01449244009
0
0.02023840855
0
0.001314146802
0
0
0.004903164617
0.001909110576
0
0.009729132013
0.01084420438
0.01889630549
0
0.01542564977
0.03218641579
0
0.00154383414
0
0.03829524274
0.02431559289
0.02044513676
0
0.007236596901
0
0.04798565252
0.02653081437
0.02432757824
0
0
0
0.001437829682
0
0.0324310821
0.003905204965
0.02454815178
0.001728116064
0
0.005795487436
0
0
0.03256402787
0.02128622597
0
0
0.0129694033
0
0.01142764779
0.01134102656
0.01645981427
0
0
0
0
0
0.02505301386
0.0127693112
0.01220190412
0.03398823878
0
0.02718295375
0.02981402542
0
0
0
0
0
0.04489883535
0.03943888506
0
0.001963891509
0
0.03037357571
0.01243242097
0.02924592214
0
0.04131136432
0.001068317744
0
0.0342452401
0
0
0.002001440911
0.01146620761
0.01607365333
0
0
0
0
0
0.02490008008
0.001696687614
0.01933455606
0.02847828641
0
0.01522579042
0.008321953119
0
0.004402293102
0
0
0.03144010703
0
0.01718800465
0
0.03319078619
0
0
0.007842179046
0
0.0005361743926
0
0
0.008783826601
0
0
0.02679876345
0
0.003325633019
0
0
0
0.03006308613
0.007797706316
0.04486379203
0
0
0
0
0
0.04594183548
0
0.03471956525
0.02388223853
0.03373066753
0
0.0157450375
0.05177882784
0
0.01318514167
0
0
0.01955656964
0.03522089666
0
0.005794510585
0.008514854121
0
0.0101062788
0.01479537268
0.01366381928
0
0
0.00776964223
0.02570570147
0.007440676121
0.01507191574
0
0
0.01185595431
0
0
0
0.02996082338
0.006091607346
0.008544635188
0.02356954098
0
0
0
0.03049072238
0
0
0.004477534782
0.01309331694
0
0
0
0.02824352746
0.0254367498
0.02142255204
0.00796723905
0
0.02966966122
0
0
0
0.03399370315
0.03840992872
0
0.02338097463
0.01175364656
0
0.01000787644
0.04277410254
0
0
0
0
0
0
0
0
0.04230061406
0
0.01740864749
0.01853243505
0
0.01247594532
0
0.03073695522
0.0002191862224
0.02918658474
0.01399471935
0.007428756084
0
0
0
0.0501501566
0.01994988207
1.47E-02
0.03258844188
0.003643530939
0
0.005424514719
0
0.006961557398
0
0
0
0
0.01815486325
0.01975500905
0.009495542867
0.02467490298
0.01922422415
0.002454858563
0.003994753473
0
0.006665625005
0
0.01020161922
0.01634230742
0.01533412515
0.005521805909
0
0.01716440425
0.01923737354
0
0.03230951739
0
0.004503482746
0.02584501411
0.0475070474
0
0
0.002676479489
0
0
0
0
0
0.009265800643
0.02621884353
0.01895779596
0
0.01790458956
0.00337691899
0.007545148555
0
0.02209542433
0.007827184772
0.0502167182
0
0
0.01560220179
0
0
0.02688423288
0
0
0.05722944015
0
0
0
0.01377665705
0.03012531249
0
0.001943483396
0.02752218335
0
1.13E-02
0
0
0.02754353118
0
0.01788408559
0
0.01285494108
0.03035617564
0.03127510024
0.0005686542854
0
0
0
0.01401118585
0.01587324407
0
0.05402488565
0
0.03652680449
0.02414541426
0
0.05299394695
0
0
0
0.01767208215
0.04613798944
0.00E+00
0.00602450891
0
0.003865822318
0.02475567068
0
0
0
0.01404741737
0.02330363647
0
0
0.04148499302
0.01915086321
0
0.0338037329
0.005791716488
0
0.0273707772
0
0.02947874248
0
0
0.004213764663
0
0.01034350884
0
0
0.003382162981
6.65E-05
0
0.0157361253
0
0
0
0
0.0437997978
0.008423359416
0.01445686737
0
3.27E-04
0.006153699468
0
0
0
0.01330848319
0
0
0
0.02352707894
0.004693901595
0
0.007042137019
0.01331075265
0.02971402534
0
0.01702320015
0
0.02167729776
0.00E+00
0
0.03888757786
0
0
0.01872130755
0.01267041494
0.01174100353
0.01784035464
0.01580476722
0.005694735576
0.02019990437
0
0
0.04380277973
0
0
0
0.01191876282
0
0.04177290703
0.02899940772
0.01311533308
0
0.02360845559
0.01578491145
0
0.01291149147
0.02208166276
0
0.02367645761
0
0
0.008863839541
0.01082187531
0.03761494859
0.0002264653886
0
0.03010381681
0.001122878918
0.01812572567
0
0.01128254137
0.02664399733
0.02917965391
0.02707351924
0.04898072212
0.01377197222
0
0
0.002002730422
0.0006206324984
0
0.0005015674342
0.02481822017
0
0.03189416396
0
0.02572320278
0
0
0.03990991021
0
0
0
0
0.00979495745
0
0.01431279243
0.02165267389
0.01511342778
0
0
0
0.01330195304
0.008795879482
0.003290698467
0.02780845143
0
0
0
0
0
0
0
0.02549410084
0.01452855142
0
0
0
0
0.01064342444
0.0124773843
0
0
0.03012708448
0.003813878247
0
0
0.0004455169436
0.04145592869
0.001364465216
0.06713012601
0
0
0
0
0.04123625812
0
0
0
0
0
0.01001517694
0.007018297448
0
0.04294005126
0
0.006005911112
0
0.02145722194
0.009838614505
0.05640651477
0
0.04591497165
0
0
0
0.02428760123
0
0.04127048443
0
0.009930561117
0
0
0.03986876552
0
0
0
0.01804185065
0
0.029828333
0.01261827367
0.01579860768
0.001599415693
0.04921550565
0
0.005248517536
0.02456673572
0.01721455474
0.01052437787
0.009957839288
0
0.06323044057
0
0
0.02554836472
0
0
0
0
0
0.00932283934
0
0
0
0
0
0
0
0.002675536935
0.003307280357
0
0
0.006895475665
0
0
0.03650313977
0
0.05868679385
0.03319097042
0
0.02913349544
0.02680695676
0.0105836946
0.01245660548
0
0
0
0.02490399781
0.01038446487
0
0
0
0.02266416195
0.02927696354
0
0
0
0
0
0
0.006416264844
0
0
0
0.01936340046
0.001898279019
0.05296377676
0
0
0.00745778057
0
0
0.0146700143
0
0
0.02372375369
0.01703332284
0.007313478791
0.001334206602
0
0
0
0
0.04339243202
0.001146329595
0.002158463393
0
0.0373954341
0
0.007113236589
0
0
0.01830314026
0.002875250585
0
0.01637841974
0
0.004556058849
0.01751680978
0.02685957063
0
0
0
0.003160836343
0
0
0.0354359085
0
0.00733136344
0.02296732959
0
0.008510497163
0.02462335808
0.01652870772
0
0
0
0
0.05056182465
0.01194560328
0.04436457501
0.02142398031
0
0.01413997587
0
0
0.04927627414
0
0
0.02448608523
0.007316350719
0.002731053434
0.0383220475
0.0220613534
0
0
0.01494821031
0
0.0133192542
0.006896065776
0
0.01405001127
0.01147323787
0.03724092632
0.01105130936
0.02620138473
0.01509202208
0.003055021569
0
0
0.0258487893
0.01778639685
0
0
0
0.03384434566
0.001550571024
0
0.01316094506
0
0
0.0441031824
0.05346775941
0
0
0
0.004801933069
0
0
0.0147655333
0.02491382523
0
0
0
0
0.02388800723
0.004324791448
0
0.01068363918
0.01479150045
0
0
0
0.02999228465
0.03387357125
0.004474058897
0.008633611284
0
0
0.03560152716
0
0.02332196778
0.004419526618
0
0
0.002697575726
0
0.03664483737
0.0400923601
0
0
0
0
0
0
0
0.01129739653
0.003940183734
0
0.02162781058
0
0.002613859025
0.04829683211
0
0
0.03131456895
0
0.02597166396
0.007700868728
0
0.01272716817
0
0
0.03810078224
0.01624094114
0
0.01628326189
0.01006318232
0.02950233393
0
0
0.04200810677
0
0
0.01970856591
0
0
0
0
0.01585174414
0
0
0.005258016996
0.002865207089
0.01042981468
0.02164152255
0.02880230549
0
0.005797042091
0.01603038573
0.002913120169
0.03274911636
0
0
0
0.05405438844
0
0
0.03021066908
0
0
0.0235138413
0
0
0
0
0.03336572225
0.02512478538
0.0167464852
0.06022944111
0
0
0.00E+00
0
0.007776812878
0.0204770801
0
0.003538512528
0
0.01590552292
0
0.01465872425
0.008272741721
0.009643057549
0.01012339712
0.03157180446
0.01619206047
0
0
0
0.02288805756
0.02038732541
0.003632883022
0
0.00204452149
0
0.06424366348
0
0
0
0.02378767605
0.004999629897
0.03159173212
0
0.07017574125
0.02815237586
0
0.01916366412
0
0
0.01593686252
0
0
0
0
0.00896889294
0.05901993948
0.01894489281
0
0
0
0
0.005375255327
0
0.01268584741
0.02683141514
0.006177280167
0.0324637843
0
0
0.006978528702
0
0
0.01641159316
0.002502039051
0.02273617043
0
0
0
0.002127653812
0
0
0
0
0.03288912749
0
0.008372168524
0
0
0.0003147368355
0
0.01029473792
0.001136379345
0.002778431443
0.04415274116
0
0
0.01847548061
0.0214271877
0.03471906337
0.00983419351
0
0
0.04770810032
0.0004361029545
0.04581024767
0
0.00330954126
0
0
0
0.02197570219
0.007405733653
2.62E-02
0.01844565505
0
0
0.009692323704
0
0
0
0
0
0.03899984124
0.0008046828145
0
0
0.01790471905
0
0
0.007662436275
0
0.02753856949
0
0.006031878553
0
0
0
0.01244238677
0.04520651062
0
0.01601604374
0
0
0
0
0.04489021001
0
0
0
0
0.0002203694949
0
0.03063334815
0
0.01272068379
0.0004706254651
0
0.01555153466
0
0.009881227704
0.03123807959
0.02004662203
0.008429531846
0
0.02245734572
2.89E-02
0
0
0.05422892733
0.01324361166
0.004345915132
0.02660667412
0.0429125597
0
0
0.01416963862
0
0.006770671206
0.006129916504
0
0.02418208753
0.0206839218
0.02683898386
0.01182397
0.00346503887
0.04482064835
0.03280034208
0
0
0.02473014834
0.02031175206
0.0322330887
0
0
0.00556382876
0
0
0
0
0
0.06705420797
0.02405875165
0
0
0
0.01921489372
0
0.01225839081
0.01233533865
0.006341620863
0.002340345254
0
0
0
0.02300764064
0.00935697282
0.01014786233
0
0
0
0.02124287462
0.009677290307
0.02341477288
0
0.001413726291
0.01670522431
0.05495147494
0.01698768334
0
5.96E-05
0
0
0.01615853846
0
0
0
0
0
0.02575058256
0
0.001871362347
0.008148976798
0.003765780611
0.005285031819
0
0
0
0.0130970623
0
0.01510028694
0.01146513994
0
0
0
0
0.0514241094
0
0.0288861401
0.01862866652
0.006281982919
0
0
0
0
0.02156334859
0.02523578905
0
0
0.03781137367
0.05243415836
0
0.05831763071
0.01524784245
0
0
0.01746143894
0.02921071742
0
0.02058759297
0.04863376973
0.03016142109
0.02556707263
3.02E-02
0.04843460694
0
0
0
0
0
0
0.00356466268
0
0
0
0
0
0.02504676082
0
0
0
0.02042596757
0.03394398726
0.006606136488
0
0
0
0
0
0
0.01875676797
0
0.02109031668
0
0
0.01184748326
0.02824053169
0.01931944568
0
0
0.002883540907
0.01451778381
0.006082420567
0
0.02057747509
0
0
0.02135083644
0.001529821827
0.03927718303
0.006461615524
0
0
0
0
0.03962954216
0
0.02218617409
0
0.02972956834
0
0
0
0
0
0
0.04656387079
0.01870579158
0.01447602107
0.02626312388
0
0.02985538455
0
0
0
0.0110190764
0
0
0.02020568496
0
0.03591816217
0.001925386222
0.00118206219
0
0.00292201509
0.01561490957
0
0
0
0
0.01770283233
0.007546033503
0.01074019493
0
0
0
0.009717428448
0.05187334386
0.03275830724
0.0002774978903
0.04079622024
0.0196435728
0.03519147713
0
0
0.0002470163919
0
0.02692382577
0.004596936462
0.01892502937
0
0.01631526983
0.001813623445
0.003151186597
0
0.02517648239
0.03711311265
0.01480429773
0
0
0
0
0.006342750786
0
0.009803414479
0
0.03458012152
0
0
0.02212003292
0.007427708654
0
0.01852097754
0.001208873176
0
0.04196897318
0.01426114754
0.03957486094
0.00953194334
0.0151801098
0.02254722567
0
0
0
0
0
0.02133288121
0
0.01104546351
0
0.01609188515
0.01754087227
0.03092875038
0.008932153798
0
0
0
0.01178968639
0.04201680646
0.03011663684
0.05014279009
0.02333882492
0
0.01038796112
0
9.07E-05
0.001831297542
0.000591323154
0
0
0
0.01837393434
0.03933432058
0.04103099904
0.05297487904
0.02532793822
0
0.01304198157
0
0.008644057191
0
0.01225164925
0.01373682985
0
0
0
0
0.01568173412
0.0410496523
0.01730549594
0
0
0
0.005654820844
0
0.03088009396
0.004622311678
0
0
0
0
0
0
0.02360541767
0.003182103322
0
0.007954845687
0.0142024098
0.0456399435
0
0.02384660734
0
0.04114075218
0
0.002573137165
0
0
0
0.01953360623
0
0.02411826543
0.03294078778
0
0.0153499158
0
0
0.01964197194
0
0.007987345737
0.003656185263
0
0.01442437955
0
0
0.02687284958
0.009981446246
0
0
0
0
0
0.02784116317
0
0.01002605683
0
0.04335907747
0
0.01876598717
0.02783471193
0.02383461779
0.01198739337
0
0
0.01893754967
0.01148500882
0.01737768098
0
0
0.00259256168
0
0
0.003455100412
0.01233806339
0
0.01237005749
0.005362554097
0
0
0.0310247773
0
0.001810093198
0.00804412368
0
0
0
0
0.02198355182
0
0.02467712151
0.02024346945
0.02029214679
0
0.004488185257
0
0.01015213665
0
0.01952995748
0
0
0.01398852184
0.04781691652
0
0.03392449358
0.01015206029
0.004820039686
0
0.02892221827
0
0
0
0.0315647559
0.01725921222
0.02143500459
0
0.02819303429
0.02682566471
0
0
0
0.02664865188
0
0.02804408001
0
0.02077835061
0
0.01932027364
0
0.06047663691
0
0.009614240364
0.001105321539
0
0.01442609063
0.02208120574
0
0.009052778276
0
0
0
0
0.02743899055
0
0.04168995666
0.009530714776
0
0
0.03507763911
0
0
0
0
0.004035543749
0.01713796604
0
0
0.00193240104
0
0.004956841874
0.01912962025
0.009723945637
0.02413586967
0
0
0
0.02686121033
0.009535368359
0
0
0
0.01393914715
0
0.01445488668
0.02982429363
0
0
0.01608667386
0.02506622254
0.01240835433
0.03555722594
0
0.006986577575
0.01224374854
0
0
0
0
0.03120477128
0
0
0
0.01869243811
0.005174675634
0
0
0.01923065192
0.03954205147
0
0
0
0.01154990597
0.04786065387
0
0.02406449862
0.004753443298
0
0
0
0.04802169074
0.01372120396
0.002143568713
0.03982299178
0.02909376823
0.03698390314
0
0
0
0
0.01723438298
0
0.009147028268
0
0.004522884827
0.01213651291
0.01879519083
0.004268741296
0
0.006394086263
0.0419845915
0
0.002432361129
0
0
0.003336615772
0
0.03370073575
0.02148463084
0.00893002705
0
0
0
0.00145082418
0
0.04042410572
0.02592592065
0
0
0.05055018093
0.04140506521
0
0
0.00586698987
0.0297750279
0
0
0
0.02265273237
0
0
0
0.003012221511
0
0.004467957957
0
0
0.01982215301
0.01607324235
0.01010448529
0.0003231273603
0
0
0.01337504584
0
0.007833009652
0.006020451202
0.01058439638
0.00247309152
0
0
0.006675043628
0
0.05523191902
0
0.02748980674
0.0432040705
0.004767819522
0.009896945792
0
0.04824353752
0.01590496665
0.01272326998
0
0.02703352948
0.01014835328
0.01242736459
0
0.01091920804
0.003991547362
0
0.005441835823
0.005499535517
0.01811675919
0
0
0
0.01904312945
0
0.00307514228
0
0.02847409802
0.02789636262
0
0
0
0
0
0.02629723856
0.03524990596
0
0.005994912708
0
0.02327285777
0.01758352169
0
0
0.03466031481
0
0.02250714348
0
0.008489773291
0.05589328738
0.0008433105069
0
0.00183281176
0.03028406123
0.02106910314
0
0
0.02918658593
0.0406443092
0
0.03782235937
0.02305207818
0.006686205081
0.014328938
0.01437831675
0.001334787986
0
0
0
0.0330380547
0.02569987362
0
0
0
2.03E-03
0
1.58E-02
0
0.01080463506
0
0.03321399883
0.03727484274
0
0.009920976095
0
0
0
5.40E-03
0.01631950104
0
0.02904585205
0
0.005512491322
0
0
0
0.01442268987
0.03569217133
0.003458873137
0
0
0.02542983218
0
0
0.01357569047
0.03217204551
0
0.01518899716
0
0
0
0
0.01208529808
0.02174778222
0.02488991491
0.02091332255
0
0.01976603324
0.007572096079
0
0
0.03034482273
0
0
0.0149043266
0.03218581595
0
0.03604973338
0.01307408772
0.01120919698
0
0
0.01822293655
0
0
0
0.01970304762
0.02534413099
0
0
0
0
0.02514979072
0.003446677953
0.0104321898
0.004124225405
0
0
0
0
0
0.002443087351
0
0
0.04951356789
0.0002674085768
0.06191114547
0.04317219257
0.02855056056
0.04833011697
0
0.0204246917
0
0
0.006898395051
0.01207862043
0
0.01128512047
0.00912809213
0
0
0.05146069098
0
0
4.05E-02
0
0
0.02954978263
0
0.04501006371
0
0
0
0
0
0.04283912354
0
0.04611025362
0
0.0113154948
0
0
0
0.008484177612
0
0
0
0
0
0.03336031359
0.006236909432
0.009485735986
0.02727216358
0
0.002431987086
0.01122559981
0
0.02178476016
0.03248326846
0
0.01091767495
0
0.02350619682
0.02298702469
0
0
0
0
0.02929370094
0.003695555367
0
0
0
0
0.01159855926
0
0.04623477818
0
0.01123660099
0
0.03185676991
0.01013623729
0.01257144992
0.00651123556
0.01600833817
0.02629275339
0.01348620642
0
0.0006517468513
0.02367787577
0
0.02933293954
0
0
0
0.04417314042
0.04747245791
0
0
0
0
0
0.004075557506
0.0162927263
0
0
0
0.02046532742
0.00661057595
0.02231912826
0.04018565488
0
0
0
0
0.03972761182
0
0
0.004602195494
0
0.005664722086
0.007142608962
0
0
0
0.02965544665
0
0.003346952277
0.02529769184
0.005833492148
0.01156950768
0
0.01235938295
0.007882964032
0.01538742594
0.0246255327
0
0
0.001578901104
0.01689685795
0
0.01737264728
0.0009966261878
0.01112662619
0
0.02848566615
0
0.002497669316
0.008628271257
0
0
0.01030819332
0.008487767933
0.02367773875
0.01265375364
0.01023414305
0.0003960048615
0.007005290225
0.02028290591
0.003243260663
0.01301966374
0.02702420716
3.26E-02
0
0
0
0.007001917571
0
0
0.03145584618
0.01578509034
0
0.005068995266
0.009156447591
0
0.004124211743
0.04373784839
0
0.002595494918
0
0.02438186494
0.03381839185
0.004616066736
0.002815985446
0.001194691752
0.03339113033
0
0
0.02758460819
0.003108581833
0.01773003912
0.01809570235
0.01798911139
0.02212172156
0
0.01117983459
0.02327842438
0.03756137202
0.00288167231
0.02950027044
0.009115477516
0
0.0111691816
0.02559959871
0
0
0
0
0
0
0.04749507325
0
0.02726384785
0.02113348986
0
0
0.01818116507
0
0
0.01385774276
0.001721146731
0
0
0.008765316183
0
0
0.0006801515686
0
0
0
0.004393304458
0.01933345701
0.01863091302
0
0.02027874533
0
0.02127720194
0
0
0
0.05598728701
0.02335998568
0.02452851475
0
0.02703758552
0.006775943032
0
0
0
0
0.01877135751
0
0.01093601596
0.03811518659
0.02108466244
0.01644853
0.003052968623
0.01984425233
0
0
0
0.0201090748
0.006605486011
0.004842157376
0
0.02608332646
0
0.02228912877
0.01576335283
0.007647984828
0
0.01204846653
0
0.0276497117
0
0.01522580064
0
0
0.003312747908
0.01068717417
0
0
0
0.007804448565
0
0
0.03403615446
0.02865083194
0.0006417035783
0
0.03335043304
0
0.0184559413
0
0.04785315195
0
0
0
0.02795802779
0.02429927975
0.0006415096044
0.02684341438
0
0.004230579239
0.02959774755
0.006132276426
0
0.01597711771
0.03099338681
0
0
0.05520467557
0
0.006501330747
0.05368330913
0
0
0
0.02651221129
0
0.01980555384
0.004492767955
0.002083765563
0
0.03246523175
0
0
0
0
0
0
0.008829744552
0.02366983826
0
0
0.003046910557
0.007579790006
0.03034739661
0
0
0.02878842822
0
0
0.01723539828
0
0.003030559944
0.008752522852
0.00134910168
0
0.01969903665
0.02202701095
0
0.02145619965
0.0377038686
0.02653564116
0.0112007008
0
0.01739838515
0
0
0
0.01139594891
0.01236962289
0.02050415593
0
0.01398938864
0
0
0.05730421589
0
0
0.02116902936
0
0
0.01630046948
0.004579118525
0
0
0.03959927503
0.00151707011
0
0
0
0.02010644265
0.00E+00
0
0.03049965228
0.03412209227
0
0
0.04042264681
0
0
0
0.02480988037
0
0.03351130498
0
0.01869400008
0.007884477914
0.000339726788
0.01603313566
0
0
0.003128725394
0
0.004368135219
0.03609320811
0.03395920913
0.002571646011
0.01252716781
0.01713839896
0
0.01017546527
0.03758062811
0.04329569709
0
0
0.005364789703
0
0.03508520008
0
0.004681416395
0.004205889906
0
0.01235418402
0
0
0.02101003522
0
0.006190558903
0
0.01448829338
0.01630729029
0.04362994484
0
0
0
0.003087584314
0.009865559194
0.004167463458
0.05052224149
0.03389406723
0.01901118018
0
0.01846696384
0.0194670134
0
0.02843931457
0
0
0.01725643134
0.00E+00
0.03049057689
0.01353985408
0
0
0
0
0.01436200966
0.01915772928
0.04182805638
0.01426786143
0.001052322746
0
0.0001058401799
3.53E-03
0.001870894602
0
0.03252122479
0.01009931787
0
0.01108773185
0.03599685187
0
0.003346439505
0.0009188839974
0
0.02297539892
0
0
0.03262299784
0.008927334576
0.01826411214
0
0.007116591404
0
0.02198247674
0.01303211561
0
0.03529444443
0
0.03131495772
0.01251146358
0.006259097138
0
0
0.008258938833
0.0009173377096
0.0149794007
0
0.01877679946
0.01450283213
0
0.0222002776
0
0.005348390785
0
0
0
0.01756687343
0.01601336026
0.006247842664
0.01715955949
0.01160269572
0
0.03445863232
0
0
0
0.0007715813449
0.02989992067
0
0.0009375623823
0
0.02983037726
0
0.005125721187
0.003951116075
0
0
0
0
0
0.0165598148
0.01290158941
0
0
0
0
0
0.001229038905
0.01158440887
0.01434833897
0.009929318432
0.01027671431
0
0
0.008189516555
0
0.04728907455
0
0.02063793975
0.04578953414
0.01281635862
0
0.001676970602
0.03581781494
0.02382010326
0.01383056419
0
0.02654468402
0.0250971141
0.01232373282
0
0.004506196751
0.01321760098
0
0
0.034611418
0.03131771201
0
0
0.01001639448
0.004684797726
0
0.03016719653
0
0.02006143134
0.008341511726
0.01278348835
0.02133929221
0
0.01746273227
0
0.02776848006
0.02420504987
0
0.0001608614369
0
0.0295389381
0.01673264629
0
0
0.007551691586
0
0.01891129531
0.0167730905
0.001933994051
0.04598996719
0
0.002449674234
0.01503787581
0.03428328556
0.002097917848
0
0
0.007651624062
0.0251461169
0
0.0585259932
0
0.01621863304
0.01689397058
0.002440211831
0
0
0
0.04212163555
0
0.006401700993
0
0.01512328878
0.03036833223
0.032986858
0
0
0
0
0.005218650761
0
0
0.0488276007
0
0
0
0.006384919176
0.01286206386
0
0
0
0
0
0.005075302467
0.002938323427
0.009314674481
0.01411994924
0
0
0.02632909492
0
0
0.0115440208
0.01357222259
0.003293280548
0
0
0
0
0
0.01717106816
0.01324417819
0.001502593489
0.03889758991
0.001631370178
0.005284836095
0.02176990722
0.01458502112
0.04160579652
0
0
0.05043718938
0
0.003760873362
0.03964915533
0
0
0
0.01730505838
0
0
0.01433534954
0.01357163869
0.02976967502
0
0.026227229
0.01125568904
0.02691358947
0
0.0157623867
0.05502381574
0
0
0
0.007100254347
0.003733555451
0.0213741913
0
0.04976358108
0
0.001513363714
0.02998529638
0.02267609652
0
0
0
0
0.00896998463
0.002290554203
0.007837311687
0.00476100473
0.006608651508
0
0.0293661521
0.04660326982
0.01123080346
0
0
0.03636497016
0.02266713749
0.04545452551
0
0.01373181167
0.01730475892
0
0.0006932861002
0.008511978088
0
0.01432193443
0
0
0
0.00328649459
0.04023072093
0.03631839544
0
0
0
0.01486482017
0
0.01416458882
0.04981315771
0.04035480393
0.03566856355
0.01704685058
0.0006471213764
0.003114896961
0
0.04094972059
0.009301141738
0
0.01580944466
0
8.88E-05
0.007969275579
0
0
0
0
0.04814675524
0.02283157628
0.007703255239
0
0
0.01997032027
0
0.01768428652
0.009148464195
0
0
0
0
0.02615029644
0.0301893541
0.001499465188
0.002602205203
0
0.005301720718
0.006083627833
0
0
0
0
0.02753306266
0
0
0
0
0
0
0.02247656238
0
0
0.01708517864
0.003246539494
0
0
0
0.02042532512
0
0.03588837895
0.006978217106
0.02375494443
0
0.01034948478
0.02962122281
0.0120091153
0
0
0
0
0.03289305035
0
0
0.03809109611
0
0.03365729353
0
0
0.02275473671
0
0
0
0.01105043972
0.02101883722
0.01115810122
0.02150965137
0
0
0.00694568622
0.04806815349
0.03741320255
0.01920376282
0
0.001780198824
0
0.003392783926
0
0.0148822375
0.01881993178
0.01953765
0.006932234578
0
0
0.002812992973
0
0.01596614853
0.04577232639
0
0.00E+00
0
0
0
0
0
0.05349726753
0.008213147308
0
0
0
0
0.003902627875
0.02252057915
0.002364792207
0.03338286342
0.01880453286
0
0.05011057557
0
0.008373202556
0
0.02999114073
0.003006579106
0.02244121311
0
0.01465832898
0
0
0
0
0
0
0.02395984997
0
0.01447836733
0
0.02063837809
0.02560801382
0.01163458536
2.72E-05
0
0.02621951343
0.05388961209
0
0.01053246744
0.01308685182
0
0.005691237883
0.002512960541
0
0
0.01869451999
0
0.00959252431
0.01693343384
0.02919339578
0.03240333519
0
0
0.03151663231
0
0.007358066378
0
0
0
0
0.01323268855
0.03251045516
0
0.01830306488
0
0.01821290755
0
0.0182948251
0.01104737699
0.03765846449
0
0
0
0.03362199163
0.02382765615
0.03268566533
0
0
0
0
0.01330390796
0
0.02127993635
0
0.00E+00
0
0.0009138518167
0
0.0128720781
0
0
0.01831588043
0
0
0.01417520772
0
0.02397269102
0
0
0.03363842464
0
0.04960672404
0
0
0
0
0.01218036845
0.04506506933
0.03372213188
0.00842911666
0
0.01523458169
0.00189142651
0
0.01913400031
0.03838815539
0
0.00207199502
0.04112569044
0
0
0
0
0.02619535535
0
0
0.01708924005
0
0.008712504675
0.02277758286
0.0378396211
0
0
0.02113964437
0
0.03987664189
0
0
0.005031690285
0.02288883994
0
0.005574980308
0.01468932745
0
0
0
0
0.01712908397
0.01692964119
0
0.009168754524
0.04645971758
0.0317511795
0.04308257703
0
0.005784189181
0
0
0.008906238846
0
0
0
0.01712674471
0
0
0
0.01225360257
0.06788776954
0.02941190394
0
0.008135690258
0.01503392691
0
0
0
0
0.06903998059
0
0
0
0.0009868834175
0
0.01143003458
0.02255971176
0
0.01472014564
0
0
0.02013331198
0
0.001799866386
0
0
0
0
0
0.03765250165
0.02130318493
0.01731918572
0
0.005845477517
0
0
0
0
0.000405118217
0.00237763693
0.02362678262
0
0
0.05377985306
0.005029255111
0.03217481205
0.016680001
0
0.01845075528
0.03085209405
0.03544967505
0
0
0.006000766431
0
0
0
0
0.01008975363
9.05E-05
0.0548786744
0.01828779627
0.009276992973
0.0159982339
0.002494065739
0
0
0.0540021091
0
0.001797318104
0
0
0.01205375421
0
0
0.06691835232
0
0
6.95E-02
0.03185237455
0
0
0
0
0
0
0
0
0
0
0
0.05272202261
0.002610001988
0
0
0
0.02723285597
0
0
0
0.003478185912
0
0.01872202155
0.01978596898
0.009925962986
0
0.0003854748395
0.01176406952
0.02129101775
0
0
0.01391092164
0
0
0.01157220961
0.04879360164
0
0.03831967662
0
0
0
0
0
0
0
0.02016745769
0
0.02273130939
0
0.0460973785
0.009625355015
0
0.01981255019
0
0.04956707456
0.03230124082
0.04873324269
0
0.002523735804
0
0
0.0002782766776
0
0.01050693228
0
0
0
0.02815080087
0
0
0.008082324417
0
0
0
0.01847831804
0
0.06874938997
0
0
0
0
0.01677547149
0
0.03728464737
0
0.0197419127
0
0
0.04304730133
0
0
0.01071822651
0
0
0.001757153098
0
0.01406886656
0
0
0
0.03200520748
0.02817997654
0
0.01441775908
0.02506951689
0.04812408519
0.01867221169
0
0.03791065519
0.02034389325
0
0.005421914405
0.01547384729
0
0
0
0
0.01420338734
0
0
0.01856194691
0
0
0.01741378247
0.008395619017
0
0
0
0
0
0.008985086534
0.01784661519
0
0
0
0.008583075356
0.008123353149
0.03305280122
0.03246603193
0.02654063581
0.01683937759
0.006659814618
0
0.01538196705
0
0.007901693182
0
0.03003846395
0
0
0.03719944408
0.01545168586
0
0.02003764998
0
3.56E-05
0.0312273493
0
0.008637386009
0
0
0
0.03222887301
0.01229111022
0
0
0.03375122512
0.01444815823
0
0.01087388826
0.03513695604
0
0
0
0.02997891622
0.02133821214
0.03687382314
0
0.005367401345
0
0.04914890078
0
0
0.0258263374
0.01647266213
0
0
0.02490637568
0
0.001094983597
0
0.002532978649
0
0
0
0
0
0
0.04908730995
0.02093779207
0
0.02427849097
0
0.01399506173
0
0.04139255309
0
0
0.04806302213
0
0
0.04031813618
0.01947438678
0.006599682307
0
0
0
0
0
0
0.00565398243
0
0.001494375437
0
0
0.002479166487
0
0.01431565604
0
0.02670179445
0
0.004687844446
0.001971247088
0
0
0
0.03816623457
0
0.01136075303
0
0
0
0.01001228805
0.02340669793
0
0
0
0.01282584943
0.005675597013
0
0.04864643574
0.01912348258
0.02052938124
0
0.0085606295
0.005004896253
0
0
0.0392895017
0.05061958604
0.01477119078
0
0.01835427619
0.0003725367521
0
0.0009497962958
0.0620231461
0.00919788565
0
0
0.01898125116
0
0
0.04109617078
0
0.02396171603
0
0.01595813148
0.04779668914
0.01829227665
0.02481751939
0
0.01494213646
0.03635881641
0.0271796494
0.006550429916
0
0.03809222498
0.01194923954
0.03252644165
0
0
0
0.02805559712
0
0
0.01051346783
0
0.04292115706
0.008183531555
0.01346576976
0.001982084384
0
0
0
0.01257413903
0.000292716843
0.04281159737
0
0
0.0125274728
0
0.01197554205
0
0
0.00E+00
0
0
0.006877470976
0
0.01505811306
0
0.01793738628
0.007182587122
0.04580901517
0
0
0
0
0
0
0.02945003221
0.007088746155
0.007069730656
0
0
0.009793095109
0
0.01875706012
0.01719295808
0
0.02166603783
0
0.01144820743
0
0.02223776777
0
0.02640608142
0
0
0.005740519788
0
0
0.04461997118
0
0.03666730342
0.03347905599
0.001445093734
0.005895708248
0
0
0
0.03126653017
0.03262716668
0
0
0.01827900435
0.05386884707
0
0.02571993119
0.03353605889
0
0
0
0.02282396199
0
0.04024712798
0.01722402989
0
0
0
0.02893643239
0
0.01113456259
0
0
0
0
0.02056643967
0
0
0.007001878907
0
0
0.0333227163
0
0.02115446625
0
0.0002979480344
0.03436730947
0.02346021635
0.01014108411
0.01104932109
0
0
0.004222574009
0
0.006951281694
0.02100996489
0.03134359301
0
0
0.00222210086
0.03563969688
0.02976381353
0.003378698454
0
0
0.04627158995
0
0.009109953846
0.04036685633
0
0.005820912809
0
0
0.04704399165
0
0
0
0.008452739295
0
0
0.009934411652
0.0138614504
0
0
0
0
0.0006457528354
0
0
0
0
0.01481435394
0.001649049566
0.01069740687
0.01770961007
0.006353279057
0
0
0
0
0
0.01211742627
0
0
0.00689790394
0
4.20E-04
0.06389228459
0.0313707784
0.03386763421
0
0
0
0
0.0111662382
0.06044372915
0.004466489253
0
0.06479788819
0
0
0.02155558387
0
0.0245127752
0
0
0.06396977084
0.0004003287623
0
0.004027280107
0.01920420587
0
0
0.05739813982
0
0.0001258323713
0
0.004115066958
0
0.03354725816
0.005938868317
0
0
0
0
0
0
0
0.006777549036
0
0.03375835203
0.06030259811
0.02935274031
0.05325967573
0
0
0
0.003209694515
0
0.02261153684
0
0.03038264648
0.01064363938
0
0.03496002626
0.0001164677903
0.04118455429
0
0
0
0
0
0.0364264139
0
0.01354484885
0
0.009264816073
0.01869727382
0
0
0
0
0
0.01831665749
0.005257545031
0.008571780727
0.02053620168
0.04103423864
0
0.02386706658
0
0.01235963646
0
0
0.01784146906
0.03150315974
0
0.02336479441
0.04489253381
0
0.009356486595
0
0
0
0
0.001733058362
0.03890303254
0.004782079073
0
0.02208791151
0
0
0.01513825697
0.03309283645
0
0
0
0
0
0.03647180623
0.02392544353
0.01822041916
0.03109469692
0
0.03562731767
0.05166881933
0.01578709689
0.0269084713
0
0
0
0.01532604492
0
0
0.02116758589
0
0.01706218059
0.03005061621
0.002097638445
0
0.0152451015
0
0
0
0
0.005947795838
0
0
0.01684747158
0
0.008691965984
0.01348431988
0.008471468077
0
0.02824176159
0
0.001066737583
0.02475778936
0.00503341299
0.009327253056
0
0
0
0
0
0.03877491713
0
0
0
0.009167842648
0
0.0002971377687
0.0322441725
0.01548694237
0.03686017704
0
0
0.008005108538
0
0.01312856065
0
0.0001696672869
0.0007110134154
0.0108713498
0
0
0
0.004787796799
0
0
0
0.009819635991
0
0
0.0271886481
0.02285311601
0
0.007174101755
0.01610642317
0.02158835577
0
0.03386630636
0.004629515961
0
0
0
0.04890024874
0.01749296624
0
0.01003793389
0
0
0
0.03750998701
0.03679013484
0
0
0
0
0.009668189703
0.05258600058
0.01031105683
0.01222296096
0
0.04569659974
0.02734279019
0.02472760053
0
0.01078771495
0.007766906356
0.02091343517
0
0.001502839389
0.001299780806
0
0.03195042805
0.008383602154
0.008615933333
0
0.01615089818
0.0314765475
0.02272784317
0
0.004124312414
0
0
0
0.03593955451
0.008416675453
0
0
0.02607902376
0.01886566289
0.01539409144
0.04088734423
0
0.02807523272
0.001665206013
0
0.0119597092
0
0
0.001442706055
0.01217199894
0
0.001386625203
0.06311199299
0.001165325446
0.03493752424
0
0.05681312407
0.06388832787
0
0
0
0
0.02791332892
0
0
0.01616837719
0.05708133048
0
0
0.02659648228
0.01569775567
0.01844903644
0.001913664771
0
0.04280510754
0.04791083568
0
0
0
0.02109464541
0
0.00E+00
0
0
0
0
0.06953899677
0
0.01133426422
0.00642830983
0
0
0
0
0
0.01089093086
0.02133560269
0.01423214902
0
0
0
0
0.0323786258
0
0
0
0
0.01316225201
0
0
0.02867926646
0
0
0
0.0355557595
0
0
0
0
0.005227249897
0
0
0
0
0.0173244176
0
0
0
0.006113488286
0
0.01662870488
0
0.03702196779
0
0
0.05593016917
0
0
0
0
0
0.006916633833
0.002884335805
0.01437297374
0.0007776953133
0.01189863661
0.01351032892
0.05730905178
0
0.01838436263
0
0
0
0.02645579525
0.001286176995
0.04639838761
0.009581451588
0.003206869004
0
0.02209699344
0.02696019278
0.0236662607
0.004953450149
0
0.01994721668
0.005744673543
0.02239128649
0
0.005895964194
0
0
0.01602385389
0.0132769688
0
0.03775366275
0.01255939418
0
0.02120171329
0.002033727797
0
0
0
0
0
0
0.02184507651
0.03228605167
0
0
0.004715605065
0
0
0
0
0.04019927684
0.001124800957
0.02569702186
0.03979171136
0
0
0.02130282294
0.01098036565
0.02290329479
0.03424241106
0
0
0
0
0
0
0
0
0.009249157864
0
0.03437764368
0.02099480371
0
0
0.006172134336
0.01733748605
0
0.03651736138
0.0207868242
0
0.01168375888
0.007588006182
0
0.04675949718
0.01690613426
0.01380334036
0
0
0
0.02752368972
0
0.04655148364
0
0
0
0
0
0.001643773659
0.01513541875
0.01083050707
0
0.00E+00
0.03406295811
0.02716918054
0
0
0
0.02496539366
0.008157687941
0.001366647261
0.0667819506
0
0.01455058619
0.03448525454
0
0.004943891428
0.001925938143
0.002349907083
0.03982956278
0
0
0.02270850846
0.03446720592
0.01310823916
0
0.0292705393
0.01355943515
0
0
0
0.01277328521
0.01817981237
0
0.01489503171
0
0
0
0
0.03647205622
0.02129732668
0.02208564413
0.0309211345
0.01938214064
0.0251479609
0.002455225633
0
0
0
0.03125295017
0
0
0.004429605807
0
0.006568575213
0.05911156008
0.008320751792
0
0
0
0
0
0.005790571902
0.03809538043
0
0
0
0.01781590531
0
0
0.000294715743
0.04129065025
0
0.03014437151
0
0.006314810765
0
0.003477624043
0.01798310333
0
0
0.007302503414
0
0.03827476475
0
0.02526395188
0.01000894015
0
0.01614769806
0
0.05198630487
0
0
0
0.009996677132
0.004098594239
0
0.01177873227
0
0
0.0006404947691
0.006054435697
0.03147596083
0
0
0.01692767443
0.0151427979
0
0
0.02690357017
0.02067488628
0.02698791606
0.002962166549
0.005800487607
0
0.004931721192
0.001391018195
0.01628341744
0.02679195172
0.04458324254
0.0005056180668
0
0
0.006713506928
0
0.006339916273
0.005528449571
0
0.005835794787
0.006331421056
0
0.01155552207
0.009626425758
0
0.04283885683
0
0
0
0.01029534415
0
0
0.02094358192
0.02367514094
0
0
0
0
0
0
0.0293453762
0.03114823609
0.02734965398
0
0
0.05034350324
0.03323983138
0.002089004037
0
0.03443560344
0.008909789352
0.008972924379
0.02177788726
0.02016346084
0.01088292117
0
0
0
0
0.01292360904
0.0324877875
0.00605268255
0
0.007184687523
0
0.006718305625
0
0.02641010903
0.02023239308
0
0.03189332287
0.01462346167
0
0.02242718614
0.0004233982177
0
0.03337559573
0
0.008859731951
0.02414457946
0
0
0
0.02109616076
0.01797206677
0.004282488995
0
0.02807296172
0
0
0
0.01833791641
0.02373672833
0
0
0.0005162068308
0.02313316666
0.002973866558
0.03683888007
0.005183104521
0
0
0.0004468156851
0
0
0
0.01382432683
0.01139875719
0.002907633367
0.02074850977
0.004553052508
0.003342928456
0
0.03585660737
0
0.03929557627
0
0.01515825683
0.001749964403
0
0
0.02921949928
0
0.01993963297
0.01189896468
0.02352370877
0
0.0242554601
0
0.02174999243
0.008785397967
0.02538458301
0.02138483575
0.02714944291
0
0.008985373018
0.01468839189
0
0.01069549084
0.0257280615
0.02590371681
0
0
0
0
0.002618229176
0.03242530512
0.004698794683
0
0
0
0
0
0.02553248315
0.02562732741
0
0.03683935677
0
0.01708161171
0.01582981749
0
0
0
0.01439742758
0
0.01718203457
0.04539513248
0
0.01008625618
0.003242552378
0.01319942203
0.02480004237
0.002956901487
0.01036811388
0.04286728536
0
0
0.02185973858
0.01309625419
0
0
0.007536905704
0.003932716771
0
0.003154002037
0.00518683886
0
0.006532920359
0.03494950803
0
0.01734641249
0.01003358737
0
0.01451902336
0
0
0
0.01307606369
0
0.01388801371
0
0
0.01850474269
0
0.05173276124
0.0578260268
0.003814779613
0.01438967209
0.04134134078
0.008132769943
0
0
0
0.0280417536
0.01514571662
0.001619252304
0.01422712771
0.03056997476
0.01743968348
0
0
0
0
0
0
0.01137101131
0
0
0
0
0
0
0
0.02443807202
0.03585760095
0.003273967202
0.03261164999
0.006720411308
0
0
0
0
0
0.004243023433
0
0
0
0
0.02802358785
0
0.0003527926211
0
0
0.009431676098
0.006054379414
0.03948753813
0
0.02711243246
0.0381277777
0
0
0
0.06618604485
0
0.00127890298
0
0.02318459237
0
0
0.0483810517
0.01137557914
0
0
0.001270468664
0
0.03642826979
0
0.001569506046
0
0
0
0.05962955547
0
0.02101835505
0
0
0
0
0
0
0.05351115006
0
0
0.02390421694
0.01463799586
0.04076871156
0.02332800382
0.001799937713
0.03087871353
0
0
0.01590977741
0
0.01996764157
0
0
0.004006385381
0.02378441583
0
0
0
0.02527267901
0.03036092068
0
0
0
0
0
0
0.008980617263
0.02579014991
0.01473420612
0
0
0.02230973237
0
0.05466166297
0.02127511042
0
0.01721736361
0
0
0
0
0
0
0
0.01167439648
0.05397092494
0.01924118253
0
0.031129901
0.04036238597
0
0.01330291214
0
0
0
0.0210816835
0.03581366096
0.02483795966
0.01504869986
0.0430976926
0
0
0.003862910882
0.02179045859
0.002009755764
0
0.0097611148
0.03954693799
2.42E-03
0
0.03127853436
0
0.004049402027
0
0.03361269085
0.011760355
0
0
0.02204476578
0
0.02117337882
0
0.01457436503
0
0
0
0
0.01913363727
0
0.01668136649
0
0.02000789264
0.0005382898785
0
0.02744379367
1.48E-03
0.00E+00
0
0.01540407815
0
0
0.02674910095
0.004834720126
0
0.02265150729
0
0.05246810598
0
0
0.00510373009
0.004208075027
0.03394823312
0.01391270632
0.03382353079
0.01796353873
0.03267180149
0.01556601356
0
0.02777635689
0
0
0.02163316142
0.02937087845
0.02429279415
0
0
0
0.00E+00
0.007148862876
0.0021590808
0
0
0.01346128823
0
0
0.02091190069
0.01375151358
0.01902309986
0
0.01454009327
0.00180041891
0.01086641152
0.04471198565
0.002636069809
0.0136061432
0
0
0
0
0
0
0
0
0.001375933864
0
0.02661324218
0
0
0
0
0.03539960278
0.01231139824
0.02803060467
0
0.02998496355
0.02988308347
0
0
0
0.04364532952
0
0
0
0
0.01574303381
0
0.02461260385
0
0.01561501533
0
0.01232059089
0
0.01991084117
0
0
0.02258792735
0
0
0.04577400432
0.002504262672
0.004493037283
0
0.04105552341
0.02293448982
0.009861298728
0
0
0.04759393352
0
0
0.007741977884
0
0
0.00102599825
0.01422770772
0.02856799121
0.02826125675
0
0
0
0
0.008299290526
0.01477146439
0.03234737254
0.01696034618
0.01903870322
0.01033358522
0
0.03166838791
0
0.02151274123
0
0.0431481417
0.02395851566
0
0
0
0
0.02984054867
0
0
0
0.00416925888
0.02470918886
0.02225727191
0.01137545212
0.0348796047
0.01024996061
0
0.007447531081
0.006707181231
0
0.02348011709
0.02915734528
0.01981855521
0.002399637419
0
0
0
0
0
0
0
0
0
0.02451407061
0
0
0
0
0.02231373372
0.009670900715
0.04145036962
0.01825384802
0.02197587335
0.02779607479
0
0
0
0.008494179982
0
0
0
0.02646469283
0.001094096532
0
0.02118684608
0
0.0150215491
0
0.01804313179
0.003259326884
0.01929628925
0
0
0.01191084714
0
0
0.0212002191
0.01402321458
0
0.01799385611
0.02036198619
0.01349825673
0.01679955934
0.009407169237
0
0.05298355482
0
0
0.02237319793
0
0
0.02699138588
0
0.008299318995
0.001821368885
0
0.002625775123
0.007516094818
0
0.003716455213
0.06393216299
0
0
0
0
0.02667749007
0
0
0.03784710907
0
0.03681665644
0.001984430716
0.0287340256
0.01260430764
0.008025178204
0
0.03424060973
0
0.01687678458
0.005081594941
0
0
0.04514236609
0
0
0.04438953108
0.04358043859
0.01200632582
0
0
0
0.06516633249
0.0320014184
0.006871407
0.008213014418
0
0
0
0
0.03381915735
0
0.0297303345
0
0
0
0
0
0
0
0.003360900587
0
0.01755421678
0.002271534661
0.006973751331
0
0
0.03009865292
0.01177688912
0
0
0
0.02926239819
0
0.02188679059
0
0
0
0
0
0.008493044916
0
0.02478599092
0.0190839945
0.02571579686
0.009092624281
5.51E-02
0.01131772937
0
0
0
0
0
0
0.03331116705
0
0.0009385861376
0
0.009121711541
0.0351230965
0
0
0
0
0
0.0202773947
0.01773093402
0
0.02745720435
0
0
0
0
0.04207474069
0
0.01778520062
0.009232824085
0
0.00829912408
0.04437348886
0.01351516753
0.005569289497
0
0.004108690224
0
0
0.002391741633
0
0
0.04110862213
0.0210798544
3.92E-02
0
0.017785887
0.0036943257
0
0
0
0
0.01845998334
0
0
0
0
0.01821023666
0.01752177949
0.01248273918
0
0.01898449276
0.02784294498
0
0.02167765908
0.002810967855
0
0
0.02749517045
0
0
0.02763231451
4.53E-05
0.005988052519
0
0.022942024
0
0.01922476584
0.02626365415
0.02479726027
0
0
0.03160829989
0
0.03331945876
0.002221374659
0.03093845109
0
0.003499362029
0
0.02603888767
0.02743814637
0
0.05831004439
0.0126518109
0
0.02540310387
0
0
0.004697453544
0
0.008480683737
0
0
0
0
0
0.01875297106
0
0
0.05829083436
0
0.004915633136
0.0003685108336
0.02502251329
0
0
0.01904866641
0.01133005778
0
0
0
0
0
0
0
0.0182508559
0.002508588602
0
0
0
0.01725235605
0.02814595505
0
0.0006001663065
0
0.009211507874
0
0
0
0.007531304401
0
0.007840519918
0.03553357893
0.005070246719
0.01626033561
0.005175525671
0.02463918956
0.006179331923
0
0.02371721501
0
0.02068806261
0
0.004061299061
0.009670527255
0
0.02511830917
0.04114830259
0.0295556229
0.01225501227
0
0.02257250706
0
0
0
0.02439001695
0.0201691257
0.007924928335
0
0
0.01306160911
0
0.01903740467
0.01134686815
0.05237809896
0
0.01571700661
0.03358617584
0.02393572173
0
0
0.02760261702
0.02163390669
0.03511922539
0.009278001111
0
0.01274219403
0.01388606848
0.007761238363
0.004608312604
0.004848229979
0
0.04703017874
0.005897709083
0
0.02068570154
0
0
0.006731774232
0
0.0272910314
0
0.006874445725
0.01029751393
0.01106241383
0.01034119381
0.04095529227
0
0.004430529905
0.02717166975
0
0.01883875144
0
0
0.02125512635
0.01939616019
0.03412461081
0
0
0
0
0.01238116641
0
0.01313602622
0.01241100756
0.01339480416
0
0.00204707592
0
0.027981306
0.03660064477
0.02258111186
0
0.01777114382
0.005456160087
0
0
0.02140402667
0.01062424975
0.03025060266
0
0.001878359636
0.01272451266
0
0.05948225774
0.03805069282
0
0.01428952847
0
0
0
0
0
0
0.03765576994
0.04996247011
0.04565561049
0.01191701426
0
0
0.02250803443
0
0.01515875595
0
0
0
0.02319492625
0
0.02034830141
0.004236535698
0.0008405547189
0
0
0.0188125545
0.01796502179
0.01137919636
0.0001812929089
0
0
0
0
0.01081522045
0
0
0.0182377596
0.01334844199
0
0
0
0.02406010197
0
0.004554881804
0
0.03493713614
0
0.01239255335
0.02301809118
0
0.03348893984
0
0.006702071626
0.0139814918
0
0
0
0
0.005819498845
0.002490495619
0.0420570942
0
0
0
0.04245876394
0.004580844255
0.01935374212
0
0.04204272337
0.03030413572
0.0123418196
0
0
0
0
0.02218561572
0.0255672622
0
0
0
0
0.02360554612
0
0.01269998766
0
0.02743174569
0.00E+00
0.01006464738
0.004756440834
0
0
0.06572642241
0
0.0101170883
0
0
0
0.01861343826
0.03698305546
0.02122073454
0.005146776595
0.03595569456
0.03752508603
0
0
0.01012698507
0.02396399703
0.01044365589
0
0
0.007635605547
0
0
0
0
0
0.01495641861
0.01519198676
0
0
0
0
0
0.01888749635
0.02037019301
0.02531153196
0.04624770002
0.002670142125
0.04321202221
0.02329022099
0
0.0290048571
0.00E+00
0
0
0
0.007963417192
0
0.008175979413
0
0
0.01587357613
0
0
0.01674647768
0
0
0.01530241178
0.01600507792
0
0.008802261376
0.01051716318
0.0003893965173
0
0
0.01173746848
0.02116795995
0
0.05085972428
0
0.02883693839
0
0
0.03466737248
0
0
0
0.0007615514925
0
0
0
0
0
0
0.03159805828
0
0.007818253846
0
0.05709840463
0.003018302767
0
0
0
0
0.005553786996
0
0.01891258691
0
0.03429711736
0
0.008328040522
0
0
0
0
0.004939325155
0
0
0.03102032035
0
0
0
0.003157177948
0.02881174721
0.01584823836
0.0370442954
0
0
0
0
1.53E-02
0.005981300932
0
0.05146125657
0
0
0
0.02072864637
0.03782295967
0
0
0.001838854406
0
0.01438112091
0
0.04571567207
0
0.04646074903
0
0
0.008230678712
0
0.01962768103
0
0.05186058471
0.006092327875
0
0
0
0.02565958408
0.02247728937
0
0.01133049052
0
0
0
0
0
0
0.01410793464
0
0.02869006726
0.05252221202
0
0.03674457555
0.04253177624
0.05257387724
0.02348203749
0
0.02890280412
0.007355174481
0
0
0.01919528937
0
0.02071843826
0.03301739605
0
0.01371095532
0.05967011665
0.03801034769
0
0.01411606889
0
0
0.001964730649
0
0.01648100346
0
0
0
0
0
0.02177151573
0.04262230883
0.02087983672
0
0
0
0
0.0268190756
0.04163710386
0.01874772541
0.03544549035
0
0.005106577629
0.004923507457
0.03703020596
0.04242933481
0
0
0
0
0
0.01596788771
0
0
0
0
0
0
0
0
0.02671982178
0
0
0.007867970234
0
0
0.002082112946
0
0
0.04114185744
0.01037397597
0
0.01108501667
0.03170932216
0
0.03147561494
0.02072300965
0.001527791291
0
0
0
0
0
0
0.03513516063
0
0
0
0.04869751004
0.02796831007
0
0.0331776334
0
0
0.02251288039
0.01846842786
0
0.01234502014
0
0.0005713462632
0
0
0.0200566185
0
0
0.03139339011
0
0.004455153898
0.05469197685
0.0006175509518
0.01092072027
0
0.003930618761
0
0
0
0
0
0.01486831174
0
0.02919997968
0.001884636024
0
0.03743860197
0
0.04013090434
0
0.0008693620066
0.0216039663
0.008519489048
0
0
0
0.03596478312
0.01153925997
0.009968294581
0.02708187928
0.01934052552
0
0.02014663319
0
0
0
0
0
0.008917075894
0.01157600694
0.01973737862
0.02814666547
0.03966812294
0.003734015332
0.02727511727
0.02832254476
0
0.02122304208
0
0.004053408744
0.02950356432
0.003122374763
0
0
0.002978469956
0
0
0.04926137898
0.02554197931
0
0.007447011083
0.03189052358
0
0.01461770024
0.02666133277
0
0
0
0.006110823563
0.01054197843
0
0.02788613636
0.02811270171
0
0.01527237251
0
0.005187346854
0
0.01501906362
0.01104760706
0.03341153874
0
0
0
0
0.01639734369
0.003023812806
0.007363977384
0.004178684403
0.03085428964
0
0.03855570918
0.00369362998
0.002709718381
0
0
0.01573054628
0
0.009407343998
0.004600988345
0.01949671195
0
0.014757582
0
0.01440575329
0
0.001156170527
0
0
0.05371112058
0.02304373509
0
0.02937650166
0
0
0.001542304893
0
0.00567683469
0
0
0.01169193926
0
0
0.01483461591
0.04298498043
0
0
0
0
0
0.01310582206
0.003535834337
0.03064425327
0.03844873439
0
0.007411378262
0
0
0.04475127445
0
0
0.01899455381
0.01023216771
0
0.0276173286
0.01734481403
0
0
0
0
0.02922160016
0.013385424
0
0.03474520209
0
0
0.02651239202
0.006911524612
0
0
0
0
0.02639830879
0.007358478223
0.02751990135
0
0.006328622574
0
0.02950467653
0.03123343887
0.002261311085
0.003549492137
0
0.01286259325
0.01336480521
0
0
0.0103954069
0.01778927179
0
0
0.01722037657
0.02827622836
0
0.04557874563
0
0.005302517062
0.03428979749
0
0
0
0.02309252506
0
0
0
0.02393794649
0.0115635099
0
0.04382688258
0
0
0.05426679791
0.01140213942
0.005795719958
0
0
0
0.00466474592
0
0.04119366419
0.009160669911
0
0.02571055974
0
0.02946300018
0.06883749017
0
0.003950555871
0
0
0
0
0
0.04662436651
0.05066594931
0.01269476627
0
0.01603115624
0.02481775821
0
0
0
0.0256882143
0.03410861147
0
0
0
0.00962036271
0.01864128339
0
0.002282636446
0.004900566613
0
0
0.04859671224
0.00143361163
0.03924276494
0.009964613575
0
0
0
0
0
0.006471526337
0
0
0.00490390662
0
3.58E-05
0
0
0
0
0.01241067848
0.00439867191
0.009607327627
0
0.0174445938
0.04367496505
0
0
0
0.04542990288
0
0
0
0.01505416491
0
0
0.01341215819
0
0
0.0292924161
0
0.01975613225
0.01693248082
0
0.04210748561
0.01022233846
0
0.007468636442
0.06113653623
0
0.01389701144
0
0
0
0
0.01268188865
0
0.04317925113
0
0
0.02467277763
0
0.01751524034
0
0.003310056306
0.02842183485
0
0
0.009281007125
0
0
0
0
0
0
0
0.00382888611
0
0
0.04363256464
0.003287892848
0
0
0
0
0.02423405353
0.01789193035
0.005824666533
0.001208423634
0
0
0.04793468267
0
0.02967060042
0.01566921962
0.01715514885
0
0.001322235941
0.03059127688
0
0.004664819446
0
0.00E+00
0.01550660023
0.01751164553
0.03053340521
0.04826507429
0
0.004307069304
0.005197658415
0.01401897502
0.01806948516
0
0
0
0.002067346927
0.0292133195
0
0.02642355704
0.007998985944
0
0
0.009295331907
0.04802751212
0.03178922865
0
0
0
3.70E-06
0
0.01562083808
0.0276405488
0.04678130238
0.008105892524
0
0.0278641435
0
0
0
0.02533726258
0
0.0005279977516
0
0.007654559415
0.01874228347
0
0.01555117789
0.02809275513
0
0.03571977762
0
0.01919540009
0.002093235746
0.02544201442
0.007844405775
0
0.0458078309
0
0
0.01968780973
0.0162762718
0.003679397773
0.006176895439
0.0493340084
0.01379074147
0.01716310222
0
0.04636623793
0.006657019017
0.0257536959
0
0.02466625438
0
0
0
0
0.005449112448
0.05296779154
0.008494866439
0
0
0.02677769463
0.01382926408
0
0.002709564625
0.03458968275
0.01065902861
0.002764366498
0.02726442867
0.02151696529
0.01896383059
0
0.005044290725
0
0.001824948465
0
0
0.02324664026
0.01936981359
0.05637720096
0
0.005960216827
0
0
0
0
0
0.00303709581
8.79E-03
0
0
0
0.02405966199
0.06498413379
0
0
0.001338157238
0
0
0
0.03023321966
0
0
0
0
0
0.004446182254
0
0.04692547764
0
0
0
0.003496748505
0
0
0.04402494511
0
0
0.006865268094
0.01158176168
0
0
0
0.04664264464
0
0.04401231177
0.02911495139
0
0
0
0.00780736736
0
0.008422320845
0.002388702352
0
0
0.01422012336
0
0.003503056376
0.06716185373
0.005398588234
0
0
0.001012936191
0
0.01978699597
0.02273436739
0.02952089617
0
0.004601254254
0
0
0
0
0
0
0
0
0.002968354651
0
0
0
0
0
0
0
0
0.02732909727
0.03556181041
0
0
0.01918960071
0
0.003063881359
4.78E-05
0.04808860098
0.005547890409
0
0.005861962052
0
0
0.004986431046
0
0
0
0.005787360487
0
0.002758519727
0.02975357889
0
0.06291272169
0
0
0
0.01774914079
0.006256211741
0.01658506425
0.002592527934
0
0.02136993258
0
0
0.04039514724
0.05376998979
0.01734130881
0.01976711786
0.04615271856
0.04127232693
0.04246251913
0
0
0.01775518763
0.02481437028
0
0
0.02257535916
0
0
0
0
0
0.008992813593
0
0
0
0
0.02094208475
0.01581189008
0
0.02130405919
0
0.0165219108
0.02924092254
0.03737458265
0
0.02164030999
0.008815624754
0
0.02401898553
0.01761402171
0.04362502152
0
0.01172480578
0.01134059987
0.03059359258
0
0
0.001369010278
0.03199696566
0.0002073906743
0.01973408335
0
0
0
0.004133905353
0
0.02469068409
0.02101087005
0
0.03197795055
0
0.03532660321
0
0
0
0.01818984741
0.02687053925
0.0278402131
0
0.0453871607
0.02034358253
0.0001160729122
0.0001931478262
0.005916914925
0.006992198063
0
0
0
0
0
0
0.009799060323
0
0
0.01541235075
0.00766297697
0.01063049705
0
0
0.03750905684
0.004588694745
0.03707369192
0.04213977594
0
0
0
0.03490194716
0.005515923786
0.03413960224
0.02243969689
0
0
0
0
0.003723656258
0
0
0
0
0
0.01963123254
0
0.01157260726
0
0.01020182214
0.01433006415
0
0
0
0.03874041564
0
0
0
0.04785463106
0.02195917663
0.01621994792
0
0.01949668114
0
1.09E-05
0.03876672748
0
0
0
0
0
0.03842487137
0
0.0249835669
0.03567873209
0
0.01080848965
0.02155189827
0.05237240051
0
0.04241168659
0.003145273182
0.01066894434
0.005808606297
0
0
0
0
0
0
0
0
0.01437783087
0.01547744424
0.005274959549
0
0.008750579545
0.0107901823
0
0
0.009030922462
0.007572272765
0.02640993416
0.04587962812
0.01362923219
0.007236630933
0
0
0.003052245548
0.01838705835
0.02688323738
0
0.01750705623
0.02919996073
0.03081643717
0
0
0.008468924825
0
0.007845473894
0.001399266832
0.0092159391
0
0.0308409955
0
0
0.00334353619
0
0.02991319024
0.00E+00
0
0.01276989339
0
0
0.0351742515
0.002673230544
0
0
0.03089162598
0
0
0.00956307529
0
0.0435788991
0
0.004307703442
0
0.003064861056
0
0
0.05602620495
0
0
0.01713595188
0.01769158286
0
0
0
0.03384639003
0.01017860873
0.03156931785
0.0103635622
0.01347232115
0
0.002208021376
0
0
0.02284995581
0.02453482814
0
0.01911023138
0.02386899202
0
0.0211476937
0.05826294757
0
0
0
0.006038923451
0
0
0.005491306448
0
0.03693565191
0.01399408226
0.03983059532
0
0.01321306964
0
0.02035173977
0
0.000302184656
0.03832948352
0
0
0.01923388758
0.006478874252
0
0.00596209633
0.01204428633
0
0.007644476921
0
0
0.02635581503
0.02354645296
0
0.005981527072
0
0
0
0
0.02737876696
0.002451847482
0.0003762400375
0.01136040026
0.01405134021
0.003611450586
0.01238219047
0
0.004220569455
0.004778687458
0.02055440077
0.0102482418
0.004506205229
0
0.03866218914
0.02169192085
0.01483247505
0.01258857903
0
0
0.02230945049
0.02159177402
0.006110807481
0
0.03673929057
0.00E+00
0
0
0.002471271172
0.01338991457
0.00683071757
0.002964550474
0.03027209106
0.04297374742
0
0
0.01063784494
0.02245039781
0.01761679309
0.02512856815
0.0085070064
0.00306118757
0
0.02663703059
0.01314929368
0.02933660723
0.04481627779
0.01297983806
0.01371569161
0.01080374539
0.0135123411
0.0260116739
0
0.008516698264
0
0
0
0
0.01952884748
0
0
0.01764358597
0
0
0.004862997907
0
0
0
0
0.02919046957
0.01144165555
0.01216057818
0
0.02546896159
0
0
0.01118724538
0
0.01103151872
0
0
0
0.004567772547
0
0.01811987928
0
0
0
0
0
0.05509200292
0
0.03470725058
0.00718022775
0
0
0.002932808991
0
0.04584398505
0
0
0.001478039984
0.00463522854
0
0.03106463673
0.01637708611
0
0
0
0
0.03417110894
0.0435498961
0.001488974609
0.05082631173
0
0
0
0.0305606077
0.032795548
0.0127372556
0.001083397586
0.01332525655
0.0400718027
0
0.01698675393
0
0
0
0.01246429108
0.0401659875
0.0470594901
0.01624326405
0
0.01122384694
0.02175966957
0
0
0.01297314066
0.02109711834
0
0
0.01695497537
0.01055443307
0
0.004707901918
0.004906372554
0
0.008248286048
0
0.008670218222
0
0
0.01955251388
0
0
0.02793801185
0.02350252126
0
0.02342899142
0.003221990747
0
0.04712470528
0.01812600921
0
0
0
0
0
0
0
0.0469954249
0.031553779
0.01337295178
0
0.01150042095
0.005957280976
0
0
0
0
0.03120010532
0
0
0
0
0
0
0.03367183785
0
0.01950718058
0.02700652664
0
0.003499318598
0.004415050573
0.03262639821
0
0
0
0
0.005271487529
0
0
0
0
0.03997496943
0
0
0
0.009177841621
0
0.004499838008
0.01031293132
0
0.0575847449
0.01145097992
0
0
0.035129534
0.001263653189
0.02033808466
0.05144534748
0.0272840013
0
0
0
0.02226623481
0.005435069081
0
0.01717282425
0.05526279604
0.05713129356
0.03508264799
0
0
0.007126667327
0.03194745747
0
0
0.0160354516
0
0.006989935477
0
0
0
0
0
0
0
0
0.05092026302
0.02544686081
0
0
0.00455191846
0.0193292015
0
0
0
0
0.002190699712
0
0.0217850212
0.01145584641
0.01696373633
0.01535700105
0.04250938517
0
0.01204396915
0.008679124789
0.00E+00
0.03360294009
0
0
0
0.0307680877
0
0.02378595003
0
0.03226423321
0.001417755313
0
0
0.01351283985
0
0.02304797553
0
0
0.01671122955
0.05612690094
0.03242280668
0.03553893979
0.00632589618
0.01768270278
0.02792435204
0
0.01100819624
0
0
0.01713508083
0.001374496858
0
0.01590528908
0.02013342555
0
0.04701460948
0
0
0.0006645999975
0
0
0.002563314373
0
0
0.03942306159
0
0.005270813574
0
0.01546006136
0.001923492889
0
0
0.001038811972
0
0.04802936544
0
0.04149501826
0.005505300592
0.001263816372
2.20E-02
0.009646555966
0
0
0
0
0
0.0216048991
0.002512836234
0
0
0
0.02825939326
0.008178793169
0.04053629749
0
0
0
0
0.0162140851
0
0
0
0.01492154187
0.04090393571
0.02967186928
0.004215610408
0
0.006848323846
0
0
0.03817497098
0.02787313926
0.007019974821
0.007071054823
0.0008362775117
0.01569145702
0.01073510988
0.005669298538
0
0
0
0
0.04206336836
0
0.02132786112
0
0.03927759784
0
0
0
0
0.03585504981
0
0.01539253133
0.01020636461
0
0
0.01347226404
0.02361457642
0
0.03734516051
0
0.0004621892642
0.02330726359
0.01928903227
0
0
0
0.002603821539
0
0
0.03018282545
0.02819269818
0.001657800853
0
0.0195436739
0
0.04066202788
0.03512331641
0.01170849226
0.01613156804
0
0
0
0
0.05679759764
0
0
0.01922983927
0
0
0.0334484005
0.03990489027
0
0
0.01160836562
0
0
0
0
0.008707487687
0
0.0280310533
0.02654247563
0.01694864695
0
0
0.01364742892
0
0.02795659637
0.003765930988
0.001740436941
0
0
0
0
0.01544050279
0.04088706231
0.01586764471
0.0154302833
0.02709487434
0.04853338135
0.01448760822
0
0.004812335114
0
0
0
0
0.02115832627
0
0.0007692743949
0
0.01404665511
0
0.0200541198
0
0.01409852818
0.03437870011
0.01261525968
0
0.01772725858
0
0.027843821
0
0.005821210909
0
0
0.001019825542
0
0.03911006428
0.02237446968
0
0.002723541471
0
0.01687629315
0.00747969173
0
0
0.03437256205
0
0.007872930861
0
0
0.008708971043
0.02495183285
0.03558812063
0
0.006442654035
0
0
0
0
0
0.02020278278
0
0
0
0
0
0.008785646702
0
0.01044041157
0.0269931412
0.02760313037
0
0.04334587527
0.02801344262
0
0
0.05232221087
0
0
0.02534772054
0.01523224257
0
0.006895880909
0.01798665925
0
0
0
0.007389314113
0
0
0
0.009468364014
0.0501929032
0
0.005392685908
0.01277491292
0
0.008921759909
0.002853462567
0.0374848125
0
0.01331021783
0
0.01268446247
0
0
0.003437702961
0
0
0.02654733655
0.01047039065
0.03185690491
0.01957212858
0.004037779522
0.01632519929
0
0.03224596723
0.00E+00
0.02305682057
0.02835417199
0.0135552133
0
0.02689260859
0
0
0
0
0
0.0006769154154
0
0.02680317372
0
0
0.03003636231
0
0.05642278401
0.00212793913
0
0.005176298027
0.01027870265
0
0
0
0.02331372003
0.01663434942
0
0.006903500729
0.007597572185
0
0
0
0.009146933053
0.01849914383
0.004291175958
0
0
0.02449730346
0
0.007349940275
0.01307631831
0.04025007776
0
0.02126726136
0
0
0
0.02075494567
0.04894994207
0.02133434327
0.004037268279
0.01324963719
0
0.00154404538
0
0.04725652236
0.03263341409
0
0.002071649804
0.02051079822
0
0.01001349494
0.0316833304
0.001099673119
0
0
0.00710701433
0.02087783013
0.03532117698
0
0.004803660388
0.007712598767
0.02800930407
0.007273952156
0.009696626887
0
0.00106429425
0.03252887336
0.05080140667
0
0
0.0157128272
0.001761530525
0.02305547535
0
0
0
0.02260721117
0
0.02050704959
0.02603247363
0
0.02381689928
0.008360407025
0.009660846589
0.03212845989
0.003350108679
0
0.01030735463
0
0
0
0.01801408201
0
0.06646757562
0.009623736609
0.02552406796
0
0.01794190562
0.01827308631
0.002359851006
0
0
0.00501753993
0
0
0
0.001533380964
0.04025146062
0.02240888839
0
0
0.008955410523
0.03294500228
0.01007723003
0
0.002728018065
0.01533126762
0
0.04103054927
0.01782260564
0.01950099907
0
0
0
0.03463020735
0
0
0.04799337262
0.02158482945
0.03755567474
0
0
0
0.01001846551
0.02278065118
0.003356231873
0
0
0.004898545438
0
0
0.02547512
0.01210467237
0.05019192577
0
0
0
0.0006371440758
0
0.0065019332
0.006092871933
0.001340011491
0
0
0
0
0
0
0.04256330029
0
0.008241415279
0
0
0.01249983888
0.005909625863
0.0453948422
0
0
0.01627427861
0
0.003940386734
0
0
0.05940207446
0.00469305861
0.06242829583
0.009106281447
0.0255794038
0
0
0
0
0
0
0
0.01518220254
0
0
0
0.04583076296
0
0
0
0
0
0
0.01248511974
0.02837552148
0
0.03697817503
0
0
0.002410080104
0
0.04225324005
0.006749822414
0.004720386151
0.01101248538
0
0
0.02691997839
0.01855031195
0
0
0.01542195607
0
0
0.007496667637
0
0.004676891082
0.03032967321
0.02175029834
0.04073870756
0
0
0
0
0
0
0
0.01326536226
0.02583446244
0
0
0
0.0142799533
0
0.008389784843
0
0.03213956337
0.04129371217
0
0.02467502368
0
0
0.007469966104
0.03471516833
0.01806356664
0
0.01824227707
0
0.004500218129
0.008018192195
0
0
0.02586909049
0.02750773443
0.04913571333
0
0.0003532488392
0.01903122825
0
0.02580693023
0
0.03935835412
0
0.009785789107
0.005406735257
0.01323629938
0.01082603821
0.003499015187
0.03828761227
0.02287460628
0
0
0
0
0.0001642548434
0
0.001335484347
0.02292747299
0
0.00E+00
0
0
0
0
0
0.05003459918
0
0
0.01744622756
0.05535700058
0
0
0
0
0
0.03893762153
0.005586238582
0.009871530201
0
0.01636149723
0
0.03062889432
0
0
0.01384104378
0.001566441071
0.00828050175
0.01639116404
0
0
0.007965290737
0.0211012774
0
0.004123537865
0
0
0
0
0.04575095007
0
0.02299961898
0.02127594504
0
0.0165346087
0
0
0
0
0
0
0.02735759419
0
0.05922785578
0.01803828255
0
0.01439956577
0.01835026639
0
0.03840281834
0
0
0.007835482561
0.01305491253
0.02964981503
0.05207220841
0.02425877235
0.004397674041
0
0.003277376913
0
0.002811557981
0
0
0.01492119781
0.041768016
0.005092877399
0.003893088559
0.032574621
0
0.01246895901
0
0.02143107686
0.002713199439
0.02018919341
0.004167857921
0
0
0.04508435658
0.002749105713
1.64E-02
0.002655168816
0
0
0.02468969357
0.03964418343
0
0
0
0.02322412136
0
0
0.03095077402
0
0
0
0
0
0.004890460544
0.02904720728
0.02705767589
0.008494391738
0
0.01356552117
0
0
0.02310119413
0
0.01279334747
0
0
0
0
0
0
0.02580367005
0
0.01659967679
0
0
0
0
0
0.001363648875
0.01852673651
0.01638318747
0.0108064231
0.006470011007
0.006103937189
0.00229258485
0
0
0
0.02373169486
0
0.02077742657
0.05051527591
0.02643477224
0
0
0.01944009547
0
0
0
0.03575026133
0.02746809182
0.03174101316
0
0.007259371652
0.01718806369
0
0.0117844314
0.03554228307
0
0.003166726913
0
0.02778652684
0.01121695202
0
0.01313354497
0
0.0212427453
0
0
0.02593438178
0.0009976764453
0.03977570847
0
0.02147119829
0.03024823524
0.01319142788
0
0
0.06107246188
0
0.006241178243
0
0.0078451474
0
0.006546423537
0
0.028701108
0.01983716573
0
0.03936133657
0.01396393508
0
0.002942522941
0
0
0.006944515513
0.02490523195
0
0.03320434647
0.01479717346
0
0.01689022484
0.0386449927
0
0
0
0.02849583525
0.05592748379
0.04097120402
0
0.0007704822316
0
0
0
0.02754741904
0
0.01318751052
0
0
0.03046787237
0
0.03583489558
0.02875231089
0
0.005785307522
0.009606756246
0.02498958148
0
0.03044715396
0.0290217554
0.02770456142
0.0218615321
0.01229692806
0
0
0
0.0405369079
0.01395879589
0
0.01433373791
0
0
0.0002087051433
0
0
0
0
0.0474962323
0.01079624084
0
0
0
0.0380409188
0
0
0.02536871286
0
0
0
0.005429683352
0.006297920695
0.01064745702
0.00392208262
0.02169428242
0
0.02145709216
0
0.01553662576
0
0
0
0
0
0
0
0
0.008720411289
0.002082795951
0
0
0
0.01965231592
0.0138435247
0
0
0
0.009329862241
0
0.04151756717
0
0
0
0.02407852468
0.04044932321
0.02540632305
0
0
0.004193682269
0
0.03722982669
0.01410980313
0
0.02475577451
0
0.02683837845
0.008397901189
0
0.01031039898
0
0.004613454919
0
0
0.006638573282
0
0
0
0
0.003473860477
0.02605083075
0.02683393518
0
0
0.01713602513
0.01199053839
0.02127166541
0
0
0
0.03406156271
0
0.01543604223
0
0.0004766603548
0.02409241761
0.01374831659
0.03416883231
0
0
0.0296221893
0
0
0.0114010117
0
0.03521651738
0.009925534917
0.007623991759
0
0
0
0.01762111794
0.01805367975
0
0.004005542874
0.05267806659
0
0.01563632882
0
0.002541831327
0.01033840346
0.008189017517
0
0
0.001070750044
0.0250852955
0
0.0233323625
0.02311282243
0.00910580618
0.008988254518
0.003691015231
0
0
0
0
0.02463353789
0.04107168796
0.007009573348
0
0
0.008163880865
0.01704441784
0.003489636538
0.05337949147
0
0.0332852074
0.0002904943907
0
0.03701898237
0
0
0
0.01897939086
0.0494643982
0.002407880127
0
0.01901030399
0.0136534621
0
0
0.02710085624
0.0113781507
0.0334199938
0
0.01138210873
0
0.02027389115
0.01312461694
2.66E-02
0
0
0.003145536318
0.02206073779
0.009052510017
0.02919546753
0.01237325349
0
0.01756617447
0.02097698312
0.02162635043
0.03162527064
0.02111381901
0.01548494551
0
0
0.00E+00
0.006860038317
0.03263830889
0.005287707282
0
0.007596836237
0
0
0.010954269
0.001965068334
0
0.0318748558
0
0
0
0.01588696799
0.01844968028
0
0.00454678404
0.02200556857
0.0005845312436
0
0
0
0.005999045595
0
0.008056227837
0.006760672817
0.03519093433
0
0.01240355546
0.04490266789
0.01311777179
0
0
0.00859142906
0.02497100017
0.01137922789
0.005051705964
0.01358790963
0.0157922083
0
0
0
0
0
0.01190179098
0
0.02821903726
0.01840694765
0
0
0.02149397743
0.03308959572
0
0.02005782735
0.02568405446
0.01631467381
0
0.0425776916
0
0.02744216
0.03012862307
0
0.0262790726
0
0
0.008515985596
0
0.03163372728
0.003884116243
0
0
0.02450658486
0
0
0.003072506642
0
0
0
0.01834364705
0
0
0
0
0
0
0.009285177882
0
0
0.00E+00
0.01175606544
0
0
1.02E-02
0
0.004307295664
0
0.01371596215
0
0
0
0.007367967069
0.02089148739
0.0423010337
0.01541411032
0
0
0
0
0.01861471043
0
0
0
0.0330994434
0
0.01228312496
0.05721395945
0.01318796238
0.01165864498
0.008895242458
0.02209571465
0.01009387185
0.00627351158
0
0.02761264942
0.01189142745
0
0
0.03435317878
0.007927295512
0
0
0.04354861077
0.01187069639
0
0
0.03041234806
0
0
0
0.007517365317
0.01824193167
0.03221259164
0
0
0
0.02068850479
0.001923795886
0
0.05574622397
0.02953876036
0.0006865432983
0
0.02315402057
0.008937729179
0.01938829019
0
0.01942770792
0
0
0
0
0.01957844178
0
0.04636804998
0.00508944657
0.02563275256
0.02356041883
0
0
0.003128489682
0.04494686788
0
0.007611864521
4.02E-02
0
0
0.02273240358
0.0273908354
0
0
0.003295480822
0.002937227616
0.01196539079
0.04261109773
0
0
0
0.01327504775
0
0
0.04469301366
0.01496323617
0.03373734912
0.007316738738
0
0.04082251589
0
0
0
0.01797914955
0.02256517692
0
0
0
0.0005471256767
0.01852527925
0
0
0
0.01600655882
0.009908096838
0
0.0233563271
0.03062674576
0.01340336912
0
0.02871960848
0.00530199974
0
0.0464626081
0
0
0
0
0.0243600624
0.03106931601
0.001385276174
0
0
0
0.003788534484
0.001554009879
0.02786707062
0
0
0
0.02291159224
0.03077109951
0.0270177294
0.01300319367
0
0.009316165801
0.02208448317
0
0.01584998482
0.001817960241
0.01332208664
0
0.002700864784
0
0
0.02312994748
0
0.01560877538
0
0.02816354887
0
0.02281034499
0
0.01401597225
0
0
0.01398857453
0
0
0.02256553551
0.01118168449
0
0.00934732536
0.04886326504
0.02766773778
0.02974515393
0.007790442853
0.00E+00
0.02728311806
0
0
0
0
0
0.02565009497
0
0
0.04326559308
0
0.001456778618
0.06227763305
0
0.02740880895
0.02902302575
0
0.01197434716
0
0
0
0.006050154243
0
0.0003171505542
0.004431806975
0.05972897324
0.01208454197
0
0
0
0
0.01860941647
0
0
0
0
0
0.03503319245
0.008832417215
0.005028826485
0.05132027974
0
0.02987033805
0
0
0.02978659916
0.009471880075
0
0
0
0
0.03208260603
0
0
0
0
0.05907951634
0
0
0.005509158665
0
0
0.006126260006
0
0.01466918867
0.001843033036
0.0001998449544
0.02043862847
0.004938237526
0
0
0.04035588771
0.02371981147
0
0.02423010793
0
0
0.00658789578
0.001932525041
0
0
0
0
0.03114155246
0.01183390377
0
0.008258585545
0
0.00282264128
0.01968177342
0
0
0
0
0.01289393613
0.04789531163
0.03892462293
0.0272726228
0.001170219483
0
0
0
0.0163193415
0.06845092919
0
0
0.009383751363
0.01444555877
0.01877228189
0
0.01501526212
0
0.01258950728
0
0
0
0
0
0
0.02135408358
0.04641488411
0
0.01860124159
0.01385077374
0
0.007780336252
0
0.03855843376
0.02450504979
0.03176247812
0
0
0
0.0228554863
0.05540403203
0.02046479762
0
0.01368464535
0
0.009246610328
0
0.0168786709
0
0.02745811801
0
0
0
0
0.02537787865
0.03897767488
0.0006746889163
0
0.007076213336
0
0
0.03653529448
0.01867385833
0.0004826514669
0
0.02246255735
0.001144263676
1.49E-02
0
0
0
0.002217232577
0.0233138532
0
0
0.01155573304
0
0
0
0.003359338155
0
0.06207569148
0.03661611857
0
0.01959323384
0
0.04012523204
0
0.01193459335
0.002753347351
0.01766976199
0
0.01023241889
0
0
0.02083809005
0.01548852208
0
0.005036963342
0.0009041557947
0.03281739491
0
0
0.01019651492
0
0.01175545948
0
0.007899898464
0.0003219679734
0.01451825918
0.01403407208
0.01941761406
0
0
0
0
0
0.02039954065
0.01394006529
0.0007785262365
0
0.00166973564
0
0.002581181648
0.003303469478
0
0.0113066635
0
0.02102226301
0.00609957002
0
0
0
0.01824466395
0.01531373018
0.001685708945
0
0
0
0
0.05027037257
0
0
0
0.01662701246
0
0
0.02458568037
0
0.03099675412
0
0
0.002735648788
0
0.002371959945
0.038313801
0.009849510467
0.00371131955
0
0.05414926539
0.01733278194
0
0
0.02523174584
0.01471347251
0.03333678085
0
0.03390560453
0
0
0
0.005558171445
0.02002619719
0.02593829139
0
0.004274930014
0.01428775449
0
0
0.01442324073
0.05907023041
0.05554254653
0
0
0.009904261984
0.02737729626
0.01831804609
0
0.02292070792
0
0.02078353958
0
0
0.01202058966
0
0.03580052117
0.01188403251
0.00103711035
0.02701771743
0
0.0108641862
0
0.02236683065
0.005509553584
0
0.02985129486
0
0.009135047024
0
0.02758490855
0
0.03402616508
0.01343196625
0.009045068064
0.02230524558
0
0.03579811339
0.003721809591
0
0
0.009154621265
0
0
0
0
0.004418097238
0.05446732726
0
0.023266231
0
0
0
0
0.0445220697
0.02756310437
0.05518453507
0.002506983957
0.004391459996
0
0.03455061154
0.04365145654
0.008560439037
0
0.001687609691
0
0.01484993167
0
0.01934833678
0.004941863433
0.003228781746
0
0
0
0
0.0182320997
0.03119498568
0
0
0.0001283873891
0
0.004511903901
0.03351401035
0.009594206778
0.009620845194
0
0.004041926591
0.01880472881
0.02719950965
0
0.005460526132
0
0.002332147857
0.01325767742
0
0
0.02391151802
0
0.008310562594
0
0
0
0.05252763739
0.02755116021
0
0.02550546131
0
0.04312645848
0
0.009782595958
0
0
0
0.01316935572
0
0.0007154246549
0.02782860821
0.02296396508
0
0
0.01815037803
0.02383702435
0
0
0
0
0.01683663872
0
0.009871934128
0.01317530315
0
0.02877091211
0.01547644328
0.02947188085
0.008339666237
0.03088586579
0
0.03890929448
0
0
0
0
0
0.01620237716
0
0
0.01093260428
0.02808869643
0.003799386579
0.01736509756
0.02242391625
0
0.01028013226
0
0.02316745772
0.0006602613473
0.03277432213
0.009581003911
0.02837617238
0
0.0525249827
0.01279753443
0.02480197381
0.004900782396
0.01806122028
0
0.01662044361
0
0.01018667193
0.006932197015
0
0.001305964114
0
0
0
0.01892425424
0.02103592896
0.007181979352
0
0.001660862704
0
0
0.02441009106
0.01313821981
0
0
0
0.001699778732
0
0
0.02537386254
0.00782478522
0
0.02075404805
0
0.02046984626
0.03551760114
0
0
0
0.004969402637
0
0.02295345379
0.0293371895
0.008551571786
0.01180348894
0
0.01794174696
0.0420874404
0.01266108323
0
0.02408560577
0.007930094959
0
0.01792412749
0.0221899432
0
0.01438615663
0
0
0.01111925928
0
0
0
0.00E+00
0.02074526133
0
0.01484542151
0.0367298195
0
0
0.02235776938
0
0.01436535981
0
0
0
0
0.03990800669
0.022444101
0.02441678562
0
0
0.001881602855
0.03882838758
0.005471293652
0.007901042824
0.01929441101
0.013905123
0
0
0
0.005168814065
0.02055448256
0
0
0
0
0
0
0
0.003064363562
0.0206755873
0.0002418699442
0.00480886448
0
0.01921844569
0.00873958533
0
0
0.01396252066
0
0
0
0
0.02863901361
0
0.01453092326
0.0452105619
0.03811593016
0
0.01897255096
0.02257448793
0.006190055567
0
0
0.042467598
0.03604930776
0.009683901285
0.0339601902
0
0.01738736818
0
0
0
0
0.004805549725
0.05151996946
0.004405622214
0.01256466646
0.03460110196
0
0
0
0.04953235749
0.004833648958
0.01952370785
0.009234446198
0.004590089574
0
0.06013113216
0
0.01130684749
0.02549861019
0
0
0.01897792647
0
0
0
0.005075645781
0.02123685068
0.0002592173077
0
0.05085077047
0
0
0
0
0
0
0.004432528837
0.007986774285
0
0.03903003178
0.01018995139
0
0
0
0.001392772271
0.005339536122
0
0
0
0.002847464255
0.01941436447
0.05621694154
0.01145260173
0
0.01549255866
0.01658603541
0
0.02007273328
0.02477508202
0.005284425038
0.04388419113
0.008242619258
0
0
0
0.006470879667
0.01133971069
0.02861065377
0
0
0
0
0.02960890544
0.02473951166
0.01221351533
0.05500612307
0
0.02311660207
0.00418472812
0.0004787572733
0
0.02891991025
0.009632705431
0
0.00750483131
0
0
0.04091017237
0.03101833819
0
0
0.002777886853
0
0.002892707627
0
0.02740554275
0
0
0.002376313981
0
0
0
0
0
0
0.009359536681
0.01491864429
0.02455871974
0.05784255499
0
0.004044577958
0.02369425943
0.03430891345
0
0.02942986798
0.002477861772
0.01264502686
0
0.01789553756
0.02886269797
0.01444653749
0
0
0.02369530291
0.01602186789
0
0.01083230698
0.00325591111
0.001847765624
0.01436923977
0
0.01871752454
0.004825244211
0
0.002520996573
0
0
0
0.01115211418
0
0.02220465905
0.004071971019
0
0.02240540753
0
0.01837910129
0
0
0.0174641023
0.02015411416
0
0
0
0.03818570476
0.007546259514
0
0
0
0.01280540317
0
0
0
0.01605946605
0.01262931873
0
0
0.01634252421
0
0.0454275807
0.005699575714
0.0009273329107
0.03437975152
0
0
0
0
0
0
0
0.001339179533
0.04489081593
0.005039002026
0.004132132883
0.04945832868
0.02626777985
0
0.006577374589
0
0
0.009493701416
0.03224758239
0.03020663572
0.03320439797
0.009576896056
0.03826990386
0
0.002333635731
0.01023669131
0.01360896866
0.005504368693
0
0.01698927271
0.05759847269
0.02020108835
0
0.02195325898
0.001376068358
0
0
0.03166506773
0.008962290401
0.003438772072
0
0.009781886736
0
0.03694576339
0
0.0106379211
0
0
0
0.0130275757
0.006434279065
0
0.01092545369
0
0.03318094018
0.01385205119
0.008731993093
0.04570027631
0.003345486009
0
0
0
0
0
0.01703030015
0
0
0
0
0
0
0.02187401981
0.006474176435
0.005386203757
0
0.02677283279
0
0.01318056537
0
0.002243984801
0.03173110705
0
0.0206366606
0.03427812265
0
0.0008868405919
0.01550746482
0.04345025474
0
0.02231763274
0
0
0
0.005037966664
0.05127400425
0
0
0.01159201078
0
0
0.008572242952
0.01589493258
0
0.03046957597
0
0
0.04091709444
0.001170202101
0.03481249818
0.04048854134
0
0
0
0
0.03373491594
0.01307221944
0
0.01319035665
0
0.007533058709
0.02043914772
0.03067384383
0
0
0.00375391032
0
0.003417531364
0
0
0
0
0
0.006398385773
0.0262895804
0.008609356322
0.0348193551
0.0407859892
0
0.00548274928
0.03260077245
0.03249275938
0
0
0.02366513948
0.01399645724
0.01340534469
0.01248809174
0.003267971645
0
0.02464573464
0.03346405319
0.0008667557414
0
0
0.01151671472
0
0
0.01082639533
0
0
0
0
0
0.01023683577
0.02565520541
0.01770243312
0
0.01315066887
0.01567141964
0.0287049479
0
0
0
0.03176314029
0
0
0
0.03356305016
0
0.02326377965
0
0.001028310324
0.02219535851
0.02087543843
0
0.01905168497
0.008421355867
0
0
0
0.0002800887716
0.002692324154
0
0
0
0
0.03723077883
0.01619452111
0.03434089923
0
0.02097759827
0.004366174098
0
0.01622611111
0
0.04236830985
0.02015665619
0.02143396838
0.01407443526
0.01834920203
0.00E+00
0.01755889525
0.01608627753
0
0
0
0
0
0.03321328272
0.00990941097
0
0
0.03207334948
0
0
0
0.02246765555
0.03490285614
0
0
0
0
0
0.03256137904
0.01920389955
0
0.01192603916
0.007382801402
0
0.03434877108
0
0.005708675725
0.01382966584
0.00687738775
0.01204685966
0.02056885522
0
0.03243672524
0.002386866166
0
0
0.01502985799
0.02826583905
0
0
0.03145791087
0.02917822682
0.01747709191
0.01519450023
0.009461748202
0.02206494958
0
0
0
0
0
0
0
0
0.01619032322
0
0.02614623124
0
0.01594988604
0
0.0308175259
0
0
0
0
0
0
0.02459758164
0.0001543501835
0.01867443394
0
0
0.002625578668
0
0.01447707412
0.03027282782
0
0.03457297849
0.01187466647
0.007254025396
0
0.004859159887
0
0.04350915268
0
0
0.02001926436
0
0
0.04731678066
0
0.01709953881
0.009454217019
0
0.01204706835
0
0
0
0.05318025443
0.03680476432
0
0
0.02739741742
0.04187335907
0
0.01706037569
0.03671281419
0
0
0
0.001321206197
0.005934356047
0.03116214815
0.01227057891
0.02030863603
0.004594992354
0.00473870717
0.01119414111
0.004626527703
0.02701461459
0.007787897884
0
0
0.00492574836
0.005476129202
0
0
0.01844099153
0
0
0.01266208378
0
0.02747585414
0
0.01499488217
0.03782498086
0.01355553416
0.006889795285
0
0
0
0.01440290293
0
0.02265358123
0.02479626062
0
0.02302044261
0.003123641404
0.002888574925
0.01355357567
0.021419565
0
0.03318760933
0
0
0.005084602725
0.03036969909
0.01496532366
0
0.06540090233
0
0
0
0.03401961952
0.017481771
0.0006386438222
0
0
0
0.01134758294
0
0.03067085632
0.008899502501
0.02049288616
0.008731835775
0.003458248695
0
0.01449746836
0
0.01139132936
0.01730136994
0
0
0
0.006407645353
0
0
0
0.01313587335
0.02585236267
0
0
0
0
0
0
0
0.04218090609
0.01522361913
0.005161130217
0.03493108003
0
0
0.001345798092
0.02830101108
0.03616416687
0.02775015992
0
0
0
0.02616470315
0
0.01444932478
0
0
0.0192330942
0
0.03848047794
0
0.003309760915
0.00450911077
0
0.001801729546
0
0.009756833328
0.03096239447
0
0
0.01285565613
0
0
0
0
0
0.02291321847
0
0
0.009295142442
0.05393878546
0.04814321065
0
0
0.02989781633
0
0.01903237274
0
0
0.003823532987
0
0.02641229867
0.0606275327