1.5e-05 0.00151 0.001575 0 1e-05 0 0.00026 0 0 5e-06 0.001435 0.00138 0.001375 0.00131 0 0 0.001455 0.00144 0 0 1e-05 1.5e-05 0 0.000315 0 0.001365 0 0 1.5e-05 1.5e-05 0.001315 0 0.00151 5e-06 0.001585 8.5e-05 0.000235 0.001425 0 0.0014 0 0.00138 0 0.000115 0.00138 1e-05 2e-05 0 0.00152 0.001525 7e-05 0 0.00152 0.0016 1.5e-05 0 0.00139 0.001485 1e-05 0.001375 0 0 0.000155 3e-05 1.5e-05 0.001485 0.00151 5.5e-05 0.001385 0 0.00131 5e-06 0.000615 0 0.00153 2e-05 0.001485 0 0 0.00144 5e-06 0 0 0.00019 2e-05 1e-05 0 5e-06 0.00138 1e-05 0 0 0.001425 0.00102 0.00151 0 0 0 1e-05 1e-05
0 0.00146 0 0 0 0 0.001445 0.00148 0 5e-06 0.001325 0 0 0 0 0 0.00139 0.001365 1e-05 0.001495 0 0 0.00143 0.00018 0 0.001355 0 0.00141 0.001425 0.0004 0.00019 0.00161 5e-06 4.5e-05 0.001395 0.001445 0.00155 0 0 1.5e-05 0 0 0 0.00138 0.0013 3e-05 0.0001 0 0.00145 0 6.5e-05 0 0.00011 0.00137 0 0.001505 1.5e-05 0 0 1.5e-05 0.001385 0 1.5e-05 0.0006 2e-05 0.001515 4e-05 5e-06 1e-05 0.000675 0 0.001415 0.00016 0 0 8.5e-05 0.00026 0.00068 0 0.001495 0 0.001375 0.0014 2.5e-05 2.5e-05 1e-05 0.00015 1e-05 3e-05 0 0.001455 0 0.0013 0.00137 7.5e-05 0.00146 0.000435 0 1e-05 0.001185
0.00135 0 0 5e-06 0 0 1e-05 0.00104 0.001365 2e-05 0.00142 0.001265 0.001385 0.00033 0.000655 0.00149 0.001425 0.00134 0 1.5e-05 0 0 2e-05 0.001435 1e-05 0 0 0.000215 0 2e-05 0 1.5e-05 6.5e-05 0 0.00022 0 0 0 0.001305 0.00152 1.5e-05 0.001415 1e-05 0 0.000305 5e-06 0.00161 0.00137 1.5e-05 0 0.00132 0.00145 1e-05 0.001575 1e-05 0 0 2.5e-05 0.00057 0.001525 0 0.001505 0.00129 0.00145 0.001515 0.00055 0.000115 1e-05 0 0.00146 0 0 0.001345 0 0 5e-06 0 0.00014 0 0.000915 0.00047 0 0 0 0.001375 9e-05 2e-05 0.0015 0 1e-05 2.5e-05 1.5e-05 0.00134 0.00143 0 0 0 0 0 1e-05
2e-05 2.5e-05 0.000855 1.5e-05 0.00149 0.00144 0 0 0 0 3e-05 0.00125 0 0.00137 0.00151 0 0.001445 0 0 0.00151 0 5e-06 5e-06 1e-05 0 0 0.00151 0.001455 1.5e-05 0 0 1e-05 0 0.00142 0.000125 1e-05 0 0.000215 0 0.00146 0.001325 1e-05 0 0 0 0 0 0.001365 0 0.001335 0.001555 0 0 0 0.001415 0 1e-05 0 2e-05 2.5e-05 0.000255 2.5e-05 2e-05 0.00143 0.001135 0.001555 0 0 0.001385 0 0.00147 0.001405 0.00144 1e-05 0.001425 0.001545 0.00134 0.00038 0 0 0 1e-05 5e-06 2e-05 2e-05 0 2e-05 0.001575 5e-06 5e-05 5e-06 0.00129 0 0.0016 0.001395 0.0006 0.00033 0.0016 4.5e-05 0.00011
0 0.000405 0.00138 0 1.5e-05 0.00139 2.5e-05 0 0 0 0 0.001575 0 0 1.5e-05 1e-05 0.0014 0.00106 5e-06 1.5e-05 2.5e-05 0.001165 0.001505 5e-06 0 0 0.001645 0 0.000985 1e-05 0.001415 0.001385 1.5e-05 0.001525 1e-05 0 1.5e-05 0 0.00015 0.001065 0 0.001585 1e-05 0 0 0.00133 1e-05 5e-06 0 1.5e-05 0 0.001345 0 0.001535 0 0.001335 0 0.000435 0.001375 0.000365 0 3e-05 0.00147 0.000365 0 0.00148 0.00137 0.00029 0 0.00143 0 0 0 1.5e-05 0.001515 0.00145 0.001485 5e-06 5e-06 0 1e-05 0 0.00151 0 0 5e-06 0.00152 0.001415 0 0.00071 0 3.5e-05 0 0.001315 0.00155 0.00155 0 0.00144 0 0.001505
0 5e-06 0 0.00141 5e-06 0.00141 0.00154 5.5e-05 0 0 2.5e-05 3e-05 0 6e-05 0 5e-06 0.00065 0.000475 0.00145 1.5e-05 0.000335 3e-05 0 8e-05 0.00143 0.00092 0 0 5e-06 1.5e-05 0.0002 0 0 0 0 0.00145 0 0.00145 0 0 6.5e-05 1e-05 0.001365 0 0.001315 0.00156 0.001525 5e-06 0.00091 1e-05 0 0.00129 0.001435 0.00132 0.00154 0 5e-06 0 0 0.00124 0 0 1.5e-05 0 3.5e-05 0 0.001415 0.001435 0 0.00143 0 0.001375 1.5e-05 0 0 0.0012 0.00013 0 0.001305 0 0 0 0 0.00018 0.00139 0.001415 0.001325 0 0 0.00128 1.5e-05 0.00141 1e-05 0 0.00142 0.00144 1e-05 0 0.001405 0.001415
0.000615 0 0 0 1e-05 0.001525 0.00124 8.5e-05 0.001445 0 7.5e-05 0.00103 4e-05 0.001365 2.5e-05 0.00147 0 0.001435 0 1e-05 1.5e-05 0 0.00152 0.001355 2e-05 0 0.001565 0.00141 0 0 0.000665 0.001385 9.5e-05 0.001375 2e-05 0.00038 0.00046 1e-05 7.5e-05 0 0 0 0 0 0 0.001355 0.000195 0.001415 0.001405 0 1e-05 0.001465 0.0015 0.001385 0 5e-06 0 0 0.001655 0.000325 0.00127 0.00144 0 0.001405 0.001335 0.00026 0 0.00139 0.0014 0 0 5e-06 5e-06 0 0.00129 0 0 1e-05 0 0.000135 0 0.00136 0 5e-06 5e-06 0 2e-05 0.001545 0.00143 0 0.00133 1e-05 0 0.00072 0 2e-05 0 5e-06 0 1e-05
0.001515 0.00154 0 0.00153 2e-05 0.00028 1e-05 5e-06 0.00143 6.5e-05 5e-06 7.5e-05 0 0.00148 0 0.0013 1.5e-05 1e-05 0.00155 0.001425 0 0.00132 0.00146 0.00143 0.000285 0.001545 0.001515 0.001225 0 5e-06 9.5e-05 0.00084 5e-06 0 0 0 0.00145 0 0.00138 0.00031 0 0 0.00089 0 0.00022 0 0 0.001475 0 0.00151 0 0.0001 0.00134 9e-05 0 3.5e-05 0.00152 0.0015 0 5e-06 0 0.001565 0.001345 0.001465 2e-05 0.00146 0 0.001125 5e-06 0.001465 0.00137 0 0 0 0 0 0.000485 0 1.5e-05 0 0 0 5e-06 0 1.5e-05 3.5e-05 0.000525 0.001345 0.00135 0 0 0 0 0 0 5e-05 2.5e-05 0 0.0013 0
4.5e-05 0 0 0 0.000235 0 0 0.000175 0.001465 1e-05 5e-06 0 0.00036 1e-05 1.5e-05 0.001415 0.00129 2e-05 0 0.001375 0.001475 0 5e-06 0 1e-05 3.5e-05 2.5e-05 0.000125 1e-05 0.001455 0.001405 0 0 2e-05 0.0014 0.000225 5e-06 5e-06 0.001375 0 0 0.001425 1e-05 0 0.0014 0 0 0.0013 0 1e-05 0 0.000305 0 0.000145 0.001385 0.001535 0 0 0.0002 0.001505 0 0 0 0 0 0 0 2.5e-05 0.001415 0 0 0 0.001335 0 0 0.00162 0.0014 0.00133 0 0.000875 0.001095 0 0.00146 0.00134 5e-06 0 0.001515 0.001405 1e-05 2.5e-05 0 0 0.001425 0.001395 0.000465 0.001325 0.00141 0.000255 0.00136 0.001455
0.0014 0.001265 0.00144 0.000605 0.001375 0 0.001335 2.5e-05 5e-06 4e-05 0.00124 0.001395 0.001415 0 0 0.001285 0.001455 0.000195 0.00121 0.00145 0 1e-05 0.00025 0 4.5e-05 0 0.00098 5e-06 0.00138 1e-05 0.00142 0 0.00159 0 0 1e-05 0 0 0 0 1.5e-05 0 0 0.0015 0.00097 2e-05 5e-06 0 0.00131 0 0 0.001485 0 0.00129 5e-06 0.001395 0.001485 0.000105 0 0.001415 0.00145 0.000275 0.001395 1e-05 0 0 0.000295 0 0.00148 5e-05 0.001495 0 0.00148 1.5e-05 0 0.00133 0 0 0 0 0 0 0 1.5e-05 1e-05 0 0.001405 0.00133 3.5e-05 1e-05 0.00155 5e-06 0 5e-06 1e-05 0 0 0.001435 0.00154 0
3.5e-05 1e-05 0.000425 5e-06 0 0 0.001505 1e-05 1.5e-05 0.00155 0.00029 0.001345 0.001445 0.00147 0 0 5e-05 0.000165 6.5e-05 0 0.001465 0.001455 0 0.001365 0 0 2e-05 1.5e-05 0.00152 0 0 1e-05 0.00145 2e-05 0.001435 0.00153 0.00053 0.0014 2.5e-05 5e-06 0.001355 0 0 0 0 0.000435 1e-05 0.001415 0.001415 2e-05 0 0.0015 0.001465 5e-06 0 0 3e-05 0 0.00136 0.000395 0 0 0 0.00153 0 0 0.000605 0 0 0.000115 0.001415 0 0.00026 0 0.00144 0.00162 0 0 0 0 0.001425 5e-06 5e-06 0 2e-05 5e-06 0.00074 0.001355 0.00146 2.5e-05 3e-05 0 0.00144 0.00142 0 0 0 0 0.00138 0.001015
0 0 1e-05 1.5e-05 0 5e-06 2e-05 0 0.001275 0.001355 0.00145 2e-05 0 0.00143 0.000355 0 0.001385 0.001295 0 0.000485 0 0 1e-05 0 0 1.5e-05 0 0.00072 0.000525 0 0.001385 0.000535 9.5e-05 0 0.001355 0.001545 0 0 0.00142 0.00088 0 0 0 1e-05 0.00017 0.0015 0.001435 1e-05 0 0.001535 0.0015 0.001025 2e-05 5e-06 0.001425 0.00021 0.00148 0.0014 0.001265 0 5e-06 0 5e-06 1e-05 0.0001 0 0 5e-06 0 0 0 0.00144 0.00139 3e-05 0 0.00145 5e-06 0.001345 0 0 0 5e-06 0.00133 0.00153 0 0 1.5e-05 0.001395 0 0.000105 5.5e-05 0.00076 0 0 0.00149 1e-05 0.00145 0.001445 0.00154 2e-05
0.00134 0 0.001505 1.5e-05 0.00043 0 0 0 0.0014 0 2e-05 0 5e-06 0.001455 0 1.5e-05 0.0014 0 0 0.00162 0.001505 0 0.00148 0 0.001405 0.00058 0.00138 1e-05 2e-05 5e-06 0.0007 0.0014 0 0 0 0 2.5e-05 0 0.001415 0.00141 1e-05 0 1.5e-05 0.00027 0 0.001345 0.00144 0.000125 5e-06 0.00144 0.001455 0.00027 0 2e-05 0.001485 0 0.001345 0 5.5e-05 0 0 1e-05 1.5e-05 5e-06 5e-06 1.5e-05 0 1.5e-05 0.00135 5e-06 1e-05 5e-06 0 0 1e-05 0 0 0.000395 0 5e-06 0.00141 0 0.00144 0 0.001365 0.000325 0 0.00036 0.00147 0 2.5e-05 0.001115 0.000265 0.001465 0 0 0.00136 1e-05 0.001355 0
0 0.00067 0.00154 0 0.00144 0 0.00138 0 5e-06 1.5e-05 0.000165 0.000105 0 0 0.001365 0.001405 0.001375 0 4e-05 0 0.001275 0 0.00132 0 2e-05 0 5e-06 6.5e-05 0.00098 1e-05 5e-06 0 0 0.00132 5e-06 5e-06 0 0.00134 0 0.000605 0.000115 0 1.5e-05 0 0.00153 0.001485 0 0.0015 0.00132 0.000255 0 0.00079 0.00014 0.00142 0.00158 0.00133 0 6e-05 0 0.0003 0 1.5e-05 0 0 0 0 5e-06 0 0.00146 0 0.001375 0 1.5e-05 0.000185 2e-05 0 0 0.00139 0 0.00148 0 0.00127 0.001455 0.0013 5e-06 0.001555 0.00057 0.001315 0 0.00138 0.00146 2.5e-05 0.001485 0.001375 0 0 0.001355 1.5e-05 0.001355 0.0014
0 0.00145 2e-05 0.00169 0 0 0 0.00144 4e-05 0 5e-06 0 0.001345 0.000135 0 2e-05 0 0.00172 1.5e-05 0 1e-05 0.001445 0 1e-05 2.5e-05 5e-06 0 3e-05 0 0 0 0.00135 0 0.001495 0.00145 0 0.001415 0.001275 0.00134 0.00141 0.00158 0.000155 0.000195 0 0.0014 0.001435 0 0.00151 0.001445 0 0 0.0014 5e-06 0 0.001365 0 5e-06 0.000145 2.5e-05 0.00146 0 0 0.00136 0.001435 0.00144 0.00145 0 0 0.00067 0 0.001455 0.001225 0.000225 0 0.00054 0.001355 0.0014 0 0 1.5e-05 0 0 0 0.001475 0 3e-05 0.001375 0.0013 0 5e-06 0.0015 0.000355 5e-06 0.001505 0 4.5e-05 0.00153 0 0 1e-05
4e-05 0 1e-05 0 0 0 5e-05 5e-06 0.001355 0 0 0 0 0.001435 1e-05 0.000515 5e-06 0 0.00139 0.00142 0 2.5e-05 0 0.00134 1e-05 0.00146 0 6.5e-05 0 1.5e-05 0.0013 4.5e-05 0.001345 0.001375 0.000875 0.00147 0 0 0 0 2e-05 0 0.000555 0.001665 0.001365 0.00132 0.00134 1e-05 0 0.00153 0 0.001475 0.001515 0.00075 0.000175 0 0.00153 0.00136 0.001255 0.001305 0 9.5e-05 0 0 1e-05 0.0013 5e-06 1e-05 0 0 0 0.00143 0.001475 0.000315 5e-06 0.0014 1.5e-05 0.00143 0 0 1e-05 0.00143 0.00145 0 0.00137 0.001325 1.5e-05 0.0014 5.5e-05 5e-06 0 0.001445 0.0015 0 0 0 0.001595 0 0.00137 0
2e-05 8e-05 0.001505 0 5e-06 4.5e-05 0.00154 2e-05 0.00135 0.00145 0.001235 0 0 0.00134 0 0.001415 0.00143 0.000195 0 1e-05 0 5e-05 0.001355 0 0.00142 0.00142 0.00016 0 0.001325 0.00055 2e-05 1e-05 0 0.00091 0.00145 1e-05 0.00156 0 0 0 0 5e-06 1e-05 2.5e-05 5e-06 2e-05 0 0.00145 0 1.5e-05 0.001445 0.001525 0.001455 0.001535 0 5e-05 0 6.5e-05 0 0.001535 1e-05 0 0.000685 0 0.00146 0.001275 0 0.00141 0 1.5e-05 5.5e-05 1e-05 5e-06 5e-06 0.00024 0.00164 0 7.5e-05 1.5e-05 0 6.5e-05 3e-05 0 0 0.00147 0 0.001385 0 0 0.001295 0.001475 0.000275 0.000135 0 0 0.001415 0 2.5e-05 0 0.00137
0.001445 0.000225 1e-05 0 5e-06 0 0 0.001475 0.00159 2.5e-05 0 0 0.001435 0.00134 0 1.5e-05 0.000225 0 0 5e-06 1e-05 0 0.001585 0 0.001475 0.00143 0 0.00139 0.00133 0 0 0.00137 0.00035 0 5e-06 0 1.5e-05 0.00142 3e-05 1.5e-05 1e-05 0 0 0 0 1e-05 0 0.00144 0 0 0.00153 0.00146 0.00146 0.0014 0 0.001345 0 0 0.00025 5e-06 1.5e-05 0.00152 3e-05 0.0015 7e-05 0.00148 0 0.000405 0 1e-05 0.00054 0 0 0 0 0 1e-05 0 0.00128 0.001345 1.5e-05 0.00142 0 0 5e-06 0.001305 1e-05 2e-05 0 1e-05 0.001455 0 0 0.00019 3.5e-05 5e-06 0 0 0.001355 0
0 0 2e-05 0.001435 9.5e-05 0.00014 0.00103 0.00162 0.001305 1e-05 0 0.00133 1.5e-05 0 0.00148 0 0 2e-05 0 0.00048 0.001525 0 0.00018 0 0.00142 0 0.001195 0.000185 0.001425 0.00138 0.001475 0.00153 1e-05 0.001425 0 5e-06 0 0 0.00023 0.001455 0 0.001365 0.00155 0.00145 2.5e-05 0 0.00056 2e-05 0 0.00135 1e-05 0 1e-05 0 0 5e-06 2e-05 0.00139 1.5e-05 0 0.00146 0 0.000155 5e-06 0.000135 0 0 0.001475 2.5e-05 0 0 5.5e-05 0.00141 1.5e-05 0 5e-06 0 3e-05 0 0 0 0.00134 0 0 2e-05 0 0 0 0.00136 2e-05 0.001335 0.00056 0 0 2e-05 1e-05 0 0 5e-06 0.001495
0.001385 0.00064 0 0 0 7.5e-05 0.001325 0 0 1e-05 0.001345 0 2.5e-05 0 0 5e-06 0.001265 0.00151 1.5e-05 0.00158 0.00134 0.00142 0 5e-06 0.001495 0 0.0004 0 0.001345 0.001365 0.0014 0 1e-05 0.001365 0 0.001415 0 1e-05 0 5e-06 0.001445 0.00143 5e-06 5.5e-05 1e-05 0 0.00012 0.001305 0.001415 0.001375 0.000525 0 0.00127 0.00156 0 0 0 0 0.00146 0 0 2e-05 0.000255 0 0.000115 0.001445 0.00145 0 0.000785 0.00144 0 6.5e-05 0 0 0.00148 0.00137 0.001305 1e-05 0 0.00158 0.001365 5e-06 1.5e-05 0.00025 0.000105 0 0.00152 0 0 1.5e-05 1.5e-05 0 0 0 0 0.00133 0.001345 0 1e-05 1e-05
0 1.5e-05 0 0 0 0 0.000115 0.00141 0.00033 2.5e-05 0.001225 1e-05 0 0.00161 5.5e-05 0 0.001525 0 0.001165 0.00142 0.001365 0 0.000805 0.001525 0 0.00158 0.001305 0.00151 0.00131 0 0 0 0.00143 0 0 1.5e-05 0 0.00146 2e-05 5e-06 1.5e-05 0.001425 0 0 0.000425 0 0.000435 3.5e-05 5e-06 0.001465 1.5e-05 0.001515 0 0 0.001485 0.00141 0 0 5e-06 0 0 0.00132 0.000135 0.001585 5.5e-05 0 0.001475 0 0.00143 1e-05 0 1e-05 1e-05 0.0014 5e-06 5e-06 0 2.5e-05 0 0 0.001525 0.001305 6e-05 0.001365 0.001495 0 0 0 0 2.5e-05 0.000205 0 3e-05 0.001345 5.5e-05 0.00146 0 0 0.00142 0.000115
0 0.0003 0 1e-05 0.001465 0 0 5e-06 1e-05 0.00139 0.00034 0.001425 0.00153 0 5e-06 0 0 0 0.00139 0 0 0 1e-05 1e-05 1.5e-05 0.00118 0.00132 0.00143 0.00134 0 2e-05 0.00149 0.001465 0.00156 0.001455 2e-05 0.001515 0.00018 0 5e-06 0.00135 0 0.0006 0.001275 0.001345 0.001445 2e-05 0.00035 0.001405 0.001525 0.00129 0 0 0 0 0.00015 1.5e-05 0 0 0 0 0.001385 0.00139 1e-05 0.001395 2e-05 0 0.00109 0.001055 0 1e-05 0.00139 0 0 0 0 4.5e-05 1.5e-05 0 0 0.0015 1e-05 3.5e-05 0.00152 0 0.00016 0 0 0.000135 1.5e-05 0 0 0.000615 0.00133 0.001455 0.001345 0.001385 1e-05 3e-05 1e-05
0.001365 0.0017 0 0.001375 0 0 0.001535 0 0 0.001625 0 1e-05 0.001415 0 0.00025 1.5e-05 0.00142 0.001315 0.00137 0.001495 0 0 0 0 0 2.5e-05 0.00141 0.00012 5e-06 0 0 0.001405 0.00146 0 5e-06 0.00148 1e-05 5e-06 0 5e-06 0 0 0 0.00144 0 1e-05 0 0.00144 0.001465 0.001375 0.00148 1e-05 0.000135 1e-05 0 0.001455 0 2.5e-05 0.001425 0 0.00127 0 0 0.001455 4.5e-05 0 0.000355 0.0015 1e-05 3.5e-05 0.001505 0.00142 0.001295 0 0.00142 0.00025 0.00138 0.001465 0.00141 0 3.5e-05 0.001365 0.00144 0.000945 0 0.001455 0 0 0.000495 0 0.000805 0 1e-05 0.00144 0.001485 0.001285 0.00145 0 0 0
0.001355 0.000175 0 0 2.5e-05 0 0 0 1e-05 0.001385 0.00147 0.000905 0.001505 0 0 0 3e-05 5e-06 0 0.001495 0.00137 0 0.001385 0 0 0.00141 0 0.001445 1e-05 0.00166 2e-05 2e-05 0.001425 0.001385 0.001495 0 0 1e-05 0.00014 0.001545 0.00142 0.00141 1e-05 0.001445 0.00135 0.00145 0.001515 0 0 0 0.001475 7.5e-05 0.001365 1e-05 0 0 0.001375 1.5e-05 2e-05 9e-05 5e-06 4.5e-05 0 0.000245 0 0.001415 0.001415 1e-05 0 0 0 0.001525 0.00148 0.001415 0.000655 0 1e-05 0 0.001205 0.00148 0.00089 0.001375 0 0.00139 0.000585 5e-06 1e-05 0 0.00076 0 0.001475 0 5e-06 0.001575 0 0 1e-05 0.00145 0 0
1.5e-05 0 0 0.00127 0 0 0.00141 0.00149 0.00011 0 0.001495 0.00015 0 0.001305 0.000225 0 0 0 8.5e-05 0 0.001465 1.5e-05 0.001285 1e-05 0 0 0 2.5e-05 0.00143 0.00145 0 0 0 0.00138 0 0 0.001325 0 0 0 0 0 1e-05 0.001465 0.00142 0.001465 0.000205 0 0.001585 0.001345 0 0 0.00151 0.001405 0.00138 0.00053 5e-06 1e-05 0.001375 5e-06 0.0014 1.5e-05 0 1.5e-05 0.000625 0.00152 0.001375 0.0014 0 2.5e-05 0 0.001345 0.001415 1e-05 0.001325 0.00152 0.0014 0 0.00165 0.001345 1.5e-05 0.0014 0 5.5e-05 0 0 1e-05 0.0015 0.00133 0 0 2.5e-05 1e-05 0.00151 0 0 1.5e-05 0 5e-06 0.000125
0.000175 5e-06 0 0 0.00139 0.001495 1e-05 5e-06 1e-05 0 0 0 0.001565 0.00095 3e-05 2e-05 0.000325 0.001365 0.00023 0.00053 0 0.00145 0.001 0.001385 0 0 0.001345 0 2e-05 1.5e-05 0 0.00096 0.00136 1.5e-05 0 0 0 0.00143 0 0 1e-05 0.00153 0 0 0.001435 0.00133 0 5e-06 0 1.5e-05 0 0 0.001485 0.000215 1e-05 0.0015 0 0 5e-06 0.00138 0 1e-05 0 5e-06 0 9.5e-05 0 0 0 1.5e-05 5e-06 0.001435 0.00139 5e-06 0 0.001275 0 0.001205 0 0.00137 1e-05 0 0.0015 0.001605 0 0 0 0.001305 5e-06 0 0 9.5e-05 1.5e-05 0.00141 0.001335 0.001455 0 0.000325 0.00152 1.5e-05
0 0 0.00138 0.001535 3.5e-05 1e-05 8e-05 0.00141 0 0 1e-05 0.00154 0 0 0.00144 6.5e-05 0 0.00157 0 0.00139 0 0 0.001415 8e-05 5e-06 5e-06 0.000415 0 0.001245 0.00143 0.001455 0.0014 5e-06 0 0.001525 0.001455 3.5e-05 0 0 0.001285 0 1.5e-05 5e-06 1e-05 0.00143 0 0.00141 0.001375 0.001175 0.001445 0.00136 0.000625 0 0 0.0006 1.5e-05 0.00145 1.5e-05 0 0 0 0 0.0015 0 0.00145 0 0 0 0.00128 0 0.00143 0.000115 0 0 1.5e-05 0.00019 0.00136 0 0 0.00134 0.0005 0.00147 0.000445 0 0.00133 0 0 0.00138 0 0 1e-05 0.00145 0.001475 0.0001 1.5e-05 0 0 0.001395 0.00152 0
0.00141 1.5e-05 0.00142 1e-05 5e-06 0.00148 0.00132 0 0 0.001455 0.00019 0 0 0.000995 0.00147 0 0 0.00138 1.5e-05 0.001425 0 1e-05 0 0 1e-05 0.00136 0 0.001395 2.5e-05 1e-05 0.00135 0.000365 0 0.00148 0 0.00139 1.5e-05 1e-05 5e-06 0.000945 0.001535 0 0.00146 0.001505 1.5e-05 0 1e-05 0 0 0.001285 0 0.00127 0.000285 0 0.00147 0 0 5e-06 0 0 0 0 0.001545 0 3e-05 0 0.001465 0 0.001375 1e-05 0 0 0.001295 0.00145 2.5e-05 0 0.00148 1.5e-05 0 1.5e-05 0.001405 0.001435 0.000685 0 0 0.0013 0.00129 0.000865 2.5e-05 0.00028 0.001325 5e-06 0 0.00034 0.00036 0 0 0 0 0.0015
0 1e-05 0 0 1.5e-05 5e-06 6e-05 0.001385 1e-05 3.5e-05 0 5e-06 0.0014 0.000245 0 0 0.00108 0.001375 0.0013 0 5e-05 0 0.001465 0 0.00026 1e-05 0.001405 0 0 0.00146 0.000135 1e-05 0 0.001505 0.00157 0 0 0 0 0 0 1.5e-05 0.000775 0 0 5e-06 0.00132 0.001355 0.001305 1.5e-05 0.00161 0.001435 0 0.00033 0.00139 1.5e-05 0.00149 0.001385 0.00156 0 0 1e-05 0.001225 0 0 1.5e-05 0 0.0002 0.001635 0 0.00134 0.001425 0 2e-05 0.00071 1.5e-05 1e-05 0 1e-05 0.00127 0 0.00143 1e-05 0 0 0 0 0.00156 0.001365 0 0.001505 0.001345 8.5e-05 4e-05 0 0 0.00134 0 0 0.00078
0.001375 1.5e-05 0.00129 3.5e-05 0.001165 0.00144 0 0.00142 0.001375 0 0 0 0.00147 0 0 0.00093 0.001405 2e-05 0 0 0.00143 5e-06 0 2e-05 5e-06 2e-05 0.001455 0.000435 0 0.0015 0 0.00149 0.001485 0 0.001345 0.00139 0.00146 0 0.001245 0 0.00022 0.000165 0 0.00062 0.000895 0 0 0.00136 0.001485 0 0 3e-05 0 0 0.00152 0 0.001415 0 0 0 0 0.00139 1e-05 0 0 0.00137 0 0.00044 1e-05 5e-06 0 0.001375 4.5e-05 0.00151 0 0.00151 0 0.001145 0.001455 0.000115 0.00145 0.00153 0 0 0.001455 2e-05 0 0.001485 0 5e-06 0.001315 0 0.001415 2e-05 0.00152 0.000215 0 9e-05 6.5e-05 0
0.000565 0 5e-06 0 0 0.001565 0 0 0 0 0.00161 0 0.0015 1e-05 0.001425 0.00131 2e-05 0 0 0.0015 0.001335 0 1.5e-05 0 4e-05 1.5e-05 0 0 0.00132 0.001505 5e-06 0 0.001385 0.001475 0 0.00147 0 0 5e-06 1e-05 5e-06 5e-06 0 0 0.000375 0 0.001345 0.001425 0 0.001315 0.00058 0 3.5e-05 0 2e-05 0.001445 0 0.000255 0.001415 0 0.00133 0 0 0.001425 5e-06 1e-05 2e-05 0.00012 0.00147 0.001145 0.001295 0.001495 0 0 0.00021 0.001515 0 0 0.001475 0.00021 1e-05 1.5e-05 0.00155 0.00139 0.00143 1.5e-05 2.5e-05 5e-06 0.00013 0.00022 2e-05 0.000145 0 3.5e-05 1.5e-05 2.5e-05 0 2e-05 0 1.5e-05
0 0.00152 2e-05 0.00147 0 0 5e-06 0.00147 0 0.0009 1e-05 0 0.001535 0.000325 0 0 7.5e-05 0.001395 0.000895 0 0 0 0 0.001435 0 0.00133 0.00135 0.00143 0.0003 0.00143 0.000475 0 0 0 1e-05 5e-06 0.001305 0.001345 1e-05 5e-06 0 0.00134 0.000155 0 1e-05 0.00134 0.00138 0.001325 0 0 0.001385 0 0 2e-05 0.00139 0.001415 0 0.001515 0 0.000105 0 0 0.000795 0.00157 2e-05 8.5e-05 0 0 0.001355 0 0.00137 1.5e-05 0.00035 0 0.001325 0 0 0 0.00148 0.0011 0.001455 0 5e-06 2.5e-05 2e-05 0.000185 0.001455 0.00134 0 0 1.5e-05 0 0 0.001445 0.001395 2.5e-05 0 2e-05 0 0.0014
0 0 1e-05 0.000715 0 0.00142 0.001415 0.001435 0 0.00144 0.00132 1e-05 0 0.001515 0 0.001405 0 0 0 0 0.001505 3e-05 0.001335 0 0.000165 0 0 0 0.001435 0.000465 4.5e-05 0 2e-05 0.001415 0.001495 5e-06 0.001505 0 8e-05 5e-05 3.5e-05 0 1e-05 0.00144 0.00148 0.00012 5e-06 0 2e-05 0.00146 0 0 0.0001 0.00078 0.001445 0 2e-05 0.00125 5e-06 1e-05 0.00059 0.00158 0 2e-05 0.00144 0 0 0.001325 0 0.0014 0.001365 8.5e-05 0 0.000245 0 0 0.00157 0 0.001515 0 0 0.00152 0 1e-05 5e-06 0.00145 0 1.5e-05 5e-06 0.00147 0 1.5e-05 0.001175 0.00152 0.00154 1.5e-05 0 0.001445 0 1e-05
0 0 0 0 0.0014 2e-05 0.0001 0.001225 0.00028 0.001415 0.001475 0 0 1e-05 0.001395 5e-06 0.00049 0.001325 0.00138 0 0.00011 0.00145 0 0.0014 0.00146 0 0 0.000475 2e-05 1.5e-05 0.00141 7e-05 0.00135 0 0.001435 0.00148 1e-05 2e-05 5e-06 5e-06 0 0 0.001305 0.000105 0 0 0 0 1.5e-05 0.001565 5e-06 0.00146 0 0.001285 0 0.001255 1.5e-05 0.00031 1e-05 0.001465 6e-05 0 0 6.5e-05 0 0 0.00018 0.001365 0.001485 5e-06 0 0 0.001325 0 0.0016 6.5e-05 2.5e-05 0 0.00143 0.000105 0 0.001275 0 0.001255 0.001505 2e-05 0.00073 0 0 0 5.5e-05 0 2.5e-05 1e-05 1e-05 3e-05 1e-05 0 0.00134 0.001385
0.001495 0 0 0 0.000345 0.001305 0.001305 0.00029 2.5e-05 0.00028 0.001395 0 5e-06 5e-06 0 0.001425 0.001485 0.00027 0.00139 0 1.5e-05 2e-05 0 0.001595 3e-05 5e-06 1e-05 0 0 0 0.001545 1e-05 0 0 0.00153 0 7.5e-05 0 0.00161 2.5e-05 0 0.00134 0.001345 0 0.00077 0 0.001425 1e-05 0.00142 0 0 0.000795 0 0.001545 0 5e-06 1e-05 0.00142 0 0.00134 0 0 0 0 0 0 0.00013 1e-05 0.00143 0 0.00138 0.00144 2.5e-05 1e-05 0 5e-05 5e-06 0.00139 0.000255 0 0.001335 0.00147 0.001345 0 0 0 0.00143 0.001405 0.000215 0 2e-05 0.001415 2e-05 0 0.00144 0.0012 5e-06 0 0.001445 0.00142
0 0.00152 0.001625 5e-06 0.00044 0 0 0.001595 0.00152 0 0 0 1.5e-05 1.5e-05 0 0.00151 0 0.00026 0 1e-05 0.001175 0 0 0.001245 0 0.001525 0.00134 0.001485 0 0 0.00133 0 0.001505 0.00155 0.00141 0.001265 0.001335 1e-05 0 1e-05 0 0.00146 0.00021 0.001355 1e-05 0 0.00138 0.001555 0.001395 0 5.5e-05 0.00057 0.00091 0.000115 0.00027 7e-05 0 0 9.5e-05 0 0 1.5e-05 0.001355 0 0 1.5e-05 1e-05 7.5e-05 1e-05 0 0.00154 0.0014 1e-05 4.5e-05 5e-06 2e-05 2e-05 0.00141 0 0.001505 0.001435 0 0.00145 0.001535 1e-05 0.00156 0 0.00025 0 0.00082 0.00131 0 5e-06 0 0 0 0 1.5e-05 1e-05 0.000535
0.00155 0 0.0014 0.001505 0.00146 5.5e-05 0.00151 0 5e-06 0 0 0.00149 0 0.001355 0.000125 0.001285 2e-05 1.5e-05 0 0 1.5e-05 0 0.00132 0.001405 0 0 0.001395 0 0.00139 5e-06 0.00142 0.00143 0 8.5e-05 0.000475 1.5e-05 0 0.00018 5e-06 0 1e-05 2.5e-05 0 3.5e-05 0 0.001495 0 0.001285 0.001445 0.0015 0 1.5e-05 0 0.00044 0 5e-06 1.5e-05 0 0.00149 0 0.001425 0.00149 0.00144 0 0.00057 0.001605 0.001345 2.5e-05 0 0 0 0.001325 1e-05 0 0.001385 0.00152 5e-06 0 1.5e-05 0.0015 0 2e-05 0.00012 5e-06 5e-06 1e-05 0.001495 0.00122 5e-06 0.001295 0.00148 0.0007 0 4.5e-05 0.001305 0 0 0 1e-05 0
0.001575 0 0.001375 0 0.00144 2.5e-05 0.000175 0.00127 0.000125 0 5e-06 5e-06 0.00085 5e-06 0 0 0.00151 2e-05 0 4e-05 0 0.00143 0.001455 2e-05 0 1e-05 0.00136 0.00139 0 3.5e-05 0.00057 0.000345 0 0 0 5e-06 0 0.00144 0 0.000175 0.000255 2e-05 5e-06 0 5e-06 0 1e-05 5e-06 8e-05 0.00145 0.001425 0.00145 1.5e-05 0 0 0 0.001255 0.00145 0 0 0 0 2e-05 0 0 1.5e-05 0.00147 0 0.001525 1e-05 0 0 0 0 0 5e-06 0 0.00144 0.00152 0.001445 0 0 1.5e-05 0.00167 0.00148 0.00137 5e-06 0 0.001455 0 0.00128 1e-05 0.00162 0.00132 0.001495 0.001355 0.00157 0 0.00143 0.0014
1e-05 0.00026 0 2e-05 0 2e-05 0 0.001505 0 0.001355 0.00135 0.00144 0.00149 0.001425 0 3e-05 0 0 0.0015 3.5e-05 0 1e-05 1e-05 0 1.5e-05 0.00147 0 1.5e-05 1e-05 0 1e-05 0.00152 0 1e-05 0 0.001375 0.000855 1e-05 0.001375 0.001385 1.5e-05 0.00137 0.000265 0 9e-05 0 1e-05 0 0.001445 0 0 0.00133 0.00147 0.0015 5e-06 0 1e-05 0 0.00148 0 1e-05 0.00127 1.5e-05 1e-05 2.5e-05 0 0 0.0008 0 0 1e-05 1e-05 0.00133 0.00144 0.001385 0.00146 1.5e-05 0 0 0.00145 0.00162 0 0.00042 0.001525 0.000205 5e-06 0.00023 0 0.001515 0 5e-05 0.000975 0.000575 0.001195 5e-06 0 0 0.001485 0 2.5e-05
0 1e-05 1e-05 1e-05 0 0.00148 0.000115 0 0.00081 0.000215 0.001495 0 0.0013 0.00138 0.00145 0 0 2.5e-05 0 0.001075 0 0.00123 0 2.5e-05 0.001285 0.000165 0 0.000225 0 0.001575 1.5e-05 0 1e-05 0.000785 0 2.5e-05 0.00137 0 2e-05 1e-05 0 0 5e-06 0.001405 0 0 5e-06 5e-06 0 0.001325 5e-06 0 1e-05 0 0 0.00156 0.001385 0 0 0 0 0.001455 0.001335 0.001295 0 5.5e-05 0.00042 0.00066 2.5e-05 0 0.001535 5e-06 0.001435 0.00158 0.000205 1e-05 0.001605 0.0014 0 0.001365 0.00145 0 5e-06 0 0.00142 0.00142 9e-05 0 1e-05 0.00139 0 0 0.00146 0 0.00147 0 0 0 5e-06 0
0 0.001475 1e-05 0 0.001475 2e-05 0 0.001535 0 0 0.001535 0 1.5e-05 0 0 0.00018 0.000575 3e-05 0.001565 0 0.00166 0.000275 0.001295 0 1e-05 0 5e-06 0.001355 0.001465 1e-05 0 5e-06 0.00148 0 0 0.001485 1.5e-05 0.001415 0 0 0.00092 0.001505 0.00136 0.00152 0 0.00019 0.00135 2e-05 0 0 0.001595 5e-06 0 0 0 0.0013 0.00149 1e-05 1.5e-05 0.00146 0 0.00047 1e-05 5e-06 0 0.001435 0.00145 1e-05 0.00128 0.00131 0.00144 1.5e-05 0 0 0 5e-06 0.00138 0.00153 0 0 0.00143 0.001485 0.001425 0 6.5e-05 0 0 0.001435 0.000135 0.001345 0.00035 0.00135 0.00138 0.001385 0 1e-05 0 0 0.00171 5e-06
0.001295 0.000315 0 0.000885 0 0.00139 0.001425 0.001355 0 0.001605 0.001335 1e-05 1e-05 1.5e-05 0.00148 0 5e-06 0.000125 0 0 0 0 0 0.001395 0.00132 0.001325 5e-06 0 7e-05 1e-05 0 0.001415 8.5e-05 1e-05 0 0.00176 0.00125 0.0004 0 0 0 1.5e-05 1e-05 1e-05 0.00136 0 0 0.001455 0.001345 0.001535 0.001425 0.001405 5e-06 1e-05 0 0.000365 0 1.5e-05 0.001435 0 0.001475 0.001215 0.00136 0 0.00142 1.5e-05 0 0 0 0.00136 0 0.00168 0.001455 0.0013 0.00035 0 0.000455 0 0 0 1e-05 5e-06 0 5e-06 0 1e-05 0 0 0 0.001305 0.00139 0.0002 0.0013 0 0.000155 0 1.5e-05 0 0.00135 0.00145
7e-05 2e-05 0.00042 0 0.001345 1e-05 0.00134 0.00063 0 0.00143 0.001375 0 0.00017 5e-06 0 1.5e-05 0 0.00011 1.5e-05 0 0.00022 5e-06 0 0 0.001445 1e-05 0.0014 0 3e-05 0.00146 5e-06 1e-05 0.00149 1.5e-05 0 1.5e-05 0.00055 0 0 0 0 5e-06 0.00149 0 0.00141 0 0 4.5e-05 0.00144 0 0.001485 0.001415 0 0.001415 0.000205 0 0.001365 0.001385 0.001305 0.001355 0 5e-06 5e-06 5e-06 0 1.5e-05 0 0.000325 0 0.0014 0.001175 5e-06 0.001355 0 0 0.00148 0 0.001465 0.00156 0.001435 0.00152 0.001575 0 0 1e-05 5e-06 5e-05 0 0 0.00047 5e-06 0 5e-06 0.0003 1.5e-05 0 0.001545 0 0.0008 0
0 0 0.000305 2e-05 0 0.00138 0.001355 0 0 0.000685 0.00152 0 1e-05 0.001395 0.00025 0.00082 0.001445 1.5e-05 0.001195 0.00151 0.00148 0.0015 0.00068 1.5e-05 7e-05 0 0 4.5e-05 0.00145 0 0 0.001325 0.001255 0 5e-05 0 1e-05 0.00148 5.5e-05 0.000755 0.00034 0 0.00133 0 2e-05 0 5e-06 0.001385 0.00136 0.001385 0 5e-06 0.00125 0 1e-05 0 0 0 2e-05 0.00133 0.001395 0.00141 2e-05 0.001155 0 0.00149 0 0 0 0.00144 2e-05 2e-05 0.00136 0.000515 0 0 0 0 0.00136 0.0016 1e-05 0 0 0 0 1.5e-05 0 0.001505 0 1e-05 5e-06 1.5e-05 0 0 0.001515 0 0 1.5e-05 1.5e-05 0.00159
0 5e-06 0 1e-05 0 0 5e-06 0.001325 0.001485 0.001345 0.00142 0.00148 1.5e-05 5e-06 0 0 0.001475 5e-05 2e-05 0 0.0015 0 0.000665 5e-06 0.00011 0.001655 0 0.00149 0.000295 0.001435 1e-05 0.0015 0.0011 5e-06 0 0 5e-06 0.001535 0.00013 0.00146 0 0.00137 0.0001 0 0.00129 2e-05 6e-05 0 0.001345 0.001525 0 0.000765 0 0.00137 5e-06 0.001395 0 1e-05 5e-06 0 0.001355 0 3e-05 0.001535 0 0 0 0.00161 0 0 0 0 0.00141 0.001555 1.5e-05 0 1.5e-05 1.5e-05 0.000215 0 0.001295 0.001545 0.00155 0.001345 0.00145 0.001545 0.001415 0.00132 3.5e-05 0 5e-06 0 0 0.000275 0 0.000125 0.00146 5e-06 0 0
5e-06 2e-05 0 0.00143 0.001265 0 0 0.001435 0 1e-05 0.00166 0.001365 0 0 0 2.5e-05 0 0 1.5e-05 0 1.5e-05 1.5e-05 1.5e-05 0.000325 0.001485 0 0 0 5e-05 7e-05 1.5e-05 0.000895 0.000245 1e-05 3.5e-05 0.0009 1e-05 0.001355 5e-06 0 0.00144 0.001375 2.5e-05 0 0.00012 0 0.00141 0.00148 0 5e-06 0.00136 0.001465 1e-05 0 0 0.001455 0 0.001395 0 0 0.001475 0.001495 0 0.00141 0.00035 0 5e-06 0.000755 0.00152 0.00129 0.00147 0 0.000535 0.001345 0.00144 5e-06 1e-05 0.00139 0 2e-05 0 0 5e-06 5e-06 0.000905 0.001375 0 2e-05 0 0.001335 0 0.00141 0 0 5e-06 0 0.00153 3.5e-05 0 0
0 0.00051 0.001455 0.00148 0 0 1e-05 0.001385 0 0.00149 0.001325 5e-06 0.000955 1e-05 0 0.00141 0.00092 5e-06 0.001515 5e-06 0 0 0.00146 0 0.0015 0 0.001345 0.001265 0 1e-05 0.00144 0 0.00012 0.001325 1e-05 0.001485 0.00061 1e-05 0 0.00138 0 0.001365 2.5e-05 0.00132 5e-06 0 8e-05 0 5e-06 5e-06 5e-06 0 1e-05 8.5e-05 0 0.00147 0 0 0 8.5e-05 0.00141 0 0.00151 0.00142 0 0 0.001415 0 2e-05 1e-05 0.001385 0.00028 0 1.5e-05 0.000185 0.00143 0 0.001515 0.001385 0 0.00155 1.5e-05 2.5e-05 0 1e-05 0 1e-05 7e-05 5e-06 1.5e-05 0.000515 0.000275 1.5e-05 0 0.00153 0.00134 0 0.00144 0.000955 0
0 0 0 1.5e-05 1e-05 5e-06 0.001445 0 1.5e-05 0 3e-05 0 1e-05 0 1e-05 0.001485 0.000285 0.00153 0.00078 0 0.001535 0.001475 1e-05 3e-05 0.00152 0 0 1.5e-05 0 0.00148 0.00124 0.001445 0.000115 0.000135 0.000115 0.001375 0.000505 0.001415 5e-06 0 0.00019 0 0.001425 0.001575 0 0 0.00133 0.00139 2e-05 0.001405 1.5e-05 0 0 0.000175 0 0 0 0 0.00059 0.00153 0.00148 0 0.000275 7e-05 0 0 0 0.00144 0 0.001345 0 0 0.00143 5e-06 0.0014 0.001475 0 0 0 0.001305 1.5e-05 0 2e-05 0.001325 0 0.00146 0 0 0.001465 7e-05 5e-06 0 0.000405 0.00127 0 1e-05 0 0.00101 1e-05 0
0 0.001525 0.00151 0 5e-06 0 0 0.001445 0 3e-05 0 0.0013 5e-06 0 1e-05 0 0 1.5e-05 0 1.5e-05 0.00152 0.00142 0.001545 0.00144 0.00137 0.001375 0 2e-05 0 0 0 0.001425 0.001565 0.001575 0.00143 5e-05 0.00138 0.00058 1e-05 0 0 0 1e-05 0.001365 0 1.5e-05 1e-05 0.00136 5e-06 0.00149 0.001385 0.001535 0.000835 0.001615 0 0 0.00083 0.00135 0.00141 0 0.001405 0 0 0.001475 0.00114 0.001465 1e-05 0.00024 0.001215 0.001415 0.00099 5e-06 0.00151 0 0.00136 0.00017 0 1e-05 0.000495 0 0 0.000635 0 3e-05 0 0 0 5e-06 2.5e-05 0 0.001385 0 1e-05 0 0.000175 1e-05 0 0 0 0
2e-05 0 0 0 0 0.001465 0.00148 0 0 0.000165 0.001305 0.001505 0 0.001455 0.00154 6e-05 0.001245 1.5e-05 2.5e-05 0 0 0.00139 0 0.001435 2.5e-05 0.0014 1e-05 0.00147 0.001165 0 0.00074 2e-05 0.00137 0.001025 0 0.001445 0 0 0 0 1.5e-05 0 0 0.00037 0 1e-05 2e-05 0 5e-06 0 0 0.001285 1e-05 0 0.00142 0.00142 0 2e-05 1.5e-05 0 0 0.001285 0 0.00148 0 0.00068 0.00137 0 0.00141 0.001045 0.001415 2e-05 0 0.00139 7.5e-05 1e-05 0 0 0 0 0 0.00135 0 0.00017 0 0.000225 1e-05 5e-06 0.001455 3e-05 5e-06 0.00131 0.001445 0.00133 5e-06 1e-05 0.001435 2e-05 0.00132 1e-05
0 0 0 0.001395 0 0 0.00143 0.00142 0 0.001345 0.00133 0.000375 3e-05 2e-05 0 2e-05 5e-06 0 1.5e-05 0.001575 0 0.001455 1e-05 1e-05 0 0.00145 2e-05 8e-05 0 0.00062 0.001465 0.00159 0.000665 0.00148 0 0.000655 0.000185 5e-06 0 0.00149 0 0 4e-05 0.00131 2.5e-05 0 0 0 1e-05 0.001475 0.00022 0 0 0.001305 5e-06 0.001475 0 0.001345 0 0 0 0 1.5e-05 0.001375 0 0 1e-05 0.001565 1.5e-05 5e-06 0.001515 0.00013 0 0 0 0.00145 1e-05 0 0 1e-05 0 0 0.00156 1e-05 0.00015 0.001485 7.5e-05 0.00134 0 1e-05 0 0.001505 0 0 0.0014 0.001455 0.001515 0 0 1e-05
0.001375 0.001385 1e-05 0 0.0015 0 0.001285 0.000125 0 2e-05 0.00137 1.5e-05 1.5e-05 0.001375 0.00143 0 0 0 0.001455 0.00144 1e-05 5e-06 0 0 0.00155 0 0 0.000345 5e-06 0.00142 0.000365 0 0.00144 0.0003 0 0.001435 1e-05 0.000115 0 2e-05 0 0.001455 0.00151 2.5e-05 1.5e-05 0.001535 0 5e-06 0 1e-05 5e-06 0 0 0.00154 0 4e-05 0.00127 0 0 0.001325 2e-05 0 0.00153 0.001685 0.00148 0 0.00031 1e-05 0.00126 5e-06 0 0 0.000515 0.000155 0 9e-05 0 0.001345 0 0.00142 1.5e-05 2.5e-05 0 0.000615 5e-06 4.5e-05 0.00135 0 1e-05 0 0.00152 1e-05 0.00149 1.5e-05 0.0002 0.001315 3.5e-05 0 0 0.00144
0 0.000495 5e-06 0.00032 0 0.001465 0 0 1e-05 2e-05 0 0 3e-05 0.001435 0.001435 0.000105 0.00148 2e-05 5e-06 2.5e-05 0 0.001485 0 1e-05 0 0.00144 1e-05 0.00142 0.00034 0 0.00145 1.5e-05 0.000605 0.001455 1.5e-05 1e-05 0.00135 0.0013 0 0 1.5e-05 0.001285 0.00123 0 0.001525 0.00143 0 0.001415 0.00142 0 2e-05 0.00144 0.0014 0.00151 0 0 5e-06 0.00049 0.001485 1.5e-05 0 0.00149 0 5e-06 0 0 0 0 0.00034 0 0 0.001265 0 0 5e-06 0 0.001485 1.5e-05 0.00025 0.00143 0 0 0.001385 0 4e-05 7e-05 2e-05 0.001585 0.00125 0.001375 0.001385 5e-06 0.001345 0.000955 3e-05 1e-05 0 0.00128 0 0.00151
0.00051 0.00139 0 0 0.001245 1.5e-05 0.00143 1.5e-05 0 0.00015 0 0 1.5e-05 0 0.001395 0.00152 0.000385 0.00122 0 1.5e-05 0.00135 0 5e-06 0.001455 0 0.001395 1e-05 1.5e-05 5e-06 0.000205 0 0.00139 0 0.000135 0 0.00011 0 0 0 0 0.0013 0.00131 1e-05 0.00153 0.001325 3e-05 0.00012 0.000265 0.001555 0 0.001505 0 8e-05 5e-05 0.001495 0.001395 5e-06 0.001355 0.00146 0.00145 0 1e-05 0.001435 0.00141 0.001345 0.00144 0 0.00139 0.001325 0.00137 2e-05 0.00145 2e-05 5e-06 1e-05 0 0 0 0.000465 5e-06 0.00138 0.00148 1e-05 0 0 0.00131 0 1e-05 1e-05 0 0 0 0.001395 0 0 0 1e-05 1e-05 0.000255 1.5e-05
5e-06 0 5e-06 5e-06 0.00141 1e-05 0.000935 0 5e-06 0 0 0 0 0 0 0.001425 1e-05 0 0 3.5e-05 0.00146 0.00145 0 0.00028 1e-05 0 1e-05 6e-05 0.00138 0.001245 0 0 0 5e-06 0.00142 0.00024 0.001355 0.001395 0.001425 0.00013 0 0 0 5.5e-05 0 0 1e-05 1e-05 0.001335 0.00165 0.00121 0.00152 0 0 0.00138 0 0.00155 0 0 0.00138 1.5e-05 0.000285 0.001415 0 0.00135 0.001405 0.00147 0.000935 1.5e-05 5e-06 0.00138 0 0.001315 0 0.00074 0.0001 0 0 1.5e-05 0.00137 0.0015 0.00153 0 0.00025 1e-05 0 0 0 0 0.001685 1e-05 1e-05 0.001435 6.5e-05 0.00143 0 5e-06 0.001375 0 0
0.0014 1.5e-05 0 0 0.00154 0.001355 0.000325 0 0 0.00101 0.00134 0.00155 0 0 0 0 1e-05 0.00139 0 0 5e-06 1.5e-05 0.000265 0 0.00014 0.00137 0 0.00019 0 0 3e-05 2e-05 0 0 1e-05 0.00137 0 1e-05 0.00148 0 0.00134 0 0 0 0.00145 0 1e-05 1e-05 0 0.001495 0.001415 0 0 0.001305 0.00149 0 5e-06 0.00057 5e-06 0.00141 0 0 0 0.00143 0.00136 0.00147 0 0.001465 0.000335 0.001395 0.000345 0 0 0.001335 0 0.001555 0.001555 0.001425 0 0 0.001375 0 0.00019 0 0.001275 0 3.5e-05 0.001205 1.5e-05 5e-06 0.00132 0.00121 0 0.001435 1e-05 0 0.0016 0.001365 0.00025 5e-06
0 0 0.001305 1.5e-05 2.5e-05 1e-05 0.00064 7.5e-05 0 9.5e-05 0 4.5e-05 0 0 0.000555 5e-06 0.00157 0.000115 0.001395 0 0.001405 0.001365 0.000835 0.00137 0 0 0 0.001365 6.5e-05 0.00133 0 1.5e-05 0.000235 0.000815 2e-05 0 0 0.00151 0.00143 0.00134 0.00142 0 0 0 0.00152 0 1e-05 2.5e-05 0.000265 3e-05 1.5e-05 1.5e-05 0 0 0.00146 0 0.001385 0.00139 9e-05 0 0 0 0 0 0 0.00133 0 0 0.00142 0 0 0.00032 4e-05 1.5e-05 0.00147 0.001385 0.001455 0 0.001505 0 1e-05 0.001565 0 0.000935 0.001395 0.0002 0.00154 0 0.001445 0.00143 1e-05 0 1.5e-05 0.001405 0.001265 0.000555 5e-06 5e-06 0.001355 0
0 0 0.00146 2.5e-05 0.001575 0.001465 0 0 0 2.5e-05 5e-06 1.5e-05 0 0.00154 0.00077 1e-05 0 0 1e-05 0 0.00147 5e-06 0 0.00031 3.5e-05 2e-05 0.00144 0 0 0.00027 0 0.001565 0.001415 1.5e-05 0.0015 0 0.001395 0 1.5e-05 0 0.00149 0.00081 1.5e-05 0 0.001545 0 0.001335 1e-05 1.5e-05 0 0.000105 0 0.001605 0.00144 0 0.001345 0 0 0.0013 0 0 0 0 2e-05 0.000215 0 0 0.00146 0 1e-05 0 0.001455 0 5e-06 0.001555 0 0 0.00141 0.001325 0.000165 2e-05 0.001405 0.001065 0.001605 0 0.00148 5e-06 0.00117 0.00161 1e-05 0.000155 0 0.001495 0 0.00038 5e-06 0.001315 1e-05 0.001225 0
0 0.000715 0 0 0.0002 0.001445 0.00147 0 0.00155 0.000485 0.000365 5e-06 0 0.00147 2e-05 2e-05 0 0 0 5e-06 0.0001 0 0 0 0 1.5e-05 0 4e-05 1e-05 1e-05 0 0.0013 0.001465 0.00138 0.00136 0 0.00141 1.5e-05 0 0 0 0.000105 1e-05 0.000125 0 0 5e-06 0 0.00136 2e-05 0 5e-06 1.5e-05 0 2e-05 0.001405 0 0.000345 0 1.5e-05 1e-05 1.5e-05 0.00134 0.00014 0.000285 5e-06 0.001345 2e-05 0 0 0 0.00155 0 0.001495 0 0.00138 0.00143 0 0.00134 0 0.000965 0.00146 0.00142 0.001615 0 0.00119 0.001375 0.000405 0.001465 0.00131 3e-05 3e-05 1.5e-05 0 5e-06 0.00103 0 0.00137 0 1e-05
0 0.001425 0 0 0.00148 3e-05 0 0 0.00143 1.5e-05 0.0014 0 0 0 0.00143 5e-06 0 0.001355 9.5e-05 0 0.00143 0.001485 0.00038 0.00126 1e-05 0 0.00149 0.00101 7.5e-05 0.001365 0.001505 0.000365 0.00013 0.00151 5e-06 0 0 0.00076 0 0 0 5e-06 1.5e-05 0 1e-05 1e-05 5e-06 0 0.00136 0.00109 1.5e-05 0.001435 0 5e-06 0 0.00058 5e-06 2.5e-05 0.000285 0 0.001495 5e-06 0 0 0 0 5.5e-05 0.001475 4.5e-05 0 0 2.5e-05 9.5e-05 0.000135 0.001375 0.00139 0 0 0.001425 0 0.00144 0 0.00147 3.5e-05 0.001425 0 1.5e-05 0.001375 0.00027 0.001335 1e-05 0 0.001485 0 0.001255 0.00135 0.00146 0.001395 0.001375 0
0 0.00149 0 0.00157 0 0.000435 8e-05 0.00141 0 0 0.000235 0 2e-05 0.001405 0.00126 0 2.5e-05 0.00144 1e-05 0.001455 1e-05 0.000145 0 0 0.00139 0.00018 0.001285 0 2e-05 5e-06 0.00033 0 0.001515 0 0 0 0 0.00151 0.000225 0.001415 0.00137 1.5e-05 0.000795 1e-05 0.00132 0.001625 1.5e-05 0 0.00145 0.001505 0.000875 0 0 3.5e-05 0.00023 1e-05 2e-05 0.001495 0 0.001315 0 5.5e-05 0 0 7.5e-05 0.00143 6e-05 0.00142 5e-06 1e-05 5e-06 1e-05 0 0.00136 0 0 0 0.001445 0 0.001425 0 0.00026 0.001585 0 0 0.001375 0.001305 0 0 0.001305 5e-06 0 0 0 0 0.00042 0.00038 5e-06 8.5e-05 0
0 0 0.001505 0.00146 0.00143 0.000595 0.001455 0.001435 0.001405 0 0.00149 0 0 0 1e-05 5e-06 0.0013 0 0 0.001335 0.00141 0.001535 0.00012 1.5e-05 0.00086 0 0 1e-05 0.00135 0.001515 0.00164 0.00143 0 0.001455 0 0.00022 0.001495 0 0.001495 0 0.001515 0.00024 0 0 0 0 5e-06 0.001435 0.00011 0 0 6e-05 5e-06 0 0.001055 0.001325 0 0.001515 0.00139 0.00142 5e-06 0 0.001405 5e-06 5e-06 2.5e-05 0 0 0.001405 0 0.001385 0 0.00135 0.001335 0 0 0 0 8.5e-05 5e-06 7e-05 0 0.001425 0 5e-06 0.00145 0.00144 0.000545 0.0001 0.001065 0 2.5e-05 0 1e-05 2.5e-05 0.00134 0 0 0.00134 0.001485
1.5e-05 0.001525 0 5e-06 5e-06 0 0 0.00137 0 0.00014 1.5e-05 5e-06 0.0014 3e-05 5e-06 2e-05 0.00134 5e-06 8e-05 1e-05 1e-05 0.0015 0.00154 0.00149 2.5e-05 1e-05 1.5e-05 0.001425 0 0 0.001325 0 0 0.00137 1.5e-05 0.00145 0.001365 5e-06 0 0 0.001445 0.001335 0.00144 5e-06 2e-05 0 0.000845 0 5e-06 0 0.00148 5e-06 0.00145 0 0.001535 0 0.001495 1e-05 0 0.001475 0 0.000305 0.000155 0.00155 0.000475 0 1.5e-05 0 0 0 0.001385 0 0.001365 0 0 0 1e-05 0 0 0 0 0.00149 0 0.001495 8.5e-05 0.00134 0 0.00107 0 0.001325 0 0.0014 0 0 1e-05 0.0013 0.001355 0.00147 0.000495 0
0.00025 0 0.001465 0 0 0.00128 1.5e-05 1e-05 8.5e-05 0 0 4e-05 0.00149 0.00145 0 0.001295 0.00028 0.00151 0 0.00146 5e-06 0.000175 0.00133 0.00057 0 0 0 0 0.0015 0 0.001585 0 0.001415 5e-06 0.00141 3e-05 1.5e-05 0.001385 0.0014 0 0 0 0 1.5e-05 0.00142 5e-06 0.0013 1.5e-05 0.001455 0.00158 0 0 0 1e-05 0 5e-06 0 0.001 0.001465 1e-05 0.00143 0.001405 0.00101 2e-05 0 1e-05 0 0.001425 0.00122 0.001375 0 0 0.00148 1e-05 0.00135 0.001415 0 0 0 0 0.00135 0 0 0.001275 0 0 0.001515 0.00147 0 1e-05 1e-05 0 0.001505 0 5e-06 0.00067 0.00145 0 2.5e-05 5e-06
0 0.0014 0 0.00068 0.00156 5e-06 0 0.00145 0.00097 0 0 1e-05 0.00137 3e-05 0 0.00141 0.001405 0 5e-06 0 0 0.00154 0.001425 0.00058 0 0.001485 0.00135 0 0.001415 0 0.00145 0 0 0 0.00144 0.001405 0.001445 0 1e-05 0 0 3e-05 0.00069 0 5e-06 0 0.00137 0.000535 1e-05 0.001445 0.0015 0 0 9e-05 0.00146 0.001565 0.00139 0.00145 0.00148 7e-05 5e-06 0.0008 0.00137 1e-05 7e-05 0 0.001395 5e-06 0 0 0.001395 0 5e-06 0 0.0013 5e-06 0.000135 0.001255 6e-05 0 0.001625 0 5e-06 5e-06 0.00142 0 0.0014 0 1.5e-05 1.5e-05 0 0.00145 0 0 0 0.001 0.00024 0 0.00129 0
0 0.001335 0 1e-05 0.00011 0 0.00144 0 0.001325 0 2e-05 0 0.001385 0 0.00016 1e-05 0.00142 1e-05 0 0.00138 0 0.0016 1e-05 0 5e-06 0 5e-06 1e-05 0.0007 0.001375 0.000855 0.001445 1e-05 0.001585 0 0 0.001245 0.00135 0.001495 0.00123 0.00136 1.5e-05 0.001435 0 1e-05 0 0.001505 0.00138 1e-05 0 6.5e-05 0.001445 0.00144 0.00133 1e-05 1.5e-05 0.00017 1.5e-05 0.00145 0 0 0 0.001025 0 0 0 0.001385 0 0 8.5e-05 0.001575 7e-05 0.001445 0.0014 0 0.00143 0.001525 5e-06 0 0.001365 0 0 0.00066 0.001605 0.00016 0.00135 1e-05 0 0 0.00138 0 0.00145 0.00018 0.00147 0 0.00135 0 0 0.001275 0
1e-05 0.001315 1.5e-05 0 1.5e-05 0.001325 2.5e-05 0.00121 0.001475 4.5e-05 1e-05 0 0 0.00145 0 0.001345 0 0.00131 0 0 9e-05 0 1.5e-05 0 7e-05 0 0 0.001435 0 0 2e-05 0 0 1.5e-05 7e-05 8.5e-05 0.00131 0.00137 0 0 2e-05 0.001475 0.000215 0 0 0.001265 0.001465 0.000445 0 5e-06 0.00136 0.001565 0 0 5e-06 0.001505 0.000255 4e-05 1.5e-05 0.001255 0.001345 0 9.5e-05 0 2e-05 0.00138 0 0 0.00106 1.5e-05 0 0 5e-06 0 0.001495 0.001285 0 6.5e-05 2e-05 1.5e-05 0.001355 0.001415 0 0.00169 0 0 0.001515 0 0.000395 1.5e-05 0.00138 0 0.00041 0.00144 0.00128 0.000795 0 0.0014 0 0
0 0.0015 0 0.001365 7e-05 0.001445 0.00061 5e-06 4e-05 0 0 0 0 0.001325 0.001365 5e-06 0.00147 2e-05 0 0 0 0.0014 0.000475 9.5e-05 0.001265 0 0.00129 2.5e-05 0.001425 0.001455 0.001595 0.000485 0.001585 0 1e-05 0 0.000145 0 0.00147 0.00107 0.00079 0 5e-06 0.00133 0.001375 0 5e-06 0 0 7e-05 3e-05 0 0 0.00142 4.5e-05 1.5e-05 0.001425 0.001555 0.000135 0.001195 0 0.00156 0 0 0 1.5e-05 0 0.0001 0 2e-05 0.001395 0 0.00146 0.00125 0 0.00153 0.001325 2e-05 0 0 0 0 0 6e-05 0 0 0.001275 5e-06 0.001255 0 1e-05 0 1.5e-05 0.000265 0.00025 0.00147 0.00147 0 0 0.000855
0 0.000125 0 0 0 0.00132 0.000825 5e-06 0.001335 1e-05 0.001435 0.00072 0 0.000125 0 0 1e-05 0 0 0.00152 1.5e-05 0 0.00153 0.001505 0 0.001325 0.00134 0 1e-05 0 0.001595 5e-06 0.001345 0.001425 0 0.0014 1e-05 0 3.5e-05 1.5e-05 0.00127 1.5e-05 1.5e-05 1e-05 0 0.00066 2.5e-05 0.000365 1e-05 0.001475 0.00136 0.001375 0.000955 0 0 0 0 0 0.001535 0 2e-05 0 0.001655 0 1e-05 1e-05 0 0 0 0 0.001585 1e-05 0.00151 5e-06 1.5e-05 0 0.001345 0.00144 0 5e-06 1e-05 0.00158 1.5e-05 0.001425 0.001515 0 0.001535 1e-05 0 0 1e-05 5.5e-05 0.001445 0.00144 1e-05 0 1e-05 0.00142 0.00139 0
0 0.001465 0 0 0.001475 0.00138 2e-05 0.001425 0 1.5e-05 0.00128 0 0.00155 0.001365 0.00148 0.00143 0.001435 0.0015 0 0 1.5e-05 0 5e-05 5e-06 0 5e-06 0.00018 0 0.001385 0.00145 0 0.001295 0 1e-05 0.001295 5e-06 0 0.001465 0.00138 0 0 0 0 0 0.001585 0 0.000155 1.5e-05 0.00049 0.00135 0.001335 5e-06 0.001525 1.5e-05 2e-05 0 0 2e-05 0 0.00135 0.00138 2e-05 3.5e-05 1.5e-05 2e-05 0.00121 0 0 0.00155 0 1.5e-05 0.00091 0.00023 1e-05 0 0.001475 1.5e-05 0 0 0 0 0 0.001375 0 0 5e-06 0 5e-06 0.00042 0.001345 0.001285 0.001415 5e-06 0.001415 0.000925 0 0.000425 0 0.001375 0.000445
5e-06 1.5e-05 0 0 0.000515 5e-06 0.001425 0 0.001415 0 0.00144 0.00132 0.00141 0.001345 0.00142 0.00135 0 1.5e-05 2.5e-05 0.001495 0 0 0.000395 0.001245 0 0.00148 0 1.5e-05 2e-05 0 0 0 0.00142 5e-06 0.00144 0 0 0 0.00147 0 0 9.5e-05 1e-05 5e-06 0.001295 0 0 0 0.001435 5e-06 0.00061 2e-05 0.00141 0 0.001315 0 0.00135 0 5e-06 0 0 0.000125 0 6.5e-05 0.001305 0 0.00124 0.001425 7e-05 2.5e-05 0.001405 2.5e-05 0 0 5e-06 4e-05 0.000375 5e-06 0 0 0.00145 0 0.001535 0.00069 5e-06 0.00145 0.001355 0.001435 0 0 2e-05 0.00133 0.00156 2.5e-05 0 2e-05 0.00144 0 0 0
0.00139 0.00125 0.00146 0.00139 0 0 0.001395 0.000795 0.001355 0.00014 0 0.00011 0.001315 0.001395 0.001295 1e-05 1.5e-05 9.5e-05 0 0.000105 0.00049 0.00141 0 0 0 0 0 0 0.001415 0 6.5e-05 0 1.5e-05 5e-06 0.0014 0.00147 1.5e-05 0.00153 0.0013 0 0.00135 2e-05 1.5e-05 0 0.00122 0.00136 5.5e-05 0 0.000405 0 0 0.001505 2e-05 5e-06 0.001285 4e-05 0 2.5e-05 0.001325 0.0015 0 0.001255 0.001345 0.00134 2.5e-05 0.00135 0 2e-05 0.000125 0 0 0 2e-05 0 0 1.5e-05 0.00149 0 0.001565 0 1e-05 5e-06 0 1e-05 0 0.00028 0 0 0 0.001375 0.001245 0 0.00141 0.001375 2e-05 0 0 1.5e-05 0.001315 2e-05
0 0 0 0.001425 0 0 0.000215 0.00109 0 5e-06 0 1.5e-05 0 0 2.5e-05 0 0 0.001645 0.001385 0 0 0.001435 0.000305 3e-05 0.0015 1.5e-05 0.00117 7e-05 0 5e-06 0 2e-05 0.00057 1e-05 0.001455 0.000375 0 0.000495 1.5e-05 2.5e-05 0.001495 0.001535 0.001465 0.000375 2.5e-05 0 0 0.001445 0.00137 0.001475 2.5e-05 0 0.00152 0.000285 5e-06 2e-05 0 0 0 0 1e-05 0.001445 0.001425 0 0 0.001435 5e-05 5e-06 0 0.001445 0.001385 0.001295 0 1e-05 0 0.001365 1.5e-05 2.5e-05 0 0.00146 0.00133 0 0 0.00143 0.001275 0.001315 0 1e-05 0.00144 0.0011 0 5e-06 0.000145 0.00143 0 1.5e-05 0 0.001295 0 0.001425
0 0.001445 0.00137 0 0 0.001415 0.000695 1e-05 0 1e-05 0 0 0 0 0 0.00144 0.00119 0 0.00126 0.00138 0.00011 0 0 0 0 1e-05 0.001525 5e-06 0 1.5e-05 0 0.00025 0 0 0.001435 0 0.001275 0.000225 0.00151 0.00142 6e-05 0.00123 0 0.001255 0 5e-06 0 0.001575 0 2e-05 1e-05 0.00143 0 4e-05 0.00147 0.001495 0 0.001345 1.5e-05 0.001465 1e-05 0.00146 2e-05 0.00085 0 0.00019 0.001345 1.5e-05 0 0.001355 0.000585 0.00129 0.00057 0 0.00132 0.001475 7e-05 0.001455 5e-06 0.001535 0 0.001295 2e-05 0 1e-05 0.00138 1e-05 0 0 0.001305 0 5e-06 0.00134 5e-06 0 2e-05 0 0 2.5e-05 8e-05
0.00147 0 0.001365 0.00152 2.5e-05 0 0 0.00157 0 0 0 0.00044 0.00137 0 0.00124 0 1e-05 0 0 0 0.00031 5e-06 1.5e-05 0.000275 0 0.001255 0 4e-05 0.0014 0 0 0 0 0.001305 0.00034 5e-06 5e-06 0.000185 0.00044 0 1.5e-05 5e-06 0 0.001405 0.00157 0 5e-06 1e-05 5e-06 0 0 0 0.00155 0.00154 0.00153 0 3e-05 0 0 0.00137 0.000595 1.5e-05 0.00143 0.001405 0 0 0.00142 0.00139 0.000165 0 0.001455 0.001505 5e-06 0 0 0.001455 5e-06 0 0.001385 3e-05 0 0 0.001285 0 0.000585 0 0 0.001385 2e-05 0.000105 0 1.5e-05 0.0015 0.00033 0 0.00128 0 0 0.001515 1.5e-05
0.00139 0 0.001545 0 0 0 5e-06 0.00014 5e-06 0.00104 0.001285 6.5e-05 0 5e-06 0 2.5e-05 0 0 0 1.5e-05 1e-05 0 8e-05 0 0.001445 0 0.001495 0.001395 0 0 0.00142 0.00097 2e-05 0.001385 0 0 0.001355 0.001525 1.5e-05 0 0.000305 0.00145 0.00134 0.00135 0 1e-05 0 0.00131 0.00059 0 0.001465 0 0 0.001415 0 5.5e-05 0 0 0.00148 0.00139 0.000465 0.000125 0.00125 0 0.00152 0.001405 2.5e-05 1e-05 0.00133 0 0 2.5e-05 0 0.001385 0.000125 0 1.5e-05 0.000385 0.001415 0.00136 0.001275 0 0 0 0.001395 0.001375 0.001155 0.00077 0 1e-05 0 0 0.001385 0.000165 0.00131 0.00138 0.000625 0.000295 0.00135 0
5e-06 0.001415 0 5e-06 0 0 0 0 0.00033 0 1e-05 0 0.000195 0.00132 0.001355 0.00143 0.000115 1.5e-05 0.000515 0.00136 8e-05 0.00146 5e-06 0.00134 0 2.5e-05 3.5e-05 0.00137 0.00112 4.5e-05 0.000415 0 0.00011 0.00019 3e-05 0 0.001525 0 5e-05 0.001435 0 0.001515 0 0.00146 0 0.001365 0.00158 0 0 5e-06 0 0.00157 0.001335 0.001535 0.001435 0.0014 1.5e-05 1e-05 1e-05 0 0 0 0.00137 0.001395 0 0 0.00073 0 0 2e-05 0.001385 0 0.00131 1e-05 0.00123 0 0.001375 2.5e-05 0.00147 5e-06 0 0 0.00014 0 0 0 0 2e-05 0.00017 0 0.001515 0 1e-05 2e-05 0 0.00145 0 0 0.00155 1e-05
0 5e-06 0.00134 0.0014 0.0015 0 2.5e-05 0 0 0 0.0015 0 0.001465 0.00155 0.001335 0.00137 0.00014 5e-06 0 0.00163 0.001445 5e-06 0 0 0.001295 0 0.00135 5e-06 0.0015 0.000725 0.00154 0.000415 1.5e-05 0 0 0 0.00141 1.5e-05 0.0004 0.00149 0.00144 0 0 0 0 1e-05 8e-05 0.001355 0 0 0 0.001355 0 3.5e-05 0 0 0 0.000425 2.5e-05 0 0 1e-05 0 0.00029 0.001495 4.5e-05 0 0 0.00136 0 0 1e-05 0.00131 2e-05 0.001015 0 1.5e-05 1.5e-05 0 0.001365 0 0.001325 0.00149 0.00018 3.5e-05 0.001435 0.00151 0.00057 1e-05 0.001265 0 0 0.001355 0.001455 0.00132 0 0.00139 0 5e-06 5e-06
1e-05 0 1e-05 0 0.001435 5e-06 1.5e-05 0 0 0.001525 1.5e-05 0.00135 0.00046 0.00142 0 0.001515 0 0 0 0.001415 0.00139 0.000345 0 1e-05 0 0 0.00137 5e-06 4.5e-05 1.5e-05 0.00131 0 0 0.00133 0 0 0.00121 0.00108 0 0 0.00141 0 0.00146 2e-05 0.001305 0.001525 0.001515 0.000715 0.00156 0.001385 0.001325 3e-05 0.000305 0.001485 0 1.5e-05 0 6.5e-05 0.001395 1.5e-05 0 2e-05 0 0 0 1.5e-05 0.001325 0 0 0.0001 0 0.000335 0.001385 2.5e-05 0 0 0 0 0.001375 0.00013 5e-06 0 0 0.00067 0 1.5e-05 0 0.001375 0.001445 0.00138 0 0 0 0.00142 0.00133 1.5e-05 0 0.001435 0.0013 0
0 1.5e-05 0 0.00136 0 1.5e-05 4.5e-05 0 0 0 0 0 0.001345 0.00138 0.00138 0 1e-05 5e-06 0.000255 0 0.001315 0.00126 0 5e-06 1.5e-05 0.00154 0 0.001265 0.00019 1e-05 0 0 1e-05 0.00064 0.00143 5e-06 0.001505 0.001495 0.00132 0 0.00145 0.001475 0.001445 0.000135 0.001355 0.00151 0 0 0.00137 0.00129 0.00124 0 0.001485 1.5e-05 6.5e-05 1e-05 0 0.00032 1e-05 0 0.001375 0.00149 0 0.001705 2.5e-05 0 0.00011 0.001385 0 0.00012 0.001405 0 0 0 1e-05 0 0 0.001365 0.001445 2e-05 0.001135 0.000925 2e-05 0.00038 2.5e-05 0 0 0.00154 2.5e-05 0 0 0 0 5e-06 5e-06 0 0.00144 0.00139 1e-05 1e-05
0 5e-06 0.001475 0 0 0 0.00136 5e-06 3.5e-05 0.001585 5e-06 0 1.5e-05 5e-06 0 0.00013 0 0 9.5e-05 1e-05 0.0014 0.001465 3.5e-05 0.001415 0.00147 0.001445 0.001435 5e-06 0 0 0.0001 0 0.001495 0.000125 0 0 1e-05 0.00066 0.001445 0.00055 0.00043 0 0.00014 0 0.001455 0.00015 0 0.001395 0 5e-06 0 0 0 0.001465 5e-06 1e-05 1.5e-05 0.00137 0.00122 0.001485 0 1.5e-05 0.00016 0 0.00147 0 0 1.5e-05 1e-05 0.00153 0.00147 0.001455 0.000115 0 0.001345 0 0.00157 0.000465 0.001405 0.000145 1.5e-05 0.001475 0 0.001495 0 0 2e-05 0.00127 0 0 0.00145 1e-05 2e-05 1e-05 0 0 0.00136 1e-05 5e-06 0.001375
0.00151 0.001405 1.5e-05 0.001585 1e-05 0 0.00136 0 0.00056 0 5e-06 0.00163 0.00151 0.000115 0.001015 0.001375 0.00102 2e-05 0 0 0 0.00142 3.5e-05 2e-05 0 0 1.5e-05 0.00148 0.001025 1.5e-05 0.00019 1.5e-05 0.001475 0 0 0 0.00141 0 1.5e-05 0 5e-06 0.00146 0.00149 0 1e-05 0.00155 0.00132 4.5e-05 2e-05 0.001545 0 0 0.00141 0.000775 0 0.00137 0 0.00144 6e-05 0 1e-05 0 1.5e-05 1e-05 0.000885 0 1.5e-05 0.001375 1e-05 0 0.00149 2e-05 0 0.00149 3.5e-05 1.5e-05 6e-05 0 0 0.000185 0 0 0 0.00146 0 0 0.00139 0.000945 5e-06 0.00137 0 5e-06 0 0 0 0.00152 0.00146 0 2e-05 0
5e-06 0.00153 0 0 0.00125 5e-06 0 0.001525 1.5e-05 0.00082 5e-06 0 0.001355 0.00116 0 0 0.000125 1e-05 0.00138 0.00147 0.001405 0 0 0 0 0 2e-05 0 1e-05 0 0 2.5e-05 0 0.001505 0.00155 0 0 0 1.5e-05 0 0.00143 0.001405 0.00026 0.001335 0.0014 0.00149 0.001405 6.5e-05 0.00137 5e-06 0 2.5e-05 0 0.00142 0.00136 0.00013 1.5e-05 0.00129 0 0.001395 0 0 0.00045 0.000175 0 5e-06 0.000615 0.00142 0.00137 0.00141 0 0.00139 0 1e-05 7e-05 1e-05 0.001545 0 0.00135 0.00048 0 1.5e-05 0.001405 4e-05 1e-05 5e-06 0 0.001355 1.5e-05 0.001375 0.0014 7e-05 2e-05 0.001455 0.001385 0 0 0 0 1.5e-05
1e-05 0 0.001405 0.001485 0.0014 0 0.000155 0 0.000835 1.5e-05 0.00138 0 0 0 0 0.001605 0.001345 0 5e-06 0.001405 0.00081 1e-05 0.00138 0 0.00145 0.001355 5e-06 0.00143 0 0 0.00031 0.001415 0.00138 1.5e-05 0 5e-05 0.001505 0.000655 0 0.000245 0 0.001405 9.5e-05 0.00142 0 0.001415 5e-06 0 0 0.000405 0 2.5e-05 0 0 0 0.001455 0 0.001525 0 0.00011 0 1.5e-05 1e-05 0.001415 0.00014 0 0 0 1e-05 5e-06 0 8.5e-05 0 0 0 2e-05 0.00152 1.5e-05 1e-05 5e-06 0 0.00137 0 0 0 0 0.000605 0 0 0.001515 0 0.001505 0 1e-05 0.001505 0.001335 0 0.00145 0 1.5e-05
1e-05 5e-06 5e-06 0 0.00146 0 1e-05 0 0 2.5e-05 0.001465 0.00129 0.000245 5e-06 0.000955 0.001395 0.00019 0.001615 0.000125 0 9e-05 0 0.00151 0 0.00161 0 0.00137 9e-05 0.001375 1.5e-05 9.5e-05 0.00144 0.001395 0.00153 0 0.001495 1e-05 0 0 0 0 0 0 0 1e-05 0.001435 5e-06 0.001145 5e-06 0.001475 0 0 2e-05 0.00136 0.001445 0 0.00141 2e-05 0 0 0.000725 0 0.00135 0.001335 1.5e-05 0 0 0.0001 0 0.000185 0 0.00159 0 0 0.001435 5e-06 5e-06 5e-06 1e-05 0.00141 0.00136 0.000645 0 0.0014 0 0 0 1e-05 0.00058 0 0 0.001345 1e-05 1.5e-05 0.001505 8e-05 0.001335 0.00148 0 0
0.00111 0 0 0.00135 0.00141 0 0 0 0.001455 0.000145 2e-05 0 0.0016 0.000925 0 0.00033 0 1e-05 1.5e-05 0.00018 0.00141 0.00012 0.001535 1.5e-05 0 0 0 0 0 0 0.00145 0.00143 0 0.001415 0 0.001405 0 0.00044 1e-05 4e-05 0 0 0 0.00139 0 0.00131 0 0.00065 1.5e-05 0 0 0.001395 0 0.00137 0.001245 2e-05 1.5e-05 1.5e-05 0.00141 1e-05 5e-06 0.00016 0.00133 0 0.00152 0 0.00139 2e-05 1e-05 0 0.0014 0.00144 0.00129 0.001285 0.00147 0.001345 0.001285 3e-05 2e-05 0 0.00142 0 0 0.001305 0 0.001535 0.00131 0 6e-05 8e-05 0.00143 0 0.001505 0 0.00137 0.00129 0.000195 0 1e-05 0
7.5e-05 0 0 0.000175 0.001465 0 0.00127 8.5e-05 0.001415 5e-06 0.00121 1.5e-05 0.001455 3e-05 0.00138 0.00071 0.001215 0 0.00144 0 1e-05 0.001375 0 0.0015 0.001325 0 0.00036 0 0.00017 5e-06 0.001435 0 0.00154 0.0015 0.00146 1.5e-05 0 5e-06 2e-05 0.001395 0.00025 0.00145 0.00145 0 0 0 0 1.5e-05 0 1.5e-05 0 0 0.000925 0.00032 9e-05 0 0 0 0 1e-05 0.00144 0 0.001335 0.001315 1e-05 0.00135 6e-05 0.00144 3e-05 0.001475 5e-06 3e-05 0.00148 0 0.00145 0.00135 0 0.00024 0 0.001415 0.00145 0 0 0 1.5e-05 5e-06 0.00151 0 0 0.00136 0.000495 0 2e-05 0 0 0 0.00142 0 3e-05 0
0.001485 1.5e-05 0.00149 0.001265 0.001545 0 1e-05 0 5e-06 2.5e-05 0 0 0.001555 0 0 0.00155 1e-05 0 0 0 0 0 0.00158 0.000165 0.000105 0.00109 0 0.001485 0 0.0003 0 0 0.001385 0 0.001395 0 0 1.5e-05 1.5e-05 0.001105 0 5e-06 0.00127 5e-06 0.0014 0 0.000265 0.0007 0.001335 0 6.5e-05 0 0.00144 1e-05 0 1e-05 2e-05 1e-05 0 0.001605 3e-05 0 0.001345 1e-05 0 0.00147 0.000105 0 0.00129 0 0 0 0 0.001365 1.5e-05 0.0015 0 0 0 0.0014 0 1.5e-05 1e-05 0.001445 0 0 1.5e-05 1e-05 0.001305 0.000225 0.001285 5e-06 0.00131 1.5e-05 0.001465 1.5e-05 0.001325 0.00123 0 3e-05
0 0.001415 0.00139 0.001385 0.001465 1.5e-05 0.001555 5e-06 1.5e-05 2e-05 0.00136 0 3e-05 7e-05 0 0 0.001505 0.00055 0.00105 0.001355 0.0004 2.5e-05 0 0 0 0 0.001555 0.00023 0.00132 0.00016 2.5e-05 1e-05 0 0 0.001385 1e-05 0 0 0.00158 1.5e-05 0 0.001345 0.00135 0.001445 0.00118 0.001335 0.0001 0 0.001475 0.00096 0 0 0.001455 0 0.00079 1e-05 0.00014 0 6e-05 0.001395 0 0.001475 0.001495 0.00137 5e-06 0 0.00032 5e-06 0.00028 1.5e-05 0.00147 0 0 0 0 0 0 0 5e-06 0.00135 0.00142 0.00125 0 1.5e-05 0.00142 0.00044 0 0 5e-06 1.5e-05 0.001385 0 0.001465 0.001395 1.5e-05 0.00138 5e-06 0 0.001445 0
0.00146 3.5e-05 0.001425 0.001425 1e-05 0 1e-05 0 0 0 0.001595 0 1e-05 0 0.001365 1.5e-05 0 1.5e-05 0.000125 0.001385 0 0 1.5e-05 8.5e-05 0.00131 0.001395 1.5e-05 0.00136 1e-05 2e-05 3e-05 0 0.000415 0.001415 9e-05 0.00145 0.0014 0.00131 0 5e-06 1e-05 0.000235 2e-05 5e-06 1.5e-05 0 1.5e-05 0 0 0 0.001545 1e-05 2e-05 0.00056 1e-05 0 3.5e-05 0.00097 1e-05 0.00143 0 5e-06 0 0 5e-06 0.00141 5e-06 1e-05 0.00028 0 0 5e-06 0 0 0 0.001465 0 1.5e-05 0.001375 0.00136 0 0 0.001605 0.000725 0.001315 1.5e-05 0 0.00146 0 1.5e-05 0.00141 0 0.001445 0.000535 0.001005 0 0.001445 0 0 0.001505
1.5e-05 0 0 0 5e-06 1.5e-05 0.00147 0 0 0.001505 0 0.00015 0.001565 1e-05 5e-06 0 0 8.5e-05 0 0 0.001375 0 0.00131 0.00019 3.5e-05 0 0.001535 1e-05 0.00012 6e-05 0.00137 1e-05 0 1e-05 0.001335 1e-05 0.00062 0.00137 0 0 0.001475 5e-06 0 0.00148 0.00143 5e-06 0 1e-05 0.00047 0 5e-06 5e-06 0.00132 0 1.5e-05 1e-05 0.000895 0 0.001445 0.001395 0 0 0 0.001395 0.00139 0 0.00147 0 0.001685 0.00123 1e-05 0.0015 0 0 0.000105 0 0.00154 0.001375 0.00144 0 0.00029 0 0.001405 1e-05 0 6.5e-05 0 0.00146 0.00151 0.0001 0 0.00139 0.001345 6e-05 9.5e-05 0 1e-05 0 0 0.000235
0 0 0 0 1e-05 0.00156 0 1.5e-05 0.00152 0 0.001365 0.00138 0.001345 0.00031 0 0 0 2e-05 0.001225 1e-05 5e-06 0 5e-06 0 0 0 0.001355 0.001445 0 1e-05 5e-06 0 1.5e-05 0.00143 0.001515 0.00135 0 0.00143 0.00148 3.5e-05 0.00018 0 0.001455 0.000585 5e-06 0 2e-05 0.00152 0.00026 0.000435 0.00154 2e-05 0 0 0.00141 0.0015 0 0 0.001295 0.001305 5e-05 0.0014 0.0014 0.00095 0.00161 0.00137 5e-06 0.000355 1e-05 1e-05 1.5e-05 0 2e-05 1.5e-05 0 0 2e-05 0 0.0015 1e-05 0.001465 0 0.00146 0 0.001375 0 5e-06 0 0 0 0.001455 0 2.5e-05 0 0.001505 0.001515 5.5e-05 1e-05 0.00098 0
8e-05 0 0.00152 0 2e-05 1.5e-05 0.001505 0.001055 0 0.00137 1e-05 0 0 0.001535 0 0 0.001435 0.001455 0.00138 0.00146 0 5e-06 1e-05 0 1.5e-05 0.00147 0.000265 0.001545 3e-05 0 0 2.5e-05 0.00132 1e-05 0.00016 2e-05 5e-06 0 0.001475 0.00034 0 0.001335 0 5.5e-05 0.001235 1.5e-05 1.5e-05 0.00137 0 0 0.001435 0 0 4.5e-05 0 0 0.00139 0 5e-06 0.001425 0 2e-05 0 0.00152 7e-05 0.00149 0 0 0.000655 0.00131 1.5e-05 0 0 1e-05 0.00142 2.5e-05 5e-06 0 0.000815 5e-06 0.00137 0.00151 0.00142 0 0.00132 0.00151 0 0 0.001305 0 1.5e-05 0.001415 0 0 0 2.5e-05 0 7e-05 0 5e-06
0.001445 0 0 0 0 0.0014 0 0.00137 5e-06 0 2.5e-05 0 0 1.5e-05 0.00139 0 0 0 0 2e-05 0.00145 0.001545 5e-05 0.000205 0.00142 0.0004 0.000645 0.00147 0 0.00135 0.001455 0 1.5e-05 0 0.001465 1e-05 0.001485 0 0 0.00145 0.000115 0.00041 0.00141 0.00144 6.5e-05 0 2e-05 0.00154 2e-05 0 0.001355 0 0 0 0 0 1e-05 0 1e-05 0.001455 5e-06 0.001475 0.00143 1.5e-05 1e-05 0.001355 1e-05 0 0.000105 0 0.001275 0.000365 0 5e-06 0 0.00147 0.00136 0.0014 0.001455 0 1.5e-05 0.00024 0.000455 0 0.00139 0.001285 0.000655 1.5e-05 0 0.001475 0 0.00088 0 0.00145 0.00031 0 1.5e-05 7.5e-05 0 0
0.000355 0 1.5e-05 0 0 1e-05 0.001495 0.001415 0.001355 0 0.001535 0 0 0 0 0.00147 0.001175 0.00144 0.000795 0 5e-06 6.5e-05 0.000195 5e-06 0.001435 0.00139 6e-05 1.5e-05 0 0.000285 0 0.001575 1e-05 3.5e-05 0.001435 0 3e-05 1e-05 0.00146 0 0.00146 0 0.00151 0 0 1e-05 0.00011 0 0 2e-05 0.00103 0 0 0 0 0.000795 0 0.00101 0.001475 0.00139 0 1e-05 0 1.5e-05 1.5e-05 0 0.000405 0.001455 0 0.00147 0 0.00142 0.001405 0.001425 0.001405 5e-06 0 0.00151 2e-05 5e-06 0.001565 0 1e-05 0.001305 0 0.00151 0.00015 1e-05 0.000175 0 1e-05 0 0.00139 0.00153 0 0 5e-06 0 0.000235 0.00137
0 0 0 0 0 0.001525 0 2.5e-05 0.00128 0 0 2e-05 5e-06 0 5e-06 0.00137 0 0 0.00132 0.00162 0 0 0.001355 0.001425 0 0.001385 2.5e-05 0 0.001475 0 0.0015 1e-05 2e-05 0.00051 0 0.00016 0.00141 0.00115 0 0 0.001365 0.00145 0 2.5e-05 0.00143 0.00157 0 7e-05 0.001515 1e-05 0 0 1.5e-05 1.5e-05 0.00134 0.000275 0 0.00022 0 5e-06 0 2e-05 0.00139 0.001435 0 5e-06 0.001315 0.000265 0.00157 0.001525 0.00014 1e-05 0 0.00131 0.001495 0 0 1e-05 0 0 0.00125 0.001445 0 0.001405 0.001365 0.001395 0.001325 0.001355 0 0.001425 0 5e-06 5e-06 0 0.000605 0.001555 0.00157 0 5e-06 0.001435
0 0.001365 5e-06 0 1.5e-05 2e-05 0.00142 0.001385 5e-06 0.001315 0 5e-06 0 0 0.001415 0 5e-06 1e-05 0 0.00152 0 0 0.00139 2e-05 0.0005 0 0 0 0.000375 0.00144 0.00049 0 0.000245 0.00145 0 0.001445 0 0 0 1e-05 0 1e-05 1.5e-05 0.00041 0.001485 0 0 0 0.001365 0.00142 2e-05 5.5e-05 0 0.00142 0.000125 0.000195 0 2e-05 0.001465 0.001345 0 0 0.001445 0 0 0.00136 4.5e-05 0.00129 0.00148 0.00149 1e-05 1.5e-05 0 0 0.000185 0.00148 0 4.5e-05 0.00136 0 2e-05 3e-05 1.5e-05 0.000755 1e-05 0 0 0 0.00057 1e-05 0.001345 5e-06 1e-05 0.00147 0.00162 0.001465 1.5e-05 0 0.001595 9.5e-05
0.00143 0 5e-06 0 0.00037 0.00156 0.00148 0.00097 1e-05 0 0.001455 0.00141 3e-05 0.0007 5e-06 0 0 0.001255 0.00146 0.001525 0 0.00125 1.5e-05 0 0 0 1.5e-05 0.001375 0 1e-05 0 0.000605 0.00132 3.5e-05 0.00124 2e-05 0.00148 1.5e-05 0.00025 0.001375 0 0.001135 0.00151 0.001475 1.5e-05 0.00108 0 0.00036 5e-06 0.000105 0 0 0.001465 0 0 0 0 0 0.00134 1e-05 0 0 0.00135 0.00158 0 0.00142 0 0.001325 5e-06 0 9.5e-05 0.00138 0 0 0 0 0.000255 0 0.00121 0.001385 0.001445 1e-05 0.00133 0.001325 1e-05 1e-05 0.00148 0.0001 0 0.0014 0.00141 0 0 1.5e-05 5e-06 0 5e-06 0 5e-06 0.00085
0.00148 0.001335 1e-05 0 0.001415 0.00141 1e-05 0.00043 1e-05 0.001395 0 1.5e-05 0.00114 0.00137 5e-06 0 0 0 0 0 0 0 0.001425 0 0.001375 0.00129 0.001385 0 1e-05 1.5e-05 0.000405 0 0.00125 0 0 0.00051 0 1e-05 0.001355 0.00144 0.001565 0 0.001445 0.001385 0.0015 0 8e-05 0.00141 0 0.001325 0 0 0 0 0.00145 1e-05 0.001345 0 0.001525 0 0 5e-06 0.001495 0 0 0.000825 0.0013 0.00101 5e-06 0.00148 6.5e-05 2e-05 5e-06 0 0.0014 0.000265 0 0.001415 0 0.00149 0.0014 0 0 0.001425 0.000855 0 0 0.001425 1.5e-05 0.000775 5e-06 1e-05 0 0 0 0.001315 2e-05 5e-06 0 0
0 0.00151 0 0 0 0 0.001475 7e-05 0 0 0.001395 0 5e-06 0 0.00135 0.00015 5.5e-05 0 0.00143 0 4e-05 0.000195 1e-05 3e-05 1.5e-05 0.00022 0.001575 0.0001 0 0 0 2.5e-05 1e-05 0 4.5e-05 5e-06 0.0014 0.001305 0.001405 0.001365 0 0.00148 0 0.001255 4e-05 0 0 0.001415 0 0 0.00141 0.00139 0 0.00077 0 0.00143 0.00133 0.000845 0.00131 4e-05 0.00154 0.00143 0 0 0.000305 0.00136 0 2.5e-05 0 1.5e-05 0.00039 0.0014 0.001305 0 0 0 0 1.5e-05 0.001285 8.5e-05 1e-05 0 0 0 0.00146 0.00152 0 0.00139 1.5e-05 0.00138 0 5e-06 1e-05 0.001485 0.000565 0 0 0 0.001255 5e-06
