0.000495 0.008105 3.5e-05 1.5e-05 0.00169 0 4e-05 0 4e-05 3e-05 0.005035 0.009925 0.014745 6e-05 0 0 2e-05 1e-05 0 5e-06 3.5e-05 3.5e-05 0 0.00027 0 3e-05 0 0 4.5e-05 0.003145 5.5e-05 0 0.004625 0.006085 3e-05 5e-06 0.00018 0.00404 0 0.001305 0 0.000825 0 0.00015 0.00865 1e-05 6e-05 0 5.5e-05 4.5e-05 2e-05 0 0.000495 0.01151 3e-05 0 0.00349 2.5e-05 2e-05 3e-05 0 0 1.5e-05 0.008235 5.5e-05 3e-05 2.5e-05 4.5e-05 0.009185 0 0.004475 3e-05 2.5e-05 0 0.00974 6.5e-05 0.00662 0 0 6.5e-05 4.5e-05 0 0 0.00025 5.5e-05 4e-05 0 5.5e-05 3e-05 0.00033 0 0 0.00805 0.0005 0.012225 0 0 0 4e-05 5e-05
0 0.001525 0 0 0.000145 0 0.000995 0.0007 0 1.5e-05 0.00015 3e-05 0 0 0 0 0.00499 0.006625 3.5e-05 0.00308 0 0 0.004765 2e-05 0 0.01312 0 0.008075 0.00384 0.000425 0.00013 0.006325 3e-05 3.5e-05 0.0122 2.5e-05 6.5e-05 0 0 0 0 0 0 0.00531 0.00237 6e-05 5.5e-05 0 3e-05 0 3.5e-05 0 6.5e-05 2.5e-05 0 0.001765 1.5e-05 0 5e-05 0.00081 2e-05 3e-05 1e-05 1e-05 2.5e-05 3e-05 2.5e-05 0.000115 0.00541 0.00023 0 0.001245 0.000135 0 0 4.5e-05 0.000285 0.00066 0 3e-05 0.004405 1.5e-05 0.003265 1.5e-05 4e-05 3e-05 0.00019 4e-05 1.5e-05 0 2.5e-05 0 2.5e-05 2.5e-05 5e-05 2.5e-05 0.00063 0 2.5e-05 0.00139
0.00687 0 0 4e-05 0 0 0.010075 4.5e-05 3.5e-05 0.007205 0.00249 3e-05 0.00563 0.0005 0.000555 0.004735 0.013535 0.000495 0 0.007545 0 0 1e-05 2.5e-05 0.00338 0 0 3e-05 0 3e-05 0 3.5e-05 0.0001 0 4e-05 0 0 0 0.00116 2e-05 3e-05 0.000475 2.5e-05 0 6e-05 4.5e-05 0.00159 1.5e-05 1e-05 0 0.001425 0.006525 3.5e-05 0.006635 0.00158 0 0 2.5e-05 3e-05 0.000645 0 0.00219 2.5e-05 0.004515 2.5e-05 0.00072 2.5e-05 4.5e-05 0 0.008515 0 0 0.01148 0 0 0.005585 2.5e-05 0.000145 0 4e-05 0.000715 0 0.00973 0 5e-05 7.5e-05 0 0.003355 0 2.5e-05 2.5e-05 0.005005 5.5e-05 6e-05 0 0 0 0 0 0.000875
0.003755 4.5e-05 0.000805 0.01382 0.00252 0.00192 0 0 0 0 5e-06 4e-05 0 2e-05 9e-05 0 0.00712 0 0 0.015355 0 2.5e-05 0.0009 4e-05 0 0 0.00136 0.00292 5e-05 0 0.00065 0.00126 0 0.00136 6e-05 1.5e-05 0 0.000275 0 5.5e-05 0.006165 0.000315 0 0 0 0 0.00298 7.5e-05 0 0.00252 4e-05 0 0 0 5e-05 0 2.5e-05 0 5.5e-05 4.5e-05 1.5e-05 2.5e-05 0.008795 3.5e-05 2.5e-05 2e-05 0 0 0.00249 0 0.001655 0.002445 0.01009 0.00371 2e-05 0.019445 0.010355 3.5e-05 0 0 0 2.5e-05 4e-05 4.5e-05 2.5e-05 1.5e-05 4.5e-05 2.5e-05 5e-05 5.5e-05 0.00309 0.012235 0 2e-05 0.002485 2.5e-05 0.0003 3.5e-05 5e-05 1e-05
0 1e-05 0.005355 0 0.00858 0.002045 7e-05 0 0 2e-05 0 3.5e-05 0 0 5e-05 5e-06 4e-05 5e-05 1e-05 0.008695 2.5e-05 4.5e-05 4.5e-05 0.00025 0 0 0.003075 0 2.5e-05 4e-05 0.003875 0.01845 0.00192 0.011975 6.5e-05 0 2e-05 0 0.00013 0.00046 0 0.00331 0.004805 0.00013 0 0.00186 0.002135 3.5e-05 0 5.5e-05 0 4.5e-05 0 0.00922 0 3.5e-05 0 1.5e-05 3e-05 0.00041 0 5e-05 2e-05 2.5e-05 0 0.00573 2.5e-05 3.5e-05 0 3.5e-05 0.00181 0 0.004915 2.5e-05 0.004065 4.5e-05 5e-06 0.00112 0.000345 0 4e-05 0 2.5e-05 0 0 1e-05 4e-05 3e-05 0 0.0008 0 2e-05 0 3.5e-05 2.5e-05 0.01176 0 0.00073 0 4.5e-05
0 1.5e-05 0 0.006435 0.00408 0.001585 0.008135 3e-05 0 0 0.005135 0.00556 0 3.5e-05 0 3.5e-05 2.5e-05 0.000525 0.00335 0.001665 3e-05 6.5e-05 0 2.5e-05 0.00166 5e-05 0 2e-05 0.00031 2e-05 0.000315 1e-05 0 0 0 5e-05 0 0.002335 0 0 4e-05 0.00317 0.011545 0 0.0008 0.00607 3.5e-05 3e-05 4e-05 2.5e-05 0 2.5e-05 3.5e-05 0.01342 6e-05 0 3e-05 0 1e-05 0.001925 0 0 9.5e-05 0 0.00143 0 4.5e-05 0.003035 0 0.002315 0 3.5e-05 0.00056 0 0 0.001765 0.00019 0.00466 0.00166 0 0 3e-05 0 0.000255 3.5e-05 0.002795 3e-05 5e-06 0 3.5e-05 0.01291 0.00343 0.00827 0 0.00853 2.5e-05 2.5e-05 0 1e-05 2e-05
0.000675 0 0 0 0.006085 4e-05 0.007115 0.00012 0.00652 0 2e-05 2e-05 6e-05 0.00363 3e-05 5e-06 0 0.00631 0 0.001235 0.000735 0 6e-05 0.001025 0.00223 0 3e-05 0.00236 0 1e-05 0.000805 0.00611 6e-05 0.008245 0.015545 0.00028 3e-05 0.003345 7.5e-05 0 1e-05 0 0 0 0 2e-05 6e-05 0.007185 0.00577 0 5.5e-05 0.00405 2.5e-05 3e-05 0 8e-05 0 0 2.5e-05 5e-05 2.5e-05 2.5e-05 0 0.00104 3e-05 0.00038 0 0.00704 3e-05 0 2.5e-05 5e-05 0.001165 0 0.002645 0 0 4e-05 0 0.00018 0 0.005875 0 4e-05 0.0023 0 0.002215 0.0064 4e-05 0 5e-05 3.5e-05 0 2e-05 0 0.00294 0 0.002815 0 0.016435
1e-05 0.00877 0 4e-05 0.00774 5.5e-05 2e-05 0.002085 0.002425 9e-05 6e-05 4.5e-05 0 7e-05 0 2.5e-05 3.5e-05 0.00963 3e-05 3.5e-05 0 0.005695 2e-05 0.001095 0.000335 0.010505 4e-05 0.0028 0 0.013125 7.5e-05 0.00083 3.5e-05 0 0 0 2.5e-05 0 0.00252 3.5e-05 0 0 0.00104 0 4.5e-05 0 0 0.00437 0 4e-05 0 8e-05 3e-05 1.5e-05 0 1e-05 2.5e-05 0.006495 2e-05 2.5e-05 0 4e-05 5e-05 0.000875 2e-05 0.016505 0 0.00114 1e-05 2e-05 4.5e-05 0 0 0 0 0 2e-05 0 5e-05 0 0 0 0.017105 0 0.00046 1e-05 0.000535 0.004665 2.5e-05 0 4.5e-05 0 0 3.5e-05 0 1e-05 6e-05 0 3e-05 0.0027
1e-05 0 0 0 3e-05 0 0 2e-05 0.015135 3e-05 3.5e-05 0 5e-05 0.01314 0.0001 1.5e-05 0.005335 0.002135 0 0.00089 6.5e-05 0 0.00028 0 1.5e-05 1e-05 0.00523 4.5e-05 0.00342 3e-05 3.5e-05 5e-05 2e-05 4e-05 0.00617 0.000155 5.5e-05 2.5e-05 0.01731 0 0 0.000485 0.002705 0 0.0078 0 1e-05 0.000295 0 3.5e-05 0 5.5e-05 0 2.5e-05 2e-05 0.009325 0 0 0.000195 0.00503 0 0 0 0 0 0 0 4.5e-05 0.008585 0 0 0 2.5e-05 0.00292 5.5e-05 4e-05 0.004215 0.003035 0 4e-05 0.001365 0 3.5e-05 0.001575 0.001105 0 4.5e-05 4e-05 5e-05 4.5e-05 0 0 0.004825 4e-05 1.5e-05 0.00141 0.002245 0.00031 0.00243 1.5e-05
3e-05 0.00284 0.01043 5.5e-05 0.006915 0 0.0014 2.5e-05 0.0011 5e-05 1.5e-05 0.00446 5e-05 0 0 2.5e-05 0.00497 3.5e-05 4e-05 4e-05 0 0.01113 2e-05 0 5e-06 0 0.00107 0.000155 0.01152 0 0.002315 0 0.005935 0 0 0.002225 0 0 0 0 0.000275 0 0 3e-05 0.001155 5.5e-05 4e-05 0 0.00731 0 0 0.004825 0.004975 4e-05 0.01129 0.006735 4.5e-05 2e-05 0 4e-05 0.00322 0.00025 5.5e-05 0.00369 0 3e-05 3.5e-05 0 0.00841 0.0001 1e-05 0 0.006805 4.5e-05 0 0.0092 0.00076 6e-05 0 0 0 0 0 2.5e-05 5.5e-05 0 0.004645 0.00369 2e-05 4.5e-05 4e-05 0.000375 0 4e-05 0.001515 0 0 1.5e-05 2.5e-05 0
4.5e-05 0.000195 0.000525 1e-05 0 0 2.5e-05 0.01389 0.01006 3.5e-05 3e-05 0.011625 2.5e-05 0.002655 0 0 4.5e-05 6e-05 7.5e-05 0 3.5e-05 0.001975 0 4e-05 0 0 5e-06 2.5e-05 0.00136 0 0 3e-05 0.00041 5e-05 0.00323 3.5e-05 0.000555 6.5e-05 6e-05 3.5e-05 0.00712 0 6e-05 0 0 0.0006 1e-05 2e-05 0.003185 0 0 0.00468 0.01383 2.5e-05 0 0 5.5e-05 3e-05 0.00159 3e-05 0 2.5e-05 0 3e-05 0 0 0.000775 0 0 1e-05 2.5e-05 1e-05 4.5e-05 0 0.00464 4.5e-05 0 0 0 0 2.5e-05 1e-05 1.5e-05 0 2.5e-05 0.005855 0.00093 0.00155 1.5e-05 3.5e-05 0.002185 0 0.003515 0.000245 0 2.5e-05 0 0 0.004975 0.00144
0 0 0.00503 3.5e-05 0 2e-05 0.013795 0 1e-05 3e-05 0.00121 0.015885 0 2.5e-05 3e-05 0 1e-05 3e-05 0 5e-06 0 0 2e-05 0 0.001815 3.5e-05 0 0.000745 0.00066 0 0.011875 0.00071 0.000155 0 2.5e-05 4e-05 0 0 5.5e-05 5e-05 0 0 0 0.000695 1.5e-05 0.00787 4.5e-05 3.5e-05 0 0.002355 0.00582 3.5e-05 0.00425 4e-05 0.00306 0.00016 3.5e-05 2e-05 4.5e-05 0 4e-05 0 1e-05 5.5e-05 0.000205 0 0 0.01495 0 0 0 4e-05 0.00272 2.5e-05 0 3.5e-05 0.00223 0.005085 0 0 0 0.000165 0.006675 0.00301 0 0 0 0.007975 2e-05 1.5e-05 1e-05 0.000755 0 0 0.00436 3.5e-05 3e-05 3e-05 1e-05 0.000155
0.001585 0 0.00335 4.5e-05 4.5e-05 0 0 0 0.00303 0.00019 0.000125 0 3.5e-05 4.5e-05 0 0.00878 2e-05 0 0 0.01245 0.00097 0 3e-05 0 0.004765 0.00082 0.0063 2e-05 5e-06 0.008045 0.00073 3e-05 0 0.001485 0 0 2e-05 0 0.00163 0.003175 3e-05 0 5.5e-05 4e-05 0 0.01159 0.00434 3e-05 0.00034 0.010995 0.001265 5.5e-05 0 4.5e-05 2.5e-05 0 0.00879 0.003515 4.5e-05 0 0 0.000245 5e-05 0.00321 1.5e-05 2.5e-05 0 0.00708 3e-05 0.0153 1.5e-05 0 0 0 5e-05 0 0 2e-05 0 3e-05 0.00307 0 2e-05 0 0.00288 4.5e-05 0 4e-05 0.0039 0 5.5e-05 0.001365 4e-05 3e-05 0 0 3e-05 7e-05 4.5e-05 0
0 0.000825 0.002015 0 4e-05 0 0.003005 0 0.00986 2e-05 0.00028 3.5e-05 0 0 4.5e-05 4.5e-05 7.5e-05 0 0.0001 0 0.00904 0 0.00069 0 8e-05 0 0.00084 0.000145 0.000395 1.5e-05 9e-05 0 0 0.004435 0.009375 0.004015 0 3.5e-05 0 2e-05 0.00011 0 0.00125 0.001155 4.5e-05 3.5e-05 0 0.006285 0.00861 0.00018 0 2e-05 2e-05 2.5e-05 0.00412 4.5e-05 0 1.5e-05 0 2e-05 0 2.5e-05 0 0 0 0 0.01066 0 2e-05 0 0.00097 0 2e-05 0.000305 3.5e-05 0 3.5e-05 2.5e-05 0 0.008805 0 0.01019 3e-05 3.5e-05 0.00774 0.003895 0.000815 0.00874 0 0.00026 1.5e-05 4e-05 4e-05 0.001755 0 0 1.5e-05 3.5e-05 0.00742 0.01255
0 2.5e-05 0.005525 2e-05 0 0 0 3.5e-05 4.5e-05 0 9.5e-05 0 0.006315 0.00018 0 0.00882 0 3.5e-05 2.5e-05 0 0.009295 0.001145 0 0.002225 0.001635 4e-05 0 5e-06 0 0 0 4.5e-05 0 3.5e-05 1.5e-05 0 0.00644 0.00141 0.006655 3e-05 5.5e-05 0.000155 2.5e-05 0 0.002565 0.00272 0 2.5e-05 1.5e-05 0 0 0.012735 0.00846 0 0.007405 0 2e-05 4e-05 2e-05 4e-05 0 0 5e-05 0.007355 0.00845 2.5e-05 0 0 0.000765 0 2.5e-05 0.00146 0.000225 0 4e-05 2.5e-05 0.004985 0 0 1.5e-05 0 0 2e-05 0.002005 0 6e-05 0.00823 4e-05 0 2.5e-05 2.5e-05 0.00047 6e-05 2.5e-05 4.5e-05 5e-05 5e-06 3e-05 0 3e-05
5.5e-05 0 2e-05 0 0 0 6e-05 0.000465 0.00481 0 0 0 5e-05 2e-05 0.000635 3e-05 0.00021 0 0.010675 3.5e-05 0 2e-05 0 1.5e-05 4e-05 0.003035 0 2e-05 0 0.003555 2.5e-05 4.5e-05 4.5e-05 3.5e-05 2.5e-05 0.00124 0 0 0 0 4e-05 0 0.000755 4.5e-05 3.5e-05 2e-05 5e-05 0.010935 0 0.003965 0 4e-05 3e-05 0.00092 5.5e-05 0 0.00212 0.00927 0.00511 0.001605 0 3.5e-05 0 0 2e-05 0.005215 1.5e-05 3.5e-05 0 0 0 0.00621 1.5e-05 6e-05 0.001905 3e-05 5.5e-05 0.006095 0 0 2.5e-05 0.00274 0.003135 1.5e-05 4e-05 3e-05 2.5e-05 0.00046 9e-05 3.5e-05 0 1.5e-05 0.009795 0 0 0 0.002675 0 0.00671 0
0.00186 4.5e-05 0.00195 0 0.01511 5e-06 0.00739 0.00354 0.00755 0.008685 2.5e-05 5e-06 0 0.005655 0 3e-05 0.012985 0.000255 0 0.0007 0 4e-05 0.001785 0 0.003275 0.001395 0.00025 3.5e-05 0.01069 2.5e-05 0.00165 3.5e-05 0 4e-05 0.0079 0.00193 4e-05 0 0 0 0 2.5e-05 0 0.000875 0.006295 3.5e-05 0 0.004545 0 3.5e-05 5.5e-05 0.008035 0.00111 3e-05 0 2e-05 1e-05 6e-05 0 0.006505 3e-05 0 2.5e-05 0 3.5e-05 3.5e-05 0 2.5e-05 0 0.00547 1.5e-05 0.00729 0.008015 0.00042 1e-05 0.00107 4e-05 7e-05 0.00662 0 9.5e-05 2e-05 0 0 5e-05 0 0.00193 0 0 4.5e-05 3e-05 0.000305 3.5e-05 0 0 4e-05 0 3e-05 0 3.5e-05
2.5e-05 4.5e-05 3.5e-05 0 4e-05 0.013065 1.5e-05 5.5e-05 0.004645 3e-05 0 4.5e-05 3e-05 1.5e-05 0 2e-05 1.5e-05 0 0 0.001165 3e-05 0 0.016465 0.001205 1e-05 3.5e-05 0 0.00524 4.5e-05 2.5e-05 0 0.0006 0.00043 0 4e-05 0 0.00209 3.5e-05 4e-05 0.002555 0.003575 0 0 0 0 3e-05 0 0.00388 0 0 0.00702 3e-05 0.0109 3.5e-05 0 1.5e-05 0 0 0.00019 0 0.001085 0.005145 1e-05 3.5e-05 4e-05 5.5e-05 0 0.0004 0 2e-05 0.00077 0 0 0 0 0 0.005075 0 0.001195 3e-05 4e-05 0.00885 0 0 6e-05 3.5e-05 6e-05 2e-05 0 0.00066 0.005005 0 0.000545 0.000335 5e-06 0.001 0 0 0.00571 0
0 0 0.002845 0.001295 4.5e-05 3.5e-05 2e-05 0.00458 2.5e-05 3.5e-05 0 3e-05 0 0 0.004915 0 0 0 0 0.00052 3.5e-05 3e-05 2e-05 0 2e-05 0 2e-05 0.00018 4e-05 0.018475 0.000415 0.00922 1e-05 0.00043 0 3.5e-05 0 0 0.000155 1.5e-05 6e-05 4.5e-05 0.002965 0.000405 4e-05 2.5e-05 0.00074 8.5e-05 0 0.001695 4e-05 0.000115 1.5e-05 0.002815 0 0.002005 0.000115 0.002875 5e-05 0 1.5e-05 4e-05 2e-05 4.5e-05 2e-05 0 0 0.00241 3e-05 0 0 5e-05 0.00336 0.01179 0 0.001585 0 0.00845 0 0 0 4.5e-05 0 0 5.5e-05 0 0 0 0.012745 0.008715 0.00254 0.00071 0 0 0.0011 0.002695 0 0 0.00707 0.012025
3e-05 2e-05 0 0 0 0.0001 0.004445 0 0 4.5e-05 3e-05 0 3.5e-05 0 0 3e-05 0.00025 0.00409 1.5e-05 0.00721 5e-05 0.002315 0 4e-05 0.003355 0 0.000515 0 0.0014 4.5e-05 0.011995 5.5e-05 0.001845 4e-05 0 4e-05 0 3.5e-05 0 2e-05 0.0145 0.006185 0.004985 3e-05 0.001915 0 2.5e-05 1.5e-05 3e-05 0.003615 2.5e-05 0 0.007265 4e-05 0 0 0 0 2.5e-05 0 0 0.002205 3e-05 0 0.00019 2.5e-05 0.005425 0 0.00088 0.009575 2e-05 3e-05 0 0.000155 4e-05 0.017105 0.014955 3e-05 0 5.5e-05 3e-05 4.5e-05 2e-05 2.5e-05 0.00013 0 0.004975 0 0 5e-05 0.00107 0 0 0 0 2.5e-05 0.00597 0 2e-05 2.5e-05
0 0.004275 0 0 0 0 0.000105 4e-05 0.000495 0.007315 2e-05 4.5e-05 0 0.01517 7.5e-05 0.00046 0.008385 0 3e-05 0.006685 0.00413 0 0.00105 0.00095 0 0.00318 0.002245 4.5e-05 0.01184 0 5e-06 0 0.00085 0 0 0.00077 0 0.000715 2e-05 2.5e-05 7.5e-05 0.00886 0 0 0.00023 0 0.00043 0.00062 0.001155 1.5e-05 3.5e-05 0.009725 0 0 0.001705 0.003455 2e-05 0 0 1e-05 0 0.001675 2e-05 0.010505 0.00013 0 2e-05 3.5e-05 0.01015 0.002455 1.5e-05 0.00021 4.5e-05 0.001645 5.5e-05 3.5e-05 0 3e-05 0 0 0.01442 0.004815 1.5e-05 0.00181 4e-05 0 0 0 0 3.5e-05 2.5e-05 0 5e-06 5e-05 4.5e-05 0.002295 0 0 6.5e-05 0.00018
5e-05 4e-05 0 0.003345 0.001675 0 0 4e-05 5e-05 5e-05 0.000355 2e-05 0.016825 0 4e-05 0 0 0 2.5e-05 0 0 0 2e-05 0.00013 4e-05 4e-05 0.012275 0.01301 4.5e-05 0 0.003 0.01149 0.000385 0.00648 2.5e-05 3.5e-05 0.006205 0.00015 0 5e-05 4e-05 0 3e-05 0.001865 0.00789 0.00856 0.00358 4.5e-05 2.5e-05 0.004335 0.007985 0 0 0 0 4e-05 2.5e-05 0 0 0 0 5e-05 3.5e-05 2e-05 0.008515 1.5e-05 0 2.5e-05 4.5e-05 0 0.002885 3e-05 0 0 0 0 0.00011 0.00585 0 0 2.5e-05 4e-05 3.5e-05 0.00254 0 3e-05 0 4e-05 0.0001 0.01021 0 0 4e-05 3.5e-05 0.002675 4e-05 2.5e-05 5e-05 2.5e-05 5e-05
0.010025 4.5e-05 0 0.005545 0.002105 0 0.010015 0 0 0.01025 1.5e-05 0.000105 0.009115 2.5e-05 0.000165 0 0.002655 5e-05 2.5e-05 0.004895 0 0 0 0 0 2.5e-05 4.5e-05 3.5e-05 2e-05 0 5e-05 0.004425 0.01266 0 2e-05 0.00131 1e-05 0.00095 0 0.001425 0 0 0 0.002205 0 0.005275 0 3.5e-05 3.5e-05 0.000695 0.006465 1e-05 1e-05 0.011655 0 3e-05 0 2.5e-05 7e-05 0 0.0022 0 0 0.011725 9.5e-05 0 2e-05 3e-05 0.00054 9.5e-05 4.5e-05 0.001485 0.006735 0 3e-05 0.000205 0.00351 0.0033 0.005775 0 5e-05 0.007115 3.5e-05 0.001185 0.00073 2.5e-05 0 0 5e-05 0 0.001095 0 3e-05 0.00383 0.00953 2e-05 3.5e-05 0 0 0
2.5e-05 0.000145 0 0 3e-05 0 0 0 1.5e-05 5e-05 0.002165 0.000905 0.00418 0 0 0 2.5e-05 0.0002 0 2e-05 0.00774 0 1.5e-05 0 0 0.00198 2e-05 0.009595 5.5e-05 0.0061 0.003115 0.00571 3e-05 2.5e-05 5e-05 0 0 4e-05 0.000185 0.00825 3e-05 2.5e-05 2e-05 0.003875 4.5e-05 0.00299 3.5e-05 0 0 0 0.006055 5.5e-05 2e-05 1.5e-05 0 0 5e-06 0.000175 3.5e-05 4e-05 0.00495 3.5e-05 0 1.5e-05 0 0.011455 0.002315 0.008215 4e-05 0 0 1e-05 0.006375 3e-05 0.000975 0 5e-05 0 1.5e-05 0.00983 3e-05 5e-06 0 0.010065 0.00061 4.5e-05 0.000105 0 3e-05 0 0.00447 0 0.00209 0.003555 0 0 4.5e-05 0.01158 1.5e-05 0
2.5e-05 0 0.010085 0.006485 0 0 2e-05 4.5e-05 9.5e-05 0 4.5e-05 0.000115 0 0.00636 2e-05 0 0 0 2e-05 0 0.012285 3.5e-05 0.001635 1.5e-05 0 0 0 0.000985 0.00993 0.004285 0 0 0 0.005155 0 0 0.012285 0 0 0 0.00188 0 3e-05 1.5e-05 0.00352 0.00372 6e-05 0 0.00102 0.008875 0 0 3e-05 5e-06 4.5e-05 0.00056 0.000595 1.5e-05 2e-05 4e-05 3e-05 3e-05 0 0.000795 4e-05 1.5e-05 0.001645 0.008735 0 3e-05 0 4.5e-05 3.5e-05 0.000685 0.001345 2e-05 0.00712 0 3e-05 0.00746 0.00104 1.5e-05 0 0.00016 3e-05 0 0.00047 0.00012 0.012975 0 0 4e-05 0.003415 0.00673 0 0 0.00012 0 0.003545 4.5e-05
0.0001 4e-05 0 0 2e-05 2e-05 4.5e-05 3.5e-05 0.00074 0 0 0 3e-05 0.001475 2e-05 0.00407 0.000385 0.000165 1.5e-05 0.00054 0 0.00084 0.001345 1.5e-05 0 0 0.004155 0 0.005745 0.000325 0 0.00097 0.00799 0.00104 0 0 0 5.5e-05 0 0 3.5e-05 4.5e-05 0 0 3.5e-05 0.00553 0 1.5e-05 0 0.00665 0 0 0.006375 2.5e-05 0.000135 0.003495 0 0 0.008105 1e-05 0 3e-05 0 0.007225 0 2.5e-05 0 0 0 3.5e-05 0.000275 3e-05 5e-05 5e-05 0 4.5e-05 0 0.01113 0 3.5e-05 0.000105 0 2e-05 0.002055 0 0 0 4e-05 0.009705 0 0 0.00014 8e-05 0.00093 5e-05 3e-05 0 0.000475 0.00089 0.00126
0 0 2.5e-05 2.5e-05 8.5e-05 0.00011 8e-05 0.00255 0 0 0.00417 2e-05 0 0 3e-05 2e-05 0 0.00689 0 1.5e-05 2.5e-05 0 3.5e-05 5e-05 2.5e-05 2.5e-05 0.00048 0 0.001505 3e-05 0.016675 3.5e-05 2.5e-05 0 0.005425 0.003235 6.5e-05 0 0 0.014135 0 0.010525 5e-05 0.006655 3.5e-05 0 0.004555 0.001895 2e-05 0.001615 6e-05 3.5e-05 0 0 0.00063 1e-05 0.00056 3e-05 0 0 0 0 2.5e-05 0 0.00245 0 0 3.5e-05 6.5e-05 0 0.004695 7.5e-05 0 0 0.00042 3e-05 0.00049 0 0 0.004715 0.0005 0.00818 3.5e-05 0 4.5e-05 0 0 0.00299 1e-05 0 4e-05 0.004245 5e-05 0.000135 0.00082 0 0 1.5e-05 0.000375 0
0.00842 0.004065 0.003005 3e-05 0.00119 4.5e-05 3e-05 0 0 0.00182 0.000265 0 0 0.001175 2e-05 0 0 0.00204 7.5e-05 2.5e-05 0 0.01332 0 0 5.5e-05 0.00561 0 3.5e-05 0.00691 0 0.00037 2.5e-05 0 2.5e-05 0 0.004405 5.5e-05 4e-05 1.5e-05 2e-05 0.00295 0 2.5e-05 2e-05 3e-05 0 3e-05 0 0 2.5e-05 0 0.002645 0.000285 0 0.002655 0 0 1.5e-05 0 0 0.00129 0 1.5e-05 0 4.5e-05 0 6.5e-05 0 0.007305 3.5e-05 0 0 0.00039 0.007755 2e-05 0 0.001245 0.003125 0 0.00474 0.00473 4.5e-05 5e-05 0 0 0.003465 2.5e-05 0.000845 4e-05 0.000295 3.5e-05 5.5e-05 0 0.000245 0.000445 0.00771 2.5e-05 0 0 0.00609
0 6e-05 0.00028 0 0.00044 0.017475 0.00011 0.00333 2.5e-05 2.5e-05 0 0.00201 3e-05 0.000355 0 0 0.00126 2.5e-05 3e-05 0 3e-05 0 0.00253 0 2e-05 3.5e-05 5e-05 0 0 0.012385 8.5e-05 0.00864 0 0.00799 4e-05 0 3.5e-05 0 0 0 4e-05 2e-05 0.0008 0 0.001645 3.5e-05 2e-05 0.00549 2.5e-05 5e-05 3.5e-05 4.5e-05 2.5e-05 0.000295 0.005065 3e-05 4.5e-05 6.5e-05 3.5e-05 0 2.5e-05 3e-05 2.5e-05 0 4.5e-05 4e-05 0 1.5e-05 5e-05 0 3.5e-05 0.00058 0 4.5e-05 5e-05 0.007755 1.5e-05 0 0.009695 0.002495 0 3e-05 0.000245 0 0 0 0 0.00506 0.005925 0 0.00686 2.5e-05 6.5e-05 5.5e-05 0 0 5e-05 0 0 0.00112
0.002695 0.00019 5e-05 2.5e-05 0.000725 4e-05 0 5e-05 1.5e-05 0 0 0 4.5e-05 0.00936 0 2e-05 0.00926 3e-05 0 0 4e-05 1.5e-05 0 0.006285 3.5e-05 0 1e-05 4.5e-05 0 5.5e-05 4e-05 3.5e-05 0.004535 0 0.001365 0.00142 2.5e-05 0 3e-05 0 5e-06 0.00015 0 3.5e-05 4.5e-05 0 3e-05 0.001495 0.00752 0 0 8.5e-05 0 1e-05 0.00545 0 0.00319 6e-05 0 0.00467 0 3e-05 5.5e-05 0 0 0.01014 0 0.000285 4.5e-05 0.00471 0 3e-05 0.0001 3.5e-05 0 0.00217 0 4e-05 0.00389 4e-05 0.002225 0.00093 0 0 3.5e-05 0.00368 0 0.010685 0 0.014895 0.000965 0 0.01175 0.003425 0.008005 0.000325 0 1.5e-05 0.0001 0
3e-05 0 0.00023 0 0 2e-05 0 0 0 0 1.5e-05 0 0.00028 2.5e-05 0.01505 0.00906 4.5e-05 0 0 0.010195 0.001175 0 5e-05 0 5e-05 0 0 0 0.001545 0.00242 0.005765 0.00209 3e-05 0.01704 0 4.5e-05 0 2e-05 0.00079 0.000575 6e-05 0.00198 0 0 0.00043 0 0.005805 4.5e-05 0 0.007705 3.5e-05 0 2e-05 0 3.5e-05 5e-05 0 3.5e-05 3.5e-05 0 0.000545 0 0 3.5e-05 2e-05 4.5e-05 3e-05 0.000125 4.5e-05 0.000305 3.5e-05 0.01029 0 1e-05 5e-05 2e-05 0 0 0.005575 0.000185 0.00643 2.5e-05 3.5e-05 3.5e-05 0.010955 3e-05 6e-05 2.5e-05 0.000235 4e-05 0.001055 0 0 2e-05 3e-05 2e-05 0 5.5e-05 0 3e-05
0 5.5e-05 6e-05 5e-05 0 0 2.5e-05 0.000615 0 2e-05 3e-05 0 0.000385 4e-05 0 0 3.5e-05 0.002885 2.5e-05 0 0 0 0 2e-05 0 2.5e-05 2e-05 3.5e-05 2.5e-05 3.5e-05 5.5e-05 0 0 0 2.5e-05 3e-05 2.5e-05 3.5e-05 3e-05 0.002365 0 5e-05 0.00022 0 0.00399 2.5e-05 0.00735 0.014675 0 0 0.004305 4.5e-05 0 0.00926 6e-05 1e-05 0 4.5e-05 0 0.000135 0 0 0.000515 4.5e-05 3e-05 2.5e-05 0.005005 5e-06 3.5e-05 0 0.002325 0.002235 2e-05 0 0.000605 0 0 0 0.015895 0.00121 0.00784 0 1.5e-05 0.00396 0.00842 5.5e-05 0.000475 4.5e-05 0.013795 0 5e-06 0 0 0.0042 0.004695 4e-05 0 0.005305 0 4.5e-05
4e-05 0 2.5e-05 3e-05 0 0.0027 0.00253 0.00621 5e-05 4.5e-05 3.5e-05 3e-05 0 3e-05 0 0.00727 0 0 0 0 0.0093 2.5e-05 2.5e-05 0 0.00022 0 0 0 3e-05 0.000645 4e-05 0 4e-05 0.002355 0.001885 3e-05 4e-05 1.5e-05 0.00016 9.5e-05 2.5e-05 0 5e-05 0.018325 0.013325 4e-05 0 0 1.5e-05 2e-05 0 0 3e-05 2e-05 3e-05 0 2.5e-05 0.003255 4e-05 0.00085 0.000715 0.00137 0 5e-05 4.5e-05 0 0 3e-05 0 0.00461 2e-05 6.5e-05 0 0.00029 0 0 2.5e-05 0 0.006315 0 0 0.004185 5.5e-05 2e-05 0.011605 2e-05 0 3e-05 0.001185 3e-05 0 0.001465 7e-05 4.5e-05 4e-05 2.5e-05 0 3.5e-05 0 0.008325
0 0 0 0 3e-05 0.00402 9e-05 3e-05 0.00022 0.002795 0.00347 0 0 4e-05 1.5e-05 0.00169 3e-05 3.5e-05 0.0016 0 7e-05 0.00178 0 0.00172 0.008105 0 0 0.00043 0.000445 3e-05 0.0063 2.5e-05 0.007515 0 2.5e-05 0.007125 3e-05 0 3.5e-05 0.002885 0 0 0.006485 5e-05 0 0 0 0 3e-05 0.005435 3e-05 5e-05 0 0.001515 0.00683 3.5e-05 0.00236 5e-05 0.00089 0.00269 2e-05 0 5e-06 3e-05 0 0 2.5e-05 0.002195 8.5e-05 4e-05 0 0 0.006395 0 2.5e-05 0.0001 0.003105 0 0.007645 0.00014 0 0.002155 0 2e-05 0.00138 0.00114 0.00094 0 0 0 9.5e-05 0 3.5e-05 0.000785 1e-05 4.5e-05 0.002705 0 5e-05 3.5e-05
4.5e-05 0 3.5e-05 0 0.000425 0.00078 4e-05 3e-05 3e-05 2e-05 0.00332 0 0.003425 0.0001 0 3.5e-05 3.5e-05 2e-05 0.001845 0 0.00158 0.01045 0 0.0129 4e-05 0.016675 0.003455 0 0 2e-05 0.006455 0.00524 0 0 0.00387 0 5.5e-05 5e-06 0.01452 1.5e-05 0 6.5e-05 0.00258 0 2e-05 0 4.5e-05 1.5e-05 2.5e-05 0 0 0.001005 0 5e-05 0 5e-05 2e-05 4.5e-05 0 0.0055 0 0 0 0 0 0 0.00011 0.00794 2e-05 0 0.00654 4e-05 5e-06 5e-05 0 0 3.5e-05 4e-05 4e-05 0 4e-05 3e-05 0.01049 0 0 0 1e-05 3e-05 3e-05 0 3e-05 0.008605 3.5e-05 0 4e-05 0.00512 0.000455 0 0.002105 0.00465
0 1.5e-05 0.005315 0.00309 0.000545 4e-05 0 5e-05 0.004095 0 0 0 2.5e-05 1e-05 0 5e-05 0 4.5e-05 0 0.00112 6.5e-05 0 0 0.002615 0 0.006305 6.5e-05 4e-05 3.5e-05 0 0.00814 0 0.00928 0.008295 0.004415 0.01943 4.5e-05 4.5e-05 0 5e-05 0 0.001895 0.000375 6e-05 4e-05 0 4e-05 3e-05 2e-05 0 7e-05 3.5e-05 2e-05 3.5e-05 2.5e-05 4e-05 0 0 1e-05 0 0 4.5e-05 4e-05 0 0 0.013575 5.5e-05 0.00015 0.00719 0 0.014265 3.5e-05 0.00108 0.00011 0.0001 5.5e-05 4e-05 4.5e-05 0 5.5e-05 0.005675 0 0.00518 0.003795 5.5e-05 0.006305 0 5e-05 0 0.00091 3.5e-05 0 9.5e-05 0 0 0 0 1.5e-05 0.00859 2.5e-05
1.5e-05 5e-06 0.007165 6e-05 0.0026 0 2.5e-05 0 0.00551 0 0 0.01109 0 6.5e-05 0.000135 0.00608 3e-05 3.5e-05 0 0 5.5e-05 0 2.5e-05 0.004145 0 0 5e-05 0 2e-05 5.5e-05 0.00658 2.5e-05 0 2.5e-05 0.00044 0.00254 0 0.000115 0 0 1e-05 2e-05 0 0.00279 0 3e-05 0 3e-05 4e-05 0.004805 0 0.00858 0 0.000555 0 2.5e-05 0 0 0.008465 0 0.0066 2.5e-05 3.5e-05 0 0.0006 5.5e-05 5e-05 5e-05 0 0 0 4.5e-05 2.5e-05 0 0.014435 4.5e-05 2.5e-05 0 0.00011 0.011325 0 0.009835 4e-05 5.5e-05 5e-05 3e-05 4e-05 0.00155 7e-05 2.5e-05 0.00963 0.000965 0 2.5e-05 0.002215 0 0 0 0.00118 0
5.5e-05 0 3.5e-05 0 0.004595 3.5e-05 2.5e-05 0.00351 0.00013 0 2e-05 3.5e-05 0.000855 2.5e-05 0 0 2.5e-05 6.5e-05 0 2.5e-05 0 3e-05 3.5e-05 0.00832 0 0.000245 0.00471 4e-05 0 4e-05 3.5e-05 0.000355 0 0 0 0.00622 0 4.5e-05 0 0.000135 0.000355 0.00032 0.0002 0 3.5e-05 0 0.002065 3.5e-05 2.5e-05 0.003285 0.003935 0.001535 0.00315 0 0 0 0.00187 0.00718 0 1.5e-05 0 0 3e-05 0 0 0.00036 0.003105 0 0.00358 0.000715 0 0 0 0 0 4e-05 0 1e-05 1e-05 0.006885 0 0 2.5e-05 0.00362 0.009245 2e-05 0.00085 0 5.5e-05 0 3e-05 0.002955 0.00267 2e-05 2e-05 0.008555 0.003365 0.0014 0.0086 0.008815
7e-05 1.5e-05 0 4e-05 0 5e-05 0 0.006895 0 3.5e-05 0.001595 2e-05 0.005625 1e-05 0 4e-05 0 0 0.003775 0.01407 0.000115 2e-05 2e-05 0 1.5e-05 3e-05 0 4.5e-05 0.001205 0 0.00058 3.5e-05 0 1.5e-05 0 0.006655 4e-05 2.5e-05 0.012605 2.5e-05 5e-05 2e-05 3.5e-05 0 7.5e-05 0 0.00222 0 0.00601 0 0.00559 1.5e-05 0.001605 0.001295 5e-06 0 0 0 0.001495 0 2.5e-05 0.006815 0.0047 2.5e-05 2.5e-05 0 0 0.000935 0 3e-05 0.00393 7e-05 0.00217 0.01003 3.5e-05 1.5e-05 0.009815 0 0 0.00306 3.5e-05 0 2e-05 0.010815 0.00025 2.5e-05 0.000155 0 3e-05 0 4e-05 0.00073 2.5e-05 3.5e-05 0.003315 0 0 0.001095 0 2e-05
0 0.001245 0.000405 2.5e-05 0 0.017165 4.5e-05 0 2.5e-05 5e-05 0.00777 0 4.5e-05 2e-05 0.002675 0 0 4e-05 0 0.001095 0 6e-05 0 4.5e-05 0.00498 1.5e-05 0 2e-05 0 0.001935 0.00084 0 3.5e-05 0.000835 0 0.00426 0.00695 0 0.00024 0.00719 0 0 2.5e-05 2.5e-05 0 0 0.001125 4.5e-05 0 0.00084 0.00281 0 0.00012 0 0 0.001795 2e-05 0 0 3.5e-05 0 2e-05 4e-05 5.5e-05 0 7e-05 0.000515 2.5e-05 2e-05 2e-05 0.00184 2.5e-05 3.5e-05 0.01152 0.000265 3e-05 0.00501 5.5e-05 0 0.002335 4.5e-05 0 4.5e-05 0 0.008975 3.5e-05 3.5e-05 0.003045 1e-05 0.00198 0 0 2.5e-05 0 0.01069 0 5e-06 1.5e-05 0.010845 0
0 3.5e-05 4e-05 0 4e-05 2e-05 0 0.00409 0 0 4e-05 0 2e-05 0 0 3.5e-05 0.000785 8.5e-05 4e-05 0 1.5e-05 5.5e-05 0.003075 1.5e-05 3e-05 0 6e-05 5e-06 2.5e-05 0.00763 0 0.000195 2.5e-05 0 0 3e-05 1e-05 0.009235 0 0 3.5e-05 4e-05 6e-05 2e-05 0 3.5e-05 0.00126 3e-05 0 0 3e-05 0.00069 0 0 0 0.010105 0.01024 0.000275 3e-05 0.002285 0 4e-05 3e-05 0.000185 0 3.5e-05 5.5e-05 1e-05 5e-05 0.012355 0.007495 2.5e-05 0 0 0 0.000445 0.00809 0.00408 0 0 0.00523 0.00504 0.003135 0 4.5e-05 0 0 0.000885 0.000135 0.012245 0.00048 3e-05 0.00373 2e-05 0 0.000395 0 0 0.003245 0.004705
0.00217 0.00029 0 5.5e-05 0 0.014315 0.006075 1.5e-05 0 0.00537 0.004455 5.5e-05 0.002275 3.5e-05 0.00768 0 3e-05 7.5e-05 0 0 0 0 0 0.00324 0.007635 4.5e-05 0.00016 0 8.5e-05 0.00126 0 2.5e-05 5.5e-05 6.5e-05 0 0.00239 5e-05 5e-05 0 0 0 3.5e-05 8e-05 0.014795 0.0013 0.00414 0 3e-05 5.5e-05 0.00826 0.00881 4e-05 0.005355 2.5e-05 5.5e-05 2.5e-05 0 2.5e-05 4.5e-05 0 3e-05 0.010865 0.0059 0 1.5e-05 0.009805 0 0 0 2.5e-05 0 5e-05 4.5e-05 4.5e-05 0.00043 0 2.5e-05 0 0 0 0 1e-05 0 2e-05 0 3.5e-05 0 0 0 2e-05 2.5e-05 5.5e-05 3e-05 0 0.00018 0 2e-05 0 0.002935 6e-05
0.000155 1.5e-05 3.5e-05 0 0.008725 0.00383 3e-05 3e-05 0 3.5e-05 5.5e-05 0 0.000285 9e-05 0 0.00183 0 3e-05 0.01002 0 0.00024 4e-05 0 0 0.010955 0 0.00093 0 4e-05 0.00102 8.5e-05 0.006355 3.5e-05 1.5e-05 0 2e-05 3e-05 0 0 0 0 2.5e-05 2.5e-05 0 6e-05 0 0 4.5e-05 0.0049 0 0.003005 3.5e-05 0 0.009545 0.00017 0 0.00472 2.5e-05 3e-05 7.5e-05 4.5e-05 0.00892 0.01072 0.0013 0 2.5e-05 0 0.000495 0 5e-05 0.00155 1.5e-05 1.5e-05 0 0 0.00105 0 2.5e-05 0.00043 0.004845 0.01196 0.0114 0 0 7.5e-05 3e-05 6e-05 0 0 0.000275 0.004445 0 0.005085 0.00045 6e-05 0 3e-05 0 0.001185 0
0 0.01206 0.00044 0.000355 0 0.009065 2.5e-05 0 0 7e-05 0.00427 0 2.5e-05 4e-05 2.5e-05 2.5e-05 0.00773 0.00506 4.5e-05 3.5e-05 5.5e-05 0.002365 4.5e-05 2.5e-05 5.5e-05 0 0 1e-05 3e-05 0 0.019835 2.5e-05 0.00163 0 0.00014 0.003415 2.5e-05 0.002645 4e-05 0.000895 2.5e-05 0 2e-05 3.5e-05 1e-05 0 1.5e-05 0.012065 4e-05 0.005035 0 2e-05 0.007195 0 0.000225 0 0 0 0.00702 0.00306 6.5e-05 2e-05 2.5e-05 2.5e-05 0.00014 5e-05 0 0 0 0.007605 2.5e-05 0 3e-05 0.000445 0 0 0 0 0.017495 0.00168 3.5e-05 0 0 1e-05 0 3e-05 0 3e-05 0 4e-05 8.5e-05 5e-06 0 0 0.000495 2e-05 0 7.5e-05 0.003135 4e-05
0 0.003 0 0.000655 0 0 4e-05 4e-05 0.00109 3.5e-05 4e-05 0.004045 3.5e-05 0.00022 0 0 3.5e-05 3.5e-05 0.002455 0 0.01172 0 0.0007 6e-05 2.5e-05 0.00463 0 4.5e-05 0.00038 0.001045 3e-05 0.001395 4e-05 0.003835 0 0 0.00166 5.5e-05 1.5e-05 7e-05 0 0.0021 4e-05 0 3e-05 4e-05 6.5e-05 0 0.00842 0.01098 0 3e-05 0.00037 0.0088 0.004015 3.5e-05 0 0.004265 0.00038 0 0.00141 0 6.5e-05 0.00128 0 0 0 0.01152 0 0 0 0 5.5e-05 0.00136 1.5e-05 0 0.00073 2.5e-05 0.000375 0 0.0059 0.00272 1.5e-05 0.006405 3.5e-05 2e-05 0.002555 3e-05 3.5e-05 0 0.00088 0 0 3e-05 0 3.5e-05 4e-05 0.001 0 0
4e-05 4e-05 0 1.5e-05 0.00618 0 0 4.5e-05 0 0.00202 0.00193 3e-05 0 0 0 0.01194 0 0 0 0 0.009725 0.004065 0.00013 0.0003 2.5e-05 0 0 0 4e-05 2.5e-05 5e-05 0.0011 6e-05 0.000445 5e-05 5.5e-05 0.00815 2e-05 3.5e-05 0 0.01828 0.005595 4.5e-05 0 0.00013 0 0.002965 6.5e-05 0 0.00016 5e-06 3e-05 0.001175 0 0 4.5e-05 0 0.00271 0 0 4e-05 0.010915 0 1.5e-05 4e-05 0 4.5e-05 0.00063 0.00222 3e-05 0.00455 0 2e-05 3e-05 0.00019 0.00098 3e-05 0.00138 0 0.0051 0 0 4.5e-05 0.00376 0.00124 3e-05 0 3.5e-05 0 0.010605 0.00135 5e-05 0 0 9.5e-05 0 0.00565 4.5e-05 0 0
0 2.5e-05 3e-05 4e-05 0 0 0.0094 2.5e-05 0 0.001625 3.5e-05 4.5e-05 0.00122 0.004075 0 2.5e-05 4e-05 8e-05 0.00624 3.5e-05 0 0 0.00031 0 6e-05 0 4e-05 0.00621 0 5e-05 6.5e-05 0 0.00017 3.5e-05 0.00708 2.5e-05 0.000725 4.5e-05 0 3.5e-05 5e-06 0.00113 2e-05 0.005375 0.00201 0 3.5e-05 0 0.00088 0 5e-06 0 6e-05 3e-05 0 0.010675 0 1e-05 0 9e-05 0.001425 0 0.005015 0.00639 0 0 1e-05 0 3e-05 5e-05 0.0041 0.000225 0 2.5e-05 0.000185 2e-05 0 4.5e-05 6e-05 0 0.001115 0.000135 4e-05 0 0.001745 0 0.00015 2e-05 0.00525 4.5e-05 4e-05 5e-05 6e-05 0 6.5e-05 0.001635 0 2.5e-05 0.00095 0
0 0 0 0.00689 0.01598 4.5e-05 0.0011 0 0.000465 0 1e-05 0 5e-05 0 0.005305 0.0132 3e-05 2.5e-05 1.5e-05 0 1e-05 3e-05 0.00605 1.5e-05 2e-05 0 0 0.00744 0 4e-05 3e-05 1.5e-05 0.0002 0.0001 6.5e-05 1.5e-05 4.5e-05 0.01079 0.002715 0 4.5e-05 0 3e-05 5e-05 0 7.5e-05 0.00666 0.009475 4e-05 0.00687 0.0003 0 0 5e-05 0 0 0 0 3e-05 5e-05 0.000805 0 3.5e-05 9e-05 0 0 0 0.00015 0 4.5e-05 0 0 0.00103 0.002805 0.002805 6e-05 0 0 0 0.00178 8e-05 0.00129 2e-05 3.5e-05 0 0.007615 0.00023 0 0.005395 1e-05 4e-05 0 4.5e-05 2e-05 0 0.000525 0 0.00119 5e-05 0
3.5e-05 3.5e-05 2.5e-05 0 4.5e-05 0 3.5e-05 3e-05 0 4e-05 0 0.00742 2e-05 0 3e-05 0 0 3e-05 0 0.000575 0.008135 6.5e-05 4e-05 0.00596 0.001985 0.00169 0 0.000455 0 3.5e-05 0 0.00429 4.5e-05 4.5e-05 1e-05 9e-05 0.012435 5e-05 1.5e-05 0 0 0 0.002285 3.5e-05 0 2.5e-05 0.00062 3.5e-05 0.00423 0.00032 0.0071 3.5e-05 0.000955 0.014075 0 0 5e-06 0.00384 8.5e-05 0 0.004255 0 0 3e-05 0.00662 0.00287 3.5e-05 0.000265 2.5e-05 0.01004 3e-05 4e-05 3e-05 0 3.5e-05 2.5e-05 0 0.004055 0.00055 0 0 0.00039 0 3.5e-05 0 0 0 0.00337 3.5e-05 0 0.006365 0 4e-05 0 1e-05 0.000155 0 0 0 0
2e-05 2e-05 0.014845 0 0 0.001055 0.00159 0 0 2.5e-05 1e-05 0.00286 0 0.00151 3.5e-05 5.5e-05 0.00468 0.000135 2.5e-05 0 0 0.005345 0 2.5e-05 0.003985 0.012695 2.5e-05 5e-05 5e-06 0 0.001015 3e-05 0.00127 2.5e-05 0 0.00308 0 0 0 0 3.5e-05 0 3.5e-05 3e-05 0 0.000635 3.5e-05 0 3.5e-05 0 0 4e-05 0.00184 0 0.00094 5.5e-05 2.5e-05 4.5e-05 0.002865 0 0 5e-05 0 3e-05 0 3e-05 0.008065 0 3.5e-05 0.00105 1.5e-05 3e-05 0 0.01518 9.5e-05 0.010855 0 0 0 0 0 2e-05 0 3.5e-05 0 0.00041 5e-06 6e-05 3e-05 2.5e-05 0.00039 2e-05 3.5e-05 0.013645 2e-05 2e-05 2e-05 0.00031 4e-05 6.5e-05
0 0 0 0.00462 0 0 0.000495 0.0023 0 2e-05 4e-05 0.00049 1.5e-05 0.00106 0.000755 2.5e-05 5e-05 0 0.010275 0.005545 0 2.5e-05 0.00508 6e-05 0 0.00373 0.00132 0.00015 0 2.5e-05 3.5e-05 0.011895 0.000885 3.5e-05 0 0.00058 3.5e-05 0.00351 0 2.5e-05 0 0 2e-05 0.001935 1.5e-05 0 2e-05 0 3e-05 0.00612 0.000235 0 0 4e-05 0.000695 3e-05 0 0.001745 0 0 0 3e-05 1e-05 0.00571 0 7e-05 0.009905 0.003435 0.0001 8.5e-05 0.00296 0.000165 0 4.5e-05 0 0.00204 0.005855 0 0 0.000895 0 0 0.00604 5e-05 2e-05 0.002305 0.000105 0.000875 0 7.5e-05 0 0.006845 0 2e-05 3e-05 1e-05 0.0049 0 0 0.007195
0.00366 0.001875 1.5e-05 0 0.00575 0 1e-05 0.000115 0 4.5e-05 1.5e-05 0.001235 2.5e-05 4e-05 4.5e-05 0 0 0 0.01374 0.008005 5e-05 4e-05 0 0 0.01422 0 3.5e-05 2e-05 5e-06 0.00028 2e-05 0 0.011615 4e-05 0 0.00712 2.5e-05 0.0001 0 0.004235 0 2.5e-05 0.00241 3e-05 2e-05 0.002045 0 2.5e-05 0 0.00717 0.000155 0 0 1.5e-05 0 5e-05 0.00868 0 0 0.002665 0.004845 0 2.5e-05 1.5e-05 0.00298 0 0.00035 1.5e-05 0.0014 8.5e-05 0 0 0.00024 6.5e-05 0 4.5e-05 0 2e-05 2.5e-05 0.007015 6.5e-05 0.006405 0 0.000785 0.005785 4.5e-05 4e-05 0 0.007325 0 3.5e-05 0.00957 3e-05 5e-06 2.5e-05 0.002675 0 0 0 0.001685
0 3e-05 4e-05 4e-05 0 0.002625 0 0 0.001315 2e-05 0 0 5e-05 0.000255 0.002915 1.5e-05 0.00998 0.005735 0.001065 7e-05 0 2.5e-05 0 0.00757 0 0.00924 0 3e-05 1e-05 0 4e-05 0.003385 4.5e-05 3.5e-05 5e-05 0.01268 0.00245 4e-05 0 0 0.00065 0.004895 0.007435 0 0.003245 0.004955 0 4.5e-05 0.00739 0 3.5e-05 4.5e-05 0.008095 0.006365 0.00431 0 3.5e-05 2.5e-05 0.012235 1e-05 0 3e-05 0 4.5e-05 0 0.01101 0 0 2e-05 0 0 0.000105 0 0 2.5e-05 0.01069 0.01492 1.5e-05 0.00035 1e-05 0 0 0.005585 0 3.5e-05 1.5e-05 3e-05 0.00426 4e-05 0.00547 2.5e-05 0 0.00259 0.000955 4e-05 5e-05 0 3e-05 0 0.000255
0.000795 0.003535 0 0 2e-05 4.5e-05 0.001915 0.000755 0 4e-05 0 0 0.00013 0 5.5e-05 1e-05 0.000495 0.001675 0 0.00064 0.010555 0 0.001435 5e-05 0 0.002015 0.000355 4e-05 0.01133 2.5e-05 0 2e-05 0 4.5e-05 3.5e-05 3.5e-05 0 0 0 0 3e-05 2.5e-05 3e-05 2e-05 0.00473 3.5e-05 3e-05 0.000375 1.5e-05 0 0.003885 0 3e-05 2e-05 0.001865 0.009325 2e-05 0.003195 0.001525 1.5e-05 0 0.00885 0.01245 0.011155 2e-05 2e-05 0 0.001045 4e-05 0.009165 0.00359 0.001615 4.5e-05 0.00511 2e-05 0 0 0 2.5e-05 1e-05 3e-05 4e-05 0.01064 0 0 0.008305 0 3e-05 0.00447 0 0 0 0.001575 0 0 0 3.5e-05 3e-05 2e-05 1e-05
4.5e-05 0 0.000475 0.00018 8.5e-05 4e-05 0.000645 0.004485 0.00063 0 0 0 0.004255 0 0 3e-05 3e-05 0 0 0.000105 0.00884 0.0011 0 2e-05 3e-05 0 0.000825 5.5e-05 0.0068 3e-05 0 0 0 3.5e-05 2e-05 0.00027 4.5e-05 0.000505 0.004795 0.00013 0 0 0 2.5e-05 0 0 8e-05 0.003875 0.00587 0.00642 0.006275 0.001215 0 0 0.00224 0 0.005235 0.015025 0 0.002695 0.00045 1e-05 0.00048 0 3e-05 0.00435 0.009 0.00119 2.5e-05 0.000675 4.5e-05 0 0.003995 0 1.5e-05 0.000115 0 0 4e-05 3e-05 0.006075 6e-05 0 3.5e-05 3.5e-05 0 0 0 0 2e-05 1e-05 0.00122 0.008745 6.5e-05 3.5e-05 0 3.5e-05 0.00561 0 0
3.5e-05 0.001585 0 0 0.01108 0.01147 6e-05 0 0 4.5e-05 0.00015 3.5e-05 0 0 0 0 0.003135 4.5e-05 0 0 0.00736 3.5e-05 4e-05 0 0.00017 4e-05 0 5e-05 0 0 6.5e-05 4e-05 0 0 4.5e-05 0.004095 0 3.5e-05 0.008325 0 0.0027 0 0 0 4e-05 5e-06 0.00798 3.5e-05 0 0.004845 0.01097 0 3.5e-05 0.002425 0.011345 0 1.5e-05 3e-05 7e-05 2e-05 0 0 0 0.00301 3e-05 0.007875 0 0.005555 3.5e-05 3.5e-05 0.00053 0 0 0.00327 0 3e-05 0.01261 0.00465 0 0 0.00348 0 1e-05 0 0.00299 0 3.5e-05 1.5e-05 0.002265 0.00408 0.00312 3.5e-05 0 2e-05 0.000355 0 1e-05 0.008355 0.000185 5e-05
0 0 0.007915 2.5e-05 3.5e-05 3.5e-05 0.000785 0.00013 0 3.5e-05 0 2.5e-05 0 0 2e-05 3.5e-05 0.002585 0.000145 0.006265 0 0.00282 0.01246 0.001055 0.00866 0.00039 0 0 4e-05 2.5e-05 0.01474 0 5e-05 4e-05 2.5e-05 0 0 0 2.5e-05 4e-05 0.000255 0.00102 0 0 0 0.002695 0 2e-05 0.001905 0.00021 3e-05 2e-05 0.001195 0 0 1e-05 0 0.001065 4.5e-05 0.000105 0 0 0 1.5e-05 0 0 0.005105 0 0 5.5e-05 0 0 0.000315 4.5e-05 4e-05 0.01074 1.5e-05 3.5e-05 0 0.00221 0 2e-05 0.001895 0 0.00115 2.5e-05 5.5e-05 0.00484 0 2e-05 0.00069 0.005325 0 0 0.0025 0.005785 3e-05 0.005585 1.5e-05 0.0057 0
0.000595 0 3.5e-05 4.5e-05 0.00394 4e-05 0 0 0.014185 3.5e-05 0.002305 0.001265 0 0.00221 0.000665 0 0 0 0.00032 0 0.00237 4e-05 0 2.5e-05 1.5e-05 0.00015 2e-05 0 0 4e-05 0 0.003365 8e-05 0.00029 3e-05 0 0.01176 0 0.011465 0 0.00636 3.5e-05 0.000785 0 0.00493 0 0.005475 3.5e-05 3e-05 0 0.00014 0 3e-05 0.003695 0 2.5e-05 1.5e-05 0 0.0031 0 0 0 0 1.5e-05 0.000235 0 0 0.014785 5e-06 2e-05 0 3e-05 0 0.008295 2.5e-05 0 0 0.00061 0.00222 4e-05 2.5e-05 1.5e-05 0.00117 0.00142 0 2e-05 2.5e-05 3e-05 4e-05 0.005395 2e-05 0 3e-05 0 0.000375 0.0019 0.001495 3.5e-05 0.004395 1e-05
0 4e-05 0 0 1e-05 4.5e-05 0.00665 0 2.5e-05 4.5e-05 0.000395 0.01093 2e-05 3e-05 2.5e-05 4e-05 0 0 2.5e-05 0.00386 0.000155 0 0 0 0 3.5e-05 0 5.5e-05 9.5e-05 0.00217 0 0.001105 0.00691 2e-05 0.001685 0 0.00058 0.006075 0 3e-05 0 9e-05 5e-06 2.5e-05 0 0 0.0078 0 0.004265 0.000905 0 5e-06 0.00588 0 0.00065 0.00672 0 1.5e-05 0 0.00954 0.00743 1.5e-05 0.00534 4.5e-05 5.5e-05 4e-05 0.001435 3e-05 0 0 0 0.003815 0 2.5e-05 0 4e-05 4.5e-05 0 2e-05 0 0.00104 0.01281 2.5e-05 3.5e-05 0 0.00835 0.003535 3.5e-05 0.012525 6e-05 0.001225 3e-05 3e-05 0 4e-05 0.00119 0 0.004495 0 1.5e-05
1e-05 0.007225 0 0 0.010165 3e-05 0.00268 0 3e-05 2e-05 0.00132 0.006255 0 0 0.007495 0.00779 0 2.5e-05 3e-05 0 0.005495 0.008585 0.00054 4.5e-05 2e-05 0 0.002135 0.00106 6.5e-05 2.5e-05 1e-05 1.5e-05 0.000185 0.00975 2.5e-05 0 0 0.000905 0 0 0 1.5e-05 2e-05 0 0.00131 1.5e-05 3e-05 0 2.5e-05 0.001275 3.5e-05 0.00344 0 6e-05 0 0.000635 3e-05 0.005285 3e-05 3e-05 6e-05 0.009045 0 0 4.5e-05 0 2.5e-05 1.5e-05 7e-05 0 0 2e-05 3.5e-05 0.000185 0.00768 3.5e-05 0 0 3.5e-05 0 0.012565 0 0.002585 9e-05 0.00592 0 5e-06 3.5e-05 4e-05 0.00504 0.006795 0 3.5e-05 0 0.0068 3e-05 0.002305 3.5e-05 0.00399 1.5e-05
0 4e-05 0 2e-05 0 0.000615 0.00017 3.5e-05 0 0 5e-05 0 0.00276 3e-05 0.00109 0 0.0129 0.00128 4e-05 0.00364 0.005805 2e-05 0 0 0.002215 0.00018 3e-05 0 4e-05 0.00494 6e-05 0 4.5e-05 0 3.5e-05 0 0 2e-05 2e-05 1.5e-05 0.011205 1e-05 0.001065 1.5e-05 0.012145 0.00319 4e-05 0 0.004155 0.006355 5e-05 0 0 0.00589 0.000185 5e-06 1.5e-05 0.00276 0 0.006865 0 1e-05 0 0 4.5e-05 1.5e-05 4.5e-05 0.009335 3.5e-05 0.002005 4.5e-05 6e-05 0 1.5e-05 2e-05 0 0 0.007895 0 2e-05 0 0.000385 0.007845 0 0 2.5e-05 3.5e-05 0.007835 1.5e-05 0.008325 0.00099 0 0 0 0 5.5e-05 0.000335 4e-05 8.5e-05 0
0 0 3e-05 3e-05 0.01206 2.5e-05 0.010155 0.0023 0.00118 0 0.00132 0 0 0 0.010005 0.00058 0.002945 0 0 6.5e-05 0.008045 0.001975 2.5e-05 3.5e-05 0.000835 0 0 3e-05 0.008005 4e-05 3.5e-05 0.004645 0 1.5e-05 0 3e-05 0.00061 0.000655 0.007425 0 3e-05 2.5e-05 0 0 0 0 4.5e-05 4e-05 2e-05 0 0 3e-05 0.00575 0.008255 3.5e-05 2.5e-05 0 0.00455 1e-05 6.5e-05 9.5e-05 0 2.5e-05 0.00029 4.5e-05 5e-05 0 0 0.01112 3e-05 3.5e-05 0 0.004335 4e-05 0 0 0 0 2.5e-05 3e-05 0.000125 0 0.001955 0 5e-05 0.004575 0.002135 0.00041 4.5e-05 1e-05 0 2e-05 0 0.00413 3.5e-05 0.0017 0 0 4e-05 8e-05
0.003045 5.5e-05 0 6e-05 0.005105 0 0.006615 0.00551 0 0.000125 2.5e-05 0.000145 0.008965 0.00042 4.5e-05 1e-05 0.002225 0.000425 3.5e-05 0.00109 4.5e-05 2e-05 3.5e-05 4.5e-05 0.005095 0.00263 4e-05 0.00255 0 0 0.003135 0 0 4e-05 3.5e-05 3e-05 3.5e-05 0.00148 0 0 3e-05 2.5e-05 0.00691 3e-05 3.5e-05 0 4e-05 0 3.5e-05 0 2.5e-05 3.5e-05 2e-05 0 2.5e-05 5e-06 1.5e-05 7.5e-05 0 0.005295 0 2.5e-05 0.000185 0.006495 2e-05 0 2.5e-05 0 0 0 0.004635 0 0.00923 0 0 0 0.000725 0 0 0 0 2.5e-05 0 5e-05 4e-05 2.5e-05 0 0.00036 0 0.003055 0 4e-05 0 0 4.5e-05 2.5e-05 0.0019 5e-05 2.5e-05 0
0.000315 0 0.00877 0 0 2.5e-05 4e-05 3e-05 5e-05 0 0.00324 3e-05 0.002075 0.01099 0 0.00638 0.000335 2.5e-05 4.5e-05 4e-05 0 0.000245 3e-05 0.00059 0 0 0 0 0.00714 0 0.00635 0 3e-05 0 0.00266 0.0001 3.5e-05 2e-05 0.002825 0 5e-06 0 0 5e-05 0.00568 0.0077 3e-05 3.5e-05 4e-05 2.5e-05 0 0 0 5e-05 0 4e-05 0 2.5e-05 3e-05 0.002505 0.0029 2.5e-05 2.5e-05 0.00367 0 0.0002 0 2.5e-05 0.001455 3.5e-05 1e-05 0 4e-05 3.5e-05 0.00209 1.5e-05 0 2.5e-05 0 0 4e-05 0 0 0.01576 0 0 2.5e-05 2e-05 0 2e-05 4e-05 0 3.5e-05 0 3.5e-05 0.00072 4e-05 0 6e-05 1e-05
1e-05 1.5e-05 0 3e-05 0.005285 1.5e-05 3e-05 4e-05 2.5e-05 0 0 5e-06 0.008275 6e-05 0 0.015235 0.011405 0 3e-05 0 0 1e-05 0.00239 0.000775 0 3.5e-05 5e-05 0 4e-05 0 3.5e-05 0 3e-05 0 0.00378 0.005255 0.006315 0 1.5e-05 0 0 0.000115 4.5e-05 0 0.005625 0 0.014875 4.5e-05 3.5e-05 2.5e-05 0.001115 0 0 0.000125 4e-05 2e-05 0.01483 0.00159 0.00575 5e-05 4e-05 1.5e-05 4.5e-05 0.00043 3e-05 0 1.5e-05 1.5e-05 0 0 0.008445 0 2.5e-05 0 0.001345 3e-05 0.00015 0.002745 3.5e-05 0 0.004555 0 2.5e-05 0.00879 6e-05 0 2.5e-05 0 0.002815 0.013225 0 0.01066 0 0 0 0.00098 0.000255 5e-06 0.00804 0
0 0.008605 0 3e-05 9.5e-05 0 4.5e-05 0 3.5e-05 0 3e-05 0 2.5e-05 0 5e-05 1.5e-05 2.5e-05 3.5e-05 0 0.00705 0 4e-05 0.010585 0 1e-05 0 0.00034 0.000745 2.5e-05 0.01037 3e-05 0.01306 2e-05 0.010005 0 0 0.000275 0.004415 2e-05 3.5e-05 5e-05 5.5e-05 3e-05 0 0 0 0.016445 0.00499 1.5e-05 0.00315 2.5e-05 0.009905 5e-05 2.5e-05 2.5e-05 0.002165 2.5e-05 5e-05 0.003595 0 0 0 4.5e-05 0 0 0 0.01258 5e-06 0 2e-05 0.004595 0.000105 2.5e-05 0.01028 0 4e-05 0.01025 0.006145 0 1.5e-05 0 0 0.000725 2.5e-05 0.000195 2.5e-05 3e-05 0 0 0.012915 0 0.003335 2.5e-05 3.5e-05 0 0.002045 0 0 0.007465 0
0.00146 0.00272 0.000865 0 0.00214 3.5e-05 2e-05 0.00139 0.00317 0 3.5e-05 0 0 0.00394 0 0.002855 0 0.000195 0 0 5e-05 0 2e-05 0 2e-05 0 0 3e-05 0 0 3e-05 0 0 3e-05 7e-05 8e-05 0.00805 4e-05 0.00081 0 3.5e-05 2e-05 3e-05 0 0 3e-05 6.5e-05 0.000485 0 5.5e-05 6.5e-05 0.009885 0 0 3e-05 0.00364 4e-05 5e-05 2.5e-05 0.001445 2e-05 0 3e-05 0 2.5e-05 0.010385 0 0 0.001065 2e-05 0 0 2e-05 0 0.006465 3e-05 0 5e-06 2e-05 1.5e-05 0.012775 1.5e-05 0 0.00091 0 3.5e-05 5.5e-05 2e-05 3.5e-05 0.005155 4.5e-05 0 0.00049 1.5e-05 0.00147 0.00079 0 2.5e-05 0.00292 0
0 5e-05 0 2.5e-05 4.5e-05 0.008405 3.5e-05 2e-05 4e-05 4.5e-05 0 3e-05 2e-05 2e-05 3.5e-05 5.5e-05 0.00443 3e-05 0 0 0 6e-05 0.000415 8.5e-05 5.5e-05 0 0.002825 1e-05 4e-05 0.00291 5e-05 0.0005 0.006265 0 0.00458 0 0.00017 0 0.00227 2.5e-05 0.00089 0 3e-05 1.5e-05 0.008315 0 0.006035 0 0 0.00012 3e-05 0 0 5.5e-05 4.5e-05 0.008885 2e-05 2.5e-05 3e-05 0.001175 0 3.5e-05 0 0 0 2.5e-05 0 0.00013 0 0.000175 0.00776 0 3e-05 0.00124 0 0.00772 0.01319 3e-05 0 0 0 0 0 8e-05 0 0 4e-05 4e-05 0.002525 0 3e-05 0 0.00169 4.5e-05 2e-05 0.012955 0.009315 0 0 5e-05
0 0.000195 0 0 0 4.5e-05 0.00093 0.00016 6.5e-05 0 3e-05 0.00085 0 3.5e-05 0 0 0 0 0 0.01347 0.00029 0 1e-05 0.00649 4e-05 4e-05 0.011785 0 3e-05 0 0.005145 0.001095 6e-05 2e-05 4e-05 3e-05 0 0 4.5e-05 4e-05 2.5e-05 0.00133 0.000335 5e-05 0.010415 3.5e-05 5e-06 5.5e-05 2e-05 4.5e-05 2e-05 0.00038 0.000955 0 0 0 2.5e-05 0 2e-05 0 3e-05 0 0.00394 0 2.5e-05 4e-05 0 0 0 0 0.00483 5.5e-05 4e-05 0.000155 2e-05 0 3.5e-05 2e-05 0 3e-05 2e-05 0.014325 6e-05 0.001015 3.5e-05 0 0.01238 1.5e-05 0 0 0.01333 1e-05 0.00208 3.5e-05 3.5e-05 0 0.01262 0.00203 0.00813 0
0 0.00324 0 0 0.01571 3.5e-05 2e-05 0.00392 3e-05 2e-05 0.01107 0 3e-05 0.001535 0.000775 0.012885 3e-05 3e-05 1e-05 0 3e-05 0 3e-05 4e-05 0 4e-05 0.00021 0 0.007665 4.5e-05 0 3.5e-05 0 0.011105 0.00947 6e-05 0 0.008545 0.00765 0 0 0 0 0 3.5e-05 0 0.00027 2e-05 4.5e-05 0.00225 0.00154 0.00289 3e-05 3e-05 1e-05 0 0 2.5e-05 0 2.5e-05 1.5e-05 3.5e-05 5e-05 0.005565 4e-05 3e-05 0 0 0.002115 0 0.002885 2.5e-05 0.000315 5e-05 0 5.5e-05 3e-05 0 0 0 0 0 4e-05 3e-05 0.00718 0.00998 0 3e-05 0.00049 4e-05 1.5e-05 0.003755 3e-05 1e-05 2.5e-05 0 4e-05 0 1.5e-05 5.5e-05
5e-05 4e-05 0 0 4.5e-05 3.5e-05 4e-05 0 2e-05 0 0.009285 0.002285 0.00729 0.004365 4e-05 0.003195 0 0 0.00553 2e-05 0 0 3e-05 0.002375 0 0.008845 0 3e-05 0.00035 3e-05 0 0 3e-05 4e-05 4e-05 0 0 0 2e-05 0 0 5.5e-05 0.00162 4e-05 0.002915 0 0 0 3e-05 4e-05 0.00074 2.5e-05 0.002225 0 0.00195 0 0.00508 0 0.007985 4.5e-05 0 1.5e-05 0 3e-05 0.006915 0 0.00073 3e-05 2e-05 2.5e-05 3.5e-05 0.00491 0 0 5e-05 2.5e-05 5.5e-05 0.000805 0 4e-05 4.5e-05 0 0.001435 0.00088 0.005515 0.01032 0.001595 3.5e-05 0 0 5e-06 0.00257 0.00587 1e-05 0 0.000165 3e-05 0 0 0
3.5e-05 0.00772 0.00833 0.00583 0 0 3e-05 0.00109 1e-05 0.00017 0 2.5e-05 3e-05 0.01164 0.007005 0.000365 3.5e-05 4e-05 0 4e-05 4e-05 0.007055 0 2e-05 0 0 0 0 4.5e-05 0 3.5e-05 0 0.00216 0.018135 0.003125 2e-05 3e-05 0.00084 0.004615 0 3.5e-05 0 2e-05 0 3e-05 0.00746 3e-05 0 2.5e-05 0 0 0.006465 4e-05 1.5e-05 2e-05 2.5e-05 0 0.000105 0.005135 3.5e-05 4.5e-05 0.00151 4.5e-05 0.003475 0.001025 0.000225 0 3.5e-05 0.000205 0 0 0 0.00833 0 0 0.000305 0.00037 0 0.003895 0 3e-05 2.5e-05 1.5e-05 0.000155 0 0.000535 0 0 0 4e-05 2.5e-05 0 0.00197 5e-05 0.004545 0 0 3.5e-05 2.5e-05 0.00299
2e-05 0 1.5e-05 0.0038 0 1.5e-05 3.5e-05 1.5e-05 0 2e-05 0 3e-05 0.000145 0 5e-05 0 0 5.5e-05 2.5e-05 0 0 0.001985 2.5e-05 5e-06 0.00078 4.5e-05 0.0016 5e-06 0 7e-05 0 0.00022 2e-05 0 0.005645 4e-05 0 0.000415 0.002795 3e-05 0.00988 0.00058 3.5e-05 6e-05 3e-05 0 0 2e-05 0.00153 3e-05 2e-05 0 3e-05 2.5e-05 0.00863 1.5e-05 0 0 0 0 1.5e-05 4.5e-05 3e-05 0 0 4.5e-05 1.5e-05 0.00512 0 0.00584 0.00315 2e-05 0 0.00197 1e-05 0.004855 0.00771 1e-05 0 3e-05 5.5e-05 0 0 3.5e-05 2.5e-05 0.00354 0 4.5e-05 0.002985 0.001105 0 0.0072 4e-05 1.5e-05 0 4e-05 0 2.5e-05 0 0.012225
0 0.015965 2e-05 0 0 0.00286 4e-05 0.001715 0 5e-05 0 0 0 0 0 0.01074 3e-05 0 0.001415 3e-05 8.5e-05 0 0 0 0 0.0025 0.00613 0.004775 0 0.00487 0 5e-05 0 0 0.010575 0 0.001425 0.000305 3.5e-05 4e-05 4e-05 4e-05 3e-05 1.5e-05 0 3.5e-05 0 0.001455 0 7.5e-05 3e-05 0.00181 0 7e-05 0.012075 7e-05 0 3.5e-05 0.00619 1.5e-05 2e-05 2.5e-05 5e-05 2.5e-05 0.000955 2.5e-05 0.01269 3e-05 0 3.5e-05 2.5e-05 0.004735 3.5e-05 0 2.5e-05 4e-05 5.5e-05 2.5e-05 2.5e-05 0.003385 0 0.003435 1e-05 0 5e-06 0.000885 0.00034 0 0 0.008895 0 3.5e-05 2.5e-05 1e-05 0 3e-05 0 0 0.00051 0.0001
3e-05 0 0.00171 0.00049 3.5e-05 0 0 0.006785 0 0 4e-05 0.00058 4e-05 0 0.002825 0 2.5e-05 0.00918 0 0 2.5e-05 3.5e-05 0.012145 3.5e-05 0 3e-05 0 5.5e-05 4.5e-05 0 0 0 0 0.002845 4.5e-05 5.5e-05 2.5e-05 0.00011 1.5e-05 1.5e-05 2.5e-05 4.5e-05 0 0.01813 0.002335 0 0.009855 3e-05 4e-05 0 0.000125 0 0.00174 2.5e-05 2e-05 0 5e-06 0 0 3.5e-05 2.5e-05 2e-05 2.5e-05 4e-05 0 7e-05 0.00996 0.00862 0.000165 0 0.001535 1.5e-05 0.007635 0 0.00636 3e-05 8e-05 0 0.001175 3.5e-05 0 0 0.001165 0 0.0007 0 3.5e-05 3.5e-05 0.001415 0.00011 0 0.001985 0.010635 2.5e-05 0 2.5e-05 0 0 3.5e-05 4e-05
4.5e-05 0 0.002775 0 0 0 3.5e-05 6.5e-05 0.006785 0.00025 0.006715 8e-05 0 0.00023 0 2.5e-05 0 0 0 5e-05 5.5e-05 0 0.00016 0 2e-05 0.00464 0.006085 0.00104 0 0 2e-05 0.001035 4e-05 0.00835 0.00193 0 0.009955 0.019105 4e-05 0 0.00025 0.00528 4.5e-05 3e-05 0 2e-05 3e-05 0.0063 2.5e-05 0 0.00488 0 0 0.000365 4e-05 4e-05 0 5e-05 0.001875 4e-05 0.000465 3.5e-05 0.000455 0 3.5e-05 4e-05 4e-05 4.5e-05 0.00468 5e-06 0 3e-05 0 5.5e-05 2e-05 0 3.5e-05 0.00039 3e-05 4.5e-05 0.002075 0 0 0 2.5e-05 3.5e-05 2.5e-05 4e-05 0 0.000185 0 0 0.008895 6.5e-05 0.00334 2.5e-05 4.5e-05 0.00029 7.5e-05 0
0.001035 2e-05 0 2.5e-05 1e-05 3e-05 5e-06 0 0.00037 0 3.5e-05 0 0.00024 4e-05 4e-05 0.00348 0.00013 0.000545 0.00052 0.005375 0.00013 0.00111 0.00447 0.00109 0 5e-06 0.000145 0.00134 3e-05 9.5e-05 2.5e-05 0 1.5e-05 0.0002 2.5e-05 0 5.5e-05 0 7e-05 0.00913 0 0.00627 0 0.011305 0 3.5e-05 0.002855 0 0 3.5e-05 0 3e-05 0.0149 0.003885 4.5e-05 6e-05 2e-05 0.000325 3.5e-05 0 0 0 4e-05 0.00077 0 0 2e-05 0 0 3e-05 2.5e-05 0 0.01417 2.5e-05 2.5e-05 0 1.5e-05 3e-05 1.5e-05 4.5e-05 0 0 0.00012 0 0 0 0 4e-05 1e-05 0 6e-05 0 0.00796 0.00617 0 0.00551 0 0 0.00239 0.00271
0 4e-05 0.00122 0.00537 4e-05 0 0 0 0 0 0.00928 0 0.01176 0.00208 2e-05 4e-05 5.5e-05 3e-05 0 5e-05 3e-05 0.014905 0.001435 0 2.5e-05 0 4.5e-05 0.01036 4e-05 0.000485 0.002245 2e-05 3.5e-05 0 0.00102 0 3e-05 7.5e-05 4e-05 0.00506 0.00331 0 0 0 0 0.00861 2e-05 0.00955 0 0 0 5e-05 0.000155 3e-05 0 0 0 0.000345 0.006995 0 0 5e-05 0 0.000275 2.5e-05 5e-05 0 0 4.5e-05 0 0 3.5e-05 0.00403 0.00685 0.001045 0.002855 2.5e-05 1e-05 0.00416 4e-05 0 6.5e-05 0.016585 3e-05 2e-05 0.009155 5e-05 0.00074 3.5e-05 0.002325 0 0 3e-05 0.00479 3e-05 0 0.01214 0 3.5e-05 6e-05
4.5e-05 0 3.5e-05 0 2.5e-05 0.002495 2e-05 0 0 3.5e-05 9.5e-05 0.00231 0.000565 0.001755 0 5.5e-05 0 0 0 3.5e-05 3e-05 2e-05 2.5e-05 2.5e-05 0 0 0.004745 0.003185 3.5e-05 0.009435 2.5e-05 0 0 3e-05 0 0 0.01065 0.00114 0 0 3.5e-05 0 2.5e-05 5e-05 0.00452 0.015275 4.5e-05 2e-05 0.00807 0.00266 1.5e-05 0.01691 4.5e-05 0.00329 0 0.007295 0 2e-05 2.5e-05 0.00058 0 5e-05 0 0 0 3.5e-05 0.00159 0 0 0.00018 0 0.000485 4e-05 6e-05 0 0 0 0 2e-05 0.000235 4e-05 0 5.5e-05 2.5e-05 0 3e-05 0 2.5e-05 0.010385 0.010365 0.007705 0 0 5.5e-05 4e-05 4e-05 0 4e-05 0.008925 0
0 4e-05 0 1.5e-05 0 3.5e-05 8.5e-05 0.004755 0 0 3.5e-05 0 0.00212 0.00481 0.00068 0 0.00297 3.5e-05 5e-05 0 4e-05 0.003995 0 5e-05 4.5e-05 0.00253 0 5e-05 0.000185 3.5e-05 0 0 0.00316 0.00079 0.004195 2.5e-05 0.003025 0.003965 4e-05 0 3.5e-05 0.007495 3e-05 4e-05 0.004745 0.014685 0 0 0.01682 2.5e-05 7e-05 0 0.001605 3e-05 1e-05 0.0001 0 0.00028 2e-05 0 0.00185 0.004555 0 0.008975 2.5e-05 0 4e-05 0.0059 0 0.000115 3e-05 0 0 0 0.00241 0 0 0.000365 5.5e-05 4e-05 0.00132 0.00092 4e-05 3.5e-05 0 0 0 0.00539 5.5e-05 3e-05 0 0 0 3.5e-05 0.007835 0 0.004835 5.5e-05 4e-05 0.004985
0 0.001145 2e-05 0 0 0 4.5e-05 0.0001 1e-05 0.00305 2e-05 0 2.5e-05 3e-05 0 5e-05 0 0 3e-05 5e-05 2.5e-05 0.00506 5e-05 0.00594 2e-05 0.01165 3.5e-05 5.5e-05 0 0 4.5e-05 0 0.00218 0.000295 0 0 0.00357 3.5e-05 0.001945 2.5e-05 0.000425 0 2.5e-05 0 2.5e-05 0.000215 0 0.00888 0 0.004615 0 0 0 3.5e-05 1.5e-05 0.00457 0.002855 0.00255 0.00855 3.5e-05 0 3e-05 1.5e-05 0 4e-05 5e-05 0 0.001595 6e-05 4e-05 0.01271 1e-05 1.5e-05 0 0.00262 0 3e-05 4.5e-05 5.5e-05 2.5e-05 0.00107 0.01279 0 0.00176 0 0 3e-05 0.001515 0 0 2e-05 9e-05 0.00011 0.00068 0 0 4e-05 3.5e-05 4.5e-05 0.001655
2.5e-05 0.00272 0.00058 5.5e-05 0.004205 0 3.5e-05 0 0.00068 0 1.5e-05 5.5e-05 2e-05 0.00024 0.001515 3.5e-05 0.001155 0.00651 0 0 0 0.007225 2e-05 2e-05 0 0 0.00224 0.001655 0.00102 0.00529 0.000435 2.5e-05 1.5e-05 0 0 0 0.002785 0 0.01891 0 0.000135 2.5e-05 0.00243 0 0.010085 3.5e-05 4e-05 3.5e-05 4e-05 5e-05 0 0 0.00978 4.5e-05 0 0.006555 0 3.5e-05 2.5e-05 0 5.5e-05 0 0 4.5e-05 0.00079 5e-06 0.012785 0.001695 0.000445 0 0.00046 1e-05 0 0.00216 2e-05 0.000665 0.000135 0 0 1.5e-05 0 2.5e-05 0 1.5e-05 1.5e-05 0 0.007975 1.5e-05 5e-05 0.00017 0 0 0 0 0 3.5e-05 0.011005 2e-05 0.000205 0
3e-05 0.003815 0 0 0.001655 5e-06 0 0.01537 4.5e-05 2.5e-05 0.00182 0 0.002945 0.00141 0 0 3.5e-05 0.00551 3e-05 3e-05 0.00377 0 0 0 0 0 0.000315 0 0.0013 0 6e-05 3.5e-05 0 3.5e-05 7.5e-05 0 0 0 3.5e-05 0 4e-05 2.5e-05 5e-05 2e-05 0.005 2e-05 0.00854 0.000135 0.00059 2e-05 0 2e-05 0 0.003855 0.00648 0.000125 4.5e-05 0.005125 0 5e-05 0 0 5.5e-05 0.000205 0 2e-05 0.000545 4e-05 2e-05 0.00838 0 0.01508 0 0.000215 6e-05 4.5e-05 0.00838 0 0.008385 0.000475 0 4e-05 5.5e-05 1.5e-05 3.5e-05 4e-05 0 1.5e-05 0.010285 4e-05 2.5e-05 2e-05 2e-05 3e-05 0.005195 0 0 0 0 3.5e-05
2.5e-05 0.002715 4.5e-05 0.00743 2e-05 2e-05 5e-05 0 3.5e-05 4e-05 0.004955 0 0 0 0 1.5e-05 5e-05 0 4e-05 4e-05 0.00089 2.5e-05 0.00552 0 3.5e-05 6e-05 0.000825 0.017565 0 0 2.5e-05 2e-05 2e-05 3.5e-05 0 5e-06 2.5e-05 4e-05 0 0.00035 0 5e-05 0.000135 0.005375 0 0.00333 2.5e-05 0 0 0.00051 0 3.5e-05 0 0 0 3.5e-05 0 2.5e-05 0 4e-05 0 2e-05 0.00275 3e-05 0.00017 0 0 0 3.5e-05 4e-05 0.00206 3.5e-05 0 0 5e-06 2e-05 0.001855 0.001815 2.5e-05 0.001735 1e-05 0.00784 0 0 0 0 0.000715 4e-05 0 0.009525 0 4e-05 0 0.00408 2e-05 4e-05 0 0.001715 0 0.007405
0.00015 2e-05 0.00044 0.001535 0.000525 0 4.5e-05 5e-06 0 4.5e-05 0.00154 5.5e-05 0.00022 0.000205 2e-05 0.01436 0.000185 3.5e-05 0.00022 0 3.5e-05 0 5.5e-05 0 3e-05 0 0.0022 4.5e-05 0.00151 1.5e-05 1e-05 3e-05 5.5e-05 3e-05 0 0.0136 5e-06 0 0 0 0 0.00961 0 0 0.0043 1.5e-05 2e-05 2e-05 4.5e-05 5.5e-05 0 0 0.00195 0.0016 4.5e-05 0 0.01455 3.5e-05 0 0 0.00086 0 2e-05 0.001555 5e-05 0.002115 0 4e-05 0 4e-05 0 0.00727 0 0 3.5e-05 0.004115 5e-06 3e-05 0.00118 1.5e-05 0.00279 2.5e-05 0 0.009515 0 0 0 4e-05 4e-05 0 0 0.01033 3e-05 0.001395 1.5e-05 0.00025 0.001965 0.00401 0 0
3e-05 0 0 4.5e-05 4e-05 0 0 0 2.5e-05 5e-05 3.5e-05 0 0.00473 4.5e-05 0 2e-05 0 3.5e-05 0.0009 0.00029 4.5e-05 4e-05 0.00663 0.000725 0 0 0 0 0 0 4e-05 0.00662 0 0.003485 0 3.5e-05 0 2.5e-05 0.00251 4e-05 0 0.0144 0 2e-05 0.000485 0.00227 0 3.5e-05 2.5e-05 0 0 4e-05 0 2.5e-05 1.5e-05 6.5e-05 7e-05 3e-05 0.003845 4.5e-05 0.00033 1.5e-05 2e-05 0 0.014525 0 1e-05 1e-05 0.00625 5e-06 0.01423 1.5e-05 4e-05 1.5e-05 0.005815 0.006955 0.00124 2e-05 2.5e-05 0 5e-05 0 0 0.003585 0 4.5e-05 2.5e-05 0 5.5e-05 0.00017 0.003715 0.006985 0.00835 0 2.5e-05 0.00814 0.00029 0 0.00036 0
5.5e-05 0 0 0.00019 0.000685 0 4e-05 3.5e-05 3e-05 1.5e-05 0.00114 4e-05 0.01505 2.5e-05 3e-05 2.5e-05 1.5e-05 0 1.5e-05 0 4e-05 2.5e-05 0 0.01317 4.5e-05 1e-05 0.000365 0 5e-05 6.5e-05 0.00665 0 0.004555 0.00995 4e-05 1e-05 0.009915 0.00265 0.005955 4.5e-05 0.000375 1e-05 2e-05 0 0 0 0 4e-05 0 9.5e-05 0 0 2.5e-05 0.00042 0.0001 0 0 0 0 2.5e-05 5e-05 0 4e-05 2e-05 0.00135 5.5e-05 5e-05 0.00225 2.5e-05 0.002055 0.01459 5e-05 0.00172 3e-05 0.001585 0.000525 0 0.00015 2.5e-05 3e-05 3.5e-05 0 0 0 1.5e-05 2.5e-05 3.5e-05 0 0 0.01447 0.000475 0 4.5e-05 0 0 0 0.001235 0 0.000185 0
0.007225 2.5e-05 0.00766 0.00966 0.008255 0 0.00329 0 3.5e-05 0 0 0 4e-05 0 0 5.5e-05 0.007725 0 0 0 0 0 4e-05 5e-06 0.000105 4e-05 0 5e-05 0 2.5e-05 0 0.001385 0.006405 0 3e-05 0 0 0.003325 3e-05 5.5e-05 0 0.00027 0.003375 2.5e-05 5e-05 0 0.00025 4e-05 2.5e-05 0 4e-05 0 4e-05 0.001675 0 0.002715 4e-05 0.00052 0 0.00276 4e-05 1.5e-05 0.009035 0.00989 0 0.003065 3.5e-05 0 0.001385 0 0 0 0 0.00793 0.00021 0.014275 0 0 2e-05 0.0026 0 3e-05 0.00419 3e-05 0 0 6e-05 0.008335 2.5e-05 2.5e-05 0.004645 0.00096 0.00794 1.5e-05 0.009215 4e-05 0.001665 2e-05 0 3.5e-05
0 0.00757 3e-05 5.5e-05 2.5e-05 1.5e-05 5e-05 5e-06 0.000135 1e-05 0.008425 0.000935 9.5e-05 3e-05 0 0 5e-05 4e-05 0.00121 4.5e-05 0.0004 5e-06 0 0 0 0 0.01081 3e-05 0.01541 4e-05 3e-05 2e-05 0 0 0.001155 5.5e-05 0 0 0.00033 0.003895 0 0.00536 4e-05 2.5e-05 0.008575 0.002175 4e-05 0 0.00767 4e-05 0 0 0.012765 0 0.000875 2.5e-05 0.000135 0 3.5e-05 3e-05 0 0.008355 3.5e-05 0.001505 0.013145 0 0.00036 4.5e-05 3e-05 4.5e-05 3e-05 0 1e-05 0 0 0 0 0 4.5e-05 0.00038 3e-05 2.5e-05 0 0.004645 4e-05 0.000495 0 0 2e-05 2e-05 3e-05 4e-05 4e-05 0.006755 1.5e-05 5e-05 0.000705 0 0.001455 0
4.5e-05 3.5e-05 0.00296 0.002485 5e-06 0 7.5e-05 0 0 0 1.5e-05 0 0.000845 0 3e-05 2e-05 0 3e-05 0.0001 0.0021 0 0 1.5e-05 7.5e-05 2.5e-05 0.00208 1.5e-05 0.00176 0.00304 1e-05 0 0 0.0005 0.006525 7e-05 0.00247 0.004555 4.5e-05 0 4.5e-05 0.008325 0.000155 3.5e-05 5e-05 0.000205 0.007615 0.009625 0 1e-05 0 1.5e-05 0 8e-05 2.5e-05 0.009405 0 6.5e-05 5e-05 2e-05 4.5e-05 0 3e-05 0 0 1.5e-05 3e-05 0.000375 0.000785 3.5e-05 0 5e-06 0.00417 0 0 0 0.00744 0 2.5e-05 3.5e-05 6e-05 0 0 3e-05 5e-05 2.5e-05 0.001935 0 1e-05 0 0.00149 5e-05 0 4.5e-05 3e-05 5.5e-05 0 0.010545 0 0 0.003215
5.5e-05 0 0 0 5e-05 0.002335 0.00076 0 0 0.004035 0 0.000155 2.5e-05 2e-05 2e-05 0 0 1.5e-05 0.00129 0 0.0048 0 5.5e-05 0.00019 0.00395 0 4e-05 0.000695 4e-05 4.5e-05 0.00403 1.5e-05 0 0.005555 0.002165 0.00091 0.00036 3e-05 0 2.5e-05 0.007145 0.0004 0 0.003245 3e-05 0.00277 0 7e-05 0.000725 0 4.5e-05 4e-05 0.00618 0 0.00582 2e-05 4.5e-05 0 0.006105 2.5e-05 0 0 0 4.5e-05 0.001535 0 0.00518 0 1.5e-05 3.5e-05 0.002625 2e-05 0 0 4e-05 0 2.5e-05 3e-05 1.5e-05 0 6e-05 0 5.5e-05 4.5e-05 0 4e-05 0 0.008575 2.5e-05 5.5e-05 0 3e-05 3.5e-05 4e-05 2.5e-05 0 2.5e-05 0 0 0.000165
0 0 0 2.5e-05 0.000545 1e-05 1e-05 3e-05 0.00658 0 3.5e-05 3e-05 6.5e-05 0.00037 0 0 0 6.5e-05 6e-05 7.5e-05 3e-05 0 0.02069 0 0 0 3e-05 3e-05 0 3.5e-05 3.5e-05 0 3.5e-05 4e-05 0.003285 0.003495 4.5e-05 4e-05 0.00908 1.5e-05 3.5e-05 1.5e-05 0.01021 0.00069 0.00278 0 0.00572 0.01229 2.5e-05 5e-05 5.5e-05 2.5e-05 0 0 1.5e-05 0.000955 0 0 0.00699 0.01059 2.5e-05 0.000495 2e-05 2.5e-05 2.5e-05 0.00221 0.00589 2.5e-05 2e-05 5e-05 0.00027 0 0.00453 0.02224 0 0 4.5e-05 0 0.016365 0.00138 0.0174 0 1.5e-05 0 0.00617 0 2e-05 0 0 0 3e-05 0 6.5e-05 0 2e-05 6.5e-05 3.5e-05 0.00797 3.5e-05 0
0.000145 0 0.0059 2e-05 7e-05 3e-05 0.007385 2.5e-05 0 0.01367 2.5e-05 0 0 0.00404 0 0 0.01155 0.00216 0.00579 1e-05 0 0.00761 4.5e-05 0 0.000245 0.00296 4e-05 4e-05 4.5e-05 0 0 2e-05 0.00756 3.5e-05 5.5e-05 0.01101 3.5e-05 0 4.5e-05 0.00032 0 0.00296 0 1e-05 4.5e-05 2.5e-05 4e-05 0.000355 0 0 4e-05 0 0 2.5e-05 0 0 0.00422 0 5e-05 0.00561 0.00983 0.00865 0 0.01004 1.5e-05 0.007605 0 0 0.00066 0.00634 0.000385 0 0 2.5e-05 3e-05 4.5e-05 3.5e-05 0 0.000615 0.001655 0.0031 5.5e-05 0.00349 0 1e-05 0.009255 0 0 5.5e-05 0 0.00176 5e-05 0 0 0 0.003515 0 4e-05 0 7.5e-05
0.00213 0 0 0 0 0.002665 0 0.012555 0.003805 0 1e-05 0 0 0.002705 0.004995 0 0 0.008355 0 4.5e-05 2e-05 5e-05 0.00012 3.5e-05 3e-05 0.00042 2e-05 4e-05 0 2e-05 1.5e-05 0 0.00111 0 3.5e-05 1e-05 5.5e-05 0 0 0.00159 0.0001 7e-05 0.00411 5e-05 1.5e-05 0 1e-05 0.00487 0.002205 0 3e-05 0 0 0 0 0 0.000865 5e-06 3e-05 0.009215 4e-05 0.00624 0.013195 0.00385 2.5e-05 2.5e-05 2.5e-05 0 3.5e-05 0 0.00207 0.00043 0 0.00741 2e-05 0.011825 0.008675 0.000715 0.001695 0 0.00051 2e-05 0.00067 0 5.5e-05 4e-05 0.000795 0.007415 0 4e-05 0.002045 4.5e-05 0 0.00351 5e-05 0 0 0.0001 0 0
0.000455 1.5e-05 0.00021 0 0 4.5e-05 6e-05 0.010775 0.008 0 3.5e-05 0 0 0 0 2.5e-05 0.014 0.0062 0.001 0 5e-05 2.5e-05 5e-05 3.5e-05 5e-05 0.012215 3.5e-05 2e-05 0 0.000495 0 5e-05 0 1.5e-05 0.003935 0 0.001975 5e-05 3e-05 0 0.005575 0 0.000835 0 0 3.5e-05 3e-05 0 0 3.5e-05 1e-05 0 0 3.5e-05 0 0.000755 0 0.001415 0.00202 0.004335 0 2.5e-05 0 0.007 2.5e-05 0 3.5e-05 0.001075 0 0.00922 0 0.01245 2e-05 0.00508 4.5e-05 0.004455 0 0.00087 0.000415 0.004245 0.00491 0 0.0059 4e-05 0 4.5e-05 2.5e-05 5e-05 0.00022 0 0.00509 0 0.001935 0.002975 0 0 0.017965 0 0.00034 0.00193
0 0 0 0 0 0.00538 0 6e-05 2.5e-05 0 0 0.0086 0.00887 0 6e-05 0.010075 0 0 0.00271 3e-05 0 0 0.00267 0.000875 1.5e-05 5e-05 4e-05 0 0.002635 5e-05 4e-05 3.5e-05 3.5e-05 0.0006 0 3e-05 7e-05 0.001165 5e-06 0 3e-05 0.01086 0 2.5e-05 4e-05 0.00946 0 3e-05 0.00625 0.003535 0 0 0.00029 0.009485 0.00214 0.00022 0 0.000235 0 1.5e-05 0 3e-05 0.004195 0.004675 0 4.5e-05 2.5e-05 3e-05 4.5e-05 0.00334 3e-05 0.007455 0 4e-05 4e-05 0 0 4e-05 0 0 0.006735 0.013285 0 3.5e-05 0.004305 1.5e-05 3.5e-05 0.008665 0 3e-05 0.00105 4e-05 0.000125 0 0.000545 5e-05 4e-05 0 4.5e-05 2.5e-05
0 5.5e-05 4e-05 0 4.5e-05 0.004725 5.5e-05 2.5e-05 5e-05 0.003785 0 0 0 0 3.5e-05 0 0.00914 5e-06 0 0.00551 0 0 3.5e-05 0.000185 3e-05 0 0 4.5e-05 2e-05 0.004185 3e-05 0 0.000275 3.5e-05 0 0.006165 0 0 5e-06 0.0045 0 0.000185 4.5e-05 2e-05 1e-05 0 0 0 0.000135 4e-05 2e-05 9.5e-05 0 0.005265 0.000145 5e-05 0 0.00066 4e-05 0.007995 0 0 0.004765 0 0 3.5e-05 1.5e-05 3.5e-05 5e-06 0.013925 0.00874 0.003035 0 0 3.5e-05 0.003645 0 1.5e-05 0.011845 0 0.00381 0.005395 0.001055 2e-05 3e-05 0 5e-05 0 0.000475 1e-05 0.004165 2.5e-05 3e-05 0.001365 6e-05 0.0023 0.01585 0 0.003705 0.00015
0.01088 0 3e-05 0 0.00035 2.5e-05 0.00387 4e-05 4e-05 0 0.00516 0.003905 1e-05 7e-05 0.00058 0 0 2e-05 0.000515 0.0027 0 3e-05 2e-05 0 0.001795 0 3e-05 6e-05 0 3e-05 0 0.000645 0.00326 4e-05 2.5e-05 2.5e-05 2.5e-05 4e-05 0.000175 0.011725 0 0.001065 0.006675 0.00298 3e-05 0.001525 0 2.5e-05 4.5e-05 2.5e-05 0 0 2.5e-05 0 0 0 0 0 3.5e-05 0 1.5e-05 0 0.002915 0.002695 0 0.005135 0 8e-05 0.002855 0 3.5e-05 6e-05 0 0 0 0 2.5e-05 0 0.00159 0.000355 0.00157 0.00174 3.5e-05 0.001725 6e-05 0.003185 4.5e-05 0.000105 0 3.5e-05 0.00102 0 0 0.00573 0.00445 0 3e-05 0.00159 3e-05 2e-05
3.5e-05 0.00417 3.5e-05 3.5e-05 3.5e-05 5e-06 3e-05 0.00033 5e-05 2.5e-05 0 3e-05 0.00169 4.5e-05 0.001105 0 0 0 0 0 0 0 1e-05 0 5e-05 0.008885 3e-05 0 2e-05 0.00018 4.5e-05 0 0.00216 0 0 5e-05 0 5e-06 6e-05 4e-05 2.5e-05 0 4e-05 0.002675 1.5e-05 0 4.5e-05 0.000565 0 0.0106 0 0 0 0.003155 2e-05 0.00013 0.0071 0 3.5e-05 0 0 2.5e-05 2e-05 2e-05 2.5e-05 1.5e-05 0.001385 0.00125 2.5e-05 0.00329 8.5e-05 0.000405 2.5e-05 0 0.006425 4e-05 0 0.009775 0 3.5e-05 5.5e-05 2e-05 0 3e-05 0.000905 0 0 5e-06 0.01166 0.000765 0.005025 2.5e-05 0 0 0 0.01 2.5e-05 4.5e-05 0 0
0 2.5e-05 0 0.00194 0 0.002975 3e-05 4e-05 0 0 1.5e-05 0 0.009465 0 0.00285 2.5e-05 1.5e-05 0 0.00323 0 5e-05 0.000125 0.00654 2.5e-05 0.00332 1e-05 0.01189 6.5e-05 0 0 2.5e-05 2.5e-05 0.00844 0 3e-05 0.000555 0.011645 4e-05 0.004715 5e-05 0 0.009435 0 3.5e-05 5e-05 0 0 4.5e-05 0 0 0.00404 4e-05 0.013295 3e-05 0 0.00078 3.5e-05 4e-05 7e-05 7.5e-05 0.00417 0.01464 0 3e-05 0.00036 4.5e-05 0 8.5e-05 0 0.00467 0.000475 2.5e-05 0.006435 0 5e-06 0 0 0.00129 0.00524 7e-05 4e-05 0 0 0.000485 3.5e-05 0.001875 0 6e-05 4e-05 4.5e-05 0 0.00015 0.00219 1.5e-05 0.00039 0 0 0 2.5e-05 3.5e-05
