0.000435 0.00252 0.002575 1e-05 0.001805 0 0.00026 0 0 0.00013 0.00085 0.00154 0.0004 0.00133 0 0 0.001505 0.002415 0 0 1e-05 1.5e-05 0 0.000315 0 0.00115 0 0 1.5e-05 1.5e-05 1e-05 0 0.000765 5e-06 0.00128 8.5e-05 5e-06 1e-05 0 0.001235 0 0.002575 0.000295 0.000115 0.001665 2e-05 2e-05 0 0.00293 0.00192 5e-06 0 0.00149 0.0029 0.00031 0 0.001935 0.002255 0.000725 0.00182 0 0 0.000155 0.00103 5e-06 0.00046 0 5.5e-05 0.00224 0 0.0015 0.000735 0.00039 0 0.000685 2e-05 0.00049 0 0 0.002825 5e-06 0 0 0.00011 2e-05 0.00182 0 0.00229 0.00269 1e-05 0 0 0.000895 0.00102 0.002305 0 0 0 5.5e-05 0.00054
0 0.001305 0 0 7.5e-05 0 0.001235 0.00318 0 0.001485 0.00051 0.00011 0 0 0 0 0.001185 0.00137 0.0009 0.001145 0 0 0.00229 0.00018 0 0.002495 0 0.001955 0.00112 0 0.00019 0.00285 3e-05 4.5e-05 0.001535 0.001415 0.000605 0 0 1.5e-05 0 0 0 0.000845 0.001025 3e-05 0 0 0.00269 0 6.5e-05 0 0.00011 0.00181 0 0.00038 1.5e-05 0 0.00094 0.000335 0.00227 0.00216 1.5e-05 0.0006 0.000295 0.00024 4e-05 0.000475 0.00337 0.000355 0 0.00305 4.5e-05 0 0 8.5e-05 1e-05 0.000395 0 0.00189 0.000565 0.002645 0.000765 1.5e-05 2.5e-05 0.00244 2.5e-05 0.001175 4e-05 0 0.00094 0 0.00125 0.00151 7.5e-05 0.0012 0.000435 0 0.00132 0.00017
0.000845 0 0 5e-06 0 0 0.00188 7.5e-05 0.000765 0.00186 0.00103 0.002275 0.00117 0.00033 0.000375 0.002015 0.002245 0.00108 0 0.001035 0 0 0.00016 0.002475 1e-05 0 0 0.000215 0 2e-05 0 3.5e-05 6.5e-05 0 0.00022 0 0 0 0.00175 0.00047 0.001015 0.00159 1e-05 0 0.000305 8.5e-05 0.00066 0.00216 0.001995 0 0.00078 0.00117 0.00128 0.00207 0.00095 0 0 1.5e-05 0.00057 0.00066 0 0.00179 0.000645 0.00098 0.0015 0.00055 1.5e-05 0.00045 0 0.000995 0 0 0.000705 0 0 0.00132 0 0.00014 0 0.000915 0.00047 0 0.002185 0 0.00147 6e-05 4e-05 0.002875 0 0.000985 0.00099 0.000725 0.000805 0.002195 0 0 0 0 0 0.001515
0.00126 6e-05 0.000855 0.000825 0.001065 0.00018 0 0 0 0 3e-05 0.00025 0 0.00275 0.00267 0 0.00093 0 0 0.00361 0 5e-06 0.002615 0.00252 0 0 0.00107 0.00229 3e-05 0 0.00049 0.00082 0 0.00104 0.000125 1e-05 0 0.000175 0 0.00177 0.00085 0.00018 0 0 0 0 0.00083 0.001485 0 5e-06 0.000665 0 0 0 0.00105 0 1e-05 0 2e-05 2.5e-05 0.000255 2.5e-05 2e-05 0.00049 0.000705 0.00242 0 0 0.0008 0 0.001765 0.00249 0.00074 0.00067 0.002735 0.00178 0.00238 0.00017 0 0 0 0.003645 0.000765 0.001855 2e-05 0 2e-05 0.001905 3.5e-05 5e-05 0.00048 0.002995 0 0.003425 0.002935 0.000155 5e-06 0.000255 1.5e-05 0.00011
0 2e-05 0.0019 0 0.000295 2e-05 7.5e-05 0 0 0.00242 0 0.002975 0 0 0.000145 1e-05 0.000495 0.00105 0.001305 0.00237 2.5e-05 2e-05 1e-05 0.000145 0 0 0.00066 0 5e-06 1e-05 0.001975 0.00277 0.00231 0.001965 6e-05 0 2e-05 0 0.00015 0.001065 0 0.0019 0.000565 0.000105 0 0.00026 0.001205 0.002345 0 1.5e-05 0 0.000705 0 0.00297 0 0.00192 0 5e-05 0.001525 0.000365 0 3e-05 0.001735 0.000365 0 0.00101 2.5e-05 0.00029 0 0.001545 0 0 0.00014 0.00098 0.00126 0.002775 0.001505 5e-06 5e-06 0 0.001045 0 0.002635 0 0 5e-06 0.00065 0.00113 0 0.00071 0 3.5e-05 0 0.000685 0.00143 0.00222 0 0.001195 0 0.0027
0 0.00046 0 0.00158 0.00033 0.00077 0.002055 5.5e-05 0 0 0.001795 0.00216 0 6e-05 0 5e-06 0 0.000475 0.00121 0.001115 0.000335 3e-05 0 5e-06 5e-06 0.000255 0 0 5e-06 1.5e-05 1.5e-05 0 0 0 0 0.00253 0 0.000835 0 0 6.5e-05 0.00044 0.00111 0 0.001385 0.003085 0.002225 0.000595 0.00091 0.002065 0 0.0015 0.00205 0.002475 0.002075 0 0.00038 0 0.00011 0.00042 0 0 4.5e-05 0 0.001495 0 0.00106 0.001355 0 0.00157 0 1e-05 0.00043 0 0 0.00095 0.00013 4e-05 0.001365 0 0 0 0 0.00018 3e-05 5e-06 0.00214 0 0 0.001255 0.001005 8.5e-05 0.001235 0 0.00164 0.00131 1e-05 0 0.00189 0.00144
0.000615 0 0 0 0.000595 0.00249 0.001495 8.5e-05 0.002505 0 7.5e-05 0.00029 4e-05 0.001985 6e-05 0.00155 0 0.00152 0 0.00053 0.000375 0 0.00145 0.001555 2e-05 0 0.00183 0.000535 0 0 0.000665 0.00283 9.5e-05 0.00127 0.0011 0.00038 0.00046 0.00053 7.5e-05 0 0 0 0 0 0 7.5e-05 0.000195 0.00192 0.00197 0 1e-05 0.001295 0.00062 0.00028 0 5e-06 0 0 0.00116 1e-05 0.0027 0.001385 0 0.00122 0.000925 0.00026 0 0.001055 0.001465 0 0.001185 0.002025 0.001425 0 0.00151 0 0 1e-05 0 0.000135 0 0.00076 0 0.001275 0.001155 0 0.001835 0.001835 0.000105 0 0.002115 0.00048 0 0.00072 0 2e-05 0 6.5e-05 0 0.000125
0.001105 0.001835 0 0.00166 0.00061 0.00028 1e-05 0.0016 0.00091 6.5e-05 0.000575 7.5e-05 0 0.00243 0 0.001615 0.001355 0.00066 0.000115 0.001405 0 0.00048 0.00174 0.000695 1.5e-05 0.002105 0.00194 0.00203 0 5e-06 9e-05 0.00084 0.000465 0 0 0 0.002105 0 0.00112 0.00031 0 0 5e-06 0 0.00022 0 0 0.00203 0 0.000225 0 0.0001 0.001495 9e-05 0 3.5e-05 1.5e-05 0.00164 0.00095 3e-05 0 0.001775 0.0011 0.001385 0.00161 0.00078 0 5e-06 5e-06 0.00159 0.00183 0 0 0 0 0 0.00021 0 0.001965 0 0 0 0.00023 0 0.00039 3.5e-05 0.000525 0.001655 0.00028 0 0.002075 0 0 0.00091 0 5e-05 0.001455 0 0.000715 0
5e-06 0 0 0 0.00021 0 0 0.000175 0.002075 1e-05 0.000505 0 0.00036 0.001305 1.5e-05 0.000695 0.001205 5.5e-05 0 0.002885 0.001395 0 5e-06 0 1e-05 3.5e-05 2.5e-05 2.5e-05 1e-05 0.000895 0.00163 0 0.001535 2e-05 0.00245 0.000225 0 0.000335 0.002635 0 0 0.00205 0.0023 0 0.001955 0 0 0.001195 0 0.000515 0 0.000305 0 0.000145 0.00046 0.002465 0 0 0.0002 0.00103 0 0 0 0 0 0 0 2.5e-05 0.0006 0 0 0 0.00143 0.00266 0.00066 0.001215 0.001915 0.00071 0 0.000875 1e-05 0 0.0031 0.00222 0.000565 0 0.000335 0.00102 0.00208 0.00127 0 0 0.002585 0.00228 0.000345 0.00105 0.000125 9.5e-05 0.00219 0.000695
0.00146 0.00212 0.001915 0.000605 0.00194 0 0.00134 2.5e-05 0.00063 1e-05 0.000715 0.00045 0.001295 0 0 0.001925 0.00275 0.000195 0.000955 0.000475 0 0.00145 0.00025 0 2.5e-05 0 0.00093 2.5e-05 0.001605 1e-05 0.001255 0 0.001495 0 0 0.00023 0 0 0 0 0.000235 0 0 0.00122 0.00097 5e-06 0.001175 0 0.000905 0 0 0.00054 0.0001 0.0012 0.000195 0.0013 0.000435 0.000105 0 0.00162 0.00073 5e-06 0.001595 0.001805 0 2.5e-05 0.000295 0 0.00118 5e-05 0.002255 0 0.001265 0.00132 0 0.001835 0.000605 0.000255 0 0 0 0 0 0.00069 0.001075 0 0.002385 0.000935 5e-06 0.001145 0.00121 0.00029 0 0.00072 0.001455 0 0 0.00172 0.000715 0
3.5e-05 0.00013 0.000425 0.002005 0 0 0.002815 0.001495 0.00108 0.00195 0.00029 0.001305 0.000685 0.00129 0 0 5e-05 4e-05 6.5e-05 0 0.000135 1e-05 0 0.00183 0 0 4e-05 0.00074 0.001755 0 0 0.0026 0.001185 2e-05 0.00132 0.00046 0.000495 5e-06 0.001655 5e-06 0.00235 0 0.000185 0 0 1.5e-05 1e-05 0.00212 0.001165 2e-05 0 0.00209 0.001635 0.00185 0 0 3e-05 0.0002 0.001135 2e-05 0 0.00099 0 0.002195 0 0 0.000335 0 0 0.000115 0.00165 0 0.00026 0 0.00228 0.00244 0 0 0 0 0.00078 5e-06 0.00129 0 2e-05 5e-06 0.00074 0.001205 0.000455 0 0.00174 0 0.000685 0.001165 0 1.5e-05 0 0 0.00051 0.00094
0 0 0.001845 0.002785 0 9e-05 0.00165 0 0.00071 0.00113 0.00183 0.00338 0 0.00157 0.000355 0 0.00119 0.002015 0 0.000455 0 0 1e-05 0 0.000835 0.00144 0 2e-05 2e-05 0 0.000325 0.000535 9.5e-05 0 0.001375 0.002425 0 0 0.00347 0.00088 0 0 0 7.5e-05 0.00017 0.002445 0.00019 1e-05 0 0.00116 1e-05 0.00102 0.00352 0.000145 0.00252 0.00021 0.002965 0.000395 0.003005 0 0.000335 0 0.00233 1e-05 0.0001 0 0 0.00067 0 0 0 0.00052 0.000555 3e-05 0 0.001515 5e-06 0.00215 0 0 0 5e-06 0.000955 4e-05 0 0 1.5e-05 0.000945 5e-05 0.000105 5.5e-05 5e-06 0 0 0 0.000685 0.00271 5e-06 0.0028 2e-05
0.000785 0 0.001395 0.000365 0.00043 0 0 0 0.001905 0.000145 2e-05 0 0.00152 0.001535 0 0.000155 0.00018 0 0 0.00037 0.00071 0 0.000765 0 0.0004 0.000535 0.001725 1e-05 2e-05 0.00276 0.0007 0.00133 0 0.001605 0 0 2.5e-05 0 0.00087 0.00217 0.000465 0 0.000135 0 0 0.00097 0.00235 0.000125 0.00164 0.002365 0.001445 0.00027 0 2e-05 0.000725 0 0.001965 0 5.5e-05 0 0 0.000295 0.001465 7e-05 5e-06 0.00174 0 0.001535 0.001385 5e-06 0.000265 5e-06 0 0 4e-05 0 0 0.000395 0 0.001745 0.002095 0 0.00095 0 0.00152 0.000325 0 0.00036 0.001785 0 0.000965 5e-06 0.000265 0.00045 0 0 0.001695 9.5e-05 0.002185 0
0 1.5e-05 0.001975 0 0.002395 0 0.00086 0 0.000925 1.5e-05 0.000165 1e-05 0 0 0.001505 0.002375 0.000835 0 1e-05 0 0.00091 0 0.00171 0 8.5e-05 0 0.002005 6.5e-05 0.000975 1e-05 1.5e-05 0 0 0.001315 0.00028 0.00211 0 0.00227 0 0.0001 0.000115 0 0.00095 0 1e-05 0.00051 0 0.002145 0.000675 0.000255 0 0.00079 1e-05 0.001395 0.000825 0.001335 0 6e-05 0 0.0003 0 0.000525 0 0 0 0 0.001775 0 0.001375 0 0.001375 0 0.00039 0.000185 0.00086 0 0.00064 0.000455 0 0.00143 0 0.000625 0.000965 0.00148 0.002925 5e-06 0.00057 0.00095 0 0.002595 1.5e-05 0.0018 0.00113 0.00137 0 0 9e-05 6.5e-05 0.001965 0.00233
0 0.002465 0.00089 0.001645 0 0 0 0.000455 0.000115 0 0.00012 0 0.001395 0.000135 0 0.00132 0 0.00144 0.000425 0 0.00068 0.0008 0 0.00067 2.5e-05 0.000665 0 3e-05 0 0 0 0.002095 0 0.00073 0.001605 0 0.000895 2.5e-05 0.00143 0.00161 0.001055 0.000155 0.000195 0 0.00182 0.000155 0 0.00104 0.000925 0 0 0.00108 0.00182 0 0.001175 0 1e-05 0.000145 2.5e-05 0.000435 0 0 0.001575 0.00088 0.001595 0.001095 0 0 0.000625 0 0.00227 0.001255 0.000225 0 0.00054 0.00207 0.001985 0 0 0.000945 0 0 4e-05 0.00076 0 5e-06 0.00145 0.0013 0 5e-06 0.001915 0.000355 0.00193 0.00045 0 0.00094 0.00098 0 0 1e-05
4e-05 0 1e-05 0 0 0 5e-06 0.00056 0.00183 0 0 0 0.000415 0.001735 0.00048 0.000515 0.00024 0 0.001885 0.002685 0 0.001575 0 0.00033 0.00049 0.00041 0 6.5e-05 0 0.000445 0.00193 4.5e-05 0.001285 0.00111 0.000875 0.001725 0 0 0 0 2e-05 0 0.000365 0.002115 0.001755 0.002015 0.00082 0.000745 0 1.5e-05 0 0.00186 0.002515 0.00069 0.000175 0 0.00107 0.001365 0.002 0.00083 0 2e-05 0 0 0.002045 0.000125 7e-05 0.000105 0 0 0 0.00257 0.00082 0.000315 0.001205 0.001675 1.5e-05 0.00215 0 0 1e-05 0.001205 0.00232 0.00085 1e-05 0.000915 1.5e-05 0.00166 5.5e-05 5e-06 0 0.00214 0.002815 0 0 0 0.000485 0 0.00113 0
0.000725 8e-05 0.000205 0 9e-05 1e-05 0.001505 0.002995 0.000385 0.001915 0.00158 0 0 0.000625 0 0.000755 0.00114 0 0 0.000445 0 5e-05 0.00025 0 0.002065 0.000635 0.00016 0.00224 0.001105 7e-05 0.0006 0.00119 0 0.00091 0.00108 0.00036 0.00058 0 0 0 0 0.00173 1e-05 0.00118 0.002145 2e-05 0 0.00229 0 2e-05 0.00081 0.002175 0.00079 0.002375 0 5e-05 0 6.5e-05 0 0.00156 0.00029 0 8.5e-05 0 0.00178 0.00019 0 0.000645 0 0.00239 5.5e-05 0.000285 0.001265 0.00037 0.00024 0.001525 4e-05 7.5e-05 0.000595 0 6.5e-05 3e-05 0 0 0.00089 0 0 0 0 0.00013 0.00133 0.000275 1.5e-05 0 0 0.00268 0 2.5e-05 0 0.001155
0.002105 0.000225 1e-05 0 5e-06 0.00161 0 0.000585 0.00204 0.001085 0 0 0.000645 0.001485 0 1.5e-05 0.000225 0 0 0.00063 0.001045 0 0.00338 0.000255 0.004 0.00116 0 0.002955 0.00415 0.002345 0 0.00176 0.00035 0 0.00051 0 0.001745 0.001145 3e-05 1.5e-05 0.00116 0 0 0 0 1e-05 0 1e-05 0 0 0.002845 0.00414 0.0006 1.5e-05 0 0.000495 0 0 0.000125 5e-06 0.00112 0.00223 3e-05 0.000845 7e-05 0.00057 0 2e-05 0 1e-05 0.00054 0 0 0 0 0 0.00113 0 0.00249 5e-06 0.000175 0.00339 0 0 4.5e-05 0.001165 0.000645 0.000685 0 0.000885 0.003995 0 0.000545 0.00019 2e-05 0.001775 0 0 0.000295 0
0 0 0.002875 0.003265 9.5e-05 0.00014 0.000805 0.003125 6e-05 1e-05 0 0.000495 1e-05 0 0.004485 0 0 2e-05 0 0.00048 0.000265 0 0.00018 0 0.003675 0 6.5e-05 0.0001 0.000495 0.00276 0.003745 0.00282 1e-05 0.002555 0 0.000265 0 0 2e-05 0.003295 0 0.001655 0.00261 1.5e-05 2.5e-05 0 2.5e-05 0.0001 0 8e-05 1e-05 0 1e-05 0.00166 0 0.001515 0.00018 0.000335 0.000755 0 0.002405 0.000955 0.000155 0.00328 0 0 0 0.001005 4e-05 0 0 5.5e-05 0.001345 0.000475 0 0.00027 0 3e-05 0 0 0 0.00393 0 0 0.00156 0 0 0 0.00193 2e-05 2e-05 0.00056 0 0 6.5e-05 0.001495 0 0 5e-06 0.00276
0.001795 0.00064 0 0 0 7.5e-05 0.00155 0 0 0.00024 0.00122 0 0.00123 0 0 0.00084 0.001265 0.0003 9e-05 0.001305 0.00138 0.000265 0 0.001475 0.000815 0 0.0004 0 0.000915 0.00062 0.000765 0.001955 0.001725 0.000975 0 5.5e-05 0 0.000245 0 5e-06 0.001835 0.001695 0.00038 5.5e-05 0.001755 0 2e-05 0.001205 0.00138 0.00129 0.000525 0 0.00104 0.001755 0 0 0 0 0.000345 0 0 0.00016 0.000255 0 0.000115 0.001175 0.00087 0 0.00049 0.0017 0.000165 6.5e-05 0 7e-05 0.00181 0.001675 0.001945 0.00115 0 2.5e-05 0.000715 0.000465 1.5e-05 0.00025 0.000105 0 0.00094 0 0 1.5e-05 0.00181 0 0 0 0 0.001835 0.00117 0 0.000215 8.5e-05
0 0.001395 0 0 0 0 0.000115 0.00229 0.00033 2.5e-05 0.000655 1e-05 0 0.00275 5.5e-05 0.00044 0.00063 0 1.5e-05 0.001985 0.000555 0 0.000745 0.002855 0 0.00395 0.00152 0.00231 0.00195 0 0 0 0.00113 0 0 0.0009 0 0.002155 0.000235 0.000545 1.5e-05 0.0004 0 0 1.5e-05 0 0.00033 0.003715 0.001085 0.001135 1.5e-05 0.000855 0 0 5e-06 0.00101 0 0 5e-06 0 0 0.001945 0.000135 0.0013 5.5e-05 0 0.00128 0 0.003615 0.001445 0.00144 1e-05 0.00044 0.003005 5e-06 5e-06 0 2.5e-05 0 0 0.00238 0.001885 6e-05 0.003155 0.002955 0 0 0 0 0.00235 0.000205 0 5e-06 0.00248 5.5e-05 0.00135 0 0 0.00145 0.000115
7.5e-05 0.0003 0 1e-05 5e-06 0 0 0.00062 3e-05 0.003215 0.00034 0.001775 0.001035 0 0.00139 0 0 0 0.00224 0 0 0 0.000615 1e-05 0.001725 1e-05 0.001725 0.001405 0.000825 0 0.000535 0.00258 0.002255 0.001985 0.000285 2e-05 0.00213 0.00018 0 0.001155 0.000815 0 5e-05 0.001705 0.00173 0.00019 2e-05 0.000145 0.000915 0.002565 0.00229 0 0 0 0 1.5e-05 0.00175 0 0 0 0 0.00082 0.000595 2e-05 0.001975 0.00214 0 0.00109 0.000405 0 0.000945 0.00143 0 0 0 0 4.5e-05 0.001675 0 0 0.001465 0.0007 3.5e-05 1.5e-05 0 0.00016 0 0.00025 0.000135 1.5e-05 0 0 5e-06 5e-06 1e-05 0.00143 0.0022 0.000315 1.5e-05 1e-05
0.00152 0.001725 0 5e-06 0.00053 0 0.001625 0 0 0.001755 0 0.00019 0.000985 0.000795 0.00025 1.5e-05 0.00251 0.001095 0.00203 0.001565 0 0 0 0 0 2.5e-05 0 0.00012 0.00029 0 0.000935 0.000625 0.001755 0 6.5e-05 1.5e-05 1e-05 5e-06 0 0.00141 0 0 0 0.000505 0 1e-05 0 0.002425 0.00144 0.00015 0.001425 5e-05 0.000135 9e-05 0 0.001135 0 1e-05 8e-05 0 0.00237 0 0 0.002465 4.5e-05 0 0.00031 0.001475 1e-05 3.5e-05 0.000575 0.00233 0.00044 0 0.00173 0.00025 0.00231 0.001845 0.000915 0 3.5e-05 0.00213 0.00156 0.000655 0.000655 0.001415 0 0 0.000495 0 0.00054 0 3.5e-05 0.00236 0.00016 0.00108 8e-05 0 0 0
0.00117 0.000175 0 0 2.5e-05 0 0 0 0.000695 0.000775 0.00054 0 0.001905 0 0 0 1.5e-05 2.5e-05 0 0.003525 0.003065 0 0.00101 0 0 0.000555 0 0.00223 1e-05 0.00105 0.00257 0.00154 5e-06 0.0033 0.00076 0 0 1e-05 0.00014 0.00283 0.00117 0.001065 1e-05 0.001035 1.5e-05 0.001505 0.001585 0 0 0 0.00054 7.5e-05 0.00109 1e-05 0 0 0.000545 0.00059 2e-05 9e-05 0.00066 1e-05 0 0.000245 0 0.001565 0.001695 0.002205 0 0 0 0.00081 0.001075 0.0005 0.000655 0 0.002595 0 0.000895 0.000605 0.00058 0.002065 0 0.001305 0.000585 4.5e-05 7.5e-05 0 0.00076 0 0.000555 0 0.0011 0.00168 0 0 0.000805 0.003105 5e-05 0
1.5e-05 0 0 0.00166 0 0 0.00136 0.00144 2.5e-05 0 0.00217 0.000135 0 0.00151 0.000225 0 0 0 8.5e-05 0 0.002875 0.00261 0.000235 0.00025 0 0 0 0.00087 0.001735 0.001005 0 0 0 5e-06 0 0 0.001685 0 0 0 0.00175 0 1e-05 0.00066 0.000205 0.003705 5e-06 0 0.00073 0.00258 0 0 0.00261 1e-05 0.00204 0.00053 0.00106 0.001205 0.00181 5e-06 0.002865 1.5e-05 0 0.00086 3e-05 0.001615 0.001495 0.002445 0 0.00012 0 0.001085 0.00091 0.000185 0.00194 1e-05 0.002135 0 0.00335 0.00051 1.5e-05 0.00085 0 0 0 0 0.000425 0.001595 0.001095 0 0 2.5e-05 0.001395 0.00226 0 0 0.00018 0 8e-05 0
1e-05 0.00305 0 0 0.00116 0.000335 1e-05 0.00019 0.000615 0 0 0 0.00257 0.00095 3e-05 0.00134 0.000325 0.0011 0.00023 0.00053 0 0.001035 1.5e-05 0.00112 0 0 0.00143 0 2e-05 1.5e-05 0 1e-05 0.002295 0.000965 0 0 0 0.001005 0 0 0.00129 0.00036 0 0 0.001385 0.00097 0 0.00219 0 0.00185 0 0 0.00293 0.000215 0.00018 0.00023 0 0 0.000815 0.002935 0 0 0 5e-06 0 9.5e-05 0 0 0 0.00283 0.00269 0.002105 0.0024 0.000325 0 0.00101 0 0.001405 0 0.000725 1e-05 0 0.00362 0.00234 0 0 0 0.00274 0.00178 0 0 9.5e-05 1.5e-05 0.0023 0.00145 1e-05 0 0.0001 0.00175 0.000935
0 0 0.00203 0.002975 3.5e-05 1e-05 8e-05 0.00148 0 0 0.001255 0.001225 0 0 0.00142 6.5e-05 0 1e-05 0 0.00315 0.002135 0 0.000925 4.5e-05 2e-05 0.00025 1e-05 0 0.00089 0.000755 0.00293 0.001845 5e-06 0 0.00208 0.00183 3.5e-05 0 0 0.00315 0 0.00297 0.000675 0.002835 0.000925 0 0.00046 0.000465 1e-05 0.000525 1.5e-05 1.5e-05 0 0 0.00011 1.5e-05 0.000545 0.000795 0 0 0 0 0.00214 0 0.0004 0 0 0.000805 0.00023 0 0.00069 0.000115 0 0 0.00032 0.00019 0.00208 0 0 0.002535 0.000325 0.002105 0.0002 0 0.001385 0 0 0 0.00239 0 1e-05 0.001875 0.002965 8.5e-05 0.00067 0 0 0.002345 0.00107 0
0.00194 1.5e-05 0.000415 1e-05 5e-06 0.003495 0.001185 0 0 0.00065 0.00019 0 0 0.000935 0.001355 0 0 0.000675 2.5e-05 1e-05 0 0.00278 0 0 0.002355 0.001695 0 0.001025 0.001995 6e-05 0.000485 1e-05 0 0.000705 0 0.0012 0.00016 0.00289 0 0 0.0017 0 0.002695 0.00043 0.00126 0 5.5e-05 0 0 0.000915 0 0.002105 0.000285 0 3.5e-05 0 0 0.000355 0 0 0.000715 0 0.002145 0 3e-05 0 0.00222 0 0.00123 0 0 0 0.00161 0.00174 2.5e-05 0 5e-06 0.00053 0 0.000315 0.00279 0.00033 1e-05 0 0 0.000835 0.002145 0.000215 0.000315 0.00028 0.00286 0.00016 0 0.00034 0.00036 0.00137 0.002995 0 0 0.000125
0 0.00071 0.00029 0 0.000325 0.000445 6e-05 0.000385 0.000845 3.5e-05 0 0.00016 0.00055 0.000245 0 0 0.000945 0.00162 0.0006 0 5e-05 0 0.001835 0 0.00026 0.000185 0.001325 0 0 0.001095 0.000135 0.001105 0 0.00172 0.000305 0 0.00107 0 0 0 0.00141 1.5e-05 0.000775 0 0.00119 2e-05 0.000615 0.001585 0.00137 0.000325 0.00206 0.001435 0 0.00033 0.001105 7e-05 0.002635 0.00247 0.001155 0 0.00077 0.00051 0.00097 0 0.00056 0.001195 0 0.0002 0.002185 0 0.001495 0.0002 0 5e-06 0.000705 0.00113 0.000855 0 0.000765 0.00122 0 0.000905 0.000215 0 0 0 0 0.0018 0.00093 0 0.001535 0.001005 8.5e-05 4e-05 0 0 0.001015 0 0 0.00078
0.002455 0.00011 0.000395 5e-06 5e-06 0.00247 0 0.000945 0.001085 0 0 0 0.00113 0.001135 0 6e-05 0.001715 0.001275 0 0 0.00048 0.001215 0 0.00139 0.00215 2e-05 0.00045 0.000435 0 0.00185 0 0.00071 0.00119 0 0.0012 4e-05 0.001745 0 0.00094 0 0.00022 0.000165 0 0.00035 0.000625 0 0 0.000615 0.001365 0 0 0.00301 0 0 2e-05 0 2.5e-05 9e-05 0 0.001885 0 0.00284 0 0 0 0.001745 0 0.000425 6e-05 0.00019 0 0.001975 4.5e-05 1e-05 0 0.001105 0 0.00084 0.002375 0.000115 0.00102 0.002395 0 0 0.000495 0.0013 0 0.00199 0 0.000775 0.002895 0 0.001755 0.00226 0.00051 0.000215 0 9e-05 6.5e-05 0
9.5e-05 0 0.000145 0 0 0.003515 0 0 0 0 0.00077 0 0.002065 0.00183 0.00275 0.000635 2e-05 0 0 0.00087 0.00109 0 1.5e-05 0 4e-05 1.5e-05 0 0 0.000695 0.00297 0.00054 0.00015 0.00055 0.001035 0 0.00239 0 0.002405 0.00127 0.00055 5e-06 0.00177 0 0 3.5e-05 0 0.00181 0.00065 0 0.002175 7.5e-05 0 5e-06 0 0.00045 0.000705 0 0.000255 0.00222 0 0.002085 0 0 0.0013 0.00101 1e-05 0.000735 1.5e-05 0.00071 9.5e-05 0.0008 0.001935 0 0 0.00021 0.00053 0 0 0.003515 2e-05 0.002215 0.002275 2e-05 0.002845 0.00105 1.5e-05 2.5e-05 0.001665 0.00013 1.5e-05 0.00123 2e-05 0 3.5e-05 0.00092 2.5e-05 0 0.000315 0 3e-05
0 0.000595 0.000145 0.000675 0 0 0.000325 0.00097 0 0.00038 1e-05 0 0.00218 0.000325 0 0 7.5e-05 0.000875 1e-05 0 0 0 0 0.00264 0 0.000475 0.003245 0.001765 0 0.000495 0.000475 0 0 0 0.00029 0.00091 0.00084 0.002165 1.5e-05 0.00141 0 0.00049 0.000155 0 1e-05 0.00183 0.00281 0.002605 0 0 0.00084 0.000595 0 2e-05 0.00283 0.00184 0 0.00023 0 0.000105 0 0 0.000665 0.001995 2e-05 8.5e-05 0.001095 0.000385 5e-06 0 0.001645 0.0008 0.00035 0 0.00118 0 0 0 0.001525 5e-06 0.00224 0 2e-05 0.00372 0.0022 1e-05 0.001195 0.00203 0.001205 0 3.5e-05 0 0 0.00135 0.001475 1.5e-05 0 0.00213 0 0.0027
0.001745 0 5e-06 0.000715 0 0 1.5e-05 0.00059 9.5e-05 0.00061 0.00032 0.000185 0 0.00153 0 0.00103 0 0 0 0 0.00193 3e-05 0.001755 0 0.000165 0 0 0 0.000545 9e-05 4.5e-05 0 2e-05 0.00196 0.00077 0.00113 0.001015 0 1.5e-05 5e-05 3.5e-05 0 7e-05 0.001835 0.001845 0.00012 5e-06 0 0.000335 0.00114 0 0 0.0001 0 0.00192 0 0.000945 0.00231 0.000145 0.00195 0.00033 1.5e-05 0 2e-05 0.001775 0 0 0.000915 0 0.001255 0.00139 8.5e-05 0 5e-06 0 0 0.00195 0 0.0006 0 0 0.00151 0.000815 0.00072 0.000185 0.002035 0 0.00034 0.00253 0.00174 0 0.00192 0.001175 0.000465 0.00183 0.00245 0 0.002855 0 0.001145
0 0 0 0 0.00124 0.00194 1.5e-05 0.000975 0.00028 5e-06 0.001935 0 0 0.002185 0.002685 0.00104 1.5e-05 0.000435 1e-05 0 0.00011 0.000595 0 0.000555 0.00246 0 0 0 0.000275 0.001985 0.001045 7e-05 0.0015 0 0.00045 0.00291 8.5e-05 2e-05 0.001135 0.00057 0 0 0.002235 1.5e-05 0 0 0 0 0.000225 0.00189 0.000145 0.0012 0 0.00086 0.00135 0.00049 0.002615 0.00031 0.001925 0.001425 6e-05 0 0 6.5e-05 0 0 1.5e-05 7e-05 0.002045 5e-06 0 0 0.003255 0 0.000335 6.5e-05 0.00123 0 0.002135 0.000105 0 0.00198 0 0.00178 0.00083 0.0007 0.000725 0 0 0 5.5e-05 0 0.0016 0.000795 0.00022 0.00027 0.000505 0 0.001075 0.001295
0.00272 0 2e-05 0 0.000345 0.002115 0.00099 0.00029 2.5e-05 0.00028 2.5e-05 0 0.002725 0.00014 0 0.00202 0.00211 0.00027 0.00341 0 1.5e-05 0.000855 0 0.002295 5e-06 0.001035 0.000235 0 0 5e-06 0.000355 1e-05 0 0 0.001075 0 7.5e-05 0 0.001025 0.001745 0 0.00244 0.001975 0 5e-06 0 0.00106 0.00174 0.002125 0 0 0.00015 0 0.002875 0 5e-06 1e-05 1e-05 0 0.001415 0 0 0 0 0 0 0.00013 0.00052 0.000805 0 0.00021 0.0012 2.5e-05 0.001885 0 5e-05 0.000845 0.000455 0.000255 0 0.001505 0.00023 0.00206 0 0 0 0.001665 0.00123 0.000215 0 0.001505 0.00079 0.000345 0 0.003345 0.000775 0.000405 0 0.00026 0.00047
0 0.001775 1e-05 5e-06 0.00031 0 0 0.00123 0.003685 0 0 0 0.000725 1.5e-05 0 2e-05 0 0 0 1e-05 2.5e-05 0 0 0.00117 0 0.003375 0.00313 0.00143 1e-05 0 0.000855 0 0.00308 0.00122 0.00359 0.001405 0.000975 0.00161 0 1e-05 0 1.5e-05 0.00021 0.000895 8e-05 0 0.000625 0.001145 0.002125 0 5.5e-05 0.00057 0.00065 0.000115 0.00027 7e-05 0 0 9.5e-05 0 0 0.001375 0.00055 0 0 1.5e-05 0.00165 1e-05 0.003255 0 0.0022 0.002575 0.00248 4.5e-05 5e-06 2e-05 2e-05 0.001145 0 0.00051 0.001985 0 0.00215 0.00302 0.00222 0.001865 0 0.00025 0 1e-05 0.000675 0 0.000115 0 0 0 0 0.000145 0.004195 0.000535
0.00136 0 0.0039 0.002755 0.00266 1e-05 0.00215 0 5e-06 0 0 0.00266 0 0.000455 6e-05 0.00295 0.00195 0.00302 0 0 1.5e-05 0 0.00108 0.00068 0 0 1e-05 0 0.00078 5e-06 0.00048 0.00172 0 1e-05 0.00032 0.00137 0 0.00018 5e-06 0 0.000475 0.000155 0 0.00183 0 0.00208 0 0.00078 0.00029 0.001915 0 0.00023 0 0.00044 0 5e-06 1.5e-05 0 0.000495 0 0.00177 0.001705 0.00304 0 1e-05 0.002155 1e-05 2.5e-05 0 0 0 1e-05 1e-05 0 0.00231 0.00119 0.000765 0 9e-05 0.00381 0 2e-05 0.00012 5e-06 0.000195 0.00078 0.003335 0.00084 0.00178 0.00193 0.000975 0.0007 0 1.5e-05 0.00233 0 0 0 1e-05 0
0.002845 0 0.000655 0 0.000305 2.5e-05 0 0.00121 1e-05 0 5e-06 2e-05 0.00053 0.000325 0 0 0.001065 9.5e-05 0 5e-06 0 0.00101 0.00033 2e-05 0 0.000935 0.001205 0.00101 0 1.5e-05 5e-06 0.00012 0 0 0 0.00095 0 0.002765 0 0.000175 5e-06 0.00064 0.00015 0 0.003285 0 0.00131 7.5e-05 8e-05 0.00224 0.000365 0.00112 0.00184 0 0 0 0.000485 0.002815 0 0.00307 0 0 0.00211 0 0 1.5e-05 0.003735 0 0.000495 0.00015 0 0 0 0 0 0.00184 0 0.00032 7.5e-05 0.00189 0 0 0.000805 0.001775 0.000895 0.003625 0.001605 0 0.00305 0 0.001755 0.001955 0.00091 0 0.002655 0.003595 1e-05 0.001415 0.001645 0.00129
0.000795 0.00026 0 2e-05 0 2e-05 0 0.002175 0 0.001185 0.00034 0.00303 0.00175 0.00047 0 3e-05 0 0 0.00332 0.000805 0 1e-05 1e-05 0 1.5e-05 0.001685 0 0.000125 1e-05 0 0.000565 0.000465 0 1e-05 0 0.00167 0.000855 0.000335 0.0007 0.00199 1.5e-05 0.00324 0.000265 0 1e-05 0 0.001595 0 0.001595 0 0 5e-06 1e-05 0.00367 5e-06 0 0 0 0.0018 0 0.00067 0.00253 0.000315 3e-05 0.000865 0 0 1.5e-05 0 0 1e-05 0.00239 0.000995 0.003715 0.00055 0.00119 1.5e-05 0 0 0.002315 0.00179 0 0.00042 0.00233 0.000205 5e-06 0.00023 0 0.00154 0 1.5e-05 0.00091 0.000575 0.001265 0.002705 0 0 1.5e-05 0 2.5e-05
0 0.00124 0.000455 0.00072 0 0.00371 5e-06 0 9.5e-05 5e-06 0.00107 0 0.002445 0.000695 0.00223 0 0 2.5e-05 0 0.0003 0 0.002615 0 2.5e-05 0.001105 0.000165 0 1.5e-05 0 0.003895 0.000815 0 1e-05 0.000475 0 0.001275 0.00178 0 0.00015 0.001605 0 0 0.003665 0.00074 0 0 0.000955 5e-05 0 0.00087 0.00068 0 1e-05 0 0 0.00033 0.001755 0 0 0 0 0.00171 0.00075 1.5e-05 0 5.5e-05 0.00042 1.5e-05 0.001905 0 0.0012 0.00088 0.00343 0.00267 1.5e-05 0.00083 0.000695 0.00227 0 0.001115 0.00263 0 0.00016 0 0.001985 0.00054 9e-05 0 1e-05 0.00076 0 0 0.00136 0 0.001545 0 0 0 0.001855 0
0 0.00189 1e-05 0 0.001725 0.001165 0 1.5e-05 0 0 0.002915 0 5e-05 0 0 0.00018 7e-05 1.5e-05 0.00106 0 0.001335 0.000275 0.001965 0 0.00232 0 0.000135 0.00015 0.0014 0.002155 0 0.000135 0.001595 0 0 0.001925 1.5e-05 0.00079 0 0 0.0003 0.002085 0.00131 0.003345 0 2.5e-05 0.00096 2e-05 0 0 0.00288 0.000765 0 0 0 0.001765 0.00225 0.000195 0.000835 0.002105 0 1e-05 1e-05 5e-06 0 0.001645 0.000135 1e-05 0.001085 0.00173 0.000685 3.5e-05 0 0 0 0.00322 0.00248 0.00175 0 0 2e-05 0.001865 5e-06 0 6.5e-05 0 0 0.0007 0 0.00226 1e-05 0.00146 0.003115 0.000845 0 0.00067 0 0 0.001515 5e-06
0.00092 1.5e-05 0 1e-05 0 0.00285 0.00266 0.000785 0 0.003795 0.00215 6e-05 5.5e-05 0.00027 0.00184 0 5e-06 0.000125 0 0 0 0 0 0.000525 0.000885 0.00168 6.5e-05 0 7e-05 0.0008 0 0.002445 8.5e-05 1e-05 0 0.00247 0.002285 0.0002 0 0 0 0.000365 1e-05 0.00068 0.000915 0.001575 0 1e-05 0.00094 0.000495 0.00027 0.002955 0.000805 0.0015 0 0.000365 0 1.5e-05 0.003305 0 0.001815 0.00174 0.00108 0 0.00312 0.000455 0 0 0 0.0007 0 0.001935 0.00066 0.00252 5e-06 0 0.000395 0 0 0 1e-05 5e-06 0 0.0006 0 1e-05 0 0 0 0.00056 0.0018 2.5e-05 0.002555 0 2e-05 0 0.003035 0 0.00227 0.000425
1e-05 0.000905 0.00042 0 0.001545 0.00216 0.000665 0.00063 0 0.000685 0.002555 0 1.5e-05 4e-05 0 0.000305 0 0.00011 1.5e-05 0 2e-05 0.001325 0 0 0.00355 1e-05 0.0012 0 0.001325 0.00286 0.001875 0.001385 0.00157 0.000815 0 0.00017 0.00055 0 0 0 0 5e-06 0.003025 0 0.00123 0 0 4.5e-05 0.00075 0 0.00133 0.00184 0 0.001655 5e-06 0 0.002375 0.00187 0.002445 0.000675 0 0.00134 0.0016 0.00018 0 1.5e-05 0 1e-05 0 0.00044 0.000905 0.00027 0.00287 0 0 0.00123 0 0 0.00155 0.000815 0.00266 0.00133 0 0 7e-05 0.00056 5e-05 0 0 0.00047 0.00122 0 0.00162 0.000185 1.5e-05 0 0.00171 0 0.0008 0
0 0.001695 0.000305 0.00023 0 0.00096 0.00246 0 0 0.000685 0.00193 0 0.00051 0.002385 0.00025 0.00082 0.000525 0.00228 0.000915 0.00094 0.00042 0.00147 2.5e-05 0.000635 7e-05 0 0 5e-06 0.00146 0 0 0.00085 0.00126 0 5e-05 0.00127 0.000825 0 5.5e-05 0.000325 0.00034 0 0.00047 0 0.0007 0 5e-06 0.001805 0.001915 0.001785 0 1e-05 0.00244 0 0.00029 0 0 0 0.00207 0.00149 0.00227 0.001025 0.00079 0.000815 8.5e-05 0.002025 0 0 0 0.002255 0.001265 2e-05 0.00072 1.5e-05 0 0 0 0 0.002865 0.000505 1e-05 0 0 0 0 0 0 0.0029 0 4.5e-05 9.5e-05 5e-06 0 0 0.000225 0.000485 0 0.000125 1.5e-05 0.00133
0 5e-06 0 1e-05 0 0 0.002385 0.00238 0.00127 0.00294 0.00156 0.003065 1.5e-05 5e-06 0 0 0.00041 5e-05 9e-05 0 0.00187 0 0.00054 7.5e-05 0.00011 0.00284 0 0.00149 0.00018 1.5e-05 0.002325 0.002855 3e-05 0.001115 0 0 0.001805 1.5e-05 1.5e-05 0.001315 0 5e-06 2e-05 0 0.00137 0.00206 6e-05 0 0.001435 0.001165 0 0.00072 0.000325 0.00193 0.00012 0.00229 0 0.000385 0.000385 0 0.00123 0 3e-05 0.0025 0 0 0 0.00252 0 0 0 0 0.00097 0.00219 0.000105 0 1.5e-05 1.5e-05 0.000215 0 0.002035 1e-05 0.000875 0.00078 0.001415 0.00094 1e-05 0.001175 3.5e-05 0 0.000165 0 0 0.000275 0 0 0.00162 0.00057 0 0
0.001765 0.000635 0 0.00037 0.001105 0 0 0.00145 0 0.000635 0.00117 0.00239 0 0 0 0.002115 0 0 1.5e-05 0 1.5e-05 0.000675 0.000115 0.000325 0.002015 0 0 0 5e-05 1.5e-05 0.00039 0.000895 0 0.000245 1e-05 0.0009 0.002695 0.00066 5e-06 0 0.002435 0.001235 2.5e-05 0 0.00012 0 0.001575 5e-06 0 6e-05 0.00121 0.002265 0.00058 0 0 0.000105 0 0.00171 0 0 0.000105 0.00111 0 1e-05 0.00035 0 0.001155 1e-05 0.002955 1e-05 0.00097 0 5e-06 0.001365 0.000355 0.00063 1e-05 1e-05 0 0.00158 0 0 3.5e-05 5e-06 2e-05 0.00102 0 0.000425 0 0.002705 0.00226 0.003165 0 0 7.5e-05 0 0.002695 3.5e-05 0 0
0 0.000365 0.00174 0.00292 0 0 0.00106 0.000945 0 1.5e-05 0.00055 0.000785 0.00055 0.00114 0 0.00163 0.00092 5e-06 6.5e-05 0.00123 0 0 0.00082 0 0.00129 0 0.00207 0.001125 0 0.00157 0.00183 0 0 0.001045 0.001945 0.00147 0.000535 0.001255 0 0.001915 0 0.001095 2.5e-05 0.0016 0.00026 0 8e-05 0 5e-06 5e-06 6e-05 0 0.00025 8.5e-05 0 0.00268 0 0 0 5e-06 0.000415 0 0.002555 0.00218 0 0 0.001705 0 2e-05 1e-05 0.00161 1e-05 0 0.00135 0.000185 0.000445 0 0.001 0.000535 0 0.002035 0.000115 2.5e-05 0 0.002315 0 0.000195 5e-06 0.0015 0.00054 0.000515 0.000275 0.001685 0 0.00117 0.0014 0 0.002965 0.000955 0
0 0 0 0.00149 0.00205 5e-06 0.00042 0 1.5e-05 0 3e-05 0 0.00012 0 1e-05 0.001585 0.000285 0.00265 0.000715 0 0.00294 0.000715 0.00145 0.001085 0.00102 0 0 0.00103 0 0.00116 0.00073 0.00122 0.000115 0.000135 0.000115 0.00158 0.000505 0.001965 0.00153 0 5e-06 0 0.000235 0.002025 0 0.002005 0.002135 0.00139 2e-05 0.003335 0.00031 0 0 1.5e-05 0 0 0 0 0.00059 0.001415 0.00197 0 0.000275 7e-05 0 0 0 0.000675 0 0.001355 0 0 0.00234 5e-06 0.00249 0.000605 0 0 0 0.00118 7e-05 0.00058 2e-05 0.001215 0 0.001175 0.002695 0 0.00103 7e-05 0.00124 0 0.000405 5e-06 0 0.00021 0 0.00101 1e-05 0
0 3.5e-05 0.00203 0 0.0002 0 7.5e-05 0.001045 0 0.00174 0 0.001615 5e-06 0 0.00053 0 0 4e-05 0 1.5e-05 0.0009 0.00025 0.00067 0.003085 0.00119 0.0007 0 0.00053 0 0.000505 0 0.001815 0.001895 0.001715 0.00215 5e-05 0.000585 0.00058 0.00227 0 0 0 0.000475 0.000275 0 0.0002 0.00053 0.003045 0.001525 0.001435 0.00201 0.00073 1e-05 0.00155 0 0 0.00083 0.000305 0.0019 0 0.001695 0 0 0.00224 0.000535 0.00124 1e-05 0.00024 0.001215 0.00124 0.00028 0.001215 0.00224 0 0.00131 0.00015 0 1e-05 0.00048 0 0 0.000435 0 3e-05 0 0 0 0.00279 2.5e-05 0 0.00101 0 1e-05 0 0.000175 1e-05 0 0 0 0
0 1e-05 0 0 0 0.00187 0.00083 0 0 0.000165 0.00177 0.0008 0 0.00267 0.00233 6e-05 0.000625 1.5e-05 5e-06 0 0 0.00173 0 0.00071 0.00035 0.00348 0.000705 0.00214 0.00112 0 0.00064 2e-05 2.5e-05 4e-05 0 0.00104 0 0 0 0 6.5e-05 0 0.000615 0.00037 0 0.00069 2e-05 0 4.5e-05 0 0 0.0015 0.00182 0 0.002305 0.00125 0 0.000855 0.00066 0 0 9.5e-05 0 0.001325 0 1.5e-05 0.00172 0 0.00178 0.000445 0.002665 0.002475 0 0.00179 1e-05 1e-05 0 0 0 0 0 0.001625 0 0.00017 0 0.000225 1e-05 0.000605 0.001435 0.00042 0.00042 0.001565 0.001885 0.00306 0.000245 0.00017 0.002495 0.00036 0.00224 1e-05
0 0 0 0.00172 0 0 0.001315 0.001905 0 0.00161 0.0017 0.000375 3e-05 0.001585 0.00106 0.00109 0.00024 0 0.001155 0.003175 0 0.000295 0.001015 0.000755 0 0.000615 2e-05 8e-05 0 2e-05 0.003165 0.003075 5e-06 0.002255 0 0.000655 0.000185 5e-06 0 0.003355 0 0 1e-05 0.000645 2.5e-05 0 0.000225 0 4e-05 0.000665 2e-05 0 0 0.00137 0.00051 0.00225 0 0.00031 0 0 0 0 1.5e-05 0.002185 0 6e-05 1e-05 0.00275 1.5e-05 5e-05 0.000855 0.00013 0 0.0008 0 0.000435 0.002015 0 0 0.000805 0 0 0.0015 0.000115 0.00015 0.000485 7.5e-05 0.00088 0 0.00035 0 0.00115 0 0.001725 0.00051 2.5e-05 0.00083 0 0 0.002005
0.00103 0.002245 1e-05 0 0.001055 0 0.000265 0.000125 0 0 0.001235 1.5e-05 0.001365 0.002895 0.003055 0 0 0 0.0017 0.002265 1e-05 0.00063 0 0 0.00204 0 0 1e-05 5e-06 0.00182 0.000365 0 0.000705 0.00026 0 0.002485 1e-05 0.000115 0 0.002135 0 0.002505 0.00301 0.000285 1.5e-05 0.000155 0 0.001005 0 0.001015 5e-06 0 0 0.00228 0 1e-05 0.00181 0 0 0.001775 0.001715 0 0.00169 2e-05 0.000325 0 1.5e-05 0.000235 1.5e-05 6.5e-05 0 0 0.00046 0.00013 0 9e-05 0 7.5e-05 0.001595 0.001995 1.5e-05 0.00213 0 5e-06 5e-06 4.5e-05 0.002215 0 0.002775 0 0.000365 0.00085 0.003065 2.5e-05 0.0002 0.003035 3.5e-05 0 0 0.0014
0 0.000495 0.000245 0.000125 0 0.000875 0 0 0.001395 3.5e-05 0 0 3e-05 0.00206 0.001235 1e-05 0.00118 0.00074 0.000415 0.0001 0 0.001965 0 0.00061 0 0.00174 1e-05 0.00145 0.00028 0 0.00135 0.00116 0.000605 0.00195 0.000795 1e-05 0.00066 2e-05 0 0 0.000515 1e-05 0.00053 0 0.001505 0.00062 0 0.001595 0.002715 0 1e-05 0.0014 0.00283 0.001095 0.001885 0 5e-05 0.00049 0.000585 1.5e-05 0 1.5e-05 0 0.001065 0 0.000865 0 0 0.00034 0 0 0.001155 0 0 5e-06 0.00063 0.00147 3e-05 0.00025 0.000865 0 0 0.002555 0 4e-05 7e-05 4.5e-05 0.00073 0.001835 0.001165 0.001345 5e-06 0.000385 0.000955 3e-05 7e-05 0 0.001745 0 0.00145
0.00022 0.00187 0 0 0.002415 1.5e-05 1e-05 0.001805 0 1e-05 0 0 1.5e-05 0 0.000555 0.00086 0.000385 0.001425 0 0.000595 0.00055 0 0.001385 1e-05 0 0.00115 0.0004 1.5e-05 0.00072 0.000205 0 0.00157 0 0.000135 0 0.00011 0 0 0 0 0 0.00135 1e-05 0.001865 0.00255 5e-06 5e-06 0.000265 0.001785 0 0.001795 0 8e-05 5e-06 0.001015 0.00084 2e-05 0.00394 0.000775 0.00278 0 0.00051 0.00022 0.00073 0.000115 0.00011 0 0.00027 0.002945 0.00192 0.00215 0.00176 5e-05 5e-06 1e-05 0 0 0 1e-05 5e-06 1.5e-05 0.002915 0.00123 0 0 0.00358 0 0.00141 0.00209 0 0 0 0.001125 0 0 0 1e-05 1e-05 0.000255 0.000305
1e-05 0 5e-06 0.000175 0.000565 0.00156 0.00066 0.000335 0.000535 0 0 0 0.00085 0 0 0.000395 0.00066 0 0 1e-05 0.0028 0.00246 0 0.00028 0.001845 0 0.000735 6e-05 0.00216 0.00286 0 0 0 0.00128 0.000925 0.00024 0.00215 0.003135 0.00162 5e-06 0 0 0 5.5e-05 0 0 0.00074 0.000945 1e-05 0.00232 0.002505 0.00218 0 0 0.001025 0 0.000225 0.00117 0 0.001625 0.00095 0.000285 0.00208 0 0.00106 0.00036 0.002425 0.000575 1.5e-05 5e-06 0.00071 0 0.00239 0 0.00024 0.0001 0 0 0.00227 1e-05 0.002605 0.000415 0 0.00025 0.00187 0 0 0 0 0.00141 0.002915 1e-05 0.00089 6.5e-05 0.000525 0 1.5e-05 0.00209 0 0
0.001125 1.5e-05 0 0 0.00128 0.00111 0.00031 0 0 0.00101 0.000815 5e-06 0 0 0 0 0.000775 0.0021 0 0 0.0024 0.001425 0 0 0.00014 0.00037 0 0.0001 0 0 0.00249 0.00076 0 0 0.001075 4e-05 0 0.00133 0.00219 0 0.00082 0 0 0 0.00086 0 0.001095 0.00045 0 0.001625 0.002525 0 0.000225 0.0003 0.00097 0 3e-05 0.00057 0.001855 0.00256 0 0 0 0.000685 0.000485 0.002615 0 0.002945 0.000155 0.00239 1e-05 0 0 0 0 0.001125 0.0013 0.001005 0 0 0.00242 0 0.00019 0 0.001875 0 3.5e-05 0.00115 3e-05 0.00131 0.000635 1e-05 0 0.00085 0.000175 0 0.001235 0.000725 0.00025 2.5e-05
0 0 0.002145 0.000195 0.002835 1e-05 0.00064 0 0 5e-06 0 4.5e-05 0 0 5e-06 0.001695 0.0034 0.000115 0.00251 0 0.00193 0.00272 0 0.002565 0.000485 0 0 0.000505 6.5e-05 0.00209 0 1.5e-05 0.000235 0.000715 2e-05 0 0 0.002285 0.003055 0.001445 0.00118 0 0 0 0.000105 0 0.000665 0.002485 5e-06 3e-05 0.00324 1.5e-05 0 0 0.00069 0 0.001105 0.000285 5e-06 0 0 0 0.00218 0 0 0.002045 0 0 0 0 0 5e-06 4e-05 4.5e-05 0.001455 0.0009 0.000845 0 2e-05 0 0.00264 1e-05 0 5e-06 0.00314 0.0002 0.002965 0 1e-05 0.00215 0.001 0 1.5e-05 0.00082 0.001245 5e-06 0.00079 0.001095 3.5e-05 0
0.00177 0 0.001485 1.5e-05 0.0005 0.001695 0 0 0.00485 2.5e-05 0.00417 0.000285 0 0.00019 6.5e-05 1e-05 0 0 3e-05 0 0.004795 4e-05 0 5e-05 1e-05 0.00011 0.000655 0 0 6e-05 0 0.004015 0.00023 3.5e-05 0.004825 0 0.00352 0 0.00186 0 0.000685 8e-05 0.00242 0 0.002195 0 0.00407 0.002995 0.004755 0 1e-05 0 0.003165 0.00046 0 0.0036 0 0 0.00464 0 0 0 0 2e-05 3.5e-05 0 0 0.004565 0 0.003745 0 0.000925 0 0.00089 0.004885 0 0 0.001075 0.000965 2.5e-05 1.5e-05 0.000235 0.000135 0.00031 0 0.001725 0.00129 0.000135 0.00469 0.000455 1e-05 0 0.00335 0 5.5e-05 0.00053 0.001885 0.002245 0.00301 0
0 0.0005 0 0 5e-06 0.002045 2e-05 0 0.00312 0.000485 1.5e-05 0.000885 0 0.002365 0.00223 3e-05 0 0 0.00114 0.002165 0.0001 0 0 0 0 0.001395 0 4e-05 1e-05 0.002095 0 0.001475 0.00227 0.00205 0.00198 0 0.001215 0.001535 0 2e-05 0 2e-05 1e-05 0.000125 0 0 0.001145 0 0.00191 0.0013 0 0.001305 0.00128 0 0.00038 0.00025 0 0.000325 0 9.5e-05 0.00103 0.001815 0.000465 0 0.000285 0.00063 2.5e-05 0.000335 0 0 0 0.002 0 0.00165 0 0.00071 0.001365 0 0.00034 0 0.000865 0.001655 0.0018 0.00306 0 0.000755 0.000105 0.000405 0.00159 0.00039 0.00135 3e-05 2.5e-05 0 5e-06 0.000105 0 0.000655 0 5.5e-05
0 0.00024 0 0 0.0025 3e-05 0.00064 0 0.002085 1.5e-05 0.00054 0 0 0 0.002225 0.00205 0 0.00018 9.5e-05 0 0.00141 0.0013 0.00038 0.00141 1e-05 0 0.00141 1e-05 0 0.001705 0.00317 0.000365 0.00013 0.002285 5e-06 0 0 0.00076 0 0 0 1.5e-05 0.000445 0 1.5e-05 3e-05 3.5e-05 0 0.000975 0.000915 0.00132 0.0015 0 0.001245 0 0.00058 0.000195 2.5e-05 0.000285 0.00059 0.00111 5e-06 0 0 0.000455 0 5.5e-05 0.00101 4.5e-05 0 0 0.00148 9.5e-05 0.000135 0.002485 0.001565 0 0 0.000405 0 0.000795 0 0.00195 3.5e-05 0.001955 0 2.5e-05 0.0017 0.000255 0.00107 1e-05 0 0.00158 0 0.0021 0 0.00044 0.001075 0.001495 0
0 0.00118 0 2.5e-05 0 0.000435 8e-05 0.00155 0 0 0.000235 0 0.001695 0.000435 1e-05 0 0.00141 0.00155 0.002595 0.001525 0.002515 0.000145 0 0 0.0005 0.00018 0.00107 0 2e-05 0.00076 0.00033 0 0.00136 0 6.5e-05 0 0 0.001045 0.000225 0.00147 0.001125 1.5e-05 0.000795 0.00128 0.001075 0.001635 0.001425 0 0.00167 0.001915 0.000875 0 0 0.00089 0.00023 1e-05 0.00076 0.001595 0 0.00253 0 2e-05 0 0 2e-05 0.00221 6e-05 0.00242 0.001515 0.001695 0.000145 0.00124 0 0.000585 0.000535 0 0 0.001845 0 0.00071 0 0.00026 0.001455 0 0 0.00268 0.001 0.001455 0 0.00062 0.000705 0 0 0 0 0.00042 0.00038 0.00061 8.5e-05 0
0 0 0.002935 0.00187 0.002455 1e-05 0.002535 0.000215 0.00069 0 0.00171 0 0 0 0.000855 0.000525 0.002705 0 0 0.00107 0.00155 0.00202 0.00012 0.00088 0.00084 0 0 0.000535 0.00131 0.00079 0.002325 0.000495 0 0.00069 0 0.00022 0.000425 0 0.002295 0 0.00161 1e-05 0 0 0 0 5e-06 0.002525 0.00011 0 0 1e-05 0.000655 0.00079 0.00094 0.002175 0 5e-06 0.00017 5e-06 9.5e-05 0 0.003015 0.00024 5e-06 5e-06 0 0 0.000875 0 0.001855 0 0.001235 0.000545 0 0 0 0 2.5e-05 5e-06 7e-05 0 0.00116 0 0.002865 0.0003 0.001235 0.000215 0.0001 0.00101 0 1.5e-05 0 0.00084 5e-05 0.000255 0 0 0.000795 0.00296
0.00346 0.00082 0 0.00079 5e-06 0 0 0.00247 0 3.5e-05 1.5e-05 2e-05 0.001725 0.00212 2e-05 2e-05 0.001565 0.000285 8e-05 0.00115 0.00116 0.002105 0.00155 5e-06 0.00075 0.00176 0.000315 0.00319 0 0 0.000405 0 0 0.00204 0.000115 1e-05 0.000635 0.00148 0 0 0.001785 0.001155 0.000265 5e-06 2e-05 0 0.00081 0 0.001815 0 0.00026 0.000815 0.00246 0 0.00269 0 0.000325 9.5e-05 0 0.002465 0 0.000305 0.000155 0.00059 0.000205 0 0.000335 0 0 0 0.001905 0 1.5e-05 0 0 0 0.00035 0 0 0 0 0.0016 0 0.000735 8.5e-05 0.003395 0 1e-05 0 0.00138 0 0.002615 0 0 3.5e-05 0.0025 0.001415 0.003585 0.000495 0
0.000245 0 0.001505 0 0 0.002575 0.00128 0.00019 8.5e-05 0 0.0009 4e-05 0.00084 0.00238 0 0.001005 0.00028 0.00217 6e-05 0.000905 5e-06 0.000175 0.000745 0.00057 0 0 0 0 0.000865 0 0.00121 0 0.00092 5e-06 0.00161 0.000135 1.5e-05 0.001205 0.001045 0 0 0 0 1.5e-05 1.5e-05 0.000305 0.00188 0.00014 0.002295 0.00186 0 0 0 1e-05 0 0.000875 0 5e-06 0.00156 1e-05 0.002485 0.00233 0.00101 0.000145 0 0.000115 0 0.000775 0.00122 1.5e-05 0 0 0.001365 0.001775 0.00036 5e-06 0 0 0 0 0.002285 0 0 0.00205 0 0 0.001855 0.001515 0 0.00054 0.001235 0 0.00101 0 0.00063 1e-05 0.00165 0 5.5e-05 3.5e-05
0 0.00018 0 8e-05 0.00503 0.00116 0.000175 0.00029 9.5e-05 0 0 1e-05 0.001835 1e-05 0 0.00223 0.003615 0 0.004125 0 0 0.00446 0.00406 6e-05 0 0.0008 0.0021 0 0.004565 0 0.00375 0 0.00048 0 0.00081 0.002555 0.000655 0 1e-05 0 0 0 8e-05 0 0.00106 0 0.002855 4.5e-05 3.5e-05 0.000565 0.00366 0 0 1.5e-05 0.000275 0.001035 0.004305 0.00043 0.00084 5e-06 9e-05 8.5e-05 0.0029 4e-05 0 0 0.00033 4.5e-05 0 0 0.003185 0 5e-06 0 0.00429 0.00451 2e-05 0.00163 2.5e-05 0 0.000395 0 0.001275 0.004375 0.001535 0 0.004905 0 0.001325 0.00241 0 0.004085 0 0 0 8.5e-05 3e-05 0 0.00303 0
0 0.003985 0 2.5e-05 1.5e-05 0 0.001625 0 0.00233 0 5e-06 0 0.00427 0 2e-05 6e-05 0.001165 0.00197 0 0.002255 0 0.001395 0.00495 0 5e-06 0 4.5e-05 8e-05 8.5e-05 0.00314 0.000105 0.00291 0.004895 0.004275 0 0 0.000195 0.00446 0.000715 0.000745 0.00057 2.5e-05 0.00452 0 1e-05 0 0.003965 0.000935 1e-05 0.000285 1e-05 0.001035 0.000395 0.00375 0.003105 0.000315 1e-05 0.001775 0.0005 0 0 0 0.00011 0 0 0 0.00223 0 0 1.5e-05 0.00376 1.5e-05 0.005165 0.00271 0 0.000725 0.004585 0.00131 0 0.000445 0 0 7e-05 0.005015 1.5e-05 0.000155 1e-05 0 0 0.00255 0 0.000325 1.5e-05 0.00084 0 0.000265 0 0 0.003545 0
0.003185 0.00026 0.0001 0 0.000285 0.00101 6.5e-05 0.00016 0.000365 2.5e-05 0.004715 0 0 0.000435 0 0.001805 0 0.000885 0 0 2e-05 0 1.5e-05 0 2.5e-05 0 0 0.00482 0 0 0.000515 0 0 0.00445 0 2.5e-05 0.004295 0.00464 7e-05 0 0.001355 0.004895 2e-05 0 0 0.000135 0.004385 5.5e-05 0 0.00175 0.003745 0.002385 0 0 0.000875 0.000425 3.5e-05 1e-05 1.5e-05 0.00195 0.001185 0 1e-05 0 0.00174 0.004185 0 0 0.00011 0.002575 0 0 5e-06 0 0.002585 0.0037 0 2e-05 0.000515 0.000165 0.001495 0.00083 0 0.00382 0 0.002575 0.00304 0.0033 4.5e-05 0.00072 0.005175 0 3.5e-05 0.003305 0.003845 6e-05 0 0.00072 0.000375 0
0 0.003095 0 0.004585 1.5e-05 0.00447 0.000105 0.00487 0.00098 0.002685 0 0.00374 0.00062 0.0002 0.003125 1.5e-05 0.000555 0.000905 0 0 0 0.001775 4e-05 0 0.004195 0 0.000275 2.5e-05 0.003325 0.004005 0.000275 7.5e-05 0.0023 0 0.00053 0 3.5e-05 0 0.0008 0.0001 8.5e-05 0 0.000415 0.001455 0.00469 0 0.00372 0 0 5e-06 0.001445 0 0 0.00048 1.5e-05 0.003665 0.00035 0.004095 1.5e-05 0.000135 0 0.00285 0 0 0 0.00162 0 5e-06 0 3e-05 0.000805 0 0.002305 0.000135 0 0.00452 0.00468 0.002095 0 0 0 0 0 5e-06 0 0 0.001985 0.003605 0.000885 0 1e-05 0 0.00021 3.5e-05 3e-05 0.004685 0.00136 0 0 0.00013
0 0 0 0 0 0.000665 8e-05 1e-05 0.002 1e-05 0.00026 8e-05 0 4.5e-05 0 0 1e-05 0 0 0.00464 6.5e-05 0 0.000975 0.00415 0 0.00378 0.00214 0 1e-05 0 0.004665 0.000995 0.0015 0.00493 0.00011 0.000175 1e-05 0 1.5e-05 5e-06 0.001075 0.000115 5e-05 0.000835 0.002745 8e-05 1.5e-05 4.5e-05 0.00485 0.001865 0.00044 0.00035 0.00014 0 0 0 3e-05 0 0.001725 0 0.000855 0 0.00226 0 5e-06 0.003965 0 0 0 0 0.000575 1e-05 0.00477 2e-05 0.00051 0 0.00355 0.000275 0 0.00459 0.00443 0.003805 1.5e-05 0.00031 0.00067 0 0.001415 0.00338 0 0 0.00456 1.5e-05 0.002465 0.0026 0.003415 0 0.00409 0.000225 0.00284 0
0 0.00297 0 0 0.00441 0.00054 0.00421 0.00039 0 0 0.003115 0 0.000735 0.000135 0.00051 0.004465 0.004975 0.00134 0 0 1.5e-05 0 3.5e-05 5e-06 0 0.00066 0 0 0.002145 0.00032 0 0.000965 0 0.00176 0.003255 5e-06 0 0.000805 0.004255 0 0 0 0 0 0.00426 0 3.5e-05 1.5e-05 4.5e-05 0.00489 0.00455 0.004575 0.00345 1.5e-05 0.00418 0 0 1.5e-05 0 0.000725 0.001825 0.00062 1.5e-05 0.00438 0.002465 0.000115 0 0 0.000195 0 0.00137 7e-05 1.5e-05 1e-05 0 0.00413 0.00031 0 0 0 0 0 0.002775 0.000215 0.002125 0.00258 0 4.5e-05 3e-05 0.001445 0.00014 0.00384 4.5e-05 0.001085 8e-05 0 5.5e-05 0 0.00141 4.5e-05
6.5e-05 0.000305 0 0 6e-05 0.000455 0.00217 0 0.00141 0 0.001625 0.004065 0.00348 0.0044 0.00017 0.00099 0 1.5e-05 0.000675 0.004365 0 0 4.5e-05 0.000205 0 0.00309 0 0.000345 5.5e-05 0.00466 0 0 0.00072 0.001235 0.003985 0 0 0 0.005075 0 0 2e-05 0.00085 1.5e-05 0.00249 0 0 0 0.00248 0.00419 6e-05 0.001885 0.00454 0 0.00452 0 0.00053 0 0.00475 0 0 1e-05 0 2e-05 0.00217 0 0.000905 0.00436 1e-05 1.5e-05 0.003575 0.003805 0 0 5e-06 2.5e-05 4e-05 0.001775 0 0.001235 0.00039 0 0.00015 7e-05 0.00325 0.002955 0.0002 0.000435 0 0 1.5e-05 0.000225 0.00064 0.00018 0 2e-05 0.00294 0 0 0
0.000405 0.00073 0.00151 0.00205 0 0 0.00352 0.000115 0.00159 2.5e-05 0 0 0.00075 0.00497 0.000745 5e-05 0.000585 5e-06 0 5e-06 2.5e-05 0.003315 0 0 0 0 0 0 0.0028 0 5e-06 0 0.003 0.004655 0.00033 0.001305 0.00215 0.000815 0.00039 0 0.00026 1e-05 1.5e-05 0 0.000125 0.002605 1e-05 0 4.5e-05 0 0 0.00146 0.00467 5e-06 0.00023 1e-05 0 2.5e-05 0.00087 0.00017 4.5e-05 0.00013 0.004855 0.00034 0.000165 0.000375 0 0.004465 1e-05 0 0 0 0.00253 0 0 4.5e-05 0.005115 0 0.003285 0 1e-05 0.00322 0.004115 3e-05 0 2e-05 0 0 0 0.00369 0.001665 0 0.003935 0.00396 0.00102 0 0 0.00434 0.001605 0.003985
0.00031 0 0 0.000925 0 0 2e-05 0.000155 0 5e-06 0 0.004275 0 0 0.0001 0 0 0.003995 0.000465 0 0 0.001495 7e-05 2e-05 0.00032 5e-06 0.00021 1.5e-05 0 5e-06 0 3.5e-05 0.000115 1e-05 0.00202 8.5e-05 0 6.5e-05 0.004785 0.00041 0.001935 0.002485 0.004125 5.5e-05 5e-06 0 0 0.00281 0.002975 0.000415 0.00468 0 0.00141 2.5e-05 0.00263 0.00359 0 0 0 0 0.00471 0.00025 0.00353 0 0 0.0043 1.5e-05 0.0028 0 0.000695 0.001095 0.004165 0 0.000255 0 0.00436 0.000835 0.004075 0 0.002095 0.004735 0 0 0.003145 0.00108 0.000325 0 0.00087 0.002485 0.00011 0 0.00072 1e-05 0.00143 0 1.5e-05 0 0.00019 0 0.00481
0 0.00298 0.00147 0 0 0.00034 0.000105 0.00265 0 0.000535 0 0 0 0 0 0.003425 0.00403 0 0.00377 0.004245 0 0 0 0 0 0.00318 0.000665 0.000475 0 0.00048 0 3.5e-05 0 0 0.003405 0 0.00421 3.5e-05 0.00195 0.00196 1.5e-05 0.000685 0.00443 0.00438 0 5e-06 0 0.00145 0 2e-05 0.0002 0.000155 0 5e-06 0.00136 0.003535 0 0.00101 0.0029 0.0042 1e-05 0.00021 0 5e-05 9e-05 3.5e-05 0.00149 1.5e-05 0 0.001055 0.000125 0.00073 8.5e-05 0 0.00029 0.004095 1e-05 0.003755 7.5e-05 0.004495 0 0.00042 0.002175 0 1e-05 0.002495 3.5e-05 0 0 0.00451 0 0.00012 0.000855 0.0046 0 0.00201 0 0 7e-05 5e-06
0.00413 0 0.000535 0.00055 0.00085 0 0 0.00278 0 0 0.00151 8e-05 0.00024 0 0.001205 0 0.00224 0.004215 0 0 5e-05 0.000255 0.00446 1.5e-05 0 0.000105 0 1.5e-05 0.00306 0 0 0 0 0.000225 8e-05 0.003905 5e-06 5e-06 7e-05 0 7.5e-05 0.004145 0 0.00243 0.00495 0 0.003 5e-06 5e-06 0 0.00514 0 0.00165 0.00377 0.000355 0 1e-05 0 0 0.00319 7.5e-05 0.00259 0.00129 0.00184 0 0.00016 0.00491 0.00215 2e-05 0 0.00106 0.000645 0.00078 0 0.000925 0.00497 5e-06 0 0.00058 0.003275 0 0 0.000405 0 7e-05 0 0 0.00431 0.000165 1e-05 0 0.000195 0.001885 3.5e-05 0 0.004335 0 0 0.00449 0
0.002775 0 0.00026 0 0 0 0.00044 5e-06 0.00158 0.00014 0.00316 2e-05 0 2e-05 0 5e-06 0 0 0 0.004615 1e-05 0 3e-05 0 0.000645 0.00428 0.00441 0.00065 0 0 0.00031 0.000125 0.00394 0.00212 0.00123 0 0.00137 0.00452 0.004535 0 2e-05 0.003565 0.002465 0.003855 0 0.00081 0 0.004215 6.5e-05 0 0.00271 0 0 0.00029 0 1.5e-05 0 0.000585 0.000215 0.001345 4.5e-05 1e-05 0.000405 0 0.00514 0.00102 1e-05 0.00348 0.00044 0 0 0.00081 0 0.0048 3e-05 0 0 6.5e-05 0.00023 0.00221 0.001375 0 0 0 0.002465 0.001195 0.00018 7e-05 0 1e-05 0 0 0.004395 5e-06 0.00315 0.004085 0.0001 5e-06 0.001735 0
0.00153 0.00213 0 0.00019 0 0.002465 0 0 4e-05 0 8e-05 0 1.5e-05 0.00143 0.002455 0.005055 4.5e-05 4.5e-05 6e-05 0.00417 1.5e-05 0.0003 0.000875 0.00038 0 2.5e-05 0.00153 0.00369 9.5e-05 2e-05 4.5e-05 0 3e-05 3e-05 1e-05 0 0.003175 0 5e-06 0.001125 0 0.001025 0 0.0037 0 0.00269 0.00033 0 0 0.00183 0 0.00334 0.00178 0.00362 0.00294 0.00043 1.5e-05 0.00054 0.004885 0 0 0 0.004785 0.00017 0 0 6.5e-05 0 0 0.00522 0.004255 0 0.002065 0.000225 0.000165 0 0.000605 0.003495 0.00433 0.003935 0 0 1e-05 0 0 0 0 0.000505 2e-05 0 0.001275 0 0.00091 0.004405 0 0.0044 0 0 0.00074 0.00028
0 0.00202 0.000695 0.00231 0.00103 0 2.5e-05 0 0 0 0.00134 0 0.0025 0.00436 0.002125 0.00258 0.00014 5e-06 0 0.003005 7.5e-05 0.00108 0.00134 0 0.000935 0 0.00196 0.001815 0.000945 2.5e-05 1.5e-05 0.00011 0.000385 0 0 0 0.00041 0 0.000125 0.00078 0.003315 0 0 0 0 0.001375 8e-05 0.001525 0 0 0 0.001755 5e-05 3.5e-05 0 0 0 0.000425 2.5e-05 0 0 1e-05 0 0.00029 0.000385 4.5e-05 0 0 0.00051 0 0 9e-05 0.00034 0.00056 0.000495 0.00035 4e-05 1.5e-05 0.00153 0.00045 0 0.00157 0.001425 0.000165 2e-05 5e-06 0.00146 0.000485 0.0021 0.001695 0 0 0.00121 0.002585 0.001765 0 0.00213 0 2.5e-05 0.00109
8e-05 0 0.00032 0 0.00099 0.000365 0.001575 0 0 0.00195 0.00011 0.002945 0.00046 0.00092 0 0.002435 0 0 0 0.001545 0.001205 0.000345 0.000215 0.001495 0 0 0.001915 0.002425 4.5e-05 1.5e-05 0.00066 0 0 0.00089 0 0 0.003595 0.000465 0 0 0.002845 0 0.00029 0.00019 1.5e-05 0.00323 0.00318 7.5e-05 0.000465 0.000835 0.001205 0.002425 0.000305 0.00191 0 0.001545 0 6.5e-05 0.00177 1.5e-05 0 1.5e-05 0 0 0 0.00029 0.00014 0 0 0.0001 0 1e-05 0.00081 0.00075 0 0 0 0 0.000925 0.00013 0.00131 0 0 2e-05 0 1.5e-05 0 0.00129 0.000225 0.003135 0.00184 0 0 0.001555 0.001725 1.5e-05 0 0.001065 0.001925 0
0 8e-05 0 0.00123 0 0.00333 4.5e-05 0.00304 0 0 0.000615 0 0.00069 0.001495 0.0021 0 0.00092 0.000135 0.000255 0 0.000775 0.002365 0 0.001395 7.5e-05 0.00339 0 0.00108 0.00019 0.00028 0 0 1e-05 5e-06 0.000925 0.000645 0.001855 0.001495 0.000805 0 0.00188 0.000845 0.001585 1.5e-05 5e-06 0.00208 0 0 0.00166 0.001665 2e-05 0 0.00147 0.00087 6.5e-05 1e-05 0 0.00031 0.00141 0 0.001745 0.002585 0 0.00264 1.5e-05 0 0.00011 0.001145 0 0.00012 0.001055 0 0 0 1e-05 0 0 0.002175 0.002855 0.00037 0.001135 0.00091 5e-06 0.00035 2.5e-05 0 0 0.001015 2.5e-05 0 0 0 0 0.00257 0.000555 0 0.002275 0.0005 7.5e-05 1e-05
0 0.00104 2e-05 0 0 0 0.0012 5e-06 3.5e-05 0.00128 0.00095 0 3e-05 0.00212 0 0.00013 0 0 2e-05 0.001205 0.001745 0.00084 1e-05 0.001105 0.00013 0.00062 0.00163 0.00062 0 0 5e-06 0 0.002395 0.000125 0 0 0.00024 0.00066 0.00273 0.000455 0.00043 0 0.00014 0 0.00074 0.00015 0 0.002455 0 0.00204 0 0 0 5e-06 0.002725 0.000955 0.00073 0.0009 0.00128 0.00189 0 0.000505 0.00016 0 0.00154 0 0 0.001415 1e-05 0.00182 0.002205 0.00148 0.000115 0 0.00067 0 0.0018 0.000435 0.002485 5e-06 0.00028 0.00102 0 0.002325 0 0 0.0009 0.002475 0 0 0.00142 1e-05 5.5e-05 0.000555 0 0 0.000615 0.0003 5e-06 0.00164
0.0015 0.00229 0.000585 0.002945 0.00037 0 0.00038 0 0.00056 0 5e-06 0.00014 0.002405 0.000115 0.001015 0.00259 0.00042 2e-05 0 0 0 0.001325 3.5e-05 2e-05 0 0 0.0015 0.00074 0.00092 0.0009 1e-05 1.5e-05 0.0002 0 0 0 0.000595 0 1.5e-05 0 0.00014 0.001745 0.002435 0 0.00068 0.00126 0.001475 4.5e-05 2e-05 0.000855 0 0 0.00211 0.000775 0 0.000315 0 0.001265 0 0 1e-05 0 1.5e-05 1e-05 0.00087 0 0.002035 1.5e-05 8e-05 0 0.002585 2e-05 0 0.00163 1e-05 0.00156 6e-05 0 0 0.000185 0 0.000685 0 0.00089 0 0 0.00222 1.5e-05 0.002245 0.00141 0 5e-06 0 0 0 0.002635 0.00139 0.002785 0.00018 0
0.000795 0.00141 0 0 0.00043 5e-06 0 0.0025 1.5e-05 0.00073 0.00097 0 0.001515 0.001025 0 0 7e-05 0.001845 0.001775 0.00115 0.000625 0 0 0 0 0 2e-05 0 1e-05 0 0.0002 2.5e-05 0 0.00095 0.000205 0 0 0 9.5e-05 0 0.00124 0.001695 0.000175 0.000425 0.000545 0.001735 0.000865 6.5e-05 0.00231 0.00249 0 2.5e-05 0 0.001225 0.001705 1e-05 0.002215 0.00212 0 0.0022 0 0 5e-06 0.0001 0 0.00168 0.000615 0.00154 0.001745 0.003205 0 0.00236 0 0.000195 7e-05 0.000975 0.00056 0 0.00099 0.00048 0 0.00053 0.001535 4e-05 1e-05 0.00147 0 0.002045 0.00153 0.000505 0.00014 7e-05 2e-05 0.002235 0.00186 0 0 0 0 1.5e-05
0.00107 0.001555 0.002025 0.00141 0.00241 0 1.5e-05 0 5e-06 1.5e-05 0.000565 0 0 0 0 0.003285 0.002395 0 5e-06 0.001905 0.000635 1e-05 0.00354 0 0.00181 0.00071 0.00143 0.002955 0 0 0.00031 0.00137 0 0.0002 0 5e-05 0.00118 2e-05 0 0.000245 0 0.00266 1e-05 0.00286 0 0.00053 5e-06 0 0 0.00021 0 2.5e-05 0 0 0 0.00151 0 0.001665 0 0.00011 0 0.00067 0.00057 0.001145 1.5e-05 0 0 0 0.002395 5e-06 0.001935 8.5e-05 0 0 0 0.000355 0.00064 0.0007 1e-05 0.001535 0.00022 0.00241 0 0 0 0 0.000605 0.00028 0 0.001865 0 0.00358 0 0.000915 0.002455 0.001085 0 0.00152 0 0.000295
1e-05 0.000355 0.0016 0.001505 0.003145 0 0.00062 0 0 5e-06 0.001995 0.001095 1e-05 0.000125 0.000955 0.00254 0.00019 0.00141 1.5e-05 0 9e-05 0 0.0033 0 0.00239 0 0.001875 9e-05 8e-05 1.5e-05 9.5e-05 0.00236 0.00114 0.00135 0 0.003055 1e-05 0 0 0 0 0.001065 0 0 0.001315 0.00109 5e-06 0.001125 0.00139 0.001585 0 0 2e-05 0.00132 0.00108 0 0.002535 0.002825 0 0 0.000725 0 0.00127 0.00068 5e-05 0 0 2.5e-05 0 0.000185 0 0.000125 0 0 0.00194 0.0008 5e-06 5e-06 1e-05 0.00193 0.00035 0.000645 0 0.000395 0 0 0 0.001345 0.00058 0 0 0.00229 0.00086 6.5e-05 0.001615 8e-05 2.5e-05 0.000785 0 0
1.5e-05 0 0 0.000685 0.001095 0 0 0 0.00081 0.000145 0.00192 0 0.001065 0.00072 0 0.00033 0 0.000245 1.5e-05 0.00018 0.00168 1e-05 0.001765 0.000275 0 0 0 0 0 0 0.00078 0.00148 0 0.000655 0 0.002955 0 0.00044 0.00037 4e-05 0 0.001715 0 0.002955 0.000505 0.00154 0 0.000565 1.5e-05 0 0 0.00181 0 0.00044 0.001205 0.00011 0.000355 0.00192 0.001635 0.00049 0.000555 0.00016 0.001265 0 0.002205 0 0.00102 2e-05 0.00109 0 0.001625 0.000895 0.001795 0.001005 0.002265 0.001705 0.000645 3e-05 2e-05 0 0.000255 0 0 0.001885 0 0.000425 0.00108 0 6e-05 8e-05 0.00053 0.001675 0.00237 0 0.00124 0.00102 1.5e-05 0 0.00036 0
7.5e-05 0 0 0.000155 0.00214 0 0.0004 8.5e-05 0.00046 0.00031 0.000905 0.000175 0.001145 0 0.00107 0.00067 0.00165 0 0.001955 0 0.00154 0.0026 0 0.002445 0.001215 0 0.00036 0 5e-06 3e-05 0.00307 0 0.00066 0.00244 0.00154 1.5e-05 0.001075 0.00161 0.00239 0.00215 0.00025 1e-05 0.003185 0 0 0 0 0.002805 0 0.000175 0 0 1e-05 0.00032 9e-05 0 0 0 0 0.00188 5e-06 0 0.00177 0.00083 1e-05 0.00211 6e-05 0.00165 0.000495 0.000915 0.00017 3e-05 0.002535 0.000615 0.000735 0.00091 0 0.00024 0 0.002115 0.003515 0 0 0 0.003185 0.000815 0.00235 0 0 0.001775 0.000225 0 1.5e-05 0 0 0 0.000985 0 0.000115 0
0.002455 0.00114 0.00297 0.001605 0.001955 0 1e-05 0 5e-06 2e-05 0 0 0.002145 0 0 0.003485 0.00169 0 0 0 0 0 0.00112 0.00012 0.000105 1e-05 0 0.00039 0 5e-06 0 0 0.00025 0 0.00097 0 0 0.00178 1.5e-05 0.001105 0 0.000275 0.00165 0.002695 0.0012 0 0.000265 0.000425 0.00013 0 6.5e-05 0 0.000495 0.00232 0 0.000615 0.000245 0.000555 0 0.00139 1e-05 0 0.002065 1e-05 0 0.000345 0.000105 0 0.00106 0 0 0 0 0.0017 0.0009 0.00306 0 0 0 0.00319 0 1.5e-05 0.00162 0.000295 0 0 0.00017 4.5e-05 0.00186 0.000225 0.000445 0.000825 0.00174 0.00035 0.003785 0.00086 0.000205 0.00132 0 0.000435
0 0.00167 0.002435 0.001265 0.00167 1.5e-05 0.002915 5e-06 0.000175 2e-05 0.00068 0.00196 0.00018 7e-05 0 0 0.00272 0.000445 0.00079 1.5e-05 2e-05 2.5e-05 0 0 0 0 0.002375 0.00023 0.002865 0.00016 2.5e-05 1e-05 0 0 0.001875 0.00163 0 0 0.001015 1.5e-05 0 0.000735 0.001765 0.000855 0.00131 5e-06 2e-05 0 0.001405 5e-05 0 0 0.00141 0 0.000195 1e-05 5e-06 0 2e-05 0.0003 0 0.002975 0.002695 0.00103 0.000605 0 0.00032 5e-06 0.00028 1.5e-05 0.002105 0 0 0 0 0 0 0 0.00078 0.00172 0.001375 5e-06 0 1.5e-05 0.00141 0.00037 0 0 5e-06 1.5e-05 0.00261 9.5e-05 0.001565 0.00085 0.001245 0.00207 0.00055 0 0.00114 0
0.002945 3.5e-05 0.001395 0.00037 1e-05 0 0.0006 0 0 0 0.000995 0 0.001595 0 0.001815 0.000525 0 0.000965 0.000125 0.00077 0 0 1.5e-05 8.5e-05 0.00265 1e-05 1.5e-05 1.5e-05 0.001425 2e-05 3e-05 0 0.000415 0.001435 9e-05 0.00068 0.00102 0.00111 0 0.0004 0.001155 0.000235 0.002445 0.000325 0.000135 0 0.000515 0 0 0 0.002145 1e-05 0.00033 0.00056 1e-05 0 3.5e-05 0.00075 1e-05 0.00233 0 0.00121 0 0 2.5e-05 0.00268 5e-06 0.000475 0.000175 0 0 5e-06 0 0 0 0.002575 0 1.5e-05 0.001335 0.0012 0 0 0.00129 2e-05 0.00067 0.000725 0 0.000855 0 0.001765 0.002245 0 0.00177 0.000535 0.00099 0 0.001955 0 0 0.000545
0.000945 0 0 0 5e-06 0.00154 5e-06 0 0 0.00135 0 0.00015 0.00196 0.00048 2.5e-05 0 0 8.5e-05 0.00042 0 0.002905 0 0.00028 0.00019 3.5e-05 0 0.000305 0.002575 6.5e-05 6e-05 0.00153 0.000375 0 0.001255 0.00142 1e-05 0.00062 0.00087 0 0.001475 0.001085 0.001555 0 0.001645 0.000905 0.00165 0 1e-05 0.00047 0 0.00062 0.000245 0.002 0 0.00207 1e-05 0 0 0.00112 0.00133 0 0 0 0.00066 0.001405 0 0.00318 0 0.000445 0.001575 0.0007 0.002755 0 0 0.000105 0 0.00071 0.00213 0.0012 0 0.000225 0 0.00062 0.00158 0 6.5e-05 0 0.00086 0.00149 0.0001 0 0.00177 0.001235 6e-05 9.5e-05 0 0.001295 0 0 1.5e-05
0 0 0 0 0.00066 0.001465 0 1.5e-05 0.001835 0 2.5e-05 0.00024 0.001855 0.00031 0 0 0 2e-05 0.00015 0 0.00144 0 5e-06 0 0 0 0.003385 5e-06 0 8.5e-05 0.000655 0 0.00315 0.00228 0.00273 0.00156 0.000505 0.00361 0.003245 1.5e-05 1e-05 0.000175 0.00207 0.00037 0.00038 0 0.0028 0.003385 5e-06 0.000435 0.001525 6.5e-05 0 0 0.00096 0.00136 0 0 0.001575 0.00106 5e-05 0.00189 0.001415 0.000655 0.00253 1.5e-05 0.00041 0.00014 1e-05 1e-05 0.00092 0 0.003495 0.00134 0 0 5e-06 0 0.00125 0.00013 0.00347 0 0.001255 0 0.00361 0 5e-06 0 0 0 0.0017 0 2.5e-05 0 0.00095 0.000625 1.5e-05 0.000645 0.00098 0
5e-06 0 0.001955 0 0.00109 1.5e-05 0.00105 0.000925 0 0.000915 0.00074 0 0 0.00059 0 0 0.00176 0.001885 0.000445 0.001065 0 0.000135 0.002545 0 0.00025 1e-05 0.000265 0.001225 0.00135 0 0 2.5e-05 0.00151 0.001765 0.00016 0.00091 5e-06 0 0.00119 0.00034 0 0.00051 0 5.5e-05 0.00104 0 1.5e-05 0.0023 0 0 0.002135 0 0 1.5e-05 0 0 0.00225 0 0.00043 0.001365 0.00219 0.000465 0 0.0026 3e-05 0.00145 0 0 0.000655 0.00141 0.000355 0 0 1e-05 0.002645 2.5e-05 0.001375 0 1.5e-05 0.0016 0.00075 0.00278 0.001015 0 0.001235 0.00255 0 0 0.00136 0 0.000595 0.00169 0 0 0 0.00066 0 7e-05 0 0.00229
0.0016 0 0 0 0 0.00141 0 0.002305 5e-06 0 2.5e-05 0 0 1.5e-05 0.000835 0 0 0.00099 0 0.00011 0.00194 0.00341 5e-05 0.000205 0.001965 0.0004 1.5e-05 0.00127 0 0.00299 0.00307 0 1.5e-05 0 0.001475 1e-05 0.001715 0 0 0.002495 0.000115 0.00041 0.00145 0.00133 6.5e-05 0 2e-05 0.00023 0.0005 0 0.00273 0 0 0 0 0 0.000865 0 1e-05 0.00203 5e-06 0.001445 0.001235 0.00204 1e-05 0.00208 0.00169 0 0.000105 0 5e-06 0.000365 0 5e-06 0.00134 0.00044 0.00117 0.002975 2.5e-05 0 0.002245 0.00024 5e-06 0 0.002165 0.002595 0.000655 1.5e-05 0 0.00123 0.000125 0.00088 0 0.001065 3e-05 0 1.5e-05 7.5e-05 0 0
0.000225 0.00044 0.00202 0 0 0.000125 0.002745 0.00272 0.001005 0 0.00126 0 0 0 0 0.000765 0.001755 0.000775 0.000795 0 8e-05 6.5e-05 1e-05 1.5e-05 1.5e-05 0.00334 6e-05 0.001515 0 1e-05 0 0.00093 1e-05 3.5e-05 0.002365 0 0.001775 1e-05 0.000915 0 0.00239 0 0.000675 0 0 0.00121 5e-06 0 0 1.5e-05 1e-05 0 0 0.0025 0 0.000685 0 2e-05 0.00152 1e-05 0 0.00168 0 0.00247 1.5e-05 0 0.000405 0.0021 0 0.000665 0 0.002585 0.00073 0.00253 1.5e-05 5e-06 0 0.00199 0.000485 0.001655 0.00209 0 0.001715 0.00019 0 0.00043 5e-06 0.00132 0.000175 0 0.000365 0 2e-05 0.00309 0 0 0.002565 0 0.000235 0.000595
0 0 0 0 0 0.00209 0 2.5e-05 0.00071 0 0 0.001275 0.0014 0 6.5e-05 0.001635 0 0 0.001035 0.001805 0 0 0.00102 0.001605 0.000575 0.002115 2.5e-05 0 0.001755 8.5e-05 0.00121 3e-05 2e-05 0 0 0.00016 0.002435 0.000585 0 0 0.00242 0.001415 0 0.00147 1e-05 0.000995 0 1e-05 0.00132 1e-05 0 0 0.000355 0.000855 0.00035 0.000275 0 0.00022 0 0.000405 0 2e-05 0.0005 0.000905 0 0.00091 0.00117 3e-05 0.00167 2e-05 0.00014 0.001455 0 0.001745 0.000905 0 0 0.000205 0 0 0.000795 0.00134 0 0 0.00072 0.000415 0.00102 0.00048 0 0.0017 0.001 0.00169 8e-05 0 0.000605 0.000305 0.002355 0 7e-05 1.5e-05
0 0.000405 0.000705 0 1.5e-05 0.00223 0.001265 0.002265 0.000885 0.002455 0 1e-05 0 0 0.002705 0 5e-06 1e-05 0 0.001575 0 0 0.000955 0.000265 0.0005 0 0 0.0009 5e-06 0.00041 0.00049 0 0.00024 0.00201 0 0.001125 0 0 0 0.00136 0 0.00014 0.00065 1e-05 0.00017 0 0 0 0.00253 0.00106 2e-05 5.5e-05 0 0.002295 0.000125 5e-06 0 0.000675 0.00225 0.00082 0 0 5e-06 0 0 0.00212 5e-06 0.002135 0.00149 0.00227 1e-05 0.00189 0 0 2.5e-05 0.00064 0 2e-05 0.001825 0 0.001085 0.00142 0.001035 0.00043 1e-05 0 0.000575 0 0.00057 4e-05 0.001335 0.00125 0.000665 0.00225 0.000955 0.000565 0.002305 0 0.000635 9.5e-05
0.001935 0 0.00052 0 1e-05 0.00252 0.0023 0.00097 6.5e-05 0 0.000985 0.00305 3e-05 0.00019 0.001525 0 0 0.00109 0.00311 0.00039 0 0.00197 1.5e-05 0 0 0 1.5e-05 0.00012 0 1e-05 0 0.000255 5e-06 3.5e-05 0.001435 2e-05 0.00226 1.5e-05 0.00025 0.00186 0 0.000775 0.001955 0.00024 0.000775 0.001015 0 0.00036 5e-06 0 0 0 0.00121 0 0 0 0 0 0.00151 1e-05 0 0 0.001675 0.000775 0 0.00166 0 0.002135 0.00116 0 2e-05 0.001045 0 0 0 0 2.5e-05 0 0.000315 0.002435 0.002135 1e-05 0.001975 3e-05 0.001055 0.000295 0.00161 0.0001 0 0.001705 0.000595 0 0 0.001965 0.001395 0 0.002775 0.0004 5.5e-05 0.00032
5e-06 0.000935 0.00053 0.000385 0.002335 0.000875 0.00065 0.00032 7.5e-05 1.5e-05 0 1.5e-05 5e-06 0.00014 5e-06 0 0 0 0 0 0 0 2e-05 0 0.00126 0.00075 0.000685 0 0.001065 0.00011 0.000405 0 0.001345 0 0 0.00051 0 1e-05 0.00207 0.0002 0.000775 0 0.00215 0.00065 0.00318 0 1e-05 0.001155 0 0.00202 0 0 0 0.00048 0.001675 7e-05 0.003 0 0.00166 0 0 0.00122 0.002805 5.5e-05 0 1.5e-05 0.001245 0.00101 0.001585 0.00149 6.5e-05 0.000125 0.00237 0 2.5e-05 0.000265 0 0.00197 0 0.00201 0.00108 0 0 5e-06 0.000855 0 0 0.001345 0.00098 0.000685 0.00032 1e-05 0 0 0 0.0009 2e-05 0.00045 0 0
0 0.0013 0 0 0 0.0017 0.000725 7e-05 0 0 0.00147 0 0.001925 0 0.000945 0.00015 5e-06 0 0.000735 0 4e-05 1.5e-05 0.000215 3e-05 0.00105 0.00022 0.00181 1e-05 0 0 0 0.00087 0.002865 0 4.5e-05 0.00043 0.001025 0.001795 0.002775 5e-06 0 0.00053 0 0.00011 1e-05 0 0 0.002585 0 0 0.00219 0.001515 0 0.00077 0 0.0004 0.00104 0.000525 0.00252 4e-05 0.001885 0.0017 0 0.00035 0.000305 0.0016 0 2.5e-05 0 0.002245 0.00028 0.001775 0.003375 0 0 0 0 1.5e-05 0.001995 1.5e-05 0.000875 0 0 0.000495 0.00146 0 0 0.003615 1.5e-05 0 0 5e-06 0.000805 0.001875 0.000485 0 0 0 0.000725 0.001395
