0.000495 0.01278 3.5e-05 2.5e-05 1e-05 0 0.000225 0 0.00022 3e-05 3.5e-05 1e-05 1.5e-05 0.001205 0 0 2e-05 0.002915 0 5e-06 3.5e-05 3.5e-05 0 0.00027 0 0.00207 0 0 4.5e-05 2.5e-05 0.00114 0 0.000235 3.5e-05 3e-05 8.5e-05 0.00018 0.00123 0 3.5e-05 0 0.01676 0 0.00015 2.5e-05 1e-05 6e-05 0 0.00582 0.000805 1e-05 0 7e-05 0.002105 0.00028 0 0.005315 0.00278 0.000905 0.0051 0 0 1.5e-05 0.008495 5.5e-05 0.004175 0.00649 4.5e-05 3e-05 0 0.01369 0.0008 2.5e-05 0 0.00974 6.5e-05 4.5e-05 0 0 6.5e-05 4.5e-05 0 0 1.5e-05 0.00175 0.003205 0 0.00409 3e-05 0.00033 0 0 0.003555 0.001035 0.009155 0 0 0 4e-05 0.001295
0 0.005425 0 0 0.000145 0 4.5e-05 0.0102 0 0.0107 2e-05 3e-05 0 0 0 0 0.00878 5e-05 3.5e-05 3.5e-05 0 0 0.00505 2e-05 0 2e-05 0 5.5e-05 3.5e-05 5e-05 0.00013 5e-05 0.00169 1.5e-05 3.5e-05 0.001675 6.5e-05 0 0 0 0 0 0 4e-05 1.5e-05 6e-05 1.5e-05 0 3e-05 0 3.5e-05 0 6.5e-05 2.5e-05 0 0.006875 1.5e-05 0 0.005265 7e-05 2e-05 3e-05 1e-05 0.00058 0.00329 0.003145 2.5e-05 0.007405 0.006235 4e-05 0 0.003595 0.000135 0 0 6e-05 2.5e-05 0.00066 0 0.00445 0.00143 1.5e-05 0.003265 1.5e-05 0.001855 3e-05 4.5e-05 0.001345 2e-05 0 0.000585 0 0.008075 0.007815 5e-05 0.01346 3e-05 0 2.5e-05 0.00139
0.00355 0 0 4e-05 0 0 0.0115 4.5e-05 0.00039 4e-05 0.00036 3e-05 0.006305 4.5e-05 1e-05 0.008795 3e-05 5e-05 0 3.5e-05 0 0 0.004265 2.5e-05 0.00688 0 0 3e-05 0 2e-05 0 2e-05 0.0001 0 0.00036 0 0 0 0.007215 0.012235 0.00097 0.012175 0.0004 0 6e-05 4.5e-05 0.00185 0.00809 0.007965 0 3e-05 0.00816 0.00593 4.5e-05 4.5e-05 0 0 2.5e-05 0.00061 3e-05 0 0.01497 2.5e-05 6.5e-05 0.00514 0.00072 2.5e-05 4.5e-05 0 0.006065 0 0 1.5e-05 0 0 5e-05 2.5e-05 1.5e-05 0 4e-05 0.000715 0 4.5e-05 0 0.010555 1.5e-05 1e-05 3.5e-05 0 2.5e-05 2.5e-05 0.00749 5.5e-05 0.00222 0 0 0 0 0 0.007495
0.001755 7e-05 0.000805 0.00084 5e-05 3.5e-05 0 0 0 0 1e-05 4e-05 0 0.00515 3.5e-05 0 0.00051 0 0 0.01021 0 2.5e-05 5.5e-05 0.00104 0 0 0.008275 6e-05 0.000605 0 3.5e-05 5e-05 0 0.009935 0.00023 1.5e-05 0 5e-05 0 0.00342 3e-05 0.000315 0 0 0 0 0.004015 0.006355 0 0.00208 4e-05 0 0 0 5e-05 0 2.5e-05 0 5.5e-05 4.5e-05 0.000245 0 0.00426 0.01059 0.00106 2e-05 0 0 4e-05 0 2e-05 0.00095 0.000135 0.00371 0.010655 3e-05 3e-05 3.5e-05 0 0 0 0.006155 0.000205 0.001245 2.5e-05 0.00508 4.5e-05 0.00252 5e-05 6.5e-05 0.00157 2e-05 0 0.00777 0.003285 0.000635 0.0003 0.00202 6e-05 1e-05
0 1e-05 0.005355 0 0.00858 0.002045 7e-05 0 0 2e-05 0 3.5e-05 0 0 5e-05 5e-06 4e-05 5e-05 1e-05 0.008695 2.5e-05 4.5e-05 4.5e-05 0.00025 0 0 0.003075 0 2.5e-05 4e-05 0.003875 0.01845 0.00192 0.011975 6.5e-05 0 2e-05 0 0.00013 0.00046 0 0.00331 0.004805 0.00013 0 0.00186 0.002135 3.5e-05 0 5.5e-05 0 4.5e-05 0 0.00922 0 3.5e-05 0 1.5e-05 3e-05 0.00041 0 5e-05 2e-05 2.5e-05 0 0.00573 2.5e-05 3.5e-05 0 3.5e-05 0.00181 0 0.004915 2.5e-05 0.004065 4.5e-05 5e-06 0.00112 0.000345 0 4e-05 0 2.5e-05 0 0 1e-05 4e-05 3e-05 0 0.0008 0 2e-05 0 3.5e-05 2.5e-05 0.01176 0 0.00073 0 4.5e-05
0 1.5e-05 0 0.006435 0.00408 0.001585 0.008135 3e-05 0 0 0.005135 0.00556 0 3.5e-05 0 3.5e-05 2.5e-05 0.000525 0.00335 0.001665 3e-05 6.5e-05 0 2.5e-05 0.00166 5e-05 0 2e-05 0.00031 2e-05 0.000315 1e-05 0 0 0 5e-05 0 0.002335 0 0 4e-05 0.00317 0.011545 0 0.0008 0.00607 3.5e-05 3e-05 4e-05 2.5e-05 0 2.5e-05 3.5e-05 0.01342 6e-05 0 3e-05 0 1e-05 0.001925 0 0 9.5e-05 0 0.00143 0 4.5e-05 0.003035 0 0.002315 0 3.5e-05 0.00056 0 0 0.001765 0.00019 0.00466 0.00166 0 0 3e-05 0 0.000255 3.5e-05 0.002795 3e-05 5e-06 0 3.5e-05 0.01291 0.00343 0.00827 0 0.00853 2.5e-05 2.5e-05 0 1e-05 2e-05
0.000675 0 0 0 0.006085 4e-05 0.007115 0.00012 0.00652 0 2e-05 2e-05 6e-05 0.00363 3e-05 5e-06 0 0.00631 0 0.001235 0.000735 0 6e-05 0.001025 0.00223 0 3e-05 0.00236 0 1e-05 0.000805 0.00611 6e-05 0.008245 0.015545 0.00028 3e-05 0.003345 7.5e-05 0 1e-05 0 0 0 0 2e-05 6e-05 0.007185 0.00577 0 5.5e-05 0.00405 2.5e-05 3e-05 0 8e-05 0 0 2.5e-05 5e-05 2.5e-05 2.5e-05 0 0.00104 3e-05 0.00038 0 0.00704 3e-05 0 2.5e-05 5e-05 0.001165 0 0.002645 0 0 4e-05 0 0.00018 0 0.005875 0 4e-05 0.0023 0 0.002215 0.0064 4e-05 0 5e-05 3.5e-05 0 2e-05 0 0.00294 0 0.002815 0 0.016435
1e-05 0.00877 0 4e-05 0.00774 5.5e-05 2e-05 0.002085 0.002425 9e-05 6e-05 4.5e-05 0 7e-05 0 2.5e-05 3.5e-05 0.00963 3e-05 3.5e-05 0 0.005695 2e-05 0.001095 0.000335 0.010505 4e-05 0.0028 0 0.013125 7.5e-05 0.00083 3.5e-05 0 0 0 2.5e-05 0 0.00252 3.5e-05 0 0 0.00104 0 4.5e-05 0 0 0.00437 0 4e-05 0 8e-05 3e-05 1.5e-05 0 1e-05 2.5e-05 0.006495 2e-05 2.5e-05 0 4e-05 5e-05 0.000875 2e-05 0.016505 0 0.00114 1e-05 2e-05 4.5e-05 0 0 0 0 0 2e-05 0 5e-05 0 0 0 0.017105 0 0.00046 1e-05 0.000535 0.004665 2.5e-05 0 4.5e-05 0 0 3.5e-05 0 1e-05 6e-05 0 3e-05 0.0027
1e-05 0 0 0 3e-05 0 0 2e-05 0.015135 3e-05 3.5e-05 0 5e-05 0.01314 0.0001 1.5e-05 0.005335 0.002135 0 0.00089 6.5e-05 0 0.00028 0 1.5e-05 1e-05 0.00523 4.5e-05 0.00342 3e-05 3.5e-05 5e-05 2e-05 4e-05 0.00617 0.000155 5.5e-05 2.5e-05 0.01731 0 0 0.000485 0.002705 0 0.0078 0 1e-05 0.000295 0 3.5e-05 0 5.5e-05 0 2.5e-05 2e-05 0.009325 0 0 0.000195 0.00503 0 0 0 0 0 0 0 4.5e-05 0.008585 0 0 0 2.5e-05 0.00292 5.5e-05 4e-05 0.004215 0.003035 0 4e-05 0.001365 0 3.5e-05 0.001575 0.001105 0 4.5e-05 4e-05 5e-05 4.5e-05 0 0 0.004825 4e-05 1.5e-05 0.00141 0.002245 0.00031 0.00243 1.5e-05
3e-05 0.00284 0.01043 5.5e-05 0.006915 0 0.0014 2.5e-05 0.0011 5e-05 1.5e-05 0.00446 5e-05 0 0 2.5e-05 0.00497 3.5e-05 4e-05 4e-05 0 0.01113 2e-05 0 5e-06 0 0.00107 0.000155 0.01152 0 0.002315 0 0.005935 0 0 0.002225 0 0 0 0 0.000275 0 0 3e-05 0.001155 5.5e-05 4e-05 0 0.00731 0 0 0.004825 0.004975 4e-05 0.01129 0.006735 4.5e-05 2e-05 0 4e-05 0.00322 0.00025 5.5e-05 0.00369 0 3e-05 3.5e-05 0 0.00841 0.0001 1e-05 0 0.006805 4.5e-05 0 0.0092 0.00076 6e-05 0 0 0 0 0 2.5e-05 5.5e-05 0 0.004645 0.00369 2e-05 4.5e-05 4e-05 0.000375 0 4e-05 0.001515 0 0 1.5e-05 2.5e-05 0
4.5e-05 0.000195 0.000525 1e-05 0 0 2.5e-05 0.01389 0.01006 3.5e-05 3e-05 0.011625 2.5e-05 0.002655 0 0 4.5e-05 6e-05 7.5e-05 0 3.5e-05 0.001975 0 4e-05 0 0 5e-06 2.5e-05 0.00136 0 0 3e-05 0.00041 5e-05 0.00323 3.5e-05 0.000555 6.5e-05 6e-05 3.5e-05 0.00712 0 6e-05 0 0 0.0006 1e-05 2e-05 0.003185 0 0 0.00468 0.01383 2.5e-05 0 0 5.5e-05 3e-05 0.00159 3e-05 0 2.5e-05 0 3e-05 0 0 0.000775 0 0 1e-05 2.5e-05 1e-05 4.5e-05 0 0.00464 4.5e-05 0 0 0 0 2.5e-05 1e-05 1.5e-05 0 2.5e-05 0.005855 0.00093 0.00155 1.5e-05 3.5e-05 0.002185 0 0.003515 0.000245 0 2.5e-05 0 0 0.004975 0.00144
0 0 0.00503 3.5e-05 0 2e-05 0.013795 0 1e-05 3e-05 0.00121 0.015885 0 2.5e-05 3e-05 0 1e-05 3e-05 0 5e-06 0 0 2e-05 0 0.001815 3.5e-05 0 0.000745 0.00066 0 0.011875 0.00071 0.000155 0 2.5e-05 4e-05 0 0 5.5e-05 5e-05 0 0 0 0.000695 1.5e-05 0.00787 4.5e-05 3.5e-05 0 0.002355 0.00582 3.5e-05 0.00425 4e-05 0.00306 0.00016 3.5e-05 2e-05 4.5e-05 0 4e-05 0 1e-05 5.5e-05 0.000205 0 0 0.01495 0 0 0 4e-05 0.00272 2.5e-05 0 3.5e-05 0.00223 0.005085 0 0 0 0.000165 0.006675 0.00301 0 0 0 0.007975 2e-05 1.5e-05 1e-05 0.000755 0 0 0.00436 3.5e-05 3e-05 3e-05 1e-05 0.000155
0.001585 0 0.00335 4.5e-05 4.5e-05 0 0 0 0.00303 0.00019 0.000125 0 3.5e-05 4.5e-05 0 0.00878 2e-05 0 0 0.01245 0.00097 0 3e-05 0 0.004765 0.00082 0.0063 2e-05 5e-06 0.008045 0.00073 3e-05 0 0.001485 0 0 2e-05 0 0.00163 0.003175 3e-05 0 5.5e-05 4e-05 0 0.01159 0.00434 3e-05 0.00034 0.010995 0.001265 5.5e-05 0 4.5e-05 2.5e-05 0 0.00879 0.003515 4.5e-05 0 0 0.000245 5e-05 0.00321 1.5e-05 2.5e-05 0 0.00708 3e-05 0.0153 1.5e-05 0 0 0 5e-05 0 0 2e-05 0 3e-05 0.00307 0 2e-05 0 0.00288 4.5e-05 0 4e-05 0.0039 0 5.5e-05 0.001365 4e-05 3e-05 0 0 3e-05 7e-05 4.5e-05 0
0 0.000825 0.002015 0 4e-05 0 0.003005 0 0.00986 2e-05 0.00028 3.5e-05 0 0 4.5e-05 4.5e-05 7.5e-05 0 0.0001 0 0.00904 0 0.00069 0 8e-05 0 0.00084 0.000145 0.000395 1.5e-05 9e-05 0 0 0.004435 0.009375 0.004015 0 3.5e-05 0 2e-05 0.00011 0 0.00125 0.001155 4.5e-05 3.5e-05 0 0.006285 0.00861 0.00018 0 2e-05 2e-05 2.5e-05 0.00412 4.5e-05 0 1.5e-05 0 2e-05 0 2.5e-05 0 0 0 0 0.01066 0 2e-05 0 0.00097 0 2e-05 0.000305 3.5e-05 0 3.5e-05 2.5e-05 0 0.008805 0 0.01019 3e-05 3.5e-05 0.00774 0.003895 0.000815 0.00874 0 0.00026 1.5e-05 4e-05 4e-05 0.001755 0 0 1.5e-05 3.5e-05 0.00742 0.01255
0 2.5e-05 0.005525 2e-05 0 0 0 3.5e-05 4.5e-05 0 9.5e-05 0 0.006315 0.00018 0 0.00882 0 3.5e-05 2.5e-05 0 0.009295 0.001145 0 0.002225 0.001635 4e-05 0 5e-06 0 0 0 4.5e-05 0 3.5e-05 1.5e-05 0 0.00644 0.00141 0.006655 3e-05 5.5e-05 0.000155 2.5e-05 0 0.002565 0.00272 0 2.5e-05 1.5e-05 0 0 0.012735 0.00846 0 0.007405 0 2e-05 4e-05 2e-05 4e-05 0 0 5e-05 0.007355 0.00845 2.5e-05 0 0 0.000765 0 2.5e-05 0.00146 0.000225 0 4e-05 2.5e-05 0.004985 0 0 1.5e-05 0 0 2e-05 0.002005 0 6e-05 0.00823 4e-05 0 2.5e-05 2.5e-05 0.00047 6e-05 2.5e-05 4.5e-05 5e-05 5e-06 3e-05 0 3e-05
5.5e-05 0 2e-05 0 0 0 6e-05 0.000465 0.003865 0 0 0 0.00059 2e-05 3.5e-05 3e-05 3e-05 0 0.000575 0.000705 0 2e-05 0 1.5e-05 0.002885 2.5e-05 0 5.5e-05 0 3.5e-05 0.0119 7.5e-05 4.5e-05 3.5e-05 2.5e-05 5e-05 0 0 0 0 0.015005 0 0.000755 0.009255 0.023295 2e-05 0.003965 3.5e-05 0 0.00984 0 0.0067 3e-05 2.5e-05 5.5e-05 0 4.5e-05 0.0009 0.009275 3.5e-05 0 0.000175 0 0 2e-05 2.5e-05 1.5e-05 3.5e-05 0 0 0 0.008555 1.5e-05 6e-05 1.5e-05 0.00445 5.5e-05 4.5e-05 0 0 2.5e-05 0.00124 3.5e-05 0.00394 0.003455 3e-05 0.00893 4e-05 4.5e-05 1.5e-05 0 0.0093 3e-05 0 0 0 0.00478 0 3e-05 0
0.00186 4.5e-05 0.00195 0 0.01511 5e-06 0.00739 0.00354 0.00755 0.008685 2.5e-05 5e-06 0 0.005655 0 3e-05 0.012985 0.000255 0 0.0007 0 4e-05 0.001785 0 0.003275 0.001395 0.00025 3.5e-05 0.01069 2.5e-05 0.00165 3.5e-05 0 4e-05 0.0079 0.00193 4e-05 0 0 0 0 2.5e-05 0 0.000875 0.006295 3.5e-05 0 0.004545 0 3.5e-05 5.5e-05 0.008035 0.00111 3e-05 0 2e-05 1e-05 6e-05 0 0.006505 3e-05 0 2.5e-05 0 3.5e-05 3.5e-05 0 2.5e-05 0 0.00547 1.5e-05 0.00729 0.008015 0.00042 1e-05 0.00107 4e-05 7e-05 0.00662 0 9.5e-05 2e-05 0 0 5e-05 0 0.00193 0 0 4.5e-05 3e-05 0.000305 3.5e-05 0 0 4e-05 0 3e-05 0 3.5e-05
2.5e-05 4.5e-05 3.5e-05 0 4e-05 0.013065 1.5e-05 5.5e-05 0.004645 3e-05 0 4.5e-05 3e-05 1.5e-05 0 2e-05 1.5e-05 0 0 0.001165 3e-05 0 0.016465 0.001205 1e-05 3.5e-05 0 0.00524 4.5e-05 2.5e-05 0 0.0006 0.00043 0 4e-05 0 0.00209 3.5e-05 4e-05 0.002555 0.003575 0 0 0 0 3e-05 0 0.00388 0 0 0.00702 3e-05 0.0109 3.5e-05 0 1.5e-05 0 0 0.00019 0 0.001085 0.005145 1e-05 3.5e-05 4e-05 5.5e-05 0 0.0004 0 2e-05 0.00077 0 0 0 0 0 0.005075 0 0.001195 3e-05 4e-05 0.00885 0 0 6e-05 3.5e-05 6e-05 2e-05 0 0.00066 0.005005 0 0.000545 0.000335 5e-06 0.001 0 0 0.00571 0
0 0 0.002845 0.001295 4.5e-05 3.5e-05 2e-05 0.00458 2.5e-05 3.5e-05 0 3e-05 0 0 0.004915 0 0 0 0 0.00052 3.5e-05 3e-05 2e-05 0 2e-05 0 2e-05 0.00018 4e-05 0.018475 0.000415 0.00922 1e-05 0.00043 0 3.5e-05 0 0 0.000155 1.5e-05 6e-05 4.5e-05 0.002965 0.000405 4e-05 2.5e-05 0.00074 8.5e-05 0 0.001695 4e-05 0.000115 1.5e-05 0.002815 0 0.002005 0.000115 0.002875 5e-05 0 1.5e-05 4e-05 2e-05 4.5e-05 2e-05 0 0 0.00241 3e-05 0 0 5e-05 0.00336 0.01179 0 0.001585 0 0.00845 0 0 0 4.5e-05 0 0 5.5e-05 0 0 0 0.012745 0.008715 0.00254 0.00071 0 0 0.0011 0.002695 0 0 0.00707 0.012025
3e-05 2e-05 0 0 0 0.0001 0.004445 0 0 4.5e-05 3e-05 0 3.5e-05 0 0 3e-05 0.00025 0.00409 1.5e-05 0.00721 5e-05 0.002315 0 4e-05 0.003355 0 0.000515 0 0.0014 4.5e-05 0.011995 5.5e-05 0.001845 4e-05 0 4e-05 0 3.5e-05 0 2e-05 0.0145 0.006185 0.004985 3e-05 0.001915 0 2.5e-05 1.5e-05 3e-05 0.003615 2.5e-05 0 0.007265 4e-05 0 0 0 0 2.5e-05 0 0 0.002205 3e-05 0 0.00019 2.5e-05 0.005425 0 0.00088 0.009575 2e-05 3e-05 0 0.000155 4e-05 0.017105 0.014955 3e-05 0 5.5e-05 3e-05 4.5e-05 2e-05 2.5e-05 0.00013 0 0.004975 0 0 5e-05 0.00107 0 0 0 0 2.5e-05 0.00597 0 2e-05 2.5e-05
0 0.004275 0 0 0 0 0.000105 4e-05 0.000495 0.007315 2e-05 4.5e-05 0 0.01517 7.5e-05 0.00046 0.008385 0 3e-05 0.006685 0.00413 0 0.00105 0.00095 0 0.00318 0.002245 4.5e-05 0.01184 0 5e-06 0 0.00085 0 0 0.00077 0 0.000715 2e-05 2.5e-05 7.5e-05 0.00886 0 0 0.00023 0 0.00043 0.00062 0.001155 1.5e-05 3.5e-05 0.009725 0 0 0.001705 0.003455 2e-05 0 0 1e-05 0 0.001675 2e-05 0.010505 0.00013 0 2e-05 3.5e-05 0.01015 0.002455 1.5e-05 0.00021 4.5e-05 0.001645 5.5e-05 3.5e-05 0 3e-05 0 0 0.01442 0.004815 1.5e-05 0.00181 4e-05 0 0 0 0 3.5e-05 2.5e-05 0 5e-06 5e-05 4.5e-05 0.002295 0 0 6.5e-05 0.00018
5e-05 4e-05 0 0.003345 0.001675 0 0 4e-05 5e-05 5e-05 0.000355 2e-05 0.016825 0 4e-05 0 0 0 2.5e-05 0 0 0 2e-05 0.00013 4e-05 4e-05 0.012275 0.01301 4.5e-05 0 0.003 0.01149 0.000385 0.00648 2.5e-05 3.5e-05 0.006205 0.00015 0 5e-05 4e-05 0 3e-05 0.001865 0.00789 0.00856 0.00358 4.5e-05 2.5e-05 0.004335 0.007985 0 0 0 0 4e-05 2.5e-05 0 0 0 0 5e-05 3.5e-05 2e-05 0.008515 1.5e-05 0 2.5e-05 4.5e-05 0 0.002885 3e-05 0 0 0 0 0.00011 0.00585 0 0 2.5e-05 4e-05 3.5e-05 0.00254 0 3e-05 0 4e-05 0.0001 0.01021 0 0 4e-05 3.5e-05 0.002675 4e-05 2.5e-05 5e-05 2.5e-05 5e-05
0.010025 4.5e-05 0 0.005545 0.002105 0 0.010015 0 0 0.01025 1.5e-05 0.000105 0.009115 2.5e-05 0.000165 0 0.002655 5e-05 2.5e-05 0.004895 0 0 0 0 0 2.5e-05 4.5e-05 3.5e-05 2e-05 0 5e-05 0.004425 0.01266 0 2e-05 0.00131 1e-05 0.00095 0 0.001425 0 0 0 0.002205 0 0.005275 0 3.5e-05 3.5e-05 0.000695 0.006465 1e-05 1e-05 0.011655 0 3e-05 0 2.5e-05 7e-05 0 0.0022 0 0 0.011725 9.5e-05 0 2e-05 3e-05 0.00054 9.5e-05 4.5e-05 0.001485 0.006735 0 3e-05 0.000205 0.00351 0.0033 0.005775 0 5e-05 0.007115 3.5e-05 0.001185 0.00073 2.5e-05 0 0 5e-05 0 0.001095 0 3e-05 0.00383 0.00953 2e-05 3.5e-05 0 0 0
2.5e-05 0.000145 0 0 3e-05 0 0 0 1.5e-05 5e-05 0.002165 0.000905 0.00418 0 0 0 2.5e-05 0.0002 0 2e-05 0.00774 0 1.5e-05 0 0 0.00198 2e-05 0.009595 5.5e-05 0.0061 0.003115 0.00571 3e-05 2.5e-05 5e-05 0 0 4e-05 0.000185 0.00825 3e-05 2.5e-05 2e-05 0.003875 4.5e-05 0.00299 3.5e-05 0 0 0 0.006055 5.5e-05 2e-05 1.5e-05 0 0 5e-06 0.000175 3.5e-05 4e-05 0.00495 3.5e-05 0 1.5e-05 0 0.011455 0.002315 0.008215 4e-05 0 0 1e-05 0.006375 3e-05 0.000975 0 5e-05 0 1.5e-05 0.00983 3e-05 5e-06 0 0.010065 0.00061 4.5e-05 0.000105 0 3e-05 0 0.00447 0 0.00209 0.003555 0 0 4.5e-05 0.01158 1.5e-05 0
2.5e-05 0 0.010085 0.006485 0 0 2e-05 4.5e-05 9.5e-05 0 4.5e-05 0.000115 0 0.00636 2e-05 0 0 0 2e-05 0 0.012285 3.5e-05 0.001635 1.5e-05 0 0 0 0.000985 0.00993 0.004285 0 0 0 0.005155 0 0 0.012285 0 0 0 0.00188 0 3e-05 1.5e-05 0.00352 0.00372 6e-05 0 0.00102 0.008875 0 0 3e-05 5e-06 4.5e-05 0.00056 0.000595 1.5e-05 2e-05 4e-05 3e-05 3e-05 0 0.000795 4e-05 1.5e-05 0.001645 0.008735 0 3e-05 0 4.5e-05 3.5e-05 0.000685 0.001345 2e-05 0.00712 0 3e-05 0.00746 0.00104 1.5e-05 0 0.00016 3e-05 0 0.00047 0.00012 0.012975 0 0 4e-05 0.003415 0.00673 0 0 0.00012 0 0.003545 4.5e-05
0.0001 4e-05 0 0 2e-05 2e-05 4.5e-05 3.5e-05 0.00074 0 0 0 3e-05 0.001475 2e-05 0.00407 0.000385 0.000165 1.5e-05 0.00054 0 0.00084 0.001345 1.5e-05 0 0 0.004155 0 0.005745 0.000325 0 0.00097 0.00799 0.00104 0 0 0 5.5e-05 0 0 3.5e-05 4.5e-05 0 0 3.5e-05 0.00553 0 1.5e-05 0 0.00665 0 0 0.006375 2.5e-05 0.000135 0.003495 0 0 0.008105 1e-05 0 3e-05 0 0.007225 0 2.5e-05 0 0 0 3.5e-05 0.000275 3e-05 5e-05 5e-05 0 4.5e-05 0 0.01113 0 3.5e-05 0.000105 0 2e-05 0.002055 0 0 0 4e-05 0.009705 0 0 0.00014 8e-05 0.00093 5e-05 3e-05 0 0.000475 0.00089 0.00126
0 0 2.5e-05 2.5e-05 8.5e-05 0.00011 8e-05 0.00255 0 0 0.00417 2e-05 0 0 3e-05 2e-05 0 0.00689 0 1.5e-05 2.5e-05 0 3.5e-05 5e-05 2.5e-05 2.5e-05 0.00048 0 0.001505 3e-05 0.016675 3.5e-05 2.5e-05 0 0.005425 0.003235 6.5e-05 0 0 0.014135 0 0.010525 5e-05 0.006655 3.5e-05 0 0.004555 0.001895 2e-05 0.001615 6e-05 3.5e-05 0 0 0.00063 1e-05 0.00056 3e-05 0 0 0 0 2.5e-05 0 0.00245 0 0 3.5e-05 6.5e-05 0 0.004695 7.5e-05 0 0 0.00042 3e-05 0.00049 0 0 0.004715 0.0005 0.00818 3.5e-05 0 4.5e-05 0 0 0.00299 1e-05 0 4e-05 0.004245 5e-05 0.000135 0.00082 0 0 1.5e-05 0.000375 0
0.00842 0.004065 0.003005 3e-05 0.00119 4.5e-05 3e-05 0 0 0.00182 0.000265 0 0 0.001175 2e-05 0 0 0.00204 7.5e-05 2.5e-05 0 0.01332 0 0 5.5e-05 0.00561 0 3.5e-05 0.00691 0 0.00037 2.5e-05 0 2.5e-05 0 0.004405 5.5e-05 4e-05 1.5e-05 2e-05 0.00295 0 2.5e-05 2e-05 3e-05 0 3e-05 0 0 2.5e-05 0 0.002645 0.000285 0 0.002655 0 0 1.5e-05 0 0 0.00129 0 1.5e-05 0 4.5e-05 0 6.5e-05 0 0.007305 3.5e-05 0 0 0.00039 0.007755 2e-05 0 0.001245 0.003125 0 0.00474 0.00473 4.5e-05 5e-05 0 0 0.003465 2.5e-05 0.000845 4e-05 0.000295 3.5e-05 5.5e-05 0 0.000245 0.000445 0.00771 2.5e-05 0 0 0.00609
0 6e-05 0.00028 0 0.00044 0.017475 0.00011 0.00333 2.5e-05 2.5e-05 0 0.00201 3e-05 0.000355 0 0 0.00126 2.5e-05 3e-05 0 3e-05 0 0.00253 0 2e-05 3.5e-05 5e-05 0 0 0.012385 8.5e-05 0.00864 0 0.00799 4e-05 0 3.5e-05 0 0 0 4e-05 2e-05 0.0008 0 0.001645 3.5e-05 2e-05 0.00549 2.5e-05 5e-05 3.5e-05 4.5e-05 2.5e-05 0.000295 0.005065 3e-05 4.5e-05 6.5e-05 3.5e-05 0 2.5e-05 3e-05 2.5e-05 0 4.5e-05 4e-05 0 1.5e-05 5e-05 0 3.5e-05 0.00058 0 4.5e-05 5e-05 0.007755 1.5e-05 0 0.009695 0.002495 0 3e-05 0.000245 0 0 0 0 0.00506 0.005925 0 0.00686 2.5e-05 6.5e-05 5.5e-05 0 0 5e-05 0 0 0.00112
0.002695 0.00019 5e-05 2.5e-05 0.000725 4e-05 0 5e-05 1.5e-05 0 0 0 4.5e-05 0.00936 0 2e-05 0.00926 3e-05 0 0 4e-05 1.5e-05 0 0.006285 3.5e-05 0 1e-05 4.5e-05 0 5.5e-05 4e-05 3.5e-05 0.004535 0 0.001365 0.00142 2.5e-05 0 3e-05 0 5e-06 0.00015 0 3.5e-05 4.5e-05 0 3e-05 0.001495 0.00752 0 0 8.5e-05 0 1e-05 0.00545 0 0.00319 6e-05 0 0.00467 0 3e-05 5.5e-05 0 0 0.01014 0 0.000285 4.5e-05 0.00471 0 3e-05 0.0001 3.5e-05 0 0.00217 0 4e-05 0.00389 4e-05 0.002225 0.00093 0 0 3.5e-05 0.00368 0 0.010685 0 0.014895 0.000965 0 0.01175 0.003425 0.008005 0.000325 0 1.5e-05 0.0001 0
3e-05 0 0.00023 0 0 2e-05 0 0 0 0 1.5e-05 0 0.00028 2.5e-05 0.01505 0.00906 4.5e-05 0 0 0.010195 0.001175 0 5e-05 0 5e-05 0 0 0 0.001545 0.00242 0.005765 0.00209 3e-05 0.01704 0 4.5e-05 0 2e-05 0.00079 0.000575 6e-05 0.00198 0 0 0.00043 0 0.005805 4.5e-05 0 0.007705 3.5e-05 0 2e-05 0 3.5e-05 5e-05 0 3.5e-05 3.5e-05 0 0.000545 0 0 3.5e-05 2e-05 4.5e-05 3e-05 0.000125 4.5e-05 0.000305 3.5e-05 0.01029 0 1e-05 5e-05 2e-05 0 0 0.005575 0.000185 0.00643 2.5e-05 3.5e-05 3.5e-05 0.010955 3e-05 6e-05 2.5e-05 0.000235 4e-05 0.001055 0 0 2e-05 3e-05 2e-05 0 5.5e-05 0 3e-05
0 5.5e-05 6e-05 5e-05 0 0 2.5e-05 0.000615 0 2e-05 3e-05 0 0.000385 4e-05 0 0 3.5e-05 0.002885 2.5e-05 0 0 0 0 2e-05 0 2.5e-05 2e-05 3.5e-05 2.5e-05 3.5e-05 5.5e-05 0 0 0 2.5e-05 3e-05 2.5e-05 3.5e-05 3e-05 0.002365 0 5e-05 0.00022 0 0.00399 2.5e-05 0.00735 0.014675 0 0 0.004305 4.5e-05 0 0.00926 6e-05 1e-05 0 4.5e-05 0 0.000135 0 0 0.000515 4.5e-05 3e-05 2.5e-05 0.005005 5e-06 3.5e-05 0 0.002325 0.002235 2e-05 0 0.000605 0 0 0 0.015895 0.00121 0.00784 0 1.5e-05 0.00396 0.00842 5.5e-05 0.000475 4.5e-05 0.013795 0 5e-06 0 0 0.0042 0.004695 4e-05 0 0.005305 0 4.5e-05
4e-05 0 2.5e-05 3e-05 0 0.0027 0.00253 0.00621 5e-05 4.5e-05 3.5e-05 3e-05 0 3e-05 0 0.00727 0 0 0 0 0.0093 2.5e-05 2.5e-05 0 0.00022 0 0 0 3e-05 0.000645 4e-05 0 4e-05 0.002355 0.001885 3e-05 4e-05 1.5e-05 0.00016 9.5e-05 2.5e-05 0 5e-05 0.018325 0.013325 4e-05 0 0 1.5e-05 2e-05 0 0 3e-05 2e-05 3e-05 0 2.5e-05 0.003255 4e-05 0.00085 0.000715 0.00137 0 5e-05 4.5e-05 0 0 3e-05 0 0.00461 2e-05 6.5e-05 0 0.00029 0 0 2.5e-05 0 0.006315 0 0 0.004185 5.5e-05 2e-05 0.011605 2e-05 0 3e-05 0.001185 3e-05 0 0.001465 7e-05 4.5e-05 4e-05 2.5e-05 0 3.5e-05 0 0.008325
0 0 0 0 3e-05 0.00402 9e-05 3e-05 0.00022 0.002795 0.00347 0 0 4e-05 1.5e-05 0.00169 3e-05 3.5e-05 0.0016 0 7e-05 0.00178 0 0.00172 0.008105 0 0 0.00043 0.000445 3e-05 0.0063 2.5e-05 0.007515 0 2.5e-05 0.007125 3e-05 0 3.5e-05 0.002885 0 0 0.006485 5e-05 0 0 0 0 3e-05 0.005435 3e-05 5e-05 0 0.001515 0.00683 3.5e-05 0.00236 5e-05 0.00089 0.00269 2e-05 0 5e-06 3e-05 0 0 2.5e-05 0.002195 8.5e-05 4e-05 0 0 0.006395 0 2.5e-05 0.0001 0.003105 0 0.007645 0.00014 0 0.002155 0 2e-05 0.00138 0.00114 0.00094 0 0 0 9.5e-05 0 3.5e-05 0.000785 1e-05 4.5e-05 0.002705 0 5e-05 3.5e-05
4.5e-05 0 3.5e-05 0 0.000425 0.00078 4e-05 3e-05 3e-05 2e-05 0.00332 0 0.003425 0.0001 0 3.5e-05 3.5e-05 2e-05 0.001845 0 0.00158 0.01045 0 0.0129 4e-05 0.016675 0.003455 0 0 2e-05 0.006455 0.00524 0 0 0.00387 0 5.5e-05 5e-06 0.01452 1.5e-05 0 6.5e-05 0.00258 0 2e-05 0 4.5e-05 1.5e-05 2.5e-05 0 0 0.001005 0 5e-05 0 5e-05 2e-05 4.5e-05 0 0.0055 0 0 0 0 0 0 0.00011 0.00794 2e-05 0 0.00654 4e-05 5e-06 5e-05 0 0 3.5e-05 4e-05 4e-05 0 4e-05 3e-05 0.01049 0 0 0 1e-05 3e-05 3e-05 0 3e-05 0.008605 3.5e-05 0 4e-05 0.00512 0.000455 0 0.002105 0.00465
0 1.5e-05 0.005315 0.00309 0.000545 4e-05 0 5e-05 0.004095 0 0 0 2.5e-05 1e-05 0 5e-05 0 4.5e-05 0 0.00112 6.5e-05 0 0 0.002615 0 0.006305 6.5e-05 4e-05 3.5e-05 0 0.00814 0 0.00928 0.008295 0.004415 0.01943 4.5e-05 4.5e-05 0 5e-05 0 0.001895 0.000375 6e-05 4e-05 0 4e-05 3e-05 2e-05 0 7e-05 3.5e-05 2e-05 3.5e-05 2.5e-05 4e-05 0 0 1e-05 0 0 4.5e-05 4e-05 0 0 0.013575 5.5e-05 0.00015 0.00719 0 0.014265 3.5e-05 0.00108 0.00011 0.0001 5.5e-05 4e-05 4.5e-05 0 5.5e-05 0.005675 0 0.00518 0.003795 5.5e-05 0.006305 0 5e-05 0 0.00091 3.5e-05 0 9.5e-05 0 0 0 0 1.5e-05 0.00859 2.5e-05
1.5e-05 5e-06 2e-05 6e-05 0.00244 0 0.002895 0 0.00178 0 0 4e-05 0 6.5e-05 0.000135 1e-05 0.013065 3.5e-05 0 0 5.5e-05 0 2.5e-05 0.004145 0 0 5e-05 0 2e-05 2e-05 0.0093 0.0119 0 0.00012 0.00044 0.004045 0 3e-05 0.00052 0 0.000535 2e-05 0 2.5e-05 0 3e-05 0 3e-05 0.007185 0.007315 0 5.5e-05 0 4.5e-05 0 0.00494 5e-06 0 2.5e-05 0 3.5e-05 2.5e-05 3.5e-05 0 3e-05 0.00041 5e-05 5e-05 0 0 0 0.001535 2.5e-05 0 0.009895 0.00564 2.5e-05 0 6e-05 3.5e-05 0 7e-05 4e-05 5.5e-05 5e-05 0.00973 4e-05 4e-05 3.5e-05 0.002155 0.011245 0.000965 0 2.5e-05 2.5e-05 0 0 0 2.5e-05 0
0.001675 0 0.001765 0 0.004595 3e-05 2.5e-05 3.5e-05 3e-05 0 0.00599 3.5e-05 4.5e-05 0.006975 0 0 0.00184 6.5e-05 0 2.5e-05 0 3e-05 0.00297 2.5e-05 0 0.001525 3.5e-05 0.004435 0 4.5e-05 3.5e-05 3.5e-05 0 0 0 4.5e-05 0 4.5e-05 0 4e-05 3e-05 0.0007 0.0002 0 0.001275 0 0.00646 3.5e-05 2.5e-05 2.5e-05 0.003935 3e-05 0.00104 0 0 0 0.00187 0.001915 0 0.00509 0 0 0.008155 0 0 0.00036 0.010705 0 0.004235 0.000715 0 0 0 0 0 4e-05 0 0.003595 0.001635 1.5e-05 0 0 0.00104 0.00088 4.5e-05 0.002725 0.00313 0 0.00294 0 0.005645 2e-05 0.004935 2e-05 0.00673 2.5e-05 4.5e-05 0.0014 6e-05 0.003015
7e-05 0.00038 0 4e-05 0 5e-05 0 2.5e-05 0 0.005945 0.001595 0.0028 4e-05 1e-05 0 4e-05 0 0 0.00199 4e-05 0.000115 0.005525 0.00283 0 1.5e-05 0.003485 0 4.5e-05 3.5e-05 0 4e-05 3.5e-05 0 1.5e-05 0 0.00902 4e-05 0.00045 5.5e-05 2.5e-05 0.0048 2e-05 3.5e-05 0 7.5e-05 0 0.00222 0 5e-05 0 5e-05 1.5e-05 5.5e-05 4e-05 5e-06 0 0 0 0.00818 0 0.0038 5e-05 0.00402 2.5e-05 2.5e-05 0 0 0.000935 0 3e-05 4e-05 0.003175 0.0014 3e-05 0.008715 1.5e-05 0.005665 0 0 0.0066 3.5e-05 0 2e-05 3e-05 2.5e-05 2.5e-05 0.000155 0 3e-05 0 4e-05 0.000985 2.5e-05 0.00164 3.5e-05 0 0 0.003805 0 2e-05
0 2e-05 3.5e-05 0.00569 0 0.00494 0.000165 0 0.00017 0.000275 4.5e-05 0 0.001905 2e-05 0.00185 0 0 4e-05 0 2.5e-05 0 0.009905 0 2.5e-05 0.00498 9.5e-05 0 0.00019 0 0.000455 0.00084 0 0.003175 0.000835 0 5e-05 0.00235 0 0.00024 0.00426 0 0 0.007595 0.003715 0 0 4e-05 0.010905 0 3.5e-05 1e-05 0 0.00012 0 0 0.004865 2e-05 0 0 3.5e-05 0 0.01053 0.000725 0.00282 0 3e-05 7e-05 2.5e-05 0.00683 2e-05 0.006235 2.5e-05 0.002125 0.008325 4e-05 0.00988 0.002905 0.007965 0 0.002335 0.006575 0 4.5e-05 0 0.014145 0.00143 3.5e-05 3e-05 1e-05 1.5e-05 0 0 2.5e-05 0 0.000945 0 5e-06 1.5e-05 0.00683 0
0 3.5e-05 4e-05 0 4e-05 0.00271 0 3.5e-05 0 0 0.0066 0 4.5e-05 0 0 3.5e-05 5e-05 7e-05 0.002065 0 0.003185 0.000305 4e-05 0.000695 0.001185 0 6e-05 5e-06 2.5e-05 0.00922 0 3e-05 0.006285 0 0 3e-05 1e-05 2.5e-05 0 0 0.000985 4e-05 0.01356 0.00899 0 3.5e-05 6e-05 3e-05 0 0 3e-05 3e-05 0 0 0 0.007725 1e-05 0.000275 3e-05 0.003815 0 0.00068 3e-05 0.000185 0 3.5e-05 5.5e-05 1e-05 0.00141 3e-05 0.01042 2.5e-05 0 0 0 0.00748 0.00049 0.00283 0 0 0.00523 3.5e-05 4e-05 0 4.5e-05 0 0 5e-05 4e-05 0.001475 3e-05 0.00173 3.5e-05 0.002425 0 2e-05 0 0 2e-05 0.00531
0.00217 0.00029 0 5.5e-05 0 0.014315 0.006075 1.5e-05 0 0.00537 0.004455 5.5e-05 0.002275 3.5e-05 0.00768 0 3e-05 7.5e-05 0 0 0 0 0 0.00324 0.007635 4.5e-05 0.00016 0 8.5e-05 0.00126 0 2.5e-05 5.5e-05 6.5e-05 0 0.00239 5e-05 5e-05 0 0 0 3.5e-05 8e-05 0.014795 0.0013 0.00414 0 3e-05 5.5e-05 0.00826 0.00881 4e-05 0.005355 2.5e-05 5.5e-05 2.5e-05 0 2.5e-05 4.5e-05 0 3e-05 0.010865 0.0059 0 1.5e-05 0.009805 0 0 0 2.5e-05 0 5e-05 4.5e-05 4.5e-05 0.00043 0 2.5e-05 0 0 0 0 1e-05 0 2e-05 0 3.5e-05 0 0 0 2e-05 2.5e-05 5.5e-05 3e-05 0 0.00018 0 2e-05 0 0.002935 6e-05
0.000155 1.5e-05 3.5e-05 0 0.008725 0.00383 3e-05 3e-05 0 3.5e-05 5.5e-05 0 0.000285 9e-05 0 0.00183 0 3e-05 0.01002 0 0.00024 4e-05 0 0 0.010955 0 0.00093 0 4e-05 0.00102 8.5e-05 0.006355 3.5e-05 1.5e-05 0 2e-05 3e-05 0 0 0 0 2.5e-05 2.5e-05 0 6e-05 0 0 4.5e-05 0.0049 0 0.003005 3.5e-05 0 0.009545 0.00017 0 0.00472 2.5e-05 3e-05 7.5e-05 4.5e-05 0.00892 0.01072 0.0013 0 2.5e-05 0 0.000495 0 5e-05 0.00155 1.5e-05 1.5e-05 0 0 0.00105 0 2.5e-05 0.00043 0.004845 0.01196 0.0114 0 0 7.5e-05 3e-05 6e-05 0 0 0.000275 0.004445 0 0.005085 0.00045 6e-05 0 3e-05 0 0.001185 0
