0.000495 4e-05 0.004695 2.5e-05 0.00212 0 0.000225 0 4e-05 3e-05 0.00727 0.008835 0.008295 6e-05 0 0 0.00821 0.00241 0 5e-06 3.5e-05 3.5e-05 0 0.00027 0 0.002125 0 0 4.5e-05 0.004235 5.5e-05 0 0.004625 0.0063 3e-05 8.5e-05 0.00018 2e-05 0 3.5e-05 0 1.5e-05 0.00341 5.5e-05 0.00653 1e-05 6e-05 0 0.01019 4.5e-05 2e-05 0 0.01187 0.00304 3e-05 0 5e-05 2.5e-05 2e-05 3e-05 0 0 1.5e-05 0.006615 5.5e-05 3e-05 2.5e-05 4.5e-05 0.00147 0 4e-05 3e-05 2.5e-05 0 0.00223 6.5e-05 0.014235 0 0 6.5e-05 4.5e-05 0 0 1.5e-05 5.5e-05 0.00698 0 0.003435 0.00209 3.5e-05 0 0 3e-05 0.000755 1.5e-05 0 0 0 4e-05 5e-05
0 0.0015 0 0 4.5e-05 0 4.5e-05 1e-05 0 1.5e-05 2e-05 9e-05 0 0 0 0 0.00914 0.006625 0.002265 3.5e-05 0 0 2.5e-05 2e-05 0 0.00066 0 0.004385 3.5e-05 5e-05 3e-05 0.001885 3e-05 1.5e-05 0.004995 2.5e-05 0.002255 0 0 0 0 0 0 0.00534 1.5e-05 7.5e-05 1.5e-05 0 0.00919 0 3.5e-05 0 6.5e-05 2.5e-05 0 0.00466 1.5e-05 0 5e-05 0.00081 0.004545 3e-05 0.011715 1e-05 0.00275 3e-05 2.5e-05 0.001765 0.01347 4e-05 0 5e-05 2.5e-05 0 0 4.5e-05 0.000285 3.5e-05 0 3e-05 0.00689 1.5e-05 5e-05 1.5e-05 4e-05 0.013715 4.5e-05 4e-05 1.5e-05 0 2.5e-05 0 2.5e-05 0.01074 5e-05 0.00326 3e-05 0 0.014585 4e-05
0.00194 0 0 0.00017 0 0 1.5e-05 4.5e-05 3.5e-05 4e-05 1.5e-05 3e-05 5e-05 4.5e-05 1e-05 0.00632 0.00072 5e-05 0 0.008825 0 0 1e-05 2.5e-05 0.013915 0 0 3e-05 0 2e-05 0 3.5e-05 4e-05 0 0.00036 0 0 0 0.003365 2e-05 3e-05 2e-05 2.5e-05 0 0.000405 4.5e-05 1.5e-05 1.5e-05 0.013535 0 3e-05 4.5e-05 3.5e-05 0.00193 4.5e-05 0 0 2.5e-05 3e-05 0.003575 0 3e-05 0.01222 6.5e-05 2.5e-05 3.5e-05 3.5e-05 4.5e-05 0 0.01202 0 0 1.5e-05 0 0 5e-05 2.5e-05 1.5e-05 0 4e-05 2.5e-05 0 4.5e-05 0 0.00219 7.5e-05 0 3.5e-05 0 2.5e-05 0.001795 4e-05 5.5e-05 0.008375 0 0 0 0 0 2e-05
4e-05 7e-05 2.5e-05 0.003675 0.004175 0.000845 0 0 0 0 1e-05 4e-05 0 0.00838 3.5e-05 0 2e-05 0 0 0.00123 0 0.00099 5.5e-05 0.00255 0 0 3e-05 0.00439 0.000605 0 3.5e-05 5e-05 0 0.002955 0.00023 1.5e-05 0 5e-05 0 0.003755 0.005335 0.000315 0 0 0 0 0.00467 0.012115 0 0.003345 4e-05 0 0 0 0.008445 0 2.5e-05 0 0.01185 4.5e-05 1.5e-05 2.5e-05 2e-05 0.009115 0.00106 2e-05 0 0 4e-05 0 2e-05 0.00415 3e-05 0.00371 0.00367 0.0056 0.00034 3.5e-05 0 0 0 0.011225 0.005145 0.006395 2.5e-05 1.5e-05 0.00512 0.007505 5e-05 6.5e-05 3e-05 0.004045 0 2e-05 0.00731 2.5e-05 0.0003 3.5e-05 5e-05 1e-05
0 0.00045 3e-05 0 3e-05 0.00246 7e-05 0 0 0.00746 0 3.5e-05 0 0 0.00026 5e-06 0.00028 0.0012 0.001265 5e-05 2.5e-05 0.00153 0.002425 4e-05 0 0 0.00685 0 2.5e-05 1e-05 3.5e-05 0.003055 4e-05 2e-05 6.5e-05 0 2e-05 0 2.5e-05 4e-05 0 4e-05 2e-05 2e-05 0 5.5e-05 0.00539 3.5e-05 0 5.5e-05 0 0.00134 0 4e-05 0 3.5e-05 0 1.5e-05 0.004545 4e-05 0 5e-05 0.008935 0.00042 0 0.007025 2.5e-05 0.00022 0 3.5e-05 0.00181 0 0.005085 2.5e-05 5e-05 4.5e-05 0.00343 1e-05 0.000345 0 0.004435 0 0.001045 0 0 1e-05 0.00634 0.00188 0 0.0008 0 2e-05 0 3.5e-05 2.5e-05 3.5e-05 0 0.0038 0 0.00904
0 0.00737 0 2e-05 3.5e-05 0.00672 2.5e-05 3e-05 0 0 3e-05 0.00145 0 3.5e-05 0 3.5e-05 2.5e-05 0.000525 0.00687 0.009755 3e-05 6.5e-05 0 2.5e-05 0.00166 5e-05 0 2e-05 4e-05 2e-05 0.000315 1e-05 0 0 0 0.00155 0 0.0047 0 0 4e-05 1e-05 3e-05 0 2e-05 0.012405 3.5e-05 3e-05 0.00105 2.5e-05 0 2.5e-05 3.5e-05 3e-05 6e-05 0 0.00071 0 1e-05 0.00193 0 0 9.5e-05 0 0.009395 0 0.00441 0.00377 0 0.004095 0 3.5e-05 0.00056 0 0 0.0011 4.5e-05 4e-05 0.008105 0 0 3e-05 0 4e-05 0.00737 0.00257 3e-05 5e-06 0 3.5e-05 0.00199 0.001655 3e-05 0 2.5e-05 0.00474 2.5e-05 0 0.00257 2e-05
2.5e-05 0 0 0 0.00689 0.004115 0.000885 5e-05 0.002235 0 2e-05 2e-05 6e-05 4.5e-05 3e-05 5e-06 0 0.00513 0 3.5e-05 0.00072 0 0.00217 0.00761 3.5e-05 0 0.000625 0.002105 0 1e-05 3e-05 1e-05 8.5e-05 3e-05 0.001455 0.00028 3e-05 1.5e-05 7.5e-05 0 1e-05 0 0 0 0 0.00538 0.00033 5.5e-05 2e-05 0 5.5e-05 3.5e-05 0.0034 3e-05 0 2.5e-05 0 0 0.00275 0.000355 0.009515 2.5e-05 0 0.001545 3e-05 0.00038 0 0.01299 3e-05 0 2.5e-05 0.001755 2.5e-05 0 0.00424 0 0 0.00487 0 0.00018 0 0.006635 0 4e-05 6.5e-05 0 3e-05 0.013965 4e-05 0 5e-05 3.5e-05 0 2e-05 0 0.010235 0 3e-05 0 0.009805
1e-05 3e-05 0 0.012605 1e-05 5.5e-05 2e-05 5.5e-05 3e-05 2.5e-05 6e-05 4.5e-05 0 4e-05 0 0.01857 0.00039 0.007205 0.00191 0.0009 0 3e-05 2e-05 0.001255 4e-05 5e-05 4e-05 0.003955 0 0.005975 2.5e-05 4.5e-05 3.5e-05 0 0 0 2.5e-05 0 3.5e-05 0.00018 0 0 0 0 4.5e-05 0 0 2.5e-05 0 0.00491 0 8e-05 3e-05 4e-05 0 1e-05 0.0064 3e-05 2e-05 0.00711 0 0.001965 5e-05 1.5e-05 0.005165 2.5e-05 0 0.00114 1e-05 2e-05 4.5e-05 0 0 0 0 0 2e-05 0 0.001625 0 0 0 4e-05 0 6e-05 1e-05 2.5e-05 5e-05 2.5e-05 0 4.5e-05 0 0 0.00504 0 1e-05 6e-05 0 3e-05 3e-05
4e-05 0 0 0 0.00029 0 0 0.0002 1.5e-05 0.011025 0.005995 0 0.000465 0.000895 0.0001 1.5e-05 0.002995 0.005 0 0.000245 6.5e-05 0 0.00028 0 0.0058 1e-05 0.01739 0.000185 1.5e-05 3e-05 0.000825 7.5e-05 2e-05 6e-05 0.00455 5e-05 5.5e-05 2.5e-05 0.008605 0 0 4.5e-05 0.004315 0 0.00409 0 1e-05 0.001295 0 3.5e-05 0 0.00033 0 2.5e-05 2e-05 0.00222 0 0 0.000195 3.5e-05 0 0 0 0 0 0 0 4.5e-05 0.00893 0 0 0 0.001625 0.00292 2e-05 4e-05 0.01397 5e-05 0 4e-05 0.001365 0 3.5e-05 3e-05 2.5e-05 0 0.00285 0.007225 0.004195 0.003615 0 0 4.5e-05 4e-05 1.5e-05 5e-05 5e-05 3e-05 0.00945 1.5e-05
3e-05 5e-05 0.005915 0.00063 4.5e-05 0 0.0014 2.5e-05 0.008645 5e-05 1.5e-05 3.5e-05 5e-05 0 0 0.00442 2.5e-05 3.5e-05 4e-05 0.00357 0 4e-05 0.00029 0 5e-06 0 4e-05 1.5e-05 0.01265 0 0.002315 0 2.5e-05 0 0 0.00263 0 0 0 0 1.5e-05 0 0 0.00225 3e-05 5.5e-05 0.00631 0 0.003875 0 0 5e-05 5e-05 0.01253 0.0047 4e-05 0.00589 9.5e-05 0 0.00819 0.00709 0.00025 5.5e-05 3.5e-05 0 3e-05 0.000355 0 4e-05 0.0001 1e-05 0 4.5e-05 4.5e-05 0 0.00189 2.5e-05 0.000395 0 0 0 0 0 0.002285 0.007585 0 2e-05 4e-05 2e-05 4.5e-05 0.004685 4e-05 0 0.00085 0.001515 0 0 1.5e-05 2.5e-05 0
4.5e-05 2.5e-05 2.5e-05 1e-05 0 0 0.010325 0.008625 0.006795 3.5e-05 0.00035 0.00488 2.5e-05 0.009575 0 0 0.0001 0.00011 7.5e-05 0 0.004695 0.001975 0 0.00386 0 0 5e-06 0.001195 0.002895 0 0 3e-05 0.010065 5e-05 4e-05 3.5e-05 0.000555 0.00703 3.5e-05 0.00795 0.008835 0 6e-05 0 0 2e-05 0.007255 0.00338 3.5e-05 0 0 0.000135 0.00963 0.001945 0 0 5.5e-05 3e-05 0.00159 3e-05 0 0.00255 0 0.013185 0 0 3e-05 0 0 1e-05 2.5e-05 1e-05 0.00019 0 0.007525 0.00256 0 0 0 0 0.002285 2.5e-05 0.00664 0 2.5e-05 2e-05 0.00093 0.00808 0.003035 3.5e-05 3.5e-05 0 0.002465 3e-05 0 2.5e-05 0 0 1.5e-05 0.00144
0 0 2.5e-05 0.00225 0 4e-05 3.5e-05 0 1e-05 0.00558 0.00053 4e-05 0 0.001405 3e-05 0 1e-05 0.013365 0 0.00051 0 0 2e-05 0 0.001815 3.5e-05 0 0.000745 0.00066 0 0.000835 2.5e-05 4.5e-05 0 0.01194 4e-05 0 0 5.5e-05 5e-05 0 0 0 0.000695 1.5e-05 3e-05 4.5e-05 3.5e-05 0 4e-05 0.001075 3.5e-05 3e-05 4e-05 4.5e-05 5e-05 0.00836 2e-05 0.004475 0 4e-05 0 0.007805 5.5e-05 0.000205 0 0 0.01079 0 0 0 4e-05 3e-05 2.5e-05 0 0.015695 6.5e-05 4e-05 0 0 0 1.5e-05 0.005065 3.5e-05 0 0 0 4e-05 2e-05 3.5e-05 1e-05 0.000755 0 0 2.5e-05 0.003115 3e-05 0.00327 0.011385 5.5e-05
3.5e-05 0 0.00401 0.005915 0.000655 0 0 0 0.006355 3.5e-05 5.5e-05 0 3.5e-05 4.5e-05 0 2.5e-05 0.00281 0 0 4e-05 0.00269 0 3e-05 0 0.00323 0.00082 5e-05 2e-05 5e-06 3e-05 0.00073 0.01125 0 0.010645 0 0 2e-05 0 0.00163 0.00101 3e-05 0 5.5e-05 4e-05 0 0.00681 3.5e-05 3e-05 0.007315 0.01222 4e-05 0.00026 0 0.00917 0.006865 0 0.002975 0.01362 4.5e-05 0 0 0.000245 5e-05 4.5e-05 1.5e-05 2.5e-05 0 3.5e-05 3e-05 0.01247 1.5e-05 0 0 0 5e-05 0 0 0.00037 0 0.002385 4e-05 0 2e-05 0 4e-05 0.00039 0 4e-05 5.5e-05 0 0.012925 3e-05 4e-05 3e-05 0 0 0.00406 3e-05 4.5e-05 0
0 5e-05 0.007175 0 4e-05 0 0.004625 0 0.007845 2e-05 4e-05 0.0001 0 0 4.5e-05 0.000985 7.5e-05 0 0.0001 0 0.01528 0 0.00494 0 8e-05 0 4.5e-05 4e-05 0.00134 1.5e-05 9e-05 0 0 3.5e-05 1.5e-05 0.004015 0 0.005255 0 0.000855 0.00011 0 6.5e-05 6e-05 4.5e-05 3.5e-05 0 2.5e-05 0.006655 0.00018 0 2e-05 0.000165 0.01133 0.00067 4.5e-05 0 0.000105 0 0.000215 0 0.007355 0 0 0 0 0.01372 0 2e-05 0 3.5e-05 0 0.000555 4e-05 0.001115 0 3.5e-05 0.003065 0 0.01448 0 0.00608 0.00779 0.00697 0.00296 3e-05 3.5e-05 5.5e-05 0 2e-05 1.5e-05 4e-05 4e-05 0.001755 0 0 1.5e-05 2.5e-05 2e-05 0.006565
0 0.0022 4e-05 2e-05 0 0 0 0.002715 0.0001 0 3.5e-05 0 2e-05 2.5e-05 0 0.00054 0 3.5e-05 2.5e-05 0 2.5e-05 0.004405 0 0.017355 1.5e-05 4e-05 0 0 0 0 0 0.00305 0 3.5e-05 1.5e-05 0 5.5e-05 2.5e-05 0.01017 3e-05 0.00872 2e-05 2.5e-05 0 2.5e-05 0.00399 0 0.005615 0.00371 0 0 3e-05 0.00658 0 4.5e-05 0 2e-05 0.000205 2e-05 4e-05 0 0 5e-05 1e-05 0.008075 2.5e-05 0 0 4e-05 0 2.5e-05 2.5e-05 0.000225 0 0.000575 0.003635 2.5e-05 0 0 1.5e-05 0 0 2e-05 4e-05 0 3e-05 0.001405 0.00128 0 2.5e-05 0.01052 2.5e-05 0.01448 2.5e-05 1.5e-05 0.00276 5e-06 3e-05 0 0.004365
5.5e-05 0 2e-05 0 0 0 6e-05 2.5e-05 3e-05 0 0 0 0.00059 2e-05 0.000635 3e-05 0.00021 0 0.009405 3.5e-05 0 0.003385 0 1.5e-05 0.002885 0.00954 0 5.5e-05 0 3.5e-05 2.5e-05 7.5e-05 4.5e-05 3.5e-05 0.00096 5e-05 0 0 0 0 4e-05 0 0.000755 0.003945 0.00152 0.014995 5e-05 3.5e-05 0 3e-05 0 0.004925 3e-05 2.5e-05 5.5e-05 0 0.00168 5.5e-05 4e-05 3.5e-05 0 3.5e-05 0 0 2e-05 2.5e-05 1.5e-05 3.5e-05 0 0 0 4e-05 0.002315 0.00037 1.5e-05 3e-05 5.5e-05 4.5e-05 0 0 0.002945 5.5e-05 3.5e-05 1.5e-05 4e-05 0.00217 2.5e-05 0.001525 4.5e-05 1.5e-05 0 0.004175 3e-05 0 0 0 2e-05 0 0.013055 0
4.5e-05 4.5e-05 1.5e-05 0 0.011725 4e-05 0.00159 0.003835 0.003685 5.5e-05 0.00808 5e-06 0 0.00432 0 3e-05 3.5e-05 0.000255 0 4e-05 0 7e-05 2.5e-05 0 2.5e-05 0.001395 0.00025 0.00206 0.00211 0.00053 3.5e-05 3.5e-05 0 0.00104 0.006425 2.5e-05 0.003385 0 0 0 0 0.00899 3e-05 2.5e-05 0.00999 3.5e-05 0 0.015255 0 3.5e-05 5.5e-05 0.012305 0.004105 0.00012 0 2e-05 1e-05 6e-05 0 3e-05 3e-05 0 0.000715 0 3.5e-05 3.5e-05 0 2.5e-05 0 3e-05 1.5e-05 0.004275 4e-05 0.00042 1e-05 0.000855 4e-05 7e-05 4e-05 0 9.5e-05 2e-05 0 0 5e-05 0 0.00193 0 0 0.008005 0.002315 0.000305 0.000155 0 0 4e-05 0 3e-05 0 3.5e-05
2.5e-05 4.5e-05 0.0045 0 4e-05 3e-05 1.5e-05 0.003585 0.01177 3e-05 0 3e-05 3e-05 0.002655 0 2e-05 1.5e-05 0 0 1.5e-05 0.0111 0 0.0045 0.001205 1e-05 3.5e-05 0 4e-05 0.009255 0.00351 0 0.000635 0.00043 0 4e-05 0 2.5e-05 0.00295 4e-05 0.0129 0.00623 0 0 0 0 3e-05 0 0.00385 0 0 0.000575 3e-05 0.005005 0.002215 0 1.5e-05 0 0 0.00019 0 0.001085 0.00963 5e-06 0.005105 1.5e-05 0.001605 0 0.0004 0 0.00043 3e-05 0 0 0 0 0 1.5e-05 0 0.000155 0.00194 4e-05 0.012675 0 0 6e-05 3.5e-05 0.00109 0.002665 0 0.002225 0.000115 0 0.000545 5.5e-05 2.5e-05 0.003795 0 0 1.5e-05 0
0 0 6e-05 4e-05 2.5e-05 3.5e-05 2e-05 0.00951 0.004715 0.011025 0 3e-05 0 0 0.00878 0 0 0 0 0.00052 0.00212 3e-05 0.000135 0 0.00787 0 0.001155 3e-05 0.00066 4e-05 0.008835 4e-05 1e-05 2.5e-05 0 3.5e-05 0 0 0.000155 0.00352 6e-05 0.00048 1e-05 0.000925 4e-05 2.5e-05 0.00074 3.5e-05 0 0.001695 4e-05 2.5e-05 1.5e-05 1e-05 0 3.5e-05 4.5e-05 0.002875 0.00919 0 1.5e-05 0.009745 0.000215 4.5e-05 0.00022 0 0 0.00241 3e-05 0 0 5e-05 0.003495 4.5e-05 0 0.001925 0 0.003965 0 0 0 0.00556 0 0 0.013815 0 0 0 0.00016 0.0022 0.003795 3e-05 0 0 0.00732 0.00074 0 0 0.00516 0.004365
3e-05 2e-05 0 0 0 2e-05 0.003405 0 0 0.000195 3e-05 0 3.5e-05 0 0 3e-05 2.5e-05 3.5e-05 1.5e-05 0.000315 0.006665 0.000485 0 0.00506 3e-05 0 4.5e-05 0 0.003905 0.00143 0.00553 0.004125 0.004615 0.005735 0 0.007025 0 3.5e-05 0 2e-05 0.00824 0.002285 3e-05 3e-05 0.000825 0 7e-05 0.004655 3e-05 0.009505 2.5e-05 0 0.00374 0.002085 0 0 0 0 0.004175 0 0 0.002205 3e-05 0 5e-05 0.00306 0.005115 0 2e-05 0.007475 2e-05 9.5e-05 0 0.000155 0.0026 4e-05 4.5e-05 0.005895 0 0.005445 3e-05 0.00851 2e-05 0.00028 0.00013 0 0.00835 0 0 0.00098 0.005755 0 0 0 0 0.00014 0.008 0 2e-05 0.00022
0 0.00937 0 0 0 0 5e-05 0.011335 0.000495 0.00733 0.0014 4.5e-05 0 0.00474 7.5e-05 3e-05 3.5e-05 0 3e-05 0.006235 1.5e-05 0 0.00105 4e-05 0 0.00082 0.002245 4.5e-05 7.5e-05 0 5e-06 0 1e-05 0 0 2.5e-05 0 0.001255 0.002955 0.003425 7.5e-05 0.00258 0 0 2e-05 0 0.00043 0.005855 2.5e-05 0.00229 3.5e-05 0.002605 0 0 0.001705 3.5e-05 2e-05 0 0 1e-05 0 0.007255 9.5e-05 0.00263 0.00013 0 2e-05 0.003525 3e-05 0.00468 0.003465 0.00021 0.0004 0.002905 5.5e-05 0.00072 0 0.00149 0 0 2.5e-05 0.00778 1.5e-05 0.001645 0.008915 0 0 0 0 0.008395 0.00019 0 5e-06 5e-05 7.5e-05 2.5e-05 0 0 0.003515 0.00018
5e-05 0.00043 0 1.5e-05 2e-05 0 0 4e-05 5e-05 5e-05 5e-05 0.00622 0.014015 0 4e-05 0 0 0 2.5e-05 0 0 0 2e-05 0.00013 0.006075 8e-05 0.011655 7e-05 0.01097 0 0.011475 3e-05 5e-05 6e-05 2.5e-05 3.5e-05 3.5e-05 0.00015 0 5e-05 4e-05 0 0.00078 4e-05 0.00208 5.5e-05 0.00029 0.000455 0.002855 4e-05 3e-05 0 0 0 0 0.000225 0.005685 0 0 0 0 0.00924 0.00115 2e-05 5e-05 1.5e-05 0 2.5e-05 0.000975 0 0.013895 0.00631 0 0 0 0 6e-05 0.00037 0 0 2.5e-05 0.00484 3.5e-05 5e-05 0 0.000195 0 0.001035 0.0001 3.5e-05 0 0 0.00064 3.5e-05 1.5e-05 0.00021 0.005805 0.000405 2.5e-05 5e-05
0.01014 4.5e-05 0 7e-05 0.002105 0 0.007965 0 0 0.00352 1.5e-05 2.5e-05 3e-05 0.00669 3e-05 0 2.5e-05 5e-05 2.5e-05 3e-05 0 0 0 0 0 2.5e-05 0.00278 3.5e-05 0.00023 0 0.005205 3e-05 0.0155 0 9e-05 2e-05 1e-05 0.00095 0 3.5e-05 0 0 0 4e-05 0 2e-05 0 0.01262 0.01083 0.003475 7e-05 1e-05 0.000135 3e-05 0 0.01335 0 2.5e-05 7e-05 0 0.009145 0 0 2.5e-05 4.5e-05 0 0.000365 3e-05 0.00054 9.5e-05 0.00549 3e-05 0.00848 0 0.00705 3e-05 2.5e-05 5.5e-05 3e-05 0 5e-05 0.00102 3.5e-05 4e-05 2.5e-05 0.00383 0 0 0.000515 0 3.5e-05 0 3e-05 5e-06 3e-05 0.00392 3.5e-05 0 0 0
2.5e-05 0.000145 0 0 3e-05 0 0 0 1.5e-05 0.00369 0.00096 5e-05 0.011135 0 0 0 2.5e-05 0.0002 0 0.00017 4e-05 0 1.5e-05 0 0 0.00617 2e-05 4e-05 5.5e-05 0.006695 0.003115 0.00982 3e-05 2.5e-05 5e-05 0 0 4e-05 2.5e-05 0.01192 3e-05 0.002635 2e-05 0.003875 4.5e-05 3.5e-05 3.5e-05 0 0 0 4.5e-05 5.5e-05 0.004315 1.5e-05 0 0 0.013505 4.5e-05 3.5e-05 4e-05 0.000965 8e-05 0 1.5e-05 0 0.016255 4e-05 6e-05 4e-05 0 0 0.011295 0.010645 3e-05 4.5e-05 0 5e-05 0 0.001725 2e-05 3e-05 5e-06 0 0.00328 3.5e-05 4.5e-05 0.000105 0 0.000785 0 5e-05 0 0.01939 0.001075 0 0 4.5e-05 0.00228 1.5e-05 0
0.01137 0 0.001105 4.5e-05 0 0 0.010845 4.5e-05 9.5e-05 0 4.5e-05 0.000115 0 5e-05 2e-05 0 0 0 2e-05 0 0.007355 3.5e-05 0.00085 0.000595 0 0 0 7e-05 0.00098 0.006915 0 0 0 4e-05 0 0 0.002535 0 0 0 0.00188 0 0.00264 1.5e-05 2e-05 1e-05 6e-05 0 0.01455 0.0132 0 0 0.01203 0.00144 0.00535 0.00056 0.004255 1.5e-05 2e-05 4e-05 0.01196 3e-05 0 3e-05 4e-05 1.5e-05 0.003965 0.003565 0 0.000135 0 4.5e-05 3.5e-05 5.5e-05 0.001605 0.000725 0.00345 0 3e-05 0.003405 0.000145 1.5e-05 0 6.5e-05 3e-05 0 4.5e-05 0.00335 0.008915 0 0 4e-05 5e-05 0.007305 0 0 0.00012 0 0.002895 4.5e-05
3e-05 0.004945 0 0 2e-05 2e-05 4.5e-05 0.001275 3.5e-05 0 0 0 0.013525 3.5e-05 2e-05 3.5e-05 3.5e-05 0.006625 0.000255 0.00054 0 0.009825 4e-05 0.0031 0 0 0.01063 0 0.00988 0.000325 0 0.00097 2.5e-05 1e-05 0 0 0 0.002135 0 0 3.5e-05 4.5e-05 0 0 0.00201 3.5e-05 0 1.5e-05 0 3e-05 0 0 0.00345 0.00036 0.000135 4e-05 0 0 1e-05 0.003355 0 4e-05 0 2.5e-05 0 8e-05 0 0 0 0.00524 0.006185 0.012515 0.002345 0.00487 0 4.5e-05 0 3.5e-05 0 3.5e-05 2.5e-05 0 0.002605 0.0063 0 0 0 4e-05 4.5e-05 0 0 0.00014 8e-05 3e-05 5e-05 0.0032 0 0.000475 0.001835 0.000885
0 0 2.5e-05 0.00223 5e-05 5e-06 4e-05 1e-05 0 0 0.0042 2e-05 0 0 0.00235 5.5e-05 0 0.00234 0 1.5e-05 2.5e-05 0 0.000145 5e-05 2.5e-05 0.010845 4.5e-05 0 3e-05 3e-05 1.5e-05 0.010925 2.5e-05 0 0.002575 0.014685 6.5e-05 0 0 0.018365 0 3e-05 5e-05 0.007705 3.5e-05 0 3.5e-05 4.5e-05 2e-05 4e-05 0.00162 3.5e-05 0 0 5.5e-05 1e-05 0.0066 0.003655 0 0 0 0 0.00749 0 0.00245 0 0 0.00649 6.5e-05 0 3.5e-05 1.5e-05 0 0 2.5e-05 0.00032 0.013195 0 0 0.00405 4e-05 3.5e-05 0.00049 0 0.004595 0 0 3.5e-05 1e-05 0 4e-05 4e-05 0.005815 0.000135 5e-05 0 0 1.5e-05 2e-05 0
4e-05 0.00627 0.002165 3e-05 0.001765 0.00048 3e-05 0 0 0.00182 0.000265 0 0 5e-05 0.00779 0 0 2e-05 7.5e-05 0.00603 0 0.010605 0 0 0.00625 0.00785 0 3.5e-05 2.5e-05 0 0.007745 0.00036 0 0.001805 0 0.00102 0.000245 4e-05 1.5e-05 2e-05 0.0097 0 0.000855 2e-05 0.004365 0 0.00013 0 0 2.5e-05 0 0.008265 5.5e-05 0 0.002655 0 0 0.000325 0 0 3.5e-05 0 0.011475 0 4.5e-05 0 6.5e-05 0 0.007375 3.5e-05 0 0 0.008335 0.00768 2e-05 0 0.00267 4e-05 0 3e-05 3.5e-05 4.5e-05 0.00064 0 0 4e-05 0.008165 0.000845 0.005385 0.000295 0.008545 5.5e-05 0 4e-05 2.5e-05 4.5e-05 0.005575 0 0 0.00216
0 6e-05 2e-05 0 2.5e-05 5e-05 0.00011 7e-05 0.00408 2.5e-05 0 0.000765 3e-05 0.000355 0 0 5.5e-05 0.00444 3e-05 0 3e-05 0 5e-05 0 2e-05 3.5e-05 5e-05 0 0 0.009755 4.5e-05 4e-05 0 0.000465 0.006125 0 3.5e-05 0 0 0 4e-05 2e-05 0.0008 0 0.001555 3.5e-05 0.00204 0.00736 0.001625 0.00046 0.008415 4.5e-05 2.5e-05 0.000295 0.0022 3e-05 4.5e-05 6.5e-05 0.004925 0 2.5e-05 0.01114 2.5e-05 0 0.003125 4e-05 0 1.5e-05 5e-05 0 3.5e-05 0.00119 0 4.5e-05 0.000835 0.009905 1.5e-05 0 0.00345 3.5e-05 0 0.003615 0.000245 0 0 0 0 1.5e-05 0.00124 0 2.5e-05 0.00481 6.5e-05 6.5e-05 0 0 0.008645 0 0 2e-05
0.00471 3.5e-05 0.006005 2.5e-05 2.5e-05 4e-05 0 5e-05 1.5e-05 0 0 0 4.5e-05 0.001025 0 2e-05 0.01219 3e-05 0 0 0.009935 1.5e-05 0 0.006315 3.5e-05 0 1e-05 0.000505 0 0.007335 4e-05 0.010495 0.00464 0 2e-05 0.006985 0.00777 0 3e-05 0 5e-06 4e-05 0 3.5e-05 4.5e-05 0 3e-05 1e-05 0.00753 0 0 3e-05 0 1e-05 4e-05 0 0.00319 6e-05 0 1.5e-05 0 3e-05 4.5e-05 0 0 0.014005 0 0.000335 0.00011 3e-05 0 3e-05 0.0001 3.5e-05 0 5.5e-05 0 0.00113 5.5e-05 9.5e-05 0.001145 5.5e-05 0 0 3.5e-05 0.002875 0 2.5e-05 0 3.5e-05 3.5e-05 0 2.5e-05 0.003425 0.00365 0.000325 0 5e-05 5.5e-05 0
0.00056 0 0.00023 0 0 0.00458 0 0 0 0 0.00184 0 0.012735 0.00259 0.00202 3.5e-05 0.0102 0 0 4e-05 4.5e-05 0 5e-05 0 3.5e-05 0 0 0 3e-05 0.005865 3e-05 0.01057 0.00218 0.00725 0 0.006035 0 2e-05 4e-05 2e-05 6e-05 4.5e-05 0 0 1.5e-05 0 5.5e-05 4.5e-05 0 3e-05 0.000525 0 3e-05 0 3.5e-05 0.00645 0 3.5e-05 3.5e-05 0 0.00305 0 0 0.00556 2e-05 0.000815 0.000975 5e-06 0.009095 2.5e-05 3.5e-05 2.5e-05 0 1e-05 5e-05 2e-05 0 0 2e-05 0.000185 0.01057 2.5e-05 3.5e-05 3.5e-05 4e-05 0.004855 6e-05 0.00491 0.000235 0.00021 4e-05 0 0 2e-05 3e-05 2e-05 0 0.000855 0 3e-05
0 0.012605 6e-05 0.002755 0 0 2.5e-05 0.011285 0 2e-05 0.00101 0 4e-05 4e-05 0 0 0.00016 0.002885 0.000865 0 0 0 0 2e-05 0 0.008815 2e-05 0.008875 2.5e-05 0.00029 5.5e-05 0 0 0 2.5e-05 3e-05 2.5e-05 3.5e-05 2e-05 4e-05 0 5e-05 3.5e-05 0 0.006635 0.00203 4.5e-05 1.5e-05 0 0 2.5e-05 0.010185 0 4e-05 6e-05 1e-05 0 4.5e-05 0 6e-05 0 0 2.5e-05 0.013175 3e-05 7.5e-05 4e-05 5e-06 3.5e-05 0 0.00258 0.002235 2e-05 0 0.003755 0 0 0 0.009635 3e-05 2.5e-05 0 2e-05 0.00595 0.00143 5.5e-05 0.00413 4.5e-05 5e-06 0 5e-06 0 0 2e-05 0.00871 1.5e-05 0 5.5e-05 0 0.015485
4e-05 0 2.5e-05 3e-05 0 0.001675 0.00037 4e-05 0.000145 0.003535 3.5e-05 0.000415 0 3e-05 0 5.5e-05 0 0 0 0 0.003095 2.5e-05 2.5e-05 0 3e-05 0 0 0 0.000735 0.000645 4e-05 0 4e-05 3.5e-05 0.000435 0.010705 0.006455 1.5e-05 2.5e-05 9.5e-05 2.5e-05 0 5e-05 5e-05 0.00272 4e-05 0 0 0.00841 2e-05 0 0 0.000115 0.00117 0.002605 0 0.010465 5.5e-05 0.00233 0.007945 0.000715 4e-05 0 5e-05 0.00036 0 0 3e-05 0 0.00746 2e-05 6.5e-05 0 6e-05 0 0 0.00121 0 0.0004 0 0 0.000555 5.5e-05 2e-05 2e-05 0.001625 0 0.00133 0.007855 3e-05 0 0.002535 0.00137 0.00181 4e-05 0.009035 0 0.01232 0 1.5e-05
0 0 0 0 0.001745 0.00402 3.5e-05 0.00772 3.5e-05 0.002845 0.01489 0 0 0.00742 0.00148 0.000725 3e-05 0.00614 5.5e-05 0 4.5e-05 0.00178 0 2.5e-05 2.5e-05 0 0 0.00043 1.5e-05 0.00103 6.5e-05 2.5e-05 6e-05 0 0.002635 3.5e-05 3e-05 0 0.00918 3e-05 0 0 0.008795 0.00019 0 0 0 0 3e-05 2.5e-05 3e-05 0.00814 0 4e-05 0.00408 3.5e-05 3e-05 5e-05 0.011765 2e-05 5e-06 0 5e-06 0.00014 0 0 2.5e-05 5.5e-05 0.00241 4e-05 0 0 4.5e-05 0 2.5e-05 0.0001 0.00801 0 0.005785 3e-05 0 0.002285 0 2e-05 0.0009 2.5e-05 0.00094 0 0 0 4e-05 0 0.0117 1e-05 1e-05 4.5e-05 0.00749 0 0.004345 3.5e-05
4.5e-05 0 1.5e-05 0 3.5e-05 3e-05 0.00542 0.00039 0.001345 2e-05 3.5e-05 0 0.00228 3e-05 0 3.5e-05 0.01176 0.00035 0.000105 0 0.00158 0.002905 0 3e-05 4e-05 0.004185 4.5e-05 0 0 2e-05 5.5e-05 1.5e-05 0 0 2.5e-05 0 5.5e-05 5e-06 4e-05 1.5e-05 0 6.5e-05 0.001615 0 0.000865 0 0.00122 1.5e-05 2.5e-05 0 0 0.001005 0 0.00277 0 5e-05 2e-05 0.002305 0 0.002705 0 0 0 0 0 0 2e-05 0.00651 2e-05 0 3e-05 0.001285 5e-06 0.004875 0 1e-05 0.001095 0.005345 0.00029 0 4e-05 0.00397 0.01326 0 0 0 0.00202 0.00143 3e-05 0 0.003005 5e-05 3.5e-05 0 0.010125 3e-05 0.000455 0 0.002105 0.00465
0 1.5e-05 4.5e-05 2.5e-05 2.5e-05 4e-05 0 0.00366 4e-05 0 0 0 2.5e-05 1e-05 0 0.003075 0 4.5e-05 0 1.5e-05 0.00143 0 0 0.00467 0 2.5e-05 0.010075 4e-05 3.5e-05 0 1.5e-05 0 3.5e-05 0.003165 2.5e-05 0.00969 0.010075 0.00081 0 0.007585 0 0.001895 6e-05 6e-05 4e-05 0 4e-05 0.011385 0.0037 0 7e-05 3.5e-05 0.000895 3.5e-05 2.5e-05 9e-05 0 0 8e-05 0 0 0.011785 4e-05 0 0 5.5e-05 5.5e-05 5.5e-05 0.004605 0 3e-05 3.5e-05 0.006185 0.00011 2e-05 5.5e-05 4e-05 4.5e-05 0 0.007365 0.00235 0 1.5e-05 0.00873 0.002065 0.005885 0 0.000345 0 4e-05 3.5e-05 0 9.5e-05 0 0 0 0 0.002165 0.010475 0.00061
1.5e-05 5e-06 2e-05 6e-05 4.5e-05 0 0.00224 0 1.5e-05 0 0 0.000295 0 6.5e-05 3.5e-05 1e-05 0.0067 0.003895 0 0 5.5e-05 0 2.5e-05 0.004145 0 0 5e-05 0 2e-05 5.5e-05 4e-05 0.00218 0 2.5e-05 4e-05 0.004855 0 3e-05 0 0 0.000535 8e-05 0 0.00269 0 3e-05 0 3e-05 0.001925 2e-05 0 5.5e-05 0 0.000555 0 2.5e-05 0 0 0.006865 0 3.5e-05 0.0077 3.5e-05 0 3e-05 0.00816 5e-05 5e-05 0 0 0 0.001535 2.5e-05 0 2e-05 4.5e-05 0.000995 0 0.00011 3.5e-05 0 0.00177 6e-05 0.000825 5e-05 3e-05 0.00296 0.00155 3.5e-05 0.005795 0.010305 2.5e-05 0 2.5e-05 0.003585 0 0 0 0.00118 0
0.01185 0 3.5e-05 0 0.004575 3e-05 0.000175 3.5e-05 0.00013 0 2e-05 3.5e-05 4.5e-05 0.00956 0 0 0.00233 3e-05 0 5e-06 0 3e-05 0.00297 2.5e-05 0 5.5e-05 3.5e-05 4e-05 0 4e-05 3.5e-05 3.5e-05 0 0 0 0.00212 0 4.5e-05 0 4e-05 0.000355 0.0007 0.0002 0 3.5e-05 0 3e-05 9e-05 2.5e-05 0.01179 0.00393 3e-05 0.0048 0 0 0 0.00187 0.008335 0 0.007225 0 0 3e-05 0 0 5e-05 0.012165 0 0.00704 0.000715 0 0 0 0 0 0.00665 0 0.00059 1e-05 0.00689 0 0 2.5e-05 2e-05 0.002015 2e-05 3.5e-05 0 0.007645 0 3e-05 0.002955 3.5e-05 0.001295 2e-05 0.004255 4.5e-05 0.0014 6e-05 3e-05
0.014085 0.00038 0 4e-05 0 5e-05 0 2.5e-05 0 3.5e-05 4.5e-05 2e-05 4e-05 1e-05 0 4e-05 0 0 3.5e-05 4e-05 0.000115 2e-05 0.01324 0 1.5e-05 3e-05 0 9e-05 3.5e-05 0 4e-05 3.5e-05 0 1.5e-05 0 3e-05 4e-05 0.00045 0.00103 2.5e-05 0.009055 0.00405 0.00033 0 7.5e-05 0 6e-05 0 0.005995 0 5e-05 0.009685 0.001155 4e-05 5e-06 0 0 0 2.5e-05 0 2.5e-05 0.00066 4.5e-05 2.5e-05 2.5e-05 0 0 0.000935 0 3.5e-05 0.003855 7e-05 5e-05 3e-05 0.01125 0.00208 0.008325 0 0 3e-05 0.000385 0 2e-05 3e-05 2.5e-05 1e-05 3.5e-05 0 3e-05 0 4e-05 1e-05 2.5e-05 0.00164 0.003315 0 0 3e-05 0 2e-05
0 0.001245 3.5e-05 0.01095 0 0.00159 4.5e-05 0 2.5e-05 0.000275 0.001205 0 4.5e-05 2e-05 2.5e-05 0 0 0.00187 0 0.001095 0 6e-05 0 2.5e-05 0.00498 1.5e-05 0 2e-05 0 2.5e-05 0.00084 0 3.5e-05 0.000835 0 5e-05 2e-05 0 0.00024 3e-05 0 0 0.003805 0.003715 0 0 4e-05 0.00132 0 0.00143 1e-05 0 5.5e-05 0 0 0.00596 0.003805 0 0 3.5e-05 0 0.006385 0.00657 5.5e-05 0 3e-05 7e-05 2.5e-05 2e-05 0.01181 2.5e-05 0.00739 3.5e-05 0.014015 4e-05 0.0057 0.001175 5.5e-05 0 5e-05 4.5e-05 0 4.5e-05 0 0.006925 0.00583 3.5e-05 3e-05 1e-05 1.5e-05 0 0 0.00739 0 3.5e-05 0 5e-06 1.5e-05 0.00177 0
0 3.5e-05 4e-05 0 4e-05 0.004735 0 0.003985 0 0 0.008055 0 2e-05 0 0 0.0002 5e-05 8.5e-05 0.001825 0 0.003395 0.000305 4e-05 1.5e-05 3e-05 0 6e-05 0.00542 0.007685 0.009265 0 3e-05 0.003935 0 0 3e-05 1e-05 0.00776 0 0 0.0001 0.01162 0.00218 2e-05 0 3.5e-05 0.00126 3e-05 0 0 0.01035 3e-05 0 0 0 1.5e-05 1e-05 3.5e-05 0.00546 4.5e-05 0 0.00068 3e-05 0.000185 0 0.003015 5.5e-05 0.00092 5e-05 3e-05 0.002365 1.5e-05 0 0 0 0.01137 5e-05 3.5e-05 0 0 0.005065 0.009935 0.003125 0 4.5e-05 0 0 0.000725 0.000135 0.008715 3e-05 0.00173 0.00639 0.002425 0 2e-05 0 0 2e-05 3e-05
0.00586 0.00029 0 5.5e-05 0 0.013395 2.5e-05 0.00689 0 0.00398 0.009305 9.5e-05 0.002275 0.00024 2e-05 0 3e-05 7.5e-05 0 0 0 0 0 2.5e-05 3e-05 4.5e-05 5e-05 0 8.5e-05 0.00126 0 2.5e-05 5.5e-05 6.5e-05 0 3e-05 5e-05 0.00077 0 0 0 0.001855 8e-05 0.00653 3.5e-05 4.5e-05 0 0.00282 5.5e-05 4e-05 0.005095 4e-05 6.5e-05 2.5e-05 5.5e-05 2.5e-05 0 2.5e-05 0.006965 0 3e-05 0.003195 0.003205 0 0.013555 4.5e-05 0 0 0 2.5e-05 0 5e-05 4.5e-05 4.5e-05 0.00043 0 2.5e-05 0 0 0 0 2.5e-05 0 2e-05 0 3.5e-05 0 0 0 0.00321 2.5e-05 0.00025 0.006835 0 3e-05 0 2e-05 0 0.00782 6e-05
0.000155 1.5e-05 0.000555 0 5e-06 5e-05 0.000115 3e-05 0 3.5e-05 5.5e-05 0 0.000285 3.5e-05 0 3.5e-05 0 3e-05 0.015505 0 0.00024 4e-05 0 0 0.007325 0 0.001865 0 4e-05 3.5e-05 8.5e-05 0.01435 0.003525 1.5e-05 0 0.000215 0.00067 0 0 0 0 2.5e-05 2.5e-05 0 6e-05 0 0 4.5e-05 0.006465 0 0.003015 3.5e-05 0 3e-05 4.5e-05 0 0.01129 2.5e-05 3e-05 0.00141 4.5e-05 4e-05 2e-05 2.5e-05 0 2.5e-05 0 0.000495 0 5e-05 0.00155 1.5e-05 0.010335 0 0 3.5e-05 0 0.004055 8.5e-05 0.004845 0.00368 2.5e-05 0 0 3e-05 0.004535 6e-05 0 0 3.5e-05 3e-05 0 4.5e-05 0.00045 6e-05 0 3e-05 0 0.001185 0
0 0.00075 3.5e-05 3.5e-05 0 0.005925 0.003955 0 0 0.00085 0.01044 0 0.003555 0.01318 0.00036 0.000295 4e-05 0.006125 0.00024 3.5e-05 5.5e-05 0.008815 0.000465 2.5e-05 2.5e-05 0 0 7e-05 0.000695 0 4.5e-05 2.5e-05 0.001805 0 0.00014 3.5e-05 2.5e-05 0.005425 4e-05 0.000895 0.00028 0 0.00365 3.5e-05 1e-05 0 0.00637 0.01031 4e-05 4.5e-05 0 2e-05 0.007225 0 0.000225 0 0 0 0.00953 4e-05 6.5e-05 0.00256 2.5e-05 0.001305 0.00014 0.00384 0 0 0 4e-05 0.001865 0 3e-05 0.000445 0 0 0 0 0.00333 3.5e-05 0.006195 0 0 1e-05 0 5e-06 0 0.009 0 4e-05 4e-05 5e-06 0 0 0.0029 2e-05 0 7.5e-05 0.00011 0.00163
0 0.00089 0 4e-05 0 0 4e-05 0.003665 5e-05 0.00133 0.013565 0.00309 3.5e-05 0.00022 0 0 0.00264 3.5e-05 0.00548 0 2.5e-05 0 3e-05 6e-05 2.5e-05 4e-05 0 0.014705 3.5e-05 0.001505 3e-05 2e-05 0.00045 3.5e-05 0 0 2e-05 0.002215 1.5e-05 7e-05 0 0.0021 0.00016 0 3e-05 4e-05 3e-05 0 3e-05 3.5e-05 0 0.00064 0.00255 3e-05 2.5e-05 3.5e-05 0 5e-05 0.00038 0 5.5e-05 0 6.5e-05 0.00605 0 0 0 4.5e-05 0 0 0 0 5.5e-05 0.002985 1.5e-05 0 0.00073 2e-05 0.000375 0 0.016885 3.5e-05 1.5e-05 4.5e-05 3.5e-05 0.00564 4e-05 0.002185 3.5e-05 0 1.5e-05 0 0 0.000215 0 3.5e-05 4e-05 0.001 0 0
0.00739 4e-05 0 1.5e-05 0.00592 0 0 0.00018 0 4e-05 0.004575 0.010805 0 0 0 0.00109 0 0 0 0 0.001055 2e-05 3.5e-05 0.0003 2.5e-05 0 0 0 4e-05 2.5e-05 5e-05 0.000955 0.00029 0.000445 5e-05 5.5e-05 0.009595 0.002245 3.5e-05 0 0.00097 0.00295 4.5e-05 0 3e-05 0 5e-05 0.001685 0 3.5e-05 0.009245 0.00501 0.012335 0 0 0.00076 0 4e-05 0 0 4e-05 4e-05 0 0.00702 4e-05 0 4.5e-05 2.5e-05 2e-05 3e-05 5.5e-05 0 2e-05 3e-05 0.00255 3e-05 0.005935 0.00105 0 0.00118 0 0 4.5e-05 0.003835 1.5e-05 0.003345 0 0.00765 0 0.006895 2e-05 0.004175 0 0 9.5e-05 0 4.5e-05 5e-05 0 0
0 0.00065 0.006565 4e-05 0 0 0.00251 0.005515 0 0.001625 3.5e-05 4.5e-05 3.5e-05 3e-05 0 2.5e-05 4e-05 8e-05 2.5e-05 0.00183 0 0 0.003965 0 0.001745 0 4e-05 5e-05 0 5e-05 0.006145 0 0.00017 3.5e-05 2.5e-05 0.0054 3e-05 0.002395 0 0.00839 5e-06 0.00053 0 3e-05 4e-05 0 4.5e-05 0 3e-05 0 5e-06 0 0.000145 5e-05 0 4.5e-05 0 1e-05 0 9e-05 0.003315 0 4e-05 0.00109 0 0 0.002145 0 3e-05 0.006235 5e-05 0.000225 0 2.5e-05 0.000185 2e-05 0 0.01149 0.002035 0 2e-05 0.000135 4e-05 0 0.006685 0 0.00015 2e-05 0.00283 0.00086 0.000555 5e-05 0.002155 0 0.01272 0.001635 0 2.5e-05 2e-05 0
0 0 0 3.5e-05 2.5e-05 4.5e-05 0.008875 0 0.000465 0 5e-06 0 5e-05 0 0.00486 2e-05 0.000205 2.5e-05 0.00077 0 0.007455 3e-05 0.01108 0.000415 2e-05 0 0 0.007985 0 0.00874 3e-05 0.00485 0.0002 1.5e-05 1e-05 0.002595 0.000455 0.01209 4.5e-05 0 0.000325 0 3e-05 5e-05 0 2.5e-05 0.00495 3.5e-05 0.00183 3.5e-05 0.0003 0 0 0.000185 0 0 0 0 3e-05 5e-05 0.00455 0 3.5e-05 9e-05 0 0 0 0.00894 0 4.5e-05 0 0 0.00703 3.5e-05 0.00627 6e-05 0 0 0 0.00178 8e-05 0.00129 0.002035 0.003845 0 4.5e-05 0.00485 0 0.00321 0.000145 4e-05 0 4.5e-05 0.00524 0 0.000525 0 0.00119 5e-05 0
0.01091 3.5e-05 0.005135 0 0.000205 0 3.5e-05 3e-05 0 4e-05 0 1.5e-05 2e-05 0 3e-05 0 0 3e-05 0 4.5e-05 3e-05 6.5e-05 4e-05 0.006155 4.5e-05 0.006655 0 3e-05 0 3.5e-05 0 0.00524 0.004825 0.013575 0.002935 9e-05 0.01245 5e-05 0.00627 0 0 0 0.002285 3.5e-05 0 0.01432 3e-05 0.00368 0.006275 3.5e-05 0.0024 0.00184 0.000955 1e-05 0 0 5e-06 3e-05 1.5e-05 0 5e-05 0 0 0.000155 4.5e-05 3e-05 3.5e-05 2e-05 0.00139 1.5e-05 3e-05 4e-05 3e-05 0 3.5e-05 2.5e-05 0 7e-05 3e-05 0 0 3.5e-05 0 3.5e-05 0 0 0 0.003515 6.5e-05 0 0.005665 0 4e-05 0 1e-05 4.5e-05 0 0 0 0
2e-05 2e-05 5e-06 0 0 3e-05 0.0018 0 0 0.00032 0.00648 2e-05 0 0.00851 0.00281 5.5e-05 3e-05 0.000135 2.5e-05 0 0 0.00954 0 0.00147 5.5e-05 3e-05 2.5e-05 0.0026 0.00116 0 3.5e-05 3e-05 0.00127 0.000725 0 4.5e-05 0 0 0 0 6.5e-05 0 0.002335 3e-05 0 3e-05 0.01006 0 3.5e-05 0 0 0.004435 0.00184 0 0.010225 5.5e-05 2.5e-05 0.001705 0.012575 0 0 0.00209 0 0.008015 0 0.000505 1.5e-05 0 3.5e-05 0.00015 1.5e-05 0.005455 0 0.004895 9.5e-05 0.004155 0 0 0 0 0 0.011985 0 0.000185 0 1.5e-05 5e-06 0.008465 0.00981 0.002515 3.5e-05 0.00076 0.01118 1.5e-05 0.00985 2e-05 0.00452 4e-05 4e-05 0.000585
0 0 0 2.5e-05 0 0 2.5e-05 0.003305 0 0.002625 4e-05 0 1.5e-05 6.5e-05 0.00152 2.5e-05 5e-05 0 0.003885 0.010805 0 0.004555 0.005145 6e-05 0 2e-05 0.00132 2e-05 0 2.5e-05 0.01113 0.004855 2.5e-05 3.5e-05 0 0.00058 3.5e-05 0.003895 0 2.5e-05 0 0 2e-05 0.006395 1.5e-05 0 0.00337 0 1.5e-05 2.5e-05 2.5e-05 0 0 4e-05 2.5e-05 3e-05 0 0.001745 0 0 0 3e-05 1e-05 2e-05 0 7e-05 0.005345 0.01197 0.0001 8.5e-05 0.01176 0.000165 0 4.5e-05 0 4e-05 5e-05 0 0 0.000895 0 0 0.003905 5e-05 0.000125 3e-05 6e-05 2.5e-05 0 7.5e-05 0 3e-05 0 0.00038 3e-05 0.00316 2.5e-05 0 0 0.004795
0.0052 0.00785 1e-05 0 2.5e-05 0 1e-05 0.000115 0 4.5e-05 0.004945 3.5e-05 0.0059 0.00888 0.003725 0 0 0 0.005335 0.006385 5e-05 0.004915 0 0 0.002765 0 0.00041 0.000365 5e-06 2.5e-05 2e-05 0 2.5e-05 4e-05 0 3.5e-05 2.5e-05 0.0001 0 2.5e-05 0 0.00379 2.5e-05 0.007075 2e-05 2e-05 0 2.5e-05 0 4.5e-05 0.000155 0 0 1.5e-05 0 5e-05 0.00145 0 0 0.002375 5e-05 0 0.005115 1.5e-05 0.00298 0 2.5e-05 0.00052 0.0014 2.5e-05 0 0 0.00024 6.5e-05 0 8e-05 0 2e-05 0.01125 4.5e-05 6.5e-05 0.00143 0 3.5e-05 0.00847 4.5e-05 4e-05 0 0.00069 0 3.5e-05 0.01343 0.005425 5e-06 2.5e-05 4e-05 0 0 0 3e-05
0 0.00049 4e-05 0.00029 0 0.002625 0 0 2.5e-05 2e-05 0 0 5e-05 3.5e-05 2.5e-05 8e-05 3.5e-05 0.00978 4.5e-05 0.00017 0 2.5e-05 0 2.5e-05 0 1.5e-05 0 3e-05 0.000305 0 0.004565 2e-05 4.5e-05 3.5e-05 0.00085 3e-05 4e-05 4e-05 0 0 2.5e-05 0.004895 0.006915 0 0.01312 0.004955 0 0.004085 0.00238 0 3.5e-05 4.5e-05 4.5e-05 0.002155 1.5e-05 0 3.5e-05 2.5e-05 0.003455 1e-05 0 0.003695 0 4.5e-05 0 4.5e-05 0 0 2e-05 0 0 3.5e-05 0 0 0.00058 0.011925 0.004555 1.5e-05 0.00035 1e-05 0 0 2.5e-05 0 6.5e-05 3.5e-05 3e-05 4e-05 4e-05 3.5e-05 0.00616 0 0.00259 0.000955 4e-05 5e-05 0 3e-05 0 4e-05
0.000795 0.005085 0 0 0.011725 0.00659 6e-05 4.5e-05 0 4e-05 0 0 0.00013 0 5.5e-05 0.004245 0.000415 0.001675 0 0.00064 2.5e-05 0 1.5e-05 5e-05 0 0.002325 0.000355 2e-05 5e-05 2.5e-05 0 2e-05 0 0.00014 3.5e-05 3.5e-05 0 0 0 0 3e-05 0.000655 0.00516 0.008715 0.017035 3.5e-05 3e-05 0.000375 0.000125 0 4.5e-05 0 3e-05 2e-05 7e-05 0.0102 5e-06 0.001075 0.00111 1.5e-05 0 3e-05 0.011845 2.5e-05 2e-05 2e-05 0 1e-05 0.00584 0.002795 2.5e-05 3e-05 4.5e-05 0.00511 2e-05 0 0 0 0.000485 1e-05 0.00347 4e-05 6.5e-05 0 0 0.009795 0 3e-05 2.5e-05 0 0 0 0.0054 0 0 0 0.005695 3e-05 0.000345 1e-05
6.5e-05 0 3e-05 4.5e-05 5.5e-05 4e-05 0.001115 3.5e-05 4e-05 0 0 0 4e-05 0 0 0.001355 0.00293 0 0 5e-05 0.01186 4.5e-05 0 2e-05 0.0027 0 4e-05 6.5e-05 0.0039 0.00262 0 0 0 3.5e-05 2e-05 0.00027 4.5e-05 0.01399 3.5e-05 0.00013 0 0 0 2.5e-05 0 0 8e-05 2.5e-05 0.005955 4e-05 0.01048 1.5e-05 0 0 1e-05 0 0.005235 3.5e-05 0 0.007975 0.002215 0.000175 2.5e-05 0 0.007815 0.00435 0.01197 0.00119 2.5e-05 2.5e-05 0.00708 0 0.001465 0 0.000875 0.000115 0 0 4e-05 0.00394 0.00226 6e-05 0 0.00024 0.001755 0 0 0 0 2e-05 1e-05 0.004245 3e-05 6.5e-05 0.001925 0 3.5e-05 0.010705 0 0
0.01002 2e-05 0 0 7.5e-05 0.01127 0.00044 0 0 4.5e-05 0.004005 0.011105 0 0 0 0 0.004205 0.014685 0 0 0.001645 3.5e-05 4e-05 0 3e-05 4e-05 0 0.000115 0 0 6.5e-05 4e-05 0 0 0.01071 4e-05 0 0.00342 3e-05 0 4.5e-05 0 0 0 4e-05 5e-06 1.5e-05 3.5e-05 0 3.5e-05 0.015825 0 3.5e-05 0.002425 3e-05 0 1.5e-05 3e-05 3e-05 0.00372 0 0 0 4e-05 0.006765 4.5e-05 0 0.001905 3.5e-05 3.5e-05 0.00053 0 0 4e-05 0 0.009265 0.00119 2e-05 0 0 0.01263 0 1e-05 0 3.5e-05 0 2.5e-05 1.5e-05 3e-05 4.5e-05 2.5e-05 0.001215 0 0.012445 6e-05 0 1e-05 0.008685 0.000185 3.5e-05
0 0 0.00719 2.5e-05 3.5e-05 3.5e-05 0.000785 3.5e-05 0 0.00011 0 2.5e-05 0 0 0.000675 3.5e-05 0.00633 4.5e-05 0.013985 0 0.00984 4e-05 0.001055 0.00076 0.00039 0 0 4e-05 2.5e-05 2e-05 0 0.01377 0.000355 2.5e-05 0 0 0 0.0077 4e-05 0.00034 0.00424 0 0 0 2e-05 0 0.000705 4.5e-05 0.00021 3e-05 0.00047 3e-05 0 0 1e-05 0 0.008575 0.00073 1.5e-05 0 0 0 1.5e-05 0 0 0.015485 0 0 0.004755 0 0 5e-05 4.5e-05 4e-05 3.5e-05 1.5e-05 3.5e-05 0 6e-05 0 2e-05 5e-05 0 2.5e-05 2.5e-05 5.5e-05 0.00503 0 2e-05 2.5e-05 4.5e-05 0 0 0.0025 0.0043 0.00072 3e-05 0.001655 0.002215 0
0.003005 0 3.5e-05 4.5e-05 4e-05 0.002795 0 0 0.000935 3.5e-05 5.5e-05 0.002355 0 0.00221 0.000665 0 0 0 0.00032 0 0.00594 0.00059 0 2.5e-05 1.5e-05 4.5e-05 2e-05 0 0 0.00061 0 2.5e-05 0.00196 3e-05 3e-05 0 1.5e-05 0 1.5e-05 0 0.00492 0.000865 2.5e-05 0 2.5e-05 0 0.00686 3.5e-05 3e-05 0 0.00014 0 0.00295 3e-05 0 2.5e-05 1.5e-05 0 0.00035 0 0 0 0 1.5e-05 0.000235 0 0 0.012055 5e-06 2e-05 0 3e-05 0 2e-05 0.006755 0 0 0.004295 0.00284 0.00026 2.5e-05 0.00199 0.00117 0.002775 0 2e-05 0.00246 3e-05 0.002645 0.005395 2e-05 0 3e-05 0 0.000375 0.002945 5e-05 0.01101 0.003565 1e-05
0 0.001015 0 0 1e-05 0.00021 4e-05 0 2.5e-05 0.000625 3.5e-05 3e-05 2e-05 3e-05 0.00599 4e-05 0 0 2.5e-05 0.01097 4.5e-05 0 0 0 0 0.003535 0 5.5e-05 3.5e-05 3.5e-05 0 0.004005 3.5e-05 2e-05 4e-05 0 2e-05 2e-05 0 3e-05 0 2e-05 5e-06 9.5e-05 0 0 2.5e-05 0 0.003245 3.5e-05 0 5e-06 4e-05 0 2.5e-05 0.005465 0 0.00045 0 0.010275 0.00859 1.5e-05 0.016175 4.5e-05 5.5e-05 4e-05 0.00152 0.003475 0 0 0 0.00551 0 0.00116 0 4e-05 0.001145 0 0.00394 0 5e-05 3e-05 2.5e-05 3.5e-05 0 0.0012 4.5e-05 3.5e-05 4e-05 6e-05 0.013785 2.5e-05 0 0 4e-05 0.00119 0 4e-05 0 1.5e-05
5e-06 0.003515 0 0 4e-05 3e-05 0.00245 0 0.009775 0.000155 0.00137 4e-05 0 0 0.002745 0.001105 0 0.00097 3e-05 0 0.00475 0.006645 0.00054 4.5e-05 2e-05 0 3.5e-05 0.00106 6.5e-05 0.004375 1e-05 1.5e-05 4.5e-05 1.5e-05 0.001955 0 0 0.000905 0 0 0 1.5e-05 2e-05 0 2.5e-05 1.5e-05 3e-05 0 2.5e-05 0.001275 3.5e-05 3.5e-05 0 0.00176 0 6e-05 3e-05 1e-05 0.00031 3e-05 6e-05 0.01091 0 0 0.004705 0 2.5e-05 0.005465 3.5e-05 0 0 0.00413 9.5e-05 2e-05 0.005705 0.00744 0 0 0.00702 0 2.5e-05 0 0.00323 9e-05 0.008925 0 5e-06 0.00333 0.00023 0.008415 5.5e-05 0 0.00917 0 0.006965 3e-05 0.00257 0.0008 2.5e-05 1.5e-05
0 0.0015 0 2e-05 0 5e-05 5e-05 3.5e-05 0 0 5e-05 0 3.5e-05 3e-05 0.001005 0 0.00689 3e-05 0.002905 0.0022 0.000325 2e-05 0 0 0.002215 0.00018 0.004155 0 4e-05 1e-05 0.00028 0 4.5e-05 0 3.5e-05 0 0 2e-05 2e-05 1.5e-05 4e-05 1e-05 3e-05 0.00689 0.00366 0.01879 4e-05 0 0.011955 3e-05 5e-05 0 0 5e-05 4.5e-05 5e-06 0.00532 0.009065 0 0.012835 0 1e-05 0 0 1.5e-05 1.5e-05 0.000135 0.00113 0.002895 0.002005 4.5e-05 0.0015 0 1.5e-05 2e-05 0 0 0.006765 0 0.006015 0 4e-05 2e-05 0 0 0.007175 3.5e-05 6e-05 1.5e-05 3.5e-05 0.00099 0 0 0 0 0.00053 3e-05 4e-05 8.5e-05 0
0 0 0.00418 0.00992 0.01243 2.5e-05 7e-05 1.5e-05 0.0036 0 0.009795 0 0 0 5e-05 0.00058 3.5e-05 0 0 0.0023 1.5e-05 0.0017 2.5e-05 0.00104 5e-05 0 0 3e-05 0.00546 0.00079 0.004325 1e-05 0 0.01058 0 3e-05 0.002265 3e-05 0.01494 0 3e-05 0.00028 0 0 0 0 4.5e-05 0.01355 2e-05 0 0 7.5e-05 0.0022 0.004335 0.00114 0.0099 0 0.00455 0.002945 6.5e-05 3.5e-05 0 0.002595 0.00029 4.5e-05 2.5e-05 0 0 3.5e-05 9.5e-05 3.5e-05 0 5e-05 0.004645 0 0 0 0 2.5e-05 3e-05 4.5e-05 0 1e-05 0 5e-05 0.002135 4.5e-05 0.00041 0.00028 0.00075 0 2e-05 0 1.5e-05 3.5e-05 3e-05 0 0 4e-05 8e-05
2e-05 5.5e-05 0 0.006225 0.01279 0 0.00482 5e-05 0 5.5e-05 0.0004 4e-05 3.5e-05 4.5e-05 4e-05 1e-05 0.00347 4.5e-05 3.5e-05 3e-05 0.001425 2e-05 3.5e-05 0.003815 2e-05 0.00822 4e-05 3.5e-05 0 0 0.002675 0 0 0.015655 3.5e-05 0.003145 0.00479 4.5e-05 0 0 3e-05 0.00446 0.007785 3e-05 9e-05 0 4e-05 0 0.003815 0 0.000145 0.00996 0.006625 0 0.008965 5e-06 1.5e-05 7.5e-05 0 4e-05 0 2.5e-05 4.5e-05 0.0028 2e-05 0 2.5e-05 0 0 0 4e-05 0 2e-05 0 0 0 0.000725 0 0 0 0 0.001145 0 0.002045 4e-05 0.004465 0 0.001325 0 2.5e-05 0 4e-05 0 0 4.5e-05 2.5e-05 0.0019 5e-05 2.5e-05 0
0.000315 0 0.008535 0 0 2.5e-05 0.003555 3e-05 0.00011 0 1.5e-05 3.5e-05 0.00043 0.001975 0 2.5e-05 0.000335 2.5e-05 0.0081 4e-05 0 3.5e-05 0.001065 0.00059 0 0 0 0 4.5e-05 0 3e-05 0 0.01427 0 2e-05 0.0001 3.5e-05 2e-05 4e-05 0 5e-06 0 0 5e-05 6e-05 2.5e-05 3e-05 3.5e-05 0.007665 2.5e-05 0 0 0 0.00011 0 0.004755 0 2.5e-05 3e-05 2.5e-05 0.008515 2.5e-05 2.5e-05 0.00814 0 0.0002 0 2.5e-05 0.000185 3.5e-05 1e-05 0 0.002155 3.5e-05 0.00209 1.5e-05 0 0.00595 0 0 0.001575 0 0 0.0036 0 0 0.006735 0.005865 0 2e-05 4e-05 0 3.5e-05 0 0.003195 0.00072 4e-05 0 3.5e-05 1e-05
1e-05 1.5e-05 0 3e-05 0.012335 0.004065 0.001635 4e-05 2.5e-05 0 0 5e-06 0.01075 6e-05 0 3e-05 0.01372 0 0.00696 0 0 0.00105 3.5e-05 0.000775 0 0.00714 0.005245 0 4e-05 0 3.5e-05 0 0.00529 0 3e-05 0.00295 0.006315 0 1.5e-05 0 0 3.5e-05 0.00066 0 3e-05 0 3.5e-05 0.000755 0.00025 2.5e-05 0.00484 0 0 4e-05 4e-05 0.0045 4e-05 3.5e-05 4e-05 5e-05 4e-05 1.5e-05 4.5e-05 0.00043 3e-05 0 1.5e-05 1.5e-05 0 0 4e-05 0 8.5e-05 0 4e-05 3e-05 0.00015 0.00184 3.5e-05 0 0.004555 0 2.5e-05 3.5e-05 6e-05 0 0.00841 0 0.00859 0.00523 0 2.5e-05 0 0 0 2e-05 6e-05 5e-06 9.5e-05 0
0 0.003045 0 0.00029 9.5e-05 0 4.5e-05 0 3.5e-05 0 3e-05 0 0.005045 0 5e-05 0.000725 0.004925 3.5e-05 0 0.00549 0 4e-05 3.5e-05 0 0.000135 0 0.00034 3.5e-05 2.5e-05 6.5e-05 0.001105 0.005165 2e-05 0.00379 0 0 0.00133 4e-05 0.005005 3.5e-05 5e-05 5.5e-05 0.00119 0 0 0 3.5e-05 2.5e-05 1.5e-05 4e-05 2.5e-05 1.5e-05 5e-05 2.5e-05 2.5e-05 0.002165 0.000165 0.006265 2e-05 0 0 0 0.00116 0 0 0 0.003485 5e-06 0 4.5e-05 4.5e-05 6e-05 2.5e-05 0.00573 0 4e-05 0.00915 6.5e-05 0 1.5e-05 0 0 2e-05 2.5e-05 2e-05 0.00167 3e-05 0 0 4e-05 0 3e-05 2.5e-05 0.004305 0 0.002045 0 0 0.005355 0
0.004635 0.00272 0.000865 0 0.002145 0.004665 2e-05 0.00098 4.5e-05 0 0.001345 0 0 1.5e-05 0 1e-05 0 4.5e-05 0 0 5e-05 0 2e-05 0 6.5e-05 0 0 3e-05 0 0 0.00477 0 0 0.003425 4e-05 8e-05 0.00506 4e-05 0.00081 0 0.002755 2e-05 0.0002 0 0 0.00163 6.5e-05 5.5e-05 0 5.5e-05 6.5e-05 0.009405 0 0 0.004065 0.00361 1.5e-05 5e-05 2.5e-05 0.000275 2e-05 0 0.000145 0 2.5e-05 2e-05 0 0 0.001065 0.005915 0 0 3e-05 0 4e-05 3e-05 0 5e-06 0.000115 1.5e-05 0.000495 1.5e-05 0 4e-05 0 3.5e-05 0.004465 0.005145 0.00022 4e-05 0.01096 0 6.5e-05 1.5e-05 2.5e-05 3e-05 0 2.5e-05 0.00292 0
0 0.00323 0 0.000855 4.5e-05 0.012495 3.5e-05 0.00154 4e-05 0.00199 0 0.005305 0.00276 0.0023 3.5e-05 0.00019 4e-05 0.00828 0 0 0 0.001565 0.000415 3.5e-05 0.00411 0 1e-05 8.5e-05 0.00331 4.5e-05 5e-05 3e-05 3e-05 0 0.00538 0 2.5e-05 0 4e-05 2.5e-05 3e-05 0 3e-05 0.01156 5.5e-05 0 3.5e-05 0 0 3.5e-05 0.00694 0 0 5.5e-05 4.5e-05 5.5e-05 0.003715 2.5e-05 0.000185 0.001175 0 0.003405 0 0 0 2.5e-05 0 0.00013 0 3.5e-05 0.00776 0 3e-05 2.5e-05 0 0.01545 1.5e-05 3e-05 0 0 0 0 0 8e-05 0 0 4e-05 4e-05 2.5e-05 0 3e-05 0 0.000925 0.00023 2e-05 0.00441 5e-05 0 0 5e-05
0 4.5e-05 0 0 0 0.006395 0.00093 0.00016 6.5e-05 0 0.002395 0.00085 0 0.00029 0 0 0 0 0 6e-05 2.5e-05 0 1e-05 1.5e-05 4e-05 0.002955 0.00279 0 1.5e-05 0 3.5e-05 5.5e-05 0.00741 2e-05 0.001255 3e-05 0 0 4.5e-05 4e-05 0.000245 0.000855 0.000335 5e-05 3.5e-05 3.5e-05 5e-06 0.00045 2e-05 4.5e-05 0.00475 0.003945 0.000955 0 0 0 2.5e-05 0 0.00081 0 3e-05 0 0.00112 0 2.5e-05 0.00263 0 0 0 0 0.002475 5.5e-05 4e-05 0.000155 2e-05 0 0.01107 2e-05 0 3e-05 0.01611 2e-05 3.5e-05 3e-05 3.5e-05 0 0.002435 0.00724 0 0 4.5e-05 1e-05 2.5e-05 0.00014 3.5e-05 0 2e-05 0.00203 0.004095 0
0 0.001845 0 0 5e-05 0.0031 0.00218 0.002945 3e-05 2e-05 6e-05 0 3e-05 0.001535 4e-05 0.0126 3e-05 0.007935 1e-05 0 3e-05 0 3e-05 4e-05 0 4e-05 4e-05 0 0.01086 0.00176 0 3.5e-05 0 2e-05 0.00917 6e-05 0 0.008545 4.5e-05 0 0 0 0 0 3.5e-05 0 0.00027 2e-05 4.5e-05 0.003095 0.0052 2.5e-05 3e-05 0.000195 1e-05 0 0 2.5e-05 0 0.006545 1.5e-05 0.004565 5e-05 4e-05 0.01303 3e-05 0 0 2.5e-05 0 0.00841 2.5e-05 5e-06 5e-05 0 0.01559 3e-05 0 0 0 0 0 0.00986 0.00226 0.01004 0.00084 0 3e-05 3.5e-05 0.00186 1.5e-05 0.012385 0.00076 0.009075 0.001195 0 4e-05 0 0.001645 5.5e-05
5e-05 0.002975 0 0 4.5e-05 3.5e-05 4e-05 0 0.00304 0 3.5e-05 4e-05 2.5e-05 4e-05 4e-05 0.005915 0 0 3e-05 0.012615 0 0 3e-05 3.5e-05 0 3e-05 0 3e-05 0.00035 3e-05 0 0 3e-05 4e-05 4e-05 0 0 0 0.00032 0 0 5.5e-05 4e-05 0.000155 0.00294 0 0 0 0.005715 0.01208 4.5e-05 2.5e-05 3e-05 0 0.001 0 0.005355 0 3e-05 4.5e-05 0 0.00015 0 3e-05 0.00425 0 0.007395 0.007885 2e-05 4.5e-05 0.002575 0.00912 0 0 0.00017 2.5e-05 5.5e-05 0.002095 0 0.005145 4.5e-05 0 0.001435 0.00088 0.010865 0.000785 4.5e-05 3.5e-05 0 0 1e-05 1.5e-05 0.001285 0.00167 0 0.000165 0.000595 0 0 0
3.5e-05 0.00489 0.00527 0.00621 0 0 3e-05 2e-05 0.004265 0.00017 0 2.5e-05 3e-05 2e-05 4.5e-05 2.5e-05 3.5e-05 4e-05 0 0.00012 4e-05 0.00374 0 2e-05 0 0 0 0 0.00156 0 7e-05 0 1e-05 0.011365 0.003125 2e-05 0.001665 3e-05 0.004615 0 3.5e-05 0 0.000155 0 0.001135 0.005765 3e-05 0 2.5e-05 0 0 0.011285 4e-05 5e-05 0.002285 4e-05 0 0.000105 0.00647 3.5e-05 4.5e-05 0.00151 0.00706 2e-05 2.5e-05 1.5e-05 0 3.5e-05 5e-05 0 0 0 1.5e-05 0 0 4.5e-05 0.00748 0 0.001045 0 3e-05 2.5e-05 1.5e-05 1.5e-05 0 2.5e-05 0 0 0 4e-05 0.01314 0 0.010795 5e-05 2.5e-05 0 0 3.5e-05 2.5e-05 3e-05
0.003665 0 1e-05 0.008455 0 1.5e-05 0.000315 1.5e-05 0 2e-05 0 0.003195 0.000145 0 5e-05 0 0 0.00859 2.5e-05 0 0 3e-05 2.5e-05 5e-06 3.5e-05 4.5e-05 1.5e-05 5e-06 0 7e-05 0 4e-05 0.000705 0 0.00813 4e-05 0 4e-05 0.00365 3e-05 3e-05 0.005555 0.015455 0.000455 3e-05 0 0 0.00765 0.008085 3e-05 0.01072 0 0.007385 0.00031 4e-05 0.013355 0 0 0 0 1.5e-05 4.5e-05 3e-05 0 0 4.5e-05 1.5e-05 5e-05 0 3e-05 5e-05 2e-05 0 0.002135 1e-05 0.00111 0.008175 1e-05 0 3e-05 0.008175 0 0 3.5e-05 2.5e-05 0.003665 0 4.5e-05 0.000195 1.5e-05 0 0.00661 0.000195 0.001765 0 4e-05 0 0.00144 0 6.5e-05
0 2.5e-05 2e-05 0 0 0.00286 0.000975 0.00613 0 5e-05 0 0 0 0 0 3e-05 0.009 0 0.00951 3e-05 1.5e-05 0 0 0 0 0.00412 0.000625 0.004775 0 0.00518 0 0.00012 0 0 0.00158 0 0.008335 0.000305 3.5e-05 0.00042 7e-05 4e-05 0.00438 1.5e-05 0 1e-05 0 0.004875 0 3.5e-05 0.00173 0.00181 0 4e-05 4e-05 7e-05 0 3.5e-05 0.000195 1.5e-05 2e-05 2.5e-05 5e-05 0.000765 4.5e-05 0.000275 4e-05 3e-05 0 3.5e-05 0.000615 4.5e-05 0.00069 0 2.5e-05 0.000625 0.000145 2.5e-05 2.5e-05 4.5e-05 0 0.003095 1e-05 0 5e-06 2e-05 0.00034 0 0 0.01088 0 0.001615 2.5e-05 1e-05 0 3e-05 0 0 0.00051 0.0001
3e-05 0 5e-05 3.5e-05 3.5e-05 0 0 0.01182 0 0 4e-05 4.5e-05 0.00061 0 0.01234 0 2.5e-05 4.5e-05 0 0 2.5e-05 0.002845 0.014065 3.5e-05 0 0.001315 0 5.5e-05 4.5e-05 0 0 0 0 3e-05 4.5e-05 0.00113 2.5e-05 0.00011 0.000405 1.5e-05 0.000505 4.5e-05 0 5.5e-05 5e-05 0 0.011635 3e-05 4e-05 0 3.5e-05 0 2.5e-05 2.5e-05 0.00342 0 5e-06 0 0 3.5e-05 2.5e-05 0.00168 0.004585 0.00144 0 0.001585 0.001295 0.008795 0.000165 0 0.007375 0.004285 0.007635 0 2.5e-05 3e-05 3e-05 0 0.004975 0.003725 0 0 0.004225 0 0.0007 0 3.5e-05 0.00742 0.001415 0.00011 0 2.5e-05 0.002 2.5e-05 0 2.5e-05 0 0 0.00881 4e-05
4.5e-05 0 3.5e-05 0 0 0 0.003935 0.00016 0.00154 8e-05 3.5e-05 8e-05 0 0.00023 0 2.5e-05 0 0 0 0.003535 6e-05 0 0.00016 0 0.00457 4e-05 3.5e-05 0.001005 0 0 2e-05 4.5e-05 4e-05 3e-05 2e-05 0 4e-05 0.01438 4e-05 0 3e-05 5e-05 4.5e-05 0.00382 0 2e-05 6e-05 2e-05 0.00071 0 0.00465 0 0 0.00287 4e-05 4e-05 0 5e-05 2.5e-05 0.008455 0.000465 0.00013 2e-05 0 0.010545 0.00844 4e-05 0.014995 4e-05 5e-06 0 3e-05 0 5.5e-05 8e-05 0 3.5e-05 0.00039 0.001955 0.0136 5.5e-05 0 0 0 0.007815 3.5e-05 2.5e-05 4e-05 0 5.5e-05 0 0 3.5e-05 6.5e-05 0.006445 0.01345 4.5e-05 0.00029 0.00206 0
0.009525 0.00455 0 2.5e-05 1e-05 0.014455 5e-06 0 2e-05 0 0.00074 0 0.00024 0.00463 4e-05 0.01161 2e-05 0.000545 0.00052 0.00547 4e-05 0.00279 5e-05 4e-05 0 5e-06 5e-05 0.01065 3e-05 4.5e-05 2.5e-05 0 1.5e-05 2e-05 6e-05 0 5.5e-05 0 6.5e-05 3.5e-05 0 0.00187 0 0.01275 0 0.001285 4.5e-05 0 0 3.5e-05 0 3e-05 3.5e-05 5e-05 4.5e-05 6e-05 2e-05 3e-05 0.000245 0 0 0 0.007195 1.5e-05 0 0 2e-05 0 0 3e-05 0.01405 0 4.5e-05 2.5e-05 0.0002 0 1.5e-05 3e-05 0.01065 4.5e-05 0 0 1e-05 0 0 0 0 4e-05 1e-05 0 6e-05 0 0.000555 0.01173 0 0.00097 0 0 0.00676 3.5e-05
0 0.002685 5e-06 0.00709 4e-05 0 0 0 0 0 0.00711 0 0.000485 0.00229 2e-05 0.012965 5.5e-05 3e-05 0 0.01271 3e-05 0.00571 2e-05 0 0.002465 0 4.5e-05 0.003895 0.00696 4e-05 0.00098 2e-05 3.5e-05 0 0.00102 0 3e-05 7.5e-05 0.000515 0.000465 1.5e-05 0 0 0 0 4.5e-05 2e-05 0.0041 0 0 0 5e-05 4e-05 3e-05 0 0 0 1.5e-05 0.010025 0 0 5e-05 0 3e-05 0.002555 5e-05 0 0 4.5e-05 0 0 3.5e-05 4.5e-05 0.00623 0.001045 0.016525 2.5e-05 1e-05 0.00416 4e-05 0 0.00179 0.004 0.00011 2e-05 0.002465 5e-05 4e-05 3.5e-05 0.00378 0 0 0.007885 0.00523 3e-05 0 0.003155 0 0.005655 6e-05
0.000605 0 3.5e-05 0 2.5e-05 0.00104 0.013085 0 0 3.5e-05 1e-05 0.014155 2e-05 0.006455 0 0.00931 0 0 0 3.5e-05 0.00999 2e-05 2.5e-05 0.001765 0 0 2.5e-05 0.009415 3.5e-05 0.011825 2.5e-05 0 0 3e-05 0 0 3e-05 0.00114 0 0 3.5e-05 0 2.5e-05 5e-05 3e-05 4e-05 4.5e-05 2e-05 0.00776 3.5e-05 0.015285 3.5e-05 0.00034 0.00772 0 4.5e-05 0 2e-05 2.5e-05 4e-05 0 5e-05 0 0 0 0.00015 0.00159 0 0 3e-05 0 5.5e-05 4e-05 6e-05 0 0 0 0 2e-05 0.000235 0.005415 0 5.5e-05 0.00077 0 0.006575 0 2.5e-05 3.5e-05 0.00051 3.5e-05 0 0 0.006495 0.00386 0.007135 0 0.013215 3e-05 0
0 4e-05 0 0.000645 0 3.5e-05 8.5e-05 3.5e-05 0 0 3.5e-05 0 3e-05 3e-05 2.5e-05 0 0.00297 3.5e-05 5e-05 0 0.004635 2.5e-05 0 0.01425 4.5e-05 0.011475 0 5e-05 4e-05 0.0003 0 0 0.00316 0.00079 5e-05 0.01023 0.01102 4e-05 0.00263 0 0.00315 3e-05 0.006505 4e-05 0.002355 0.00019 0 0 0.004665 0.00501 0.00123 0 0.001605 0.00199 1e-05 0.0001 0 0.00028 2e-05 0 0.005805 4.5e-05 0 0.006235 2.5e-05 0 0.000215 4e-05 0 0.000115 3e-05 0 0 0 0.001935 0 0 0.010375 5.5e-05 0.000485 3.5e-05 0.00092 4e-05 0.00047 0 0 0 0.00538 5.5e-05 3e-05 0 0 0 3.5e-05 0.004715 0 0.004575 5.5e-05 4e-05 0.00662
0 3e-05 0.00151 0 0 0 0.00738 2.5e-05 1e-05 2e-05 0.001025 0 2.5e-05 0.00415 0 0.00018 0 0 3e-05 5e-05 0.0124 3.5e-05 5e-05 0.00959 2e-05 3e-05 3.5e-05 0.00433 0 0 4.5e-05 0 0.00822 0.000295 0 0 0.00011 0.000655 5.5e-05 0.001085 3.5e-05 0 8e-05 0 2.5e-05 3e-05 0 0.00528 0 0.00768 0 0 0 0.010255 0.000975 3.5e-05 0.000115 3e-05 3.5e-05 3.5e-05 0 0.007065 1.5e-05 0 4e-05 5e-05 0 3.5e-05 3e-05 4e-05 6.5e-05 1e-05 1.5e-05 0 0.00262 0 3e-05 0.00051 5.5e-05 9.5e-05 3e-05 0.010825 0 0.01527 0 0 3e-05 4e-05 0 0 2e-05 0.002945 0.00011 0.00068 0 0 0.00194 0.00036 3.5e-05 2.5e-05
2.5e-05 3.5e-05 3.5e-05 0.00116 3e-05 0 0.008025 0 0.00068 0 1.5e-05 5.5e-05 2e-05 0.00024 0.00136 3.5e-05 6e-05 3.5e-05 0 0 0 0.003715 7.5e-05 0.0042 0 0 5.5e-05 0.003295 0.00102 0.00858 4.5e-05 2.5e-05 0.006485 0 0 0 4.5e-05 0 6e-05 0 0.000135 0.00803 3e-05 0 4.5e-05 3.5e-05 0.010695 3.5e-05 4e-05 0.00447 0 0 0.006895 0.00079 0 4.5e-05 0 3.5e-05 0.00013 0 5.5e-05 0 0 0.005695 0.000855 5e-06 0.000225 0.001695 8e-05 0 4e-05 0.003905 0 3.5e-05 2e-05 0.00279 5e-05 0 0 0.000285 0 0.01307 0 0.007215 3e-05 0 0.007705 0.001155 0.00893 0.003625 0 0 0 0 0 3.5e-05 0.00615 0.001005 4.5e-05 0
0.011565 2e-05 0 0 3.5e-05 5e-06 0 2.5e-05 4.5e-05 2.5e-05 0.001765 0 0.007375 0.000655 0 0 0.000125 0.006355 0.01071 3e-05 3.5e-05 0 0 0 0 0 2.5e-05 0 0.0013 0 6e-05 3.5e-05 0 3.5e-05 0.009915 0 0 0 3.5e-05 0 4e-05 0.0006 5e-05 0.0118 4.5e-05 0.001885 4e-05 4e-05 0.011285 2e-05 0 2e-05 0 0.00064 2e-05 0.000125 0.012995 6.5e-05 0 0.005435 0 0 0.0002 2e-05 0 2e-05 4.5e-05 0.00325 0.001675 3.5e-05 0 3e-05 0 3.5e-05 0.00015 0.009205 0.002725 0 0.000855 2e-05 0 4e-05 5.5e-05 1.5e-05 3.5e-05 0.01409 0 1.5e-05 5.5e-05 4e-05 2.5e-05 5e-05 2e-05 0.017025 4e-05 0 0 0 0 3.5e-05
2.5e-05 0.002715 0.00652 5.5e-05 0.005415 2e-05 5e-05 0 0.00102 0.0081 2e-05 0 0 0 0 1.5e-05 5e-05 0 4e-05 0.006655 5.5e-05 0.007 0.001595 0 0.004655 0.002805 0.009005 1.5e-05 0 0 0.000375 0.00315 2e-05 0.00565 0 2e-05 2.5e-05 4e-05 0 4e-05 0 5e-05 0.000135 2e-05 0 0.00163 2.5e-05 0 0 0.00051 0 3.5e-05 0 0 0 0.00165 0 0.012385 0 0.00013 0 0.004235 0.0068 3e-05 4e-05 0 0 0 0.00104 0.00076 2.5e-05 0.000125 0 0 5e-06 2e-05 0.00031 0.00208 0.0033 3e-05 1e-05 0.001935 0 0 0 0 0.000715 0.003045 0 0.001065 0 4e-05 0 3.5e-05 0.00308 4e-05 0 2e-05 0 4e-05
4e-05 2e-05 0.00777 0.012645 3e-05 0 0.002195 5e-06 0 4.5e-05 6e-05 0.00095 3e-05 5.5e-05 2e-05 0.00658 5.5e-05 3.5e-05 4e-05 0 9.5e-05 0 5.5e-05 0 0.002555 0 3e-05 4.5e-05 0.00392 1.5e-05 8e-05 0.000545 5.5e-05 0.00315 0 0.007125 5e-06 0 0 0 0 0.003705 0 0 0.00447 0.00169 2e-05 2e-05 0.01028 0.012505 0 0 2.5e-05 0.00162 0.00178 0 0.00925 0.006815 0 0 0.00086 0 2e-05 4e-05 5e-05 3e-05 0 8e-05 0 0.000175 0 0.006865 0 0 0.0097 2.5e-05 5e-06 0.0047 3.5e-05 0.00737 3.5e-05 0.00062 0 0.00874 0 0 0 4e-05 4e-05 0 0 1.5e-05 3e-05 0.001395 0.003885 0.00025 0.001965 5e-05 0 0
0.000185 0 0 4.5e-05 4e-05 0 0 0 2.5e-05 0.00011 0.00663 0 0.003915 0.00131 0 0.00025 0 0.011015 1e-05 0.00029 4.5e-05 0.00017 4.5e-05 3e-05 0 0 0 0 0 0 0.00166 5e-05 0 4.5e-05 0 3.5e-05 0 0.0005 0.003925 4e-05 0 0.006595 0 0.009975 0.000485 3e-05 0 0.000955 2.5e-05 0 0 4e-05 0 2.5e-05 1.5e-05 2.5e-05 7e-05 3e-05 0.012035 0.004485 4e-05 0.000195 0.002695 0 0.012735 0 1e-05 5.5e-05 0.00137 5e-06 0.011135 1.5e-05 4e-05 0.0065 4.5e-05 0.013435 3e-05 2e-05 2.5e-05 0 0.00445 0 0 5e-05 0 4.5e-05 2.5e-05 0 5.5e-05 0.00017 5e-05 0.006985 0.011695 0 2.5e-05 2e-05 0.00029 0 0.00036 0
3e-05 0 0 0.00019 3.5e-05 0 0.01138 3.5e-05 0.0072 1.5e-05 2.5e-05 0.001625 2e-05 2.5e-05 3e-05 0.000845 0.000505 0 1.5e-05 0 0.00449 2.5e-05 0 0.01172 4.5e-05 1e-05 3.5e-05 0 0.00017 6.5e-05 5e-05 0 0.00512 0.00543 4e-05 1.5e-05 0.000395 0.000225 2e-05 0.01285 2e-05 0.006665 0.000715 0 0 0 0 0.001375 0 9.5e-05 0 0 0.00093 0.00042 0.0001 0 0 0 0 0.0005 0.00666 0 4e-05 0.002085 1.5e-05 0.00304 8e-05 4e-05 2.5e-05 0.002715 5.5e-05 0.000105 2.5e-05 3e-05 0.001585 2e-05 0 0.00015 2.5e-05 0.008475 3.5e-05 0 0 0 1.5e-05 0.002415 3.5e-05 0 0 4e-05 0.000375 0 4.5e-05 0 0 0 0.0039 0 4e-05 0
0.00053 2.5e-05 0.00581 0.01531 0.00788 0 0.00263 0 3.5e-05 0 0 0 4e-05 0 0 0.012815 0.00565 0 0 0 0 0 4e-05 0.00014 5e-06 0.00093 0 5e-05 0 2.5e-05 0 3e-05 4e-05 0 0.006285 0 0 2e-05 0.000525 5.5e-05 0 0.00027 0.011845 0.0106 0.01592 0 3.5e-05 0.000475 0.001965 0 8.5e-05 0 4e-05 0.01054 0 0.011915 0.00688 0.00052 0 0.003935 4e-05 1.5e-05 0.00021 6.5e-05 0 1.5e-05 3.5e-05 0 2.5e-05 0 0 0 0 0.01136 0.00418 3.5e-05 0 0 2e-05 2.5e-05 0 3e-05 3e-05 0.00037 0 0 6e-05 3.5e-05 2.5e-05 2.5e-05 0.004645 0.00096 2.5e-05 0.00597 2.5e-05 0.001175 0.001695 2e-05 0 3.5e-05
0 2.5e-05 0.00311 0.004945 2.5e-05 1.5e-05 0.003885 5e-06 2.5e-05 1e-05 2.5e-05 0.00225 4e-05 1e-05 0 0 0.00114 0.000545 2e-05 0.0033 0.0004 5e-06 0 0 0 0 4.5e-05 3e-05 0.013015 4e-05 0.001345 2e-05 0 0 0.00614 5.5e-05 0 0 0.0008 2e-05 0 0.00631 0.006325 0.00154 0.012005 0.002175 5e-06 0 0.00924 0.00114 0 0 5e-05 0 4e-05 4.5e-05 0.000135 0 3.5e-05 0.009935 0 0.002685 3.5e-05 1.5e-05 3e-05 0 0.00036 4.5e-05 3e-05 0.006505 3e-05 0 1e-05 0 0 0 0 0 4.5e-05 4.5e-05 3e-05 2.5e-05 0 0.004575 4e-05 0.000495 0 0 2e-05 2e-05 0.007155 4e-05 4e-05 0.010325 1.5e-05 0.011895 0.000705 0 2e-05 0
4.5e-05 3.5e-05 0.002895 2e-05 5e-06 0 0.002095 0 0 0 1.5e-05 0 8e-05 0 0.00634 2e-05 0 3e-05 3.5e-05 0.00173 0 0 1.5e-05 7.5e-05 2.5e-05 0.000785 1.5e-05 3.5e-05 0.00198 1e-05 0 0 0.0005 0.00072 2e-05 0.001495 2e-05 0.001965 0 0.009275 0.008565 0.000155 3.5e-05 5e-05 5.5e-05 5.5e-05 0.012965 0 1e-05 0 1.5e-05 0 0.00276 0.000685 0.00895 0 1.5e-05 0.001015 2e-05 4.5e-05 0 0.0075 0 0 1.5e-05 0.00536 0.000375 0.000785 3.5e-05 0 5e-06 0.009565 0 0 0 3.5e-05 0 0.00469 0.002615 0.00336 0 0 0.010575 0.00082 0.005045 3.5e-05 0 0.00593 0 0.00166 0.001535 0 0.006055 3e-05 0.00119 0 0.00667 0 0 0.003415
5.5e-05 0 0 0 5e-05 5.5e-05 3e-05 0 0 0.006165 0 3e-05 2.5e-05 2e-05 0.00037 0 0 1.5e-05 1e-05 0 2e-05 0 5.5e-05 1.5e-05 0.013125 0 0.00985 1.5e-05 4e-05 2.5e-05 0.01898 0.00275 0 6.5e-05 5e-05 0.00091 3.5e-05 3e-05 0 2.5e-05 2.5e-05 4.5e-05 0 0.01281 0.00411 0.01554 0 7e-05 0.000725 0 4.5e-05 4e-05 5.5e-05 0 0.00368 2e-05 0.001105 0 1e-05 0.014685 0 0 0 4.5e-05 2e-05 0 0.003555 0 0.004 0.01738 0.00193 0.010765 0 0 4e-05 0 2.5e-05 3e-05 0.00714 0 6e-05 0 5.5e-05 4.5e-05 0 4e-05 0 3e-05 2.5e-05 5.5e-05 0 3e-05 0.00065 4e-05 2.5e-05 0 0.000345 0 0 2.5e-05
0 0 0 2.5e-05 0.000545 0.002115 1e-05 3e-05 0.00012 0 0.00988 3e-05 0.00795 1.5e-05 0 0 0 6.5e-05 6e-05 7.5e-05 3e-05 0 3.5e-05 0 0 0 0.0107 3e-05 0 3.5e-05 0.001805 0 0.003315 0.012585 0.00372 3.5e-05 0.00849 4e-05 0.01552 1.5e-05 0.00018 0.000125 0.014465 4.5e-05 0.00278 0 4e-05 0.01105 2.5e-05 0.00018 5.5e-05 5e-05 0 0 0.00395 0.001755 0 0 0.004325 3e-05 2.5e-05 5e-05 0.003485 0.00083 2.5e-05 2e-05 3.5e-05 2.5e-05 2e-05 0.000655 3e-05 0 2e-05 0.01569 0 0 4.5e-05 0 1e-05 4.5e-05 0.00113 0 1.5e-05 0 3.5e-05 0 2e-05 0 0 0 0.00799 0 6.5e-05 0 2e-05 6.5e-05 6.5e-05 3e-05 3.5e-05 0
6.5e-05 0 2e-05 2e-05 7e-05 3e-05 0.00508 0.00125 0 3e-05 0.00059 0 0 0.00383 0 0 4e-05 0.00259 2.5e-05 0.006575 0 0.00138 4.5e-05 0 4e-05 2.5e-05 4e-05 0.00288 0.001375 0 0 2e-05 3e-05 3.5e-05 0.000265 3e-05 3.5e-05 0 7.5e-05 0.00032 0 0.00298 0 3.5e-05 0.00156 2.5e-05 0.00471 0.007405 0 0 0.003985 0 0 2.5e-05 0 0 4.5e-05 0 0.00308 0.002105 2e-05 0.013615 0 0.00298 3.5e-05 2.5e-05 0 0 5.5e-05 0.001205 0.000385 0 0 0.000255 0.011575 4.5e-05 3.5e-05 0 0.00094 2e-05 2e-05 0.010315 0.008575 0 0.00704 2.5e-05 0 0 0.00086 0 4.5e-05 0.00839 0 0 0 0.000805 0 0.00012 0 7.5e-05
0.002325 0 0 0 0 0.00803 0 0.005465 3.5e-05 0 1.5e-05 0 0 0.009455 0.004995 0 0 0.00253 0 4.5e-05 2e-05 0.005855 0.00012 3.5e-05 3e-05 0.00042 0.000745 0.01029 0 0.00296 1.5e-05 0 0.0018 0 3.5e-05 1e-05 0.00446 0 0 3.5e-05 0.0001 7e-05 2.5e-05 5e-05 1.5e-05 0 1e-05 4e-05 5e-05 0 0.00195 0 0 0 0 0 2e-05 5e-06 3e-05 4e-05 4e-05 5.5e-05 0.00133 0.00628 0.00143 0.011845 0.00031 0 0.000275 0 0.00545 3.5e-05 0 3e-05 2e-05 3.5e-05 0.005605 0.003895 2.5e-05 0 0.01201 2e-05 4.5e-05 0 5.5e-05 4e-05 0.000795 0.007445 0 0.00582 6e-05 0.000325 0 2.5e-05 5e-05 0 0 0.0001 0 0
5e-06 0.00283 0.005595 0 0 4.5e-05 0.0014 0.002495 0.01103 0 3.5e-05 0 0 0 0 4e-05 3.5e-05 1.5e-05 4.5e-05 0 9.5e-05 2.5e-05 0.000275 4.5e-05 0.0035 4.5e-05 3.5e-05 2e-05 0 1e-05 0 5e-05 0 1.5e-05 4e-05 0 4e-05 0.00014 0.002325 0 0.004045 0 4.5e-05 0 0 3.5e-05 0.000155 0 0 3.5e-05 1e-05 0 0 0.008865 0 3.5e-05 0 0.001415 0.00336 0.004335 0 0.013205 0 5e-05 0.001695 0 0.000515 0.00583 0 0.010945 0 0.01179 0.00217 2e-05 0.00304 0.001305 0 0.00629 0.000415 0.00608 5e-05 0 0.01238 0.009205 0 4.5e-05 0.000185 5e-05 2.5e-05 0 0.006545 0 0.001935 3.5e-05 0 0 0.006685 0 3e-05 0.00106
0 0 0 0 0 3e-05 0 5e-05 0.00052 0 0 0.011185 4.5e-05 0 6e-05 0.00814 0 0 0.00281 3e-05 0 0 2.5e-05 0.00814 1.5e-05 5e-05 4e-05 0 0.01177 9.5e-05 4e-05 0.000835 3.5e-05 0.0006 0 9.5e-05 0.002745 0.000765 5e-06 0 3e-05 0.005165 0 2.5e-05 4e-05 2e-05 0 3e-05 0.012145 0.008255 0 0 0.0003 0.014575 3e-05 0.00022 0 2.5e-05 0 0.00051 0 3e-05 1.5e-05 0.00252 0 0.002015 0.00908 3e-05 4.5e-05 3.5e-05 3e-05 2.5e-05 0 4e-05 0.01315 0 0 0.000185 0 0 3e-05 0.004215 0 0.01067 3.5e-05 0.007155 3.5e-05 6e-05 0 3e-05 2e-05 4e-05 1e-05 0 0.000545 0.0038 0.00036 0 4.5e-05 2.5e-05
0 0.005015 0.001505 0 0.00019 6e-05 5.5e-05 2.5e-05 0.0018 0.00322 0 0 0 0 0.004655 0 0.001115 5e-06 0 0.001135 0 0 3.5e-05 0.000185 0.00058 0 0 4.5e-05 2e-05 3.5e-05 0.000645 0 4.5e-05 0.010995 0 0.01152 0 0 5e-06 2e-05 0 3.5e-05 0.0028 2e-05 0.005635 0 0 0 3e-05 0.00549 2e-05 9.5e-05 0 3e-05 0.000145 0.000285 0 0.00066 4e-05 0.000355 0 0 0.005165 0 0 3.5e-05 5.5e-05 3.5e-05 0.00592 0.011925 3.5e-05 0.003035 0 0 3.5e-05 2.5e-05 0 1.5e-05 5.5e-05 0 1.5e-05 3e-05 2e-05 2e-05 3e-05 0 0.00611 0 3e-05 5e-06 0.01262 2.5e-05 3e-05 5e-05 6e-05 3e-05 0.005295 0 3e-05 0.00015
0.00186 0 3e-05 0 4.5e-05 0.002125 3.5e-05 0.000945 6e-05 0 5.5e-05 0.002855 1e-05 0.000815 0.00937 0 0 2e-05 0.009105 3e-05 0 0.00858 0.01528 0 0.00121 0 0.00191 0.0034 0 4e-05 0 0.000645 0.00222 4e-05 2.5e-05 1e-05 2.5e-05 4e-05 3e-05 0.00288 0 2.5e-05 2.5e-05 3.5e-05 3e-05 2.5e-05 0 2.5e-05 4.5e-05 2.5e-05 0 0 0.00124 0 0 0 0 0 0.004815 0 1.5e-05 0 3e-05 0.002695 0 0.013625 0 0.011145 0.005165 0 0.00013 6e-05 0 0 0 0 2.5e-05 0 0.00159 0.00692 0.002725 0.006 0.00894 7e-05 0.005145 4e-05 0.00941 0.000105 0 0.00923 3.5e-05 0 0 3e-05 0.00445 0 3e-05 0.00498 8e-05 0.00078
3.5e-05 4.5e-05 0.0072 0.00981 0.008035 5e-06 3e-05 3.5e-05 0.00018 2.5e-05 0 3e-05 3.5e-05 4.5e-05 1e-05 0 0 0 0 0 0 0 1e-05 0 5e-05 0.00226 3e-05 0 0.0011 4e-05 0.000485 0 5e-05 0 0 0.000555 0 5e-06 0.0141 0.00115 2.5e-05 0 0.011145 0.005725 0.017015 0 1e-05 0.007235 0 0.012685 0 0 0 0.00447 0.008505 0.00013 5e-05 0 0.00228 0 0 0.004945 0.00224 2e-05 2.5e-05 1.5e-05 3e-05 2.5e-05 2.5e-05 0.01051 4.5e-05 0.000405 2.5e-05 0 0.002265 4e-05 0 3.5e-05 0 3.5e-05 5.5e-05 2e-05 0 0.003595 3.5e-05 0 0 5e-06 2.5e-05 4.5e-05 0.01411 2.5e-05 0 0 0 0.000135 2.5e-05 4.5e-05 0 0
0 0.00176 0 0.010305 0 0.002575 0.002255 9e-05 0 0 0.006 0 3.5e-05 0 4e-05 0.00018 1.5e-05 0 2.5e-05 0 0.00021 0.000125 4e-05 2.5e-05 4e-05 1e-05 3.5e-05 0.00012 0 0 2.5e-05 2.5e-05 3e-05 0 3.5e-05 3e-05 4e-05 0.0048 0.001045 0.00435 0 0.009435 0 0.00769 5e-05 0 0 0.007675 0 0 0.00269 4e-05 2e-05 0.00105 0 3e-05 3.5e-05 4e-05 0.009965 7.5e-05 2.5e-05 0.012505 0 0.001105 0.00036 4.5e-05 0 8.5e-05 0 0.00075 0.000475 0.001035 8e-05 0 5e-06 0 0 3e-05 0.01095 7e-05 4e-05 0 0 0.000485 0.00148 0.000575 0 6e-05 4e-05 0.0044 0 0.00015 0.00219 0.0042 0.00055 0 0 0 2.5e-05 3.5e-05
