0.000495 0.009705 0.00415 1.5e-05 0.00212 0 4e-05 0 4e-05 3e-05 3.5e-05 1e-05 0.014745 0.001205 0 0 0.003435 1e-05 0 5e-06 3.5e-05 3.5e-05 0 2.5e-05 0 3e-05 0 0 4.5e-05 2.5e-05 0.00129 0 4e-05 0.00267 3e-05 5e-06 1.5e-05 2e-05 0 0.00133 0 1.5e-05 0 5.5e-05 0.01459 1e-05 6e-05 0 0.019645 0.016515 2e-05 0 0.00496 0.00304 0.00028 0 5e-05 2.5e-05 2e-05 3e-05 0 0 1.5e-05 4.5e-05 5.5e-05 3e-05 2.5e-05 4.5e-05 3e-05 0 0.006825 3e-05 0.00053 0 0.003225 6.5e-05 4.5e-05 0 0 6.5e-05 4.5e-05 0 0 1.5e-05 5.5e-05 4e-05 0 5.5e-05 3e-05 3.5e-05 0 0 0.00642 5e-05 0.009775 0 0 0 4e-05 5e-05
0 4e-05 0 0 0.000145 0 4.5e-05 1e-05 0 1.5e-05 2e-05 9e-05 0 0 0 0 4.5e-05 0.001395 0.00045 0.00308 0 0 2.5e-05 2e-05 0 2e-05 0 0.008465 0.000855 5e-05 0.00013 0.005415 3e-05 3.5e-05 3.5e-05 2.5e-05 0.006945 0 0 0 0 0 0 4e-05 0.00237 6e-05 1.5e-05 0 0.00652 0 3.5e-05 0 0.00019 0.010045 0 0.00118 1.5e-05 0 5e-05 0.00081 2e-05 3e-05 1e-05 0.00058 0.00124 0.00411 2.5e-05 4.5e-05 2.5e-05 0.001075 0 0.009215 2.5e-05 0 0 6e-05 2.5e-05 0.00066 0 3e-05 0.00295 1.5e-05 0.003265 7e-05 0.001925 0.00273 0.00019 4e-05 2e-05 0 0.00231 0 0.00825 2.5e-05 8.5e-05 2.5e-05 0.00063 0 0.00871 0.00139
0.000915 0 0 0.00017 0 0 0.00343 0.00141 0.000185 0.00502 1.5e-05 0.00221 0.00172 4.5e-05 0.000555 4.5e-05 0.00827 5e-05 0 0.005395 0 0 1e-05 2.5e-05 0.000715 0 0 0.000235 0 2e-05 0 3.5e-05 4e-05 0 0.00036 0 0 0 0.0076 0.01542 0.00097 0.00529 0.0004 0 0.000405 1e-05 1.5e-05 0.01085 0.01065 0 3e-05 0.000415 3.5e-05 4.5e-05 4.5e-05 0 0 2.5e-05 0.000605 0.0012 0 3e-05 2.5e-05 0.00109 0.003885 3.5e-05 2.5e-05 4.5e-05 0 3e-05 0 0 0.00239 0 0 0.00684 2.5e-05 0.000145 0 7e-05 0.000715 0 4.5e-05 0 0.009825 7.5e-05 1e-05 3.5e-05 0 2.5e-05 0.001795 4e-05 5.5e-05 0.00056 0 0 0 0 0 0.009825
4e-05 4.5e-05 2.5e-05 0.012315 0.00152 3.5e-05 0 0 0 0 5e-06 4e-05 0 0.00032 3.5e-05 0 0.01175 0 0 4.5e-05 0 2.5e-05 0.002855 4e-05 0 0 3e-05 0.012545 0.000605 0 0.00065 0.00126 0 0.00462 6e-05 1.5e-05 0 5e-05 0 0.002655 0.006165 3.5e-05 0 0 0 0 0.00182 0.005485 0 3e-05 4e-05 0 0 0 5e-05 0 2.5e-05 0 5.5e-05 4.5e-05 0.000245 0 0.0013 3.5e-05 0.00135 2e-05 0 0 0.000975 0 0.001655 0.005945 0.00503 0.00371 2e-05 0.01315 0.0009 0.000525 0 0 0 2.5e-05 0.001915 4.5e-05 2.5e-05 0.008625 4.5e-05 2.5e-05 3e-05 5.5e-05 0.00109 0.00239 0 2e-05 0.007635 2.5e-05 0.0003 0.002 6e-05 5e-05
0 0.00045 0.01317 0 0.000825 1e-05 7e-05 0 0 0.00458 0 3.5e-05 0 0 5e-05 5e-06 4e-05 0.0012 1e-05 5e-05 2.5e-05 0.00153 0.001095 4e-05 0 0 0.00685 0 0.001065 4e-05 3.5e-05 2.5e-05 0.00043 2e-05 6.5e-05 0 2e-05 0 2.5e-05 4e-05 0 4e-05 2e-05 0.00013 0 0.00404 4.5e-05 0.00279 0 0.00507 0 0.00604 0 0.001625 0 3.5e-05 0 1.5e-05 3e-05 0.0002 0 5e-05 0.004135 2.5e-05 0 3e-05 0.014545 0.00022 0 3.5e-05 3.5e-05 0 0.005085 2.5e-05 0.004065 4.5e-05 5e-06 1e-05 3.5e-05 0 4e-05 0 2.5e-05 0 0 1e-05 4e-05 0.00188 0 2.5e-05 0 2e-05 0 0.012545 2.5e-05 0.004895 0 3.5e-05 0 4.5e-05
0 1.5e-05 0 2e-05 3.5e-05 0.001315 2.5e-05 8.5e-05 0 0 3e-05 3.5e-05 0 3.5e-05 0 3.5e-05 2.5e-05 4e-05 4e-05 4.5e-05 0.00035 6.5e-05 0 2.5e-05 3.5e-05 5e-05 0 2e-05 0.00104 2e-05 0.000315 5e-06 0 0 0 5e-05 0 3e-05 0 0 4e-05 0.00352 0.00222 0 0.0029 5e-05 3.5e-05 0.00052 0.00105 0.00032 0 0.010675 0.006375 0.0106 0.005205 0 3e-05 0 1e-05 3.5e-05 0 0 7e-05 0 0.007965 0 4.5e-05 2e-05 0 0.009875 0 3.5e-05 0.00056 0 0 2.5e-05 0.00019 0.008485 5.5e-05 0 0 3e-05 0 0.000255 0.013905 0.00276 3e-05 5e-06 0 3.5e-05 5e-06 0.00438 3e-05 0 2.5e-05 0.004265 2.5e-05 0 0.00257 2e-05
2.5e-05 0 0 0 0.00689 0.004115 0.000885 5e-05 0.002235 0 2e-05 2e-05 6e-05 4.5e-05 3e-05 5e-06 0 0.00513 0 3.5e-05 0.00072 0 0.00217 0.00761 3.5e-05 0 0.000625 0.002105 0 1e-05 3e-05 1e-05 8.5e-05 3e-05 0.001455 0.00028 3e-05 1.5e-05 7.5e-05 0 1e-05 0 0 0 0 0.00538 0.00033 5.5e-05 2e-05 0 5.5e-05 3.5e-05 0.0034 3e-05 0 2.5e-05 0 0 0.00275 0.000355 0.009515 2.5e-05 0 0.001545 3e-05 0.00038 0 0.01299 3e-05 0 2.5e-05 0.001755 2.5e-05 0 0.00424 0 0 0.00487 0 0.00018 0 0.006635 0 4e-05 6.5e-05 0 3e-05 0.013965 4e-05 0 5e-05 3.5e-05 0 2e-05 0 0.010235 0 3e-05 0 0.009805
1e-05 3e-05 0 0.012605 1e-05 5.5e-05 2e-05 5.5e-05 3e-05 2.5e-05 6e-05 4.5e-05 0 4e-05 0 0.01857 0.00039 0.007205 0.00191 0.0009 0 3e-05 2e-05 0.001255 4e-05 5e-05 4e-05 0.003955 0 0.005975 2.5e-05 4.5e-05 3.5e-05 0 0 0 2.5e-05 0 3.5e-05 0.00018 0 0 0 0 4.5e-05 0 0 2.5e-05 0 0.00491 0 8e-05 3e-05 4e-05 0 1e-05 0.0064 3e-05 2e-05 0.00711 0 0.001965 5e-05 1.5e-05 0.005165 2.5e-05 0 0.00114 1e-05 2e-05 4.5e-05 0 0 0 0 0 2e-05 0 0.001625 0 0 0 4e-05 0 6e-05 1e-05 2.5e-05 5e-05 2.5e-05 0 4.5e-05 0 0 0.00504 0 1e-05 6e-05 0 3e-05 3e-05
4e-05 0 0 0 0.00029 0 0 0.0002 1.5e-05 0.011025 0.005995 0 0.000465 0.000895 0.0001 1.5e-05 0.002995 0.005 0 0.000245 6.5e-05 0 0.00028 0 0.0058 1e-05 0.01739 0.000185 1.5e-05 3e-05 0.000825 7.5e-05 2e-05 6e-05 0.00455 5e-05 5.5e-05 2.5e-05 0.008605 0 0 4.5e-05 0.004315 0 0.00409 0 1e-05 0.001295 0 3.5e-05 0 0.00033 0 2.5e-05 2e-05 0.00222 0 0 0.000195 3.5e-05 0 0 0 0 0 0 0 4.5e-05 0.00893 0 0 0 0.001625 0.00292 2e-05 4e-05 0.01397 5e-05 0 4e-05 0.001365 0 3.5e-05 3e-05 2.5e-05 0 0.00285 0.007225 0.004195 0.003615 0 0 4.5e-05 4e-05 1.5e-05 5e-05 5e-05 3e-05 0.00945 1.5e-05
3e-05 5e-05 0.005915 0.00063 4.5e-05 0 0.0014 2.5e-05 0.008645 5e-05 1.5e-05 3.5e-05 5e-05 0 0 0.00442 2.5e-05 3.5e-05 4e-05 0.00357 0 4e-05 0.00029 0 5e-06 0 4e-05 1.5e-05 0.01265 0 0.002315 0 2.5e-05 0 0 0.00263 0 0 0 0 1.5e-05 0 0 0.00225 3e-05 5.5e-05 0.00631 0 0.003875 0 0 5e-05 5e-05 0.01253 0.0047 4e-05 0.00589 9.5e-05 0 0.00819 0.00709 0.00025 5.5e-05 3.5e-05 0 3e-05 0.000355 0 4e-05 0.0001 1e-05 0 4.5e-05 4.5e-05 0 0.00189 2.5e-05 0.000395 0 0 0 0 0 0.002285 0.007585 0 2e-05 4e-05 2e-05 4.5e-05 0.004685 4e-05 0 0.00085 0.001515 0 0 1.5e-05 2.5e-05 0
4.5e-05 2.5e-05 0.000525 1e-05 0 0 2.5e-05 0.001575 3e-05 0.01419 3e-05 0.01166 2.5e-05 5.5e-05 0 0 4.5e-05 6e-05 7.5e-05 0 0.000965 0.001975 0 4e-05 0 0 5e-06 0.001195 3.5e-05 0 0 0.008435 3e-05 5e-05 4e-05 0.00395 0.000555 0.007555 0.01051 0.007525 4.5e-05 0 6e-05 0 0 2e-05 1e-05 0.00338 0.003185 0 0 3.5e-05 0.00209 0.002965 0 0 0.00063 0.005085 3e-05 0.0003 0 0.002595 0 0.001605 0 0 3e-05 0 0 1e-05 0.000985 1e-05 4.5e-05 0 2.5e-05 0.00313 0 0 0 0 2.5e-05 1e-05 1.5e-05 0 2.5e-05 2e-05 0.00093 3.5e-05 0.003035 3.5e-05 3.5e-05 0 2.5e-05 0.004325 0 2.5e-05 0 0 0.00497 0.001435
0 0 2.5e-05 3.5e-05 0 4e-05 0.01193 0 1e-05 0.004975 0.00959 0.01259 0 2.5e-05 0.000315 0 1e-05 0.01862 0 5e-06 0 0 2e-05 0 0.001815 0.001695 0 4.5e-05 4e-05 0 0.006065 2.5e-05 0.000155 0 0.01063 4e-05 0 0 5.5e-05 5e-05 0 0 0 0.000695 0.00017 0.01257 0.002145 3.5e-05 0 0.00019 0.005765 3.5e-05 0.00401 4e-05 4.5e-05 5e-05 0.00768 2e-05 4.5e-05 0 0.00213 0 0.009375 5.5e-05 3e-05 0 0 3e-05 0 0 0 0.003875 3e-05 2.5e-05 0 0.00903 6.5e-05 0.00433 0 0 0 1.5e-05 0.008895 3.5e-05 0 0 0 4e-05 2e-05 3.5e-05 1e-05 3e-05 0 0 0.00312 0.00147 3e-05 3e-05 1e-05 0.000155
3.5e-05 0 0.00401 0.005915 0.000655 0 0 0 0.006355 3.5e-05 5.5e-05 0 3.5e-05 4.5e-05 0 2.5e-05 0.00281 0 0 4e-05 0.00269 0 3e-05 0 0.00323 0.00082 5e-05 2e-05 5e-06 3e-05 0.00073 0.01125 0 0.010645 0 0 2e-05 0 0.00163 0.00101 3e-05 0 5.5e-05 4e-05 0 0.00681 3.5e-05 3e-05 0.007315 0.01222 4e-05 0.00026 0 0.00917 0.006865 0 0.002975 0.01362 4.5e-05 0 0 0.000245 5e-05 4.5e-05 1.5e-05 2.5e-05 0 3.5e-05 3e-05 0.01247 1.5e-05 0 0 0 5e-05 0 0 0.00037 0 0.002385 4e-05 0 2e-05 0 4e-05 0.00039 0 4e-05 5.5e-05 0 0.012925 3e-05 4e-05 3e-05 0 0 0.00406 3e-05 4.5e-05 0
0 5e-05 0.007175 0 4e-05 0 0.004625 0 0.007845 2e-05 4e-05 0.0001 0 0 4.5e-05 0.000985 7.5e-05 0 0.0001 0 0.01528 0 0.00494 0 8e-05 0 4.5e-05 4e-05 0.00134 1.5e-05 9e-05 0 0 3.5e-05 1.5e-05 0.004015 0 0.005255 0 0.000855 0.00011 0 6.5e-05 6e-05 4.5e-05 3.5e-05 0 2.5e-05 0.006655 0.00018 0 2e-05 0.000165 0.01133 0.00067 4.5e-05 0 0.000105 0 0.000215 0 0.007355 0 0 0 0 0.01372 0 2e-05 0 3.5e-05 0 0.000555 4e-05 0.001115 0 3.5e-05 0.003065 0 0.01448 0 0.00608 0.00779 0.00697 0.00296 3e-05 3.5e-05 5.5e-05 0 2e-05 1.5e-05 4e-05 4e-05 0.001755 0 0 1.5e-05 2.5e-05 2e-05 0.006565
0 0.0022 4e-05 2e-05 0 0 0 0.002715 0.0001 0 3.5e-05 0 2e-05 2.5e-05 0 0.00054 0 3.5e-05 2.5e-05 0 2.5e-05 0.004405 0 0.017355 1.5e-05 4e-05 0 0 0 0 0 0.00305 0 3.5e-05 1.5e-05 0 5.5e-05 2.5e-05 0.01017 3e-05 0.00872 2e-05 2.5e-05 0 2.5e-05 0.00399 0 0.005615 0.00371 0 0 3e-05 0.00658 0 4.5e-05 0 2e-05 0.000205 2e-05 4e-05 0 0 5e-05 1e-05 0.008075 2.5e-05 0 0 4e-05 0 2.5e-05 2.5e-05 0.000225 0 0.000575 0.003635 2.5e-05 0 0 1.5e-05 0 0 2e-05 4e-05 0 3e-05 0.001405 0.00128 0 2.5e-05 0.01052 2.5e-05 0.01448 2.5e-05 1.5e-05 0.00276 5e-06 3e-05 0 0.004365
5.5e-05 0 2e-05 0 0 0 6e-05 2.5e-05 3e-05 0 0 0 0.00059 2e-05 0.000635 3e-05 0.00021 0 0.009405 3.5e-05 0 0.003385 0 1.5e-05 0.002885 0.00954 0 5.5e-05 0 3.5e-05 2.5e-05 7.5e-05 4.5e-05 3.5e-05 0.00096 5e-05 0 0 0 0 4e-05 0 0.000755 0.003945 0.00152 0.014995 5e-05 3.5e-05 0 3e-05 0 0.004925 3e-05 2.5e-05 5.5e-05 0 0.00168 5.5e-05 4e-05 3.5e-05 0 3.5e-05 0 0 2e-05 2.5e-05 1.5e-05 3.5e-05 0 0 0 4e-05 0.002315 0.00037 1.5e-05 3e-05 5.5e-05 4.5e-05 0 0 0.002945 5.5e-05 3.5e-05 1.5e-05 4e-05 0.00217 2.5e-05 0.001525 4.5e-05 1.5e-05 0 0.004175 3e-05 0 0 0 2e-05 0 0.013055 0
4.5e-05 4.5e-05 1.5e-05 0 0.011725 4e-05 0.00159 0.003835 0.003685 5.5e-05 0.00808 5e-06 0 0.00432 0 3e-05 3.5e-05 0.000255 0 4e-05 0 7e-05 2.5e-05 0 2.5e-05 0.001395 0.00025 0.00206 0.00211 0.00053 3.5e-05 3.5e-05 0 0.00104 0.006425 2.5e-05 0.003385 0 0 0 0 0.00899 3e-05 2.5e-05 0.00999 3.5e-05 0 0.015255 0 3.5e-05 5.5e-05 0.012305 0.004105 0.00012 0 2e-05 1e-05 6e-05 0 3e-05 3e-05 0 0.000715 0 3.5e-05 3.5e-05 0 2.5e-05 0 3e-05 1.5e-05 0.004275 4e-05 0.00042 1e-05 0.000855 4e-05 7e-05 4e-05 0 9.5e-05 2e-05 0 0 5e-05 0 0.00193 0 0 0.008005 0.002315 0.000305 0.000155 0 0 4e-05 0 3e-05 0 3.5e-05
2.5e-05 4.5e-05 0.0045 0 4e-05 3e-05 1.5e-05 0.003585 0.01177 3e-05 0 3e-05 3e-05 0.002655 0 2e-05 1.5e-05 0 0 1.5e-05 0.0111 0 0.0045 0.001205 1e-05 3.5e-05 0 4e-05 0.009255 0.00351 0 0.000635 0.00043 0 4e-05 0 2.5e-05 0.00295 4e-05 0.0129 0.00623 0 0 0 0 3e-05 0 0.00385 0 0 0.000575 3e-05 0.005005 0.002215 0 1.5e-05 0 0 0.00019 0 0.001085 0.00963 5e-06 0.005105 1.5e-05 0.001605 0 0.0004 0 0.00043 3e-05 0 0 0 0 0 1.5e-05 0 0.000155 0.00194 4e-05 0.012675 0 0 6e-05 3.5e-05 0.00109 0.002665 0 0.002225 0.000115 0 0.000545 5.5e-05 2.5e-05 0.003795 0 0 1.5e-05 0
0 0 0.00418 4e-05 2.5e-05 3.5e-05 0.001105 1.5e-05 0.004715 0.001455 0 3e-05 0 0 3e-05 0 0 0 0 4e-05 0.004365 3e-05 0.000135 0 2e-05 0 0.001155 3e-05 4e-05 0.011165 2e-05 4e-05 0.00432 2.5e-05 0 3.5e-05 0 0 3e-05 0.001695 6e-05 4.5e-05 0.00498 3.5e-05 4e-05 0.003285 0.00074 8.5e-05 0 1.5e-05 4e-05 0.000115 1.5e-05 1e-05 0 0.011475 4.5e-05 2.5e-05 0.007935 0 0.009085 4e-05 0.000215 0.00863 2e-05 0 0 2.5e-05 3e-05 0 0 5e-05 0.003495 0.004645 0 2e-05 0 3.5e-05 0 0 0 0.012305 0 0 5.5e-05 0 0 0 2e-05 0.003515 5e-05 0.00071 0 0 3e-05 0.003965 0 0 4e-05 0.000585
3e-05 0.001125 0 0 0 2e-05 0.004445 0 0 0.000195 0.01926 0 0.027695 0 0 3e-05 0.000705 3.5e-05 5e-05 0.005525 5e-05 6.5e-05 0 4e-05 3e-05 0 4.5e-05 0 2.5e-05 4.5e-05 0.000365 0.004125 3e-05 4e-05 0 0.00079 0 0.00087 0 2e-05 0.000885 1.5e-05 0.00336 3.5e-05 0.001915 0 2.5e-05 0.00484 0.00619 3.5e-05 0.000705 0 3e-05 4e-05 0 0 0 0 2.5e-05 0 0 3.5e-05 0.000395 0 0.00019 2.5e-05 0.008395 0 2e-05 1e-05 7.5e-05 3e-05 0 2.5e-05 0.00841 4e-05 4.5e-05 3e-05 0 5.5e-05 3e-05 4.5e-05 2e-05 2.5e-05 3e-05 0 2.5e-05 0 0 5e-05 4e-05 0 0 0 0 2.5e-05 0.000705 0 2e-05 2.5e-05
0 0.00937 0 0 0 0 5e-05 0.011335 0.000495 0.00733 0.0014 4.5e-05 0 0.00474 7.5e-05 3e-05 3.5e-05 0 3e-05 0.006235 1.5e-05 0 0.00105 4e-05 0 0.00082 0.002245 4.5e-05 7.5e-05 0 5e-06 0 1e-05 0 0 2.5e-05 0 0.001255 0.002955 0.003425 7.5e-05 0.00258 0 0 2e-05 0 0.00043 0.005855 2.5e-05 0.00229 3.5e-05 0.002605 0 0 0.001705 3.5e-05 2e-05 0 0 1e-05 0 0.007255 9.5e-05 0.00263 0.00013 0 2e-05 0.003525 3e-05 0.00468 0.003465 0.00021 0.0004 0.002905 5.5e-05 0.00072 0 0.00149 0 0 2.5e-05 0.00778 1.5e-05 0.001645 0.008915 0 0 0 0 0.008395 0.00019 0 5e-06 5e-05 7.5e-05 2.5e-05 0 0 0.003515 0.00018
5e-05 0.00043 0 1.5e-05 2e-05 0 0 4e-05 5e-05 5e-05 5e-05 0.00622 0.014015 0 4e-05 0 0 0 2.5e-05 0 0 0 2e-05 0.00013 0.006075 8e-05 0.011655 7e-05 0.01097 0 0.011475 3e-05 5e-05 6e-05 2.5e-05 3.5e-05 3.5e-05 0.00015 0 5e-05 4e-05 0 0.00078 4e-05 0.00208 5.5e-05 0.00029 0.000455 0.002855 4e-05 3e-05 0 0 0 0 0.000225 0.005685 0 0 0 0 0.00924 0.00115 2e-05 5e-05 1.5e-05 0 2.5e-05 0.000975 0 0.013895 0.00631 0 0 0 0 6e-05 0.00037 0 0 2.5e-05 0.00484 3.5e-05 5e-05 0 0.000195 0 0.001035 0.0001 3.5e-05 0 0 0.00064 3.5e-05 1.5e-05 0.00021 0.005805 0.000405 2.5e-05 5e-05
0.01014 4.5e-05 0 7e-05 0.002105 0 0.007965 0 0 0.00352 1.5e-05 2.5e-05 3e-05 0.00669 3e-05 0 2.5e-05 5e-05 2.5e-05 3e-05 0 0 0 0 0 2.5e-05 0.00278 3.5e-05 0.00023 0 0.005205 3e-05 0.0155 0 9e-05 2e-05 1e-05 0.00095 0 3.5e-05 0 0 0 4e-05 0 2e-05 0 0.01262 0.01083 0.003475 7e-05 1e-05 0.000135 3e-05 0 0.01335 0 2.5e-05 7e-05 0 0.009145 0 0 2.5e-05 4.5e-05 0 0.000365 3e-05 0.00054 9.5e-05 0.00549 3e-05 0.00848 0 0.00705 3e-05 2.5e-05 5.5e-05 3e-05 0 5e-05 0.00102 3.5e-05 4e-05 2.5e-05 0.00383 0 0 0.000515 0 3.5e-05 0 3e-05 5e-06 3e-05 0.00392 3.5e-05 0 0 0
2.5e-05 0.000145 0 0 3e-05 0 0 0 1.5e-05 0.00369 0.00096 5e-05 0.011135 0 0 0 2.5e-05 0.0002 0 0.00017 4e-05 0 1.5e-05 0 0 0.00617 2e-05 4e-05 5.5e-05 0.006695 0.003115 0.00982 3e-05 2.5e-05 5e-05 0 0 4e-05 2.5e-05 0.01192 3e-05 0.002635 2e-05 0.003875 4.5e-05 3.5e-05 3.5e-05 0 0 0 4.5e-05 5.5e-05 0.004315 1.5e-05 0 0 0.013505 4.5e-05 3.5e-05 4e-05 0.000965 8e-05 0 1.5e-05 0 0.016255 4e-05 6e-05 4e-05 0 0 0.011295 0.010645 3e-05 4.5e-05 0 5e-05 0 0.001725 2e-05 3e-05 5e-06 0 0.00328 3.5e-05 4.5e-05 0.000105 0 0.000785 0 5e-05 0 0.01939 0.001075 0 0 4.5e-05 0.00228 1.5e-05 0
0.01137 0 0.001105 4.5e-05 0 0 0.010845 4.5e-05 9.5e-05 0 4.5e-05 0.000115 0 5e-05 2e-05 0 0 0 2e-05 0 0.007355 3.5e-05 0.00085 0.000595 0 0 0 7e-05 0.00098 0.006915 0 0 0 4e-05 0 0 0.002535 0 0 0 0.00188 0 0.00264 1.5e-05 2e-05 1e-05 6e-05 0 0.01455 0.0132 0 0 0.01203 0.00144 0.00535 0.00056 0.004255 1.5e-05 2e-05 4e-05 0.01196 3e-05 0 3e-05 4e-05 1.5e-05 0.003965 0.003565 0 0.000135 0 4.5e-05 3.5e-05 5.5e-05 0.001605 0.000725 0.00345 0 3e-05 0.003405 0.000145 1.5e-05 0 6.5e-05 3e-05 0 4.5e-05 0.00335 0.008915 0 0 4e-05 5e-05 0.007305 0 0 0.00012 0 0.002895 4.5e-05
3e-05 0.004945 0 0 2e-05 2e-05 4.5e-05 0.001275 3.5e-05 0 0 0 0.013525 3.5e-05 2e-05 3.5e-05 3.5e-05 0.006625 0.000255 0.00054 0 0.009825 4e-05 0.0031 0 0 0.01063 0 0.00988 0.000325 0 0.00097 2.5e-05 1e-05 0 0 0 0.002135 0 0 3.5e-05 4.5e-05 0 0 0.00201 3.5e-05 0 1.5e-05 0 3e-05 0 0 0.00345 0.00036 0.000135 4e-05 0 0 1e-05 0.003355 0 4e-05 0 2.5e-05 0 8e-05 0 0 0 0.00524 0.006185 0.012515 0.002345 0.00487 0 4.5e-05 0 3.5e-05 0 3.5e-05 2.5e-05 0 0.002605 0.0063 0 0 0 4e-05 4.5e-05 0 0 0.00014 8e-05 3e-05 5e-05 0.0032 0 0.000475 0.001835 0.000885
0 0 2.5e-05 0.00223 5e-05 5e-06 4e-05 1e-05 0 0 0.0042 2e-05 0 0 0.00235 5.5e-05 0 0.00234 0 1.5e-05 2.5e-05 0 0.000145 5e-05 2.5e-05 0.010845 4.5e-05 0 3e-05 3e-05 1.5e-05 0.010925 2.5e-05 0 0.002575 0.014685 6.5e-05 0 0 0.018365 0 3e-05 5e-05 0.007705 3.5e-05 0 3.5e-05 4.5e-05 2e-05 4e-05 0.00162 3.5e-05 0 0 5.5e-05 1e-05 0.0066 0.003655 0 0 0 0 0.00749 0 0.00245 0 0 0.00649 6.5e-05 0 3.5e-05 1.5e-05 0 0 2.5e-05 0.00032 0.013195 0 0 0.00405 4e-05 3.5e-05 0.00049 0 0.004595 0 0 3.5e-05 1e-05 0 4e-05 4e-05 0.005815 0.000135 5e-05 0 0 1.5e-05 2e-05 0
4e-05 0.00627 0.002165 3e-05 0.001765 0.00048 3e-05 0 0 0.00182 0.000265 0 0 5e-05 0.00779 0 0 2e-05 7.5e-05 0.00603 0 0.010605 0 0 0.00625 0.00785 0 3.5e-05 2.5e-05 0 0.007745 0.00036 0 0.001805 0 0.00102 0.000245 4e-05 1.5e-05 2e-05 0.0097 0 0.000855 2e-05 0.004365 0 0.00013 0 0 2.5e-05 0 0.008265 5.5e-05 0 0.002655 0 0 0.000325 0 0 3.5e-05 0 0.011475 0 4.5e-05 0 6.5e-05 0 0.007375 3.5e-05 0 0 0.008335 0.00768 2e-05 0 0.00267 4e-05 0 3e-05 3.5e-05 4.5e-05 0.00064 0 0 4e-05 0.008165 0.000845 0.005385 0.000295 0.008545 5.5e-05 0 4e-05 2.5e-05 4.5e-05 0.005575 0 0 0.00216
0 6e-05 2e-05 0 2.5e-05 5e-05 0.00011 7e-05 0.00408 2.5e-05 0 0.000765 3e-05 0.000355 0 0 5.5e-05 0.00444 3e-05 0 3e-05 0 5e-05 0 2e-05 3.5e-05 5e-05 0 0 0.009755 4.5e-05 4e-05 0 0.000465 0.006125 0 3.5e-05 0 0 0 4e-05 2e-05 0.0008 0 0.001555 3.5e-05 0.00204 0.00736 0.001625 0.00046 0.008415 4.5e-05 2.5e-05 0.000295 0.0022 3e-05 4.5e-05 6.5e-05 0.004925 0 2.5e-05 0.01114 2.5e-05 0 0.003125 4e-05 0 1.5e-05 5e-05 0 3.5e-05 0.00119 0 4.5e-05 0.000835 0.009905 1.5e-05 0 0.00345 3.5e-05 0 0.003615 0.000245 0 0 0 0 1.5e-05 0.00124 0 2.5e-05 0.00481 6.5e-05 6.5e-05 0 0 0.008645 0 0 2e-05
0.00471 3.5e-05 0.006005 2.5e-05 2.5e-05 4e-05 0 5e-05 1.5e-05 0 0 0 4.5e-05 0.001025 0 2e-05 0.01219 3e-05 0 0 0.009935 1.5e-05 0 0.006315 3.5e-05 0 1e-05 0.000505 0 0.007335 4e-05 0.010495 0.00464 0 2e-05 0.006985 0.00777 0 3e-05 0 5e-06 4e-05 0 3.5e-05 4.5e-05 0 3e-05 1e-05 0.00753 0 0 3e-05 0 1e-05 4e-05 0 0.00319 6e-05 0 1.5e-05 0 3e-05 4.5e-05 0 0 0.014005 0 0.000335 0.00011 3e-05 0 3e-05 0.0001 3.5e-05 0 5.5e-05 0 0.00113 5.5e-05 9.5e-05 0.001145 5.5e-05 0 0 3.5e-05 0.002875 0 2.5e-05 0 3.5e-05 3.5e-05 0 2.5e-05 0.003425 0.00365 0.000325 0 5e-05 5.5e-05 0
0.00056 0 0.00023 0 0 0.00458 0 0 0 0 0.00184 0 0.012735 0.00259 0.00202 3.5e-05 0.0102 0 0 4e-05 4.5e-05 0 5e-05 0 3.5e-05 0 0 0 3e-05 0.005865 3e-05 0.01057 0.00218 0.00725 0 0.006035 0 2e-05 4e-05 2e-05 6e-05 4.5e-05 0 0 1.5e-05 0 5.5e-05 4.5e-05 0 3e-05 0.000525 0 3e-05 0 3.5e-05 0.00645 0 3.5e-05 3.5e-05 0 0.00305 0 0 0.00556 2e-05 0.000815 0.000975 5e-06 0.009095 2.5e-05 3.5e-05 2.5e-05 0 1e-05 5e-05 2e-05 0 0 2e-05 0.000185 0.01057 2.5e-05 3.5e-05 3.5e-05 4e-05 0.004855 6e-05 0.00491 0.000235 0.00021 4e-05 0 0 2e-05 3e-05 2e-05 0 0.000855 0 3e-05
0 0.012605 6e-05 0.002755 0 0 2.5e-05 0.011285 0 2e-05 0.00101 0 4e-05 4e-05 0 0 0.00016 0.002885 0.000865 0 0 0 0 2e-05 0 0.008815 2e-05 0.008875 2.5e-05 0.00029 5.5e-05 0 0 0 2.5e-05 3e-05 2.5e-05 3.5e-05 2e-05 4e-05 0 5e-05 3.5e-05 0 0.006635 0.00203 4.5e-05 1.5e-05 0 0 2.5e-05 0.010185 0 4e-05 6e-05 1e-05 0 4.5e-05 0 6e-05 0 0 2.5e-05 0.013175 3e-05 7.5e-05 4e-05 5e-06 3.5e-05 0 0.00258 0.002235 2e-05 0 0.003755 0 0 0 0.009635 3e-05 2.5e-05 0 2e-05 0.00595 0.00143 5.5e-05 0.00413 4.5e-05 5e-06 0 5e-06 0 0 2e-05 0.00871 1.5e-05 0 5.5e-05 0 0.015485
4e-05 0 2.5e-05 3e-05 0 0.001675 0.00037 4e-05 0.000145 0.003535 3.5e-05 0.000415 0 3e-05 0 5.5e-05 0 0 0 0 0.003095 2.5e-05 2.5e-05 0 3e-05 0 0 0 0.000735 0.000645 4e-05 0 4e-05 3.5e-05 0.000435 0.010705 0.006455 1.5e-05 2.5e-05 9.5e-05 2.5e-05 0 5e-05 5e-05 0.00272 4e-05 0 0 0.00841 2e-05 0 0 0.000115 0.00117 0.002605 0 0.010465 5.5e-05 0.00233 0.007945 0.000715 4e-05 0 5e-05 0.00036 0 0 3e-05 0 0.00746 2e-05 6.5e-05 0 6e-05 0 0 0.00121 0 0.0004 0 0 0.000555 5.5e-05 2e-05 2e-05 0.001625 0 0.00133 0.007855 3e-05 0 0.002535 0.00137 0.00181 4e-05 0.009035 0 0.01232 0 1.5e-05
0 0 0 0 0.001745 0.00402 3.5e-05 0.00772 3.5e-05 0.002845 0.01489 0 0 0.00742 0.00148 0.000725 3e-05 0.00614 5.5e-05 0 4.5e-05 0.00178 0 2.5e-05 2.5e-05 0 0 0.00043 1.5e-05 0.00103 6.5e-05 2.5e-05 6e-05 0 0.002635 3.5e-05 3e-05 0 0.00918 3e-05 0 0 0.008795 0.00019 0 0 0 0 3e-05 2.5e-05 3e-05 0.00814 0 4e-05 0.00408 3.5e-05 3e-05 5e-05 0.011765 2e-05 5e-06 0 5e-06 0.00014 0 0 2.5e-05 5.5e-05 0.00241 4e-05 0 0 4.5e-05 0 2.5e-05 0.0001 0.00801 0 0.005785 3e-05 0 0.002285 0 2e-05 0.0009 2.5e-05 0.00094 0 0 0 4e-05 0 0.0117 1e-05 1e-05 4.5e-05 0.00749 0 0.004345 3.5e-05
4.5e-05 0 1.5e-05 0 3.5e-05 3e-05 0.00542 0.00039 0.001345 2e-05 3.5e-05 0 0.00228 3e-05 0 3.5e-05 0.01176 0.00035 0.000105 0 0.00158 0.002905 0 3e-05 4e-05 0.004185 4.5e-05 0 0 2e-05 5.5e-05 1.5e-05 0 0 2.5e-05 0 5.5e-05 5e-06 4e-05 1.5e-05 0 6.5e-05 0.001615 0 0.000865 0 0.00122 1.5e-05 2.5e-05 0 0 0.001005 0 0.00277 0 5e-05 2e-05 0.002305 0 0.002705 0 0 0 0 0 0 2e-05 0.00651 2e-05 0 3e-05 0.001285 5e-06 0.004875 0 1e-05 0.001095 0.005345 0.00029 0 4e-05 0.00397 0.01326 0 0 0 0.00202 0.00143 3e-05 0 0.003005 5e-05 3.5e-05 0 0.010125 3e-05 0.000455 0 0.002105 0.00465
0 1.5e-05 4.5e-05 2.5e-05 2.5e-05 4e-05 0 0.00366 4e-05 0 0 0 2.5e-05 1e-05 0 0.003075 0 4.5e-05 0 1.5e-05 0.00143 0 0 0.00467 0 2.5e-05 0.010075 4e-05 3.5e-05 0 1.5e-05 0 3.5e-05 0.003165 2.5e-05 0.00969 0.010075 0.00081 0 0.007585 0 0.001895 6e-05 6e-05 4e-05 0 4e-05 0.011385 0.0037 0 7e-05 3.5e-05 0.000895 3.5e-05 2.5e-05 9e-05 0 0 8e-05 0 0 0.011785 4e-05 0 0 5.5e-05 5.5e-05 5.5e-05 0.004605 0 3e-05 3.5e-05 0.006185 0.00011 2e-05 5.5e-05 4e-05 4.5e-05 0 0.007365 0.00235 0 1.5e-05 0.00873 0.002065 0.005885 0 0.000345 0 4e-05 3.5e-05 0 9.5e-05 0 0 0 0 0.002165 0.010475 0.00061
1.5e-05 5e-06 2e-05 6e-05 0.00244 0 0.002895 0 0.00178 0 0 4e-05 0 6.5e-05 0.000135 1e-05 0.013065 3.5e-05 0 0 5.5e-05 0 2.5e-05 0.004145 0 0 5e-05 0 2e-05 2e-05 0.0093 0.0119 0 0.00012 0.00044 0.004045 0 3e-05 0.00052 0 0.000535 2e-05 0 2.5e-05 0 3e-05 0 3e-05 0.007185 0.007315 0 5.5e-05 0 4.5e-05 0 0.00494 5e-06 0 2.5e-05 0 3.5e-05 2.5e-05 3.5e-05 0 3e-05 0.00041 5e-05 5e-05 0 0 0 0.001535 2.5e-05 0 0.009895 0.00564 2.5e-05 0 6e-05 3.5e-05 0 7e-05 4e-05 5.5e-05 5e-05 0.00973 4e-05 4e-05 3.5e-05 0.002155 0.011245 0.000965 0 2.5e-05 2.5e-05 0 0 0 2.5e-05 0
0.001675 0 0.001765 0 0.004595 3e-05 2.5e-05 3.5e-05 3e-05 0 0.00599 3.5e-05 4.5e-05 0.006975 0 0 0.00184 6.5e-05 0 2.5e-05 0 3e-05 0.00297 2.5e-05 0 0.001525 3.5e-05 0.004435 0 4.5e-05 3.5e-05 3.5e-05 0 0 0 4.5e-05 0 4.5e-05 0 4e-05 3e-05 0.0007 0.0002 0 0.001275 0 0.00646 3.5e-05 2.5e-05 2.5e-05 0.003935 3e-05 0.00104 0 0 0 0.00187 0.001915 0 0.00509 0 0 0.008155 0 0 0.00036 0.010705 0 0.004235 0.000715 0 0 0 0 0 4e-05 0 0.003595 0.001635 1.5e-05 0 0 0.00104 0.00088 4.5e-05 0.002725 0.00313 0 0.00294 0 0.005645 2e-05 0.004935 2e-05 0.00673 2.5e-05 4.5e-05 0.0014 6e-05 0.003015
7e-05 0.00038 0 4e-05 0 5e-05 0 2.5e-05 0 0.005945 0.001595 0.0028 4e-05 1e-05 0 4e-05 0 0 0.00199 4e-05 0.000115 0.005525 0.00283 0 1.5e-05 0.003485 0 4.5e-05 3.5e-05 0 4e-05 3.5e-05 0 1.5e-05 0 0.00902 4e-05 0.00045 5.5e-05 2.5e-05 0.0048 2e-05 3.5e-05 0 7.5e-05 0 0.00222 0 5e-05 0 5e-05 1.5e-05 5.5e-05 4e-05 5e-06 0 0 0 0.00818 0 0.0038 5e-05 0.00402 2.5e-05 2.5e-05 0 0 0.000935 0 3e-05 4e-05 0.003175 0.0014 3e-05 0.008715 1.5e-05 0.005665 0 0 0.0066 3.5e-05 0 2e-05 3e-05 2.5e-05 2.5e-05 0.000155 0 3e-05 0 4e-05 0.000985 2.5e-05 0.00164 3.5e-05 0 0 0.003805 0 2e-05
0 2e-05 3.5e-05 0.00569 0 0.00494 0.000165 0 0.00017 0.000275 4.5e-05 0 0.001905 2e-05 0.00185 0 0 4e-05 0 2.5e-05 0 0.009905 0 2.5e-05 0.00498 9.5e-05 0 0.00019 0 0.000455 0.00084 0 0.003175 0.000835 0 5e-05 0.00235 0 0.00024 0.00426 0 0 0.007595 0.003715 0 0 4e-05 0.010905 0 3.5e-05 1e-05 0 0.00012 0 0 0.004865 2e-05 0 0 3.5e-05 0 0.01053 0.000725 0.00282 0 3e-05 7e-05 2.5e-05 0.00683 2e-05 0.006235 2.5e-05 0.002125 0.008325 4e-05 0.00988 0.002905 0.007965 0 0.002335 0.006575 0 4.5e-05 0 0.014145 0.00143 3.5e-05 3e-05 1e-05 1.5e-05 0 0 2.5e-05 0 0.000945 0 5e-06 1.5e-05 0.00683 0
0 3.5e-05 4e-05 0 4e-05 2e-05 0 0.00409 0 0 4e-05 0 2e-05 0 0 3.5e-05 0.000785 8.5e-05 4e-05 0 1.5e-05 5.5e-05 0.003075 1.5e-05 3e-05 0 6e-05 5e-06 2.5e-05 0.00763 0 0.000195 2.5e-05 0 0 3e-05 1e-05 0.009235 0 0 3.5e-05 4e-05 6e-05 2e-05 0 3.5e-05 0.00126 3e-05 0 0 3e-05 0.00069 0 0 0 0.010105 0.01024 0.000275 3e-05 0.002285 0 4e-05 3e-05 0.000185 0 3.5e-05 5.5e-05 1e-05 5e-05 0.012355 0.007495 2.5e-05 0 0 0 0.000445 0.00809 0.00408 0 0 0.00523 0.00504 0.003135 0 4.5e-05 0 0 0.000885 0.000135 0.012245 0.00048 3e-05 0.00373 2e-05 0 0.000395 0 0 0.003245 0.004705
2e-05 0.00029 0 5.5e-05 0 0.000245 2.5e-05 1.5e-05 0 0.01199 6e-05 9.5e-05 2e-05 0.00024 0.009575 0 3e-05 2e-05 0 0 0 0 0 0.00324 3e-05 0.00125 5e-05 0 8.5e-05 0.00126 0 0.011905 5.5e-05 6.5e-05 0 3e-05 0.015415 0.00077 0 0 0 3.5e-05 8e-05 0.003065 3.5e-05 4.5e-05 0 3e-05 0.002755 0.002075 4e-05 0.014645 6.5e-05 0.00203 0.003135 2.5e-05 0 2.5e-05 0.00545 0 0.01018 0.004945 0.00152 0 0.00212 4.5e-05 0 0 0 2.5e-05 0 0.002045 4.5e-05 4.5e-05 0.00043 0 0.000495 0 0 0 0 2.5e-05 0 2e-05 0 3.5e-05 0 0 0 2e-05 2.5e-05 0.00025 0.0001 0 3e-05 0 0.004095 0 0.00559 6e-05
