0.000495 4e-05 3.5e-05 2.5e-05 0.00212 0 0.000225 0 0.00022 0.00102 0.00184 0.00688 0.004185 0.001205 0 0 2e-05 1e-05 0 5e-06 0.000865 3.5e-05 0 0.00027 0 3e-05 0 0 4.5e-05 2.5e-05 0.00129 0 0.004625 3.5e-05 0.007325 8.5e-05 0.00018 0.002825 0 3.5e-05 0 0.007935 0.00341 5.5e-05 2.5e-05 1e-05 6e-05 0 0.00746 0.004925 2e-05 0 0.008225 0.011205 0.00028 0 0.005565 0.00278 2e-05 0.011585 0 0 0.00012 4.5e-05 5.5e-05 3e-05 0.00649 4.5e-05 0.005145 0 4e-05 3e-05 2.5e-05 0 1.5e-05 6.5e-05 4.5e-05 0 0 0.00588 4.5e-05 0 0 1.5e-05 0.00175 0.00582 0 0.001235 0.011615 3.5e-05 0 0 3e-05 5e-05 1.5e-05 0 0 0 4e-05 5e-05
0 4e-05 0 0 4.5e-05 0 0.00945 1e-05 0 1.5e-05 2e-05 9e-05 0 0 0 0 0.006 5e-05 3.5e-05 0.00114 0 0 2.5e-05 0.00022 0 2e-05 0 0.002555 0.002855 0.000425 3e-05 5e-05 0.003125 1.5e-05 3.5e-05 0.001655 0.006945 0 0 0 0 0 0 4e-05 0.00237 6e-05 5.5e-05 0 0.007575 0 3.5e-05 0 0.00019 0.01047 0 0.008885 1.5e-05 0 5e-05 0.00081 0.00876 3e-05 1e-05 1e-05 0.00256 3e-05 2.5e-05 0.006355 0.001195 0.001075 0 5e-05 2.5e-05 0 0 4.5e-05 0.000285 0.00066 0 3e-05 0.000355 0.004045 0.001575 1.5e-05 4e-05 3e-05 0.00019 0.001345 2e-05 0 0.00349 0 2.5e-05 0.005615 5e-05 0.000245 0.00063 0 0.010045 4e-05
0.0064 0 0 4e-05 0 0 1.5e-05 4.5e-05 3.5e-05 0.010185 0.00175 3e-05 5e-05 0.0005 0.000555 0.00468 0.001975 5e-05 0 3.5e-05 0 0 0.01522 2.5e-05 3e-05 0 0 3e-05 0 2e-05 0 2e-05 0.0001 0 0.00036 0 0 0 0.012485 0.009165 0.00095 2e-05 2.5e-05 0 6e-05 4.5e-05 1.5e-05 0.00885 0.001465 0 3e-05 0.000835 3.5e-05 4.5e-05 4.5e-05 0 0 2.5e-05 0.00061 3e-05 0 3e-05 2.5e-05 0.004515 0.002615 0.00072 3.5e-05 0.00284 0 3e-05 0 0 0.00734 0 0 0.014115 2.5e-05 0.000145 0 0.00103 2.5e-05 0 4.5e-05 0 0.00014 1.5e-05 0 0.003995 0 2.5e-05 2.5e-05 4e-05 0.00332 0.00443 0 0 0 0 0 0.00147
0.00068 7e-05 2.5e-05 0.00274 0.004205 3.5e-05 0 0 0 0 1e-05 4e-05 0 0.007085 0.014125 0 0.00881 0 0 4.5e-05 0 0.000965 0.010115 4e-05 0 0 3e-05 0.00507 5e-05 0 3.5e-05 5e-05 0 0.011505 6e-05 1.5e-05 0 5e-05 0 0.003755 0.00579 3.5e-05 0 0 0 0 3.5e-05 7.5e-05 0 3e-05 4e-05 0 0 0 5e-05 0 2.5e-05 0 0.010015 4.5e-05 1.5e-05 2.5e-05 2e-05 0.012915 0.001365 0.0023 0 0 4e-05 0 2e-05 4e-05 3e-05 0.00371 0.001375 0.013095 0.01014 0.000525 0 0 0 2.5e-05 0.010365 0.009065 2.5e-05 1.5e-05 4.5e-05 2.5e-05 3e-05 6.5e-05 3e-05 2e-05 0 0.003205 0.0135 2.5e-05 1.5e-05 3.5e-05 6e-05 5e-05
0 0.00045 3e-05 0 3e-05 1e-05 9.5e-05 0 0 2e-05 0 0.005995 0 0 0.00026 5e-06 0.006245 0.0012 0.001265 0.009305 3e-05 0.00153 0.001015 4e-05 0 0 0.0026 0 0.001065 4e-05 3.5e-05 2.5e-05 4e-05 0.00481 6.5e-05 0 2e-05 0 2.5e-05 4e-05 0 4e-05 2e-05 0.00013 0 0.000275 0.00083 3.5e-05 0 5.5e-05 0 0.01324 0 4e-05 0 3.5e-05 0 0.000425 3e-05 4e-05 0 5e-05 2e-05 0.00042 0 3e-05 2.5e-05 3.5e-05 0 0.001935 0.00181 0 4.5e-05 0.00439 0.002845 4.5e-05 5e-06 1e-05 0.000345 0 0.00347 0 0.01079 0 0 1e-05 0.00512 3e-05 0 0.0008 0 2e-05 0 3.5e-05 0.01015 3.5e-05 0 3.5e-05 0 0.014365
0 0.00709 0 0.00336 0.006535 3.5e-05 2.5e-05 8.5e-05 0 0 0.00965 3.5e-05 0 3.5e-05 0 3.5e-05 2.5e-05 4e-05 0.009765 4.5e-05 3e-05 6.5e-05 0 2.5e-05 3.5e-05 0.001185 0 2e-05 4e-05 2e-05 4e-05 1e-05 0 0 0 0.00064 0 3e-05 0 0 4e-05 1e-05 3e-05 0 2e-05 0.00953 3.5e-05 0.00052 4e-05 2.5e-05 0 0.00023 3.5e-05 3e-05 6e-05 0 0.00071 0 1.5e-05 3.5e-05 0 0 7e-05 0 0.00348 0 0.00827 2e-05 0 3e-05 0 3.5e-05 0.00056 0 0 0.001765 0.00019 4e-05 0.00613 0 0 3e-05 0 0.000255 0.005555 0.001685 3e-05 5e-06 0 3.5e-05 5e-06 3e-05 0.00649 0 0.004055 0.000595 2.5e-05 0 1e-05 0.000325
0.000675 0 0 0 0.007195 0.00361 3.5e-05 0.00012 1.5e-05 0 2e-05 2e-05 6e-05 0.006725 4e-05 0.00971 0 3.5e-05 0 3.5e-05 3.5e-05 0 0.01359 4.5e-05 0.000135 0 3e-05 0.00236 0 1e-05 3e-05 1e-05 8.5e-05 0.015685 0.0062 4.5e-05 3e-05 0.005385 7.5e-05 0 1e-05 0 0 0 0 0.00538 6e-05 0.00955 2e-05 0 5.5e-05 0.00405 2.5e-05 3e-05 0 8e-05 0 0 2.5e-05 5e-05 2.5e-05 0.00609 0 0.006465 3e-05 3.5e-05 0 5.5e-05 0.009095 0 0.00536 5e-05 0.009935 0 0.013865 0 0 4e-05 0 0.00018 0 2e-05 0 0.00145 0.002865 0 3e-05 2e-05 4e-05 0 5e-05 3.5e-05 0 2e-05 0 5.5e-05 0 3e-05 0 0.00719
0.001655 3e-05 0 4e-05 1e-05 0.00036 2e-05 5.5e-05 0.002425 2.5e-05 6e-05 4.5e-05 0 4e-05 0 2.5e-05 3.5e-05 3e-05 3e-05 3.5e-05 0 3e-05 2e-05 0.00463 0.000335 5e-05 0.002395 4.5e-05 0 0.008735 7.5e-05 4.5e-05 0.00748 0 0 0 0.001395 0 3.5e-05 3.5e-05 0 0 0.00104 0 4.5e-05 0 0 0.001665 0 0.00579 0 8e-05 0.01307 4e-05 0 1e-05 0.006335 3e-05 2e-05 0.01174 0 4e-05 5e-05 1.5e-05 2e-05 2.5e-05 0 3.5e-05 1e-05 0.009855 0.004715 0 0 0 0 0 2e-05 0 5e-05 0 0 0 4e-05 0 6e-05 1e-05 0.000535 0.007445 0.01185 0 4.5e-05 0 0 0.00459 0 1e-05 0.003075 0 0.00035 3e-05
4e-05 0 0 0 0.00029 0 0 2e-05 0.014515 3e-05 0.002535 0 5e-05 0.012405 0.0001 0.00786 0.00676 4e-05 0 3e-05 6.5e-05 0 0.00028 0 1.5e-05 1e-05 4e-05 0.000185 1.5e-05 3e-05 3.5e-05 5e-05 0.001495 6e-05 0.00463 0.000155 5.5e-05 2.5e-05 0.016215 0 0 4.5e-05 0.000285 0 3e-05 0 1e-05 5e-05 0 0.006275 0 0.00033 0 0.000185 0.00208 0.00199 0 0 0.000195 0.000405 0 0 0 0 0 0 0 4.5e-05 4.5e-05 0 0 0 2.5e-05 0.00292 2e-05 0.009105 0.01093 5e-05 0 0.00091 0.001365 0 0.005805 3e-05 0.01149 0 4.5e-05 4e-05 5e-05 0.00372 0 0 4.5e-05 0.00114 0.000595 0.00183 5e-05 3e-05 0.000385 1.5e-05
0.001535 5e-05 0.00271 0.00063 0.01725 0 4e-05 2.5e-05 0.00466 5e-05 0.01237 3.5e-05 5e-05 0 0 0.01561 2.5e-05 3.5e-05 0.00144 4e-05 0 4e-05 0.00029 0 5e-06 0 4e-05 0.000155 0.00072 0 4e-05 0 0.00679 0 0 3.5e-05 0 0 0 0 1.5e-05 0 0 0.001785 3e-05 5.5e-05 0.005265 0 1e-05 0 0 0.00421 5e-05 4e-05 4.5e-05 0.001585 4.5e-05 9.5e-05 0 4e-05 3.5e-05 4e-05 0.00124 0.00872 0 3e-05 0.000355 0 0.005485 5e-05 1e-05 0 0.001205 0.00497 0 0.003795 0.00076 6e-05 0 0 0 0 0 2.5e-05 0.01363 0 2e-05 4e-05 2e-05 4.5e-05 4e-05 0.000375 0 4e-05 1.5e-05 0 0 1.5e-05 2.5e-05 0
4.5e-05 0.000195 0.000525 1e-05 0 0 0.00158 5e-05 0.00418 0.00382 3e-05 3e-05 2.5e-05 0.00824 0 0 0.0001 6e-05 4.5e-05 0 3.5e-05 3.5e-05 0 4e-05 0 0 5e-06 2.5e-05 3.5e-05 0 0 3e-05 0.0071 5e-05 0.011295 3.5e-05 4e-05 6.5e-05 0.011495 0.00103 0.0045 0 6e-05 0 0 0.0006 1e-05 0.00338 0.003185 0 0 0.005215 6.5e-05 2.5e-05 0 0 0.00063 0.002355 0.00159 3e-05 0 2.5e-05 0 0.00425 0 0 0.000775 0 0 1e-05 2.5e-05 1e-05 0.00019 0 0.010905 0.01188 0 0 0 0 0.00209 1e-05 1.5e-05 0 2.5e-05 2e-05 5.5e-05 0.009685 1.5e-05 3.5e-05 3.5e-05 0 2.5e-05 0.00777 0 2.5e-05 0 0 1.5e-05 0.00144
0 0 2.5e-05 0.014135 0 2e-05 3.5e-05 0 1e-05 3e-05 0.00977 0.008985 0 3.5e-05 0.000315 0 1e-05 3e-05 0 0.00051 0 0 2e-05 0 0.001815 0.000355 0 0.000745 0.00066 0 3e-05 0.00071 4.5e-05 0 2.5e-05 4e-05 0 0 0.002685 5e-05 0 0 0 1.5e-05 0.00017 3e-05 0.00253 3.5e-05 0 4e-05 0.00355 0.001245 3e-05 4e-05 0.00397 5e-05 3.5e-05 0.00675 4.5e-05 0 4e-05 0 0.00596 0.00973 0.000205 0 0 3e-05 0 0 0 4e-05 3e-05 7e-05 0 3.5e-05 6.5e-05 4e-05 0 0 0 0.000165 0.00904 0.00858 0 0 0 4e-05 2e-05 3.5e-05 6e-05 0.000755 0 0 0.00168 0.000505 0.00145 3e-05 0.001935 0.000155
3.5e-05 0 1e-05 4.5e-05 4.5e-05 0 0 0 3.5e-05 3.5e-05 5.5e-05 0 0.00143 4.5e-05 0 2.5e-05 0.01205 0 0 0.00452 0.00269 0 3e-05 0 0.004395 0.00082 5e-05 2e-05 5e-06 0.00671 3e-05 0.0002 0 2.5e-05 0 0 2e-05 0 3.5e-05 0.00435 0.006735 0 5.5e-05 0.00047 0 0.00595 3.5e-05 3e-05 4e-05 4e-05 4e-05 0.00026 0 0.00019 0.00396 0 4.5e-05 2e-05 4.5e-05 0 0 0.000245 5e-05 0.00181 1.5e-05 0.00175 0 0.00552 3e-05 3.5e-05 1.5e-05 0 0 0 5e-05 0 0 0.00037 0 3e-05 4e-05 0 0.0081 0 4e-05 4.5e-05 0 0.0004 5.5e-05 0 0.01022 3e-05 0.000225 0.00788 0 0 0.010825 3e-05 0.01174 0
0 5e-05 0.007175 0 4e-05 0 0.004625 0 0.007845 2e-05 4e-05 0.0001 0 0 4.5e-05 0.000985 7.5e-05 0 0.0001 0 0.01528 0 0.00494 0 8e-05 0 4.5e-05 4e-05 0.00134 1.5e-05 9e-05 0 0 3.5e-05 1.5e-05 0.004015 0 0.005255 0 0.000855 0.00011 0 6.5e-05 6e-05 4.5e-05 3.5e-05 0 2.5e-05 0.006655 0.00018 0 2e-05 0.000165 0.01133 0.00067 4.5e-05 0 0.000105 0 0.000215 0 0.007355 0 0 0 0 0.01372 0 2e-05 0 3.5e-05 0 0.000555 4e-05 0.001115 0 3.5e-05 0.003065 0 0.01448 0 0.00608 0.00779 0.00697 0.00296 3e-05 3.5e-05 5.5e-05 0 2e-05 1.5e-05 4e-05 4e-05 0.001755 0 0 1.5e-05 2.5e-05 2e-05 0.006565
0 0.0022 4e-05 2e-05 0 0 0 0.002715 0.0001 0 3.5e-05 0 2e-05 2.5e-05 0 0.00054 0 3.5e-05 2.5e-05 0 2.5e-05 0.004405 0 0.017355 1.5e-05 4e-05 0 0 0 0 0 0.00305 0 3.5e-05 1.5e-05 0 5.5e-05 2.5e-05 0.01017 3e-05 0.00872 2e-05 2.5e-05 0 2.5e-05 0.00399 0 0.005615 0.00371 0 0 3e-05 0.00658 0 4.5e-05 0 2e-05 0.000205 2e-05 4e-05 0 0 5e-05 1e-05 0.008075 2.5e-05 0 0 4e-05 0 2.5e-05 2.5e-05 0.000225 0 0.000575 0.003635 2.5e-05 0 0 1.5e-05 0 0 2e-05 4e-05 0 3e-05 0.001405 0.00128 0 2.5e-05 0.01052 2.5e-05 0.01448 2.5e-05 1.5e-05 0.00276 5e-06 3e-05 0 0.004365
5.5e-05 0 2e-05 0 0 0 6e-05 2.5e-05 3e-05 0 0 0 0.00059 2e-05 0.000635 3e-05 0.00021 0 0.009405 3.5e-05 0 0.003385 0 1.5e-05 0.002885 0.00954 0 5.5e-05 0 3.5e-05 2.5e-05 7.5e-05 4.5e-05 3.5e-05 0.00096 5e-05 0 0 0 0 4e-05 0 0.000755 0.003945 0.00152 0.014995 5e-05 3.5e-05 0 3e-05 0 0.004925 3e-05 2.5e-05 5.5e-05 0 0.00168 5.5e-05 4e-05 3.5e-05 0 3.5e-05 0 0 2e-05 2.5e-05 1.5e-05 3.5e-05 0 0 0 4e-05 0.002315 0.00037 1.5e-05 3e-05 5.5e-05 4.5e-05 0 0 0.002945 5.5e-05 3.5e-05 1.5e-05 4e-05 0.00217 2.5e-05 0.001525 4.5e-05 1.5e-05 0 0.004175 3e-05 0 0 0 2e-05 0 0.013055 0
4.5e-05 4.5e-05 1.5e-05 0 0.011725 4e-05 0.00159 0.003835 0.003685 5.5e-05 0.00808 5e-06 0 0.00432 0 3e-05 3.5e-05 0.000255 0 4e-05 0 7e-05 2.5e-05 0 2.5e-05 0.001395 0.00025 0.00206 0.00211 0.00053 3.5e-05 3.5e-05 0 0.00104 0.006425 2.5e-05 0.003385 0 0 0 0 0.00899 3e-05 2.5e-05 0.00999 3.5e-05 0 0.015255 0 3.5e-05 5.5e-05 0.012305 0.004105 0.00012 0 2e-05 1e-05 6e-05 0 3e-05 3e-05 0 0.000715 0 3.5e-05 3.5e-05 0 2.5e-05 0 3e-05 1.5e-05 0.004275 4e-05 0.00042 1e-05 0.000855 4e-05 7e-05 4e-05 0 9.5e-05 2e-05 0 0 5e-05 0 0.00193 0 0 0.008005 0.002315 0.000305 0.000155 0 0 4e-05 0 3e-05 0 3.5e-05
2.5e-05 4.5e-05 0.0045 0 4e-05 3e-05 1.5e-05 0.003585 0.01177 3e-05 0 3e-05 3e-05 0.002655 0 2e-05 1.5e-05 0 0 1.5e-05 0.0111 0 0.0045 0.001205 1e-05 3.5e-05 0 4e-05 0.009255 0.00351 0 0.000635 0.00043 0 4e-05 0 2.5e-05 0.00295 4e-05 0.0129 0.00623 0 0 0 0 3e-05 0 0.00385 0 0 0.000575 3e-05 0.005005 0.002215 0 1.5e-05 0 0 0.00019 0 0.001085 0.00963 5e-06 0.005105 1.5e-05 0.001605 0 0.0004 0 0.00043 3e-05 0 0 0 0 0 1.5e-05 0 0.000155 0.00194 4e-05 0.012675 0 0 6e-05 3.5e-05 0.00109 0.002665 0 0.002225 0.000115 0 0.000545 5.5e-05 2.5e-05 0.003795 0 0 1.5e-05 0
0 0 6e-05 4e-05 2.5e-05 3.5e-05 2e-05 0.00951 0.004715 0.011025 0 3e-05 0 0 0.00878 0 0 0 0 0.00052 0.00212 3e-05 0.000135 0 0.00787 0 0.001155 3e-05 0.00066 4e-05 0.008835 4e-05 1e-05 2.5e-05 0 3.5e-05 0 0 0.000155 0.00352 6e-05 0.00048 1e-05 0.000925 4e-05 2.5e-05 0.00074 3.5e-05 0 0.001695 4e-05 2.5e-05 1.5e-05 1e-05 0 3.5e-05 4.5e-05 0.002875 0.00919 0 1.5e-05 0.009745 0.000215 4.5e-05 0.00022 0 0 0.00241 3e-05 0 0 5e-05 0.003495 4.5e-05 0 0.001925 0 0.003965 0 0 0 0.00556 0 0 0.013815 0 0 0 0.00016 0.0022 0.003795 3e-05 0 0 0.00732 0.00074 0 0 0.00516 0.004365
3e-05 2e-05 0 0 0 2e-05 0.003405 0 0 0.000195 3e-05 0 3.5e-05 0 0 3e-05 2.5e-05 3.5e-05 1.5e-05 0.000315 0.006665 0.000485 0 0.00506 3e-05 0 4.5e-05 0 0.003905 0.00143 0.00553 0.004125 0.004615 0.005735 0 0.007025 0 3.5e-05 0 2e-05 0.00824 0.002285 3e-05 3e-05 0.000825 0 7e-05 0.004655 3e-05 0.009505 2.5e-05 0 0.00374 0.002085 0 0 0 0 0.004175 0 0 0.002205 3e-05 0 5e-05 0.00306 0.005115 0 2e-05 0.007475 2e-05 9.5e-05 0 0.000155 0.0026 4e-05 4.5e-05 0.005895 0 0.005445 3e-05 0.00851 2e-05 0.00028 0.00013 0 0.00835 0 0 0.00098 0.005755 0 0 0 0 0.00014 0.008 0 2e-05 0.00022
0 0.00937 0 0 0 0 5e-05 0.011335 0.000495 0.00733 0.0014 4.5e-05 0 0.00474 7.5e-05 3e-05 3.5e-05 0 3e-05 0.006235 1.5e-05 0 0.00105 4e-05 0 0.00082 0.002245 4.5e-05 7.5e-05 0 5e-06 0 1e-05 0 0 2.5e-05 0 0.001255 0.002955 0.003425 7.5e-05 0.00258 0 0 2e-05 0 0.00043 0.005855 2.5e-05 0.00229 3.5e-05 0.002605 0 0 0.001705 3.5e-05 2e-05 0 0 1e-05 0 0.007255 9.5e-05 0.00263 0.00013 0 2e-05 0.003525 3e-05 0.00468 0.003465 0.00021 0.0004 0.002905 5.5e-05 0.00072 0 0.00149 0 0 2.5e-05 0.00778 1.5e-05 0.001645 0.008915 0 0 0 0 0.008395 0.00019 0 5e-06 5e-05 7.5e-05 2.5e-05 0 0 0.003515 0.00018
5e-05 0.00043 0 1.5e-05 2e-05 0 0 4e-05 5e-05 5e-05 5e-05 0.00622 0.014015 0 4e-05 0 0 0 2.5e-05 0 0 0 2e-05 0.00013 0.006075 8e-05 0.011655 7e-05 0.01097 0 0.011475 3e-05 5e-05 6e-05 2.5e-05 3.5e-05 3.5e-05 0.00015 0 5e-05 4e-05 0 0.00078 4e-05 0.00208 5.5e-05 0.00029 0.000455 0.002855 4e-05 3e-05 0 0 0 0 0.000225 0.005685 0 0 0 0 0.00924 0.00115 2e-05 5e-05 1.5e-05 0 2.5e-05 0.000975 0 0.013895 0.00631 0 0 0 0 6e-05 0.00037 0 0 2.5e-05 0.00484 3.5e-05 5e-05 0 0.000195 0 0.001035 0.0001 3.5e-05 0 0 0.00064 3.5e-05 1.5e-05 0.00021 0.005805 0.000405 2.5e-05 5e-05
0.01014 4.5e-05 0 7e-05 0.002105 0 0.007965 0 0 0.00352 1.5e-05 2.5e-05 3e-05 0.00669 3e-05 0 2.5e-05 5e-05 2.5e-05 3e-05 0 0 0 0 0 2.5e-05 0.00278 3.5e-05 0.00023 0 0.005205 3e-05 0.0155 0 9e-05 2e-05 1e-05 0.00095 0 3.5e-05 0 0 0 4e-05 0 2e-05 0 0.01262 0.01083 0.003475 7e-05 1e-05 0.000135 3e-05 0 0.01335 0 2.5e-05 7e-05 0 0.009145 0 0 2.5e-05 4.5e-05 0 0.000365 3e-05 0.00054 9.5e-05 0.00549 3e-05 0.00848 0 0.00705 3e-05 2.5e-05 5.5e-05 3e-05 0 5e-05 0.00102 3.5e-05 4e-05 2.5e-05 0.00383 0 0 0.000515 0 3.5e-05 0 3e-05 5e-06 3e-05 0.00392 3.5e-05 0 0 0
2.5e-05 0.000145 0 0 3e-05 0 0 0 1.5e-05 0.00369 0.00096 5e-05 0.011135 0 0 0 2.5e-05 0.0002 0 0.00017 4e-05 0 1.5e-05 0 0 0.00617 2e-05 4e-05 5.5e-05 0.006695 0.003115 0.00982 3e-05 2.5e-05 5e-05 0 0 4e-05 2.5e-05 0.01192 3e-05 0.002635 2e-05 0.003875 4.5e-05 3.5e-05 3.5e-05 0 0 0 4.5e-05 5.5e-05 0.004315 1.5e-05 0 0 0.013505 4.5e-05 3.5e-05 4e-05 0.000965 8e-05 0 1.5e-05 0 0.016255 4e-05 6e-05 4e-05 0 0 0.011295 0.010645 3e-05 4.5e-05 0 5e-05 0 0.001725 2e-05 3e-05 5e-06 0 0.00328 3.5e-05 4.5e-05 0.000105 0 0.000785 0 5e-05 0 0.01939 0.001075 0 0 4.5e-05 0.00228 1.5e-05 0
0.01137 0 0.001105 4.5e-05 0 0 0.010845 4.5e-05 9.5e-05 0 4.5e-05 0.000115 0 5e-05 2e-05 0 0 0 2e-05 0 0.007355 3.5e-05 0.00085 0.000595 0 0 0 7e-05 0.00098 0.006915 0 0 0 4e-05 0 0 0.002535 0 0 0 0.00188 0 0.00264 1.5e-05 2e-05 1e-05 6e-05 0 0.01455 0.0132 0 0 0.01203 0.00144 0.00535 0.00056 0.004255 1.5e-05 2e-05 4e-05 0.01196 3e-05 0 3e-05 4e-05 1.5e-05 0.003965 0.003565 0 0.000135 0 4.5e-05 3.5e-05 5.5e-05 0.001605 0.000725 0.00345 0 3e-05 0.003405 0.000145 1.5e-05 0 6.5e-05 3e-05 0 4.5e-05 0.00335 0.008915 0 0 4e-05 5e-05 0.007305 0 0 0.00012 0 0.002895 4.5e-05
3e-05 0.004945 0 0 2e-05 2e-05 4.5e-05 0.001275 3.5e-05 0 0 0 0.013525 3.5e-05 2e-05 3.5e-05 3.5e-05 0.006625 0.000255 0.00054 0 0.009825 4e-05 0.0031 0 0 0.01063 0 0.00988 0.000325 0 0.00097 2.5e-05 1e-05 0 0 0 0.002135 0 0 3.5e-05 4.5e-05 0 0 0.00201 3.5e-05 0 1.5e-05 0 3e-05 0 0 0.00345 0.00036 0.000135 4e-05 0 0 1e-05 0.003355 0 4e-05 0 2.5e-05 0 8e-05 0 0 0 0.00524 0.006185 0.012515 0.002345 0.00487 0 4.5e-05 0 3.5e-05 0 3.5e-05 2.5e-05 0 0.002605 0.0063 0 0 0 4e-05 4.5e-05 0 0 0.00014 8e-05 3e-05 5e-05 0.0032 0 0.000475 0.001835 0.000885
0 0 0.00692 0.003945 5e-05 0.00011 4e-05 1e-05 0 0 1.5e-05 0.004815 0 0 3e-05 5.5e-05 0 5e-05 0 1.5e-05 2.5e-05 0 0.002145 5e-05 9.5e-05 0.009105 4.5e-05 0 3e-05 0.001835 0.00851 3.5e-05 2.5e-05 0 4.5e-05 5.5e-05 2e-05 0 0 5.5e-05 0 3e-05 5e-05 3.5e-05 0.00366 0 0.00403 0.003825 2e-05 0.00244 0.00104 3.5e-05 0 0 0.00063 1e-05 0.005625 3e-05 0 0 0 0 0.012105 0 0.00245 0 0 3.5e-05 6.5e-05 0 0.00659 1.5e-05 0 0 2.5e-05 0.00032 0.0068 0 0 5e-05 4e-05 3.5e-05 3.5e-05 0 4.5e-05 0 0 3.5e-05 0.012585 0 0.00407 4e-05 5e-05 0.000135 5e-05 0 0 0.01106 2e-05 0
0.004945 6e-05 0.003175 3e-05 0.001765 4.5e-05 3e-05 0 0 0.001765 0.000265 0 0 0.001175 2e-05 0 0 2e-05 7.5e-05 2.5e-05 0 2e-05 0 0 0.006465 2.5e-05 0 0.003255 2.5e-05 6e-05 7e-05 0.00036 0 0.003705 0 3e-05 0.000245 0.00999 1.5e-05 2e-05 0.006095 0 2.5e-05 2e-05 0.00381 0 0.00013 0 0 0.00154 0 2e-05 0.000285 0 3e-05 0 0 1.5e-05 0 0 0.00129 0 1.5e-05 0 4.5e-05 0 6.5e-05 0 0.02479 3.5e-05 0 0 1.5e-05 7.5e-05 2e-05 0 2.5e-05 0.004275 0 3e-05 0.01417 4.5e-05 5e-05 0 0 4e-05 2.5e-05 3.5e-05 0.013705 0.000295 3.5e-05 5.5e-05 0 0.000245 2.5e-05 4.5e-05 2.5e-05 0 0 0.004375
0 0.000665 0.00028 0 0.00044 0.01344 0.00011 0.001535 2.5e-05 2.5e-05 0 2.5e-05 3e-05 5.5e-05 0 0 0.00126 2.5e-05 3e-05 0 3e-05 0 0.012935 0 0.0002 3.5e-05 5e-05 0 0 0.012245 4.5e-05 4e-05 0 0.00327 0.003155 0 3.5e-05 0 0 0 0.004025 2e-05 4e-05 0 4.5e-05 5.5e-05 2e-05 0.007165 0.004985 0.00046 3.5e-05 0.010655 2.5e-05 6e-05 2.5e-05 3e-05 4.5e-05 6.5e-05 3.5e-05 0 2.5e-05 0.005375 2.5e-05 0 4.5e-05 4e-05 0 0.000155 0.00955 0 0.00934 4.5e-05 0 4.5e-05 0.000835 0.00737 0.00237 0 3e-05 3.5e-05 0 3e-05 4.5e-05 0 0 0 0 0.009995 4.5e-05 0 0.002865 2.5e-05 3.5e-05 6.5e-05 0 0 0.00381 0 0 0.00112
0.013785 0.00019 0.010075 2.5e-05 0.00163 0.011175 0 5e-05 1.5e-05 0 0 0 4.5e-05 0.006685 0 0.00028 0.00304 3e-05 0 0 4e-05 1.5e-05 0 2e-05 3.5e-05 0 1e-05 4.5e-05 0 0.00654 4e-05 3.5e-05 0.00464 0 0.013435 5e-06 2.5e-05 0 0.008185 0 0.000135 0.00015 0 0.000665 4.5e-05 0 3e-05 0.001495 0.006355 0 0 0.004765 0 1e-05 4e-05 0 0.00312 6e-05 0 1.5e-05 0 3e-05 4.5e-05 0 0 3e-05 0 0.000335 0.00011 3e-05 0 3e-05 0.0001 3.5e-05 0 0.01001 0 0.000395 5.5e-05 9.5e-05 0.002225 5.5e-05 0 0 3.5e-05 1e-05 0 0.009275 0 3.5e-05 3.5e-05 0 2.5e-05 0.003425 0.00707 6e-05 0 1.5e-05 5.5e-05 0
0.00056 0 0.00023 0 0 0.010735 0 0 0 0 1.5e-05 0 4.5e-05 0.001675 0.00917 3.5e-05 0.00587 0 0 4e-05 4.5e-05 0 0.012725 0 3.5e-05 0 0 0 3e-05 0.00695 3e-05 4e-05 3e-05 0.008765 0 4.5e-05 0 2e-05 0.003675 0.000575 0.00204 4.5e-05 0 0 1.5e-05 0 5.5e-05 0.00463 0 3e-05 3.5e-05 0 2e-05 0 3.5e-05 5e-05 0 3.5e-05 0.012905 0 2e-05 0 0 0.00723 2e-05 0.000815 3e-05 0.000125 4.5e-05 2.5e-05 0.003635 0.0041 0 1e-05 0.000265 0.00413 0 0 0.00085 0.000185 1.5e-05 2.5e-05 0.000555 0.009245 4e-05 3e-05 6e-05 0.004765 4.5e-05 0.00021 4e-05 0 0 2.5e-05 0.004725 2e-05 0 5.5e-05 0 3e-05
0 0.012605 6e-05 0.002755 0 0 2.5e-05 0.011285 0 2e-05 0.00101 0 4e-05 4e-05 0 0 0.00016 0.002885 0.000865 0 0 0 0 2e-05 0 0.008815 2e-05 0.008875 2.5e-05 0.00029 5.5e-05 0 0 0 2.5e-05 3e-05 2.5e-05 3.5e-05 2e-05 4e-05 0 5e-05 3.5e-05 0 0.006635 0.00203 4.5e-05 1.5e-05 0 0 2.5e-05 0.010185 0 4e-05 6e-05 1e-05 0 4.5e-05 0 6e-05 0 0 2.5e-05 0.013175 3e-05 7.5e-05 4e-05 5e-06 3.5e-05 0 0.00258 0.002235 2e-05 0 0.003755 0 0 0 0.009635 3e-05 2.5e-05 0 2e-05 0.00595 0.00143 5.5e-05 0.00413 4.5e-05 5e-06 0 5e-06 0 0 2e-05 0.00871 1.5e-05 0 5.5e-05 0 0.015485
4e-05 0 2.5e-05 3e-05 0 0.001675 0.00037 4e-05 0.000145 0.003535 3.5e-05 0.000415 0 3e-05 0 5.5e-05 0 0 0 0 0.003095 2.5e-05 2.5e-05 0 3e-05 0 0 0 0.000735 0.000645 4e-05 0 4e-05 3.5e-05 0.000435 0.010705 0.006455 1.5e-05 2.5e-05 9.5e-05 2.5e-05 0 5e-05 5e-05 0.00272 4e-05 0 0 0.00841 2e-05 0 0 0.000115 0.00117 0.002605 0 0.010465 5.5e-05 0.00233 0.007945 0.000715 4e-05 0 5e-05 0.00036 0 0 3e-05 0 0.00746 2e-05 6.5e-05 0 6e-05 0 0 0.00121 0 0.0004 0 0 0.000555 5.5e-05 2e-05 2e-05 0.001625 0 0.00133 0.007855 3e-05 0 0.002535 0.00137 0.00181 4e-05 0.009035 0 0.01232 0 1.5e-05
0 0 0 0 0.001745 0.00402 3.5e-05 0.00772 3.5e-05 0.002845 0.01489 0 0 0.00742 0.00148 0.000725 3e-05 0.00614 5.5e-05 0 4.5e-05 0.00178 0 2.5e-05 2.5e-05 0 0 0.00043 1.5e-05 0.00103 6.5e-05 2.5e-05 6e-05 0 0.002635 3.5e-05 3e-05 0 0.00918 3e-05 0 0 0.008795 0.00019 0 0 0 0 3e-05 2.5e-05 3e-05 0.00814 0 4e-05 0.00408 3.5e-05 3e-05 5e-05 0.011765 2e-05 5e-06 0 5e-06 0.00014 0 0 2.5e-05 5.5e-05 0.00241 4e-05 0 0 4.5e-05 0 2.5e-05 0.0001 0.00801 0 0.005785 3e-05 0 0.002285 0 2e-05 0.0009 2.5e-05 0.00094 0 0 0 4e-05 0 0.0117 1e-05 1e-05 4.5e-05 0.00749 0 0.004345 3.5e-05
4.5e-05 0 1.5e-05 0 3.5e-05 3e-05 0.00542 0.00039 0.001345 2e-05 3.5e-05 0 0.00228 3e-05 0 3.5e-05 0.01176 0.00035 0.000105 0 0.00158 0.002905 0 3e-05 4e-05 0.004185 4.5e-05 0 0 2e-05 5.5e-05 1.5e-05 0 0 2.5e-05 0 5.5e-05 5e-06 4e-05 1.5e-05 0 6.5e-05 0.001615 0 0.000865 0 0.00122 1.5e-05 2.5e-05 0 0 0.001005 0 0.00277 0 5e-05 2e-05 0.002305 0 0.002705 0 0 0 0 0 0 2e-05 0.00651 2e-05 0 3e-05 0.001285 5e-06 0.004875 0 1e-05 0.001095 0.005345 0.00029 0 4e-05 0.00397 0.01326 0 0 0 0.00202 0.00143 3e-05 0 0.003005 5e-05 3.5e-05 0 0.010125 3e-05 0.000455 0 0.002105 0.00465
0 1.5e-05 4.5e-05 2.5e-05 2.5e-05 4e-05 0 0.00366 4e-05 0 0 0 2.5e-05 1e-05 0 0.003075 0 4.5e-05 0 1.5e-05 0.00143 0 0 0.00467 0 2.5e-05 0.010075 4e-05 3.5e-05 0 1.5e-05 0 3.5e-05 0.003165 2.5e-05 0.00969 0.010075 0.00081 0 0.007585 0 0.001895 6e-05 6e-05 4e-05 0 4e-05 0.011385 0.0037 0 7e-05 3.5e-05 0.000895 3.5e-05 2.5e-05 9e-05 0 0 8e-05 0 0 0.011785 4e-05 0 0 5.5e-05 5.5e-05 5.5e-05 0.004605 0 3e-05 3.5e-05 0.006185 0.00011 2e-05 5.5e-05 4e-05 4.5e-05 0 0.007365 0.00235 0 1.5e-05 0.00873 0.002065 0.005885 0 0.000345 0 4e-05 3.5e-05 0 9.5e-05 0 0 0 0 0.002165 0.010475 0.00061
1.5e-05 5e-06 2e-05 6e-05 4.5e-05 0 0.00224 0 1.5e-05 0 0 0.000295 0 6.5e-05 3.5e-05 1e-05 0.0067 0.003895 0 0 5.5e-05 0 2.5e-05 0.004145 0 0 5e-05 0 2e-05 5.5e-05 4e-05 0.00218 0 2.5e-05 4e-05 0.004855 0 3e-05 0 0 0.000535 8e-05 0 0.00269 0 3e-05 0 3e-05 0.001925 2e-05 0 5.5e-05 0 0.000555 0 2.5e-05 0 0 0.006865 0 3.5e-05 0.0077 3.5e-05 0 3e-05 0.00816 5e-05 5e-05 0 0 0 0.001535 2.5e-05 0 2e-05 4.5e-05 0.000995 0 0.00011 3.5e-05 0 0.00177 6e-05 0.000825 5e-05 3e-05 0.00296 0.00155 3.5e-05 0.005795 0.010305 2.5e-05 0 2.5e-05 0.003585 0 0 0 0.00118 0
0.01185 0 3.5e-05 0 0.004575 3e-05 0.000175 3.5e-05 0.00013 0 2e-05 3.5e-05 4.5e-05 0.00956 0 0 0.00233 3e-05 0 5e-06 0 3e-05 0.00297 2.5e-05 0 5.5e-05 3.5e-05 4e-05 0 4e-05 3.5e-05 3.5e-05 0 0 0 0.00212 0 4.5e-05 0 4e-05 0.000355 0.0007 0.0002 0 3.5e-05 0 3e-05 9e-05 2.5e-05 0.01179 0.00393 3e-05 0.0048 0 0 0 0.00187 0.008335 0 0.007225 0 0 3e-05 0 0 5e-05 0.012165 0 0.00704 0.000715 0 0 0 0 0 0.00665 0 0.00059 1e-05 0.00689 0 0 2.5e-05 2e-05 0.002015 2e-05 3.5e-05 0 0.007645 0 3e-05 0.002955 3.5e-05 0.001295 2e-05 0.004255 4.5e-05 0.0014 6e-05 3e-05
7e-05 0.00038 0 4e-05 0 5e-05 0 2.5e-05 0 0.005945 0.001595 0.0028 4e-05 1e-05 0 4e-05 0 0 0.00199 4e-05 0.000115 0.005525 0.00283 0 1.5e-05 0.003485 0 4.5e-05 3.5e-05 0 4e-05 3.5e-05 0 1.5e-05 0 0.00902 4e-05 0.00045 5.5e-05 2.5e-05 0.0048 2e-05 3.5e-05 0 7.5e-05 0 0.00222 0 5e-05 0 5e-05 1.5e-05 5.5e-05 4e-05 5e-06 0 0 0 0.00818 0 0.0038 5e-05 0.00402 2.5e-05 2.5e-05 0 0 0.000935 0 3e-05 4e-05 0.003175 0.0014 3e-05 0.008715 1.5e-05 0.005665 0 0 0.0066 3.5e-05 0 2e-05 3e-05 2.5e-05 2.5e-05 0.000155 0 3e-05 0 4e-05 0.000985 2.5e-05 0.00164 3.5e-05 0 0 0.003805 0 2e-05
0 2e-05 3.5e-05 0.00569 0 0.00494 0.000165 0 0.00017 0.000275 4.5e-05 0 0.001905 2e-05 0.00185 0 0 4e-05 0 2.5e-05 0 0.009905 0 2.5e-05 0.00498 9.5e-05 0 0.00019 0 0.000455 0.00084 0 0.003175 0.000835 0 5e-05 0.00235 0 0.00024 0.00426 0 0 0.007595 0.003715 0 0 4e-05 0.010905 0 3.5e-05 1e-05 0 0.00012 0 0 0.004865 2e-05 0 0 3.5e-05 0 0.01053 0.000725 0.00282 0 3e-05 7e-05 2.5e-05 0.00683 2e-05 0.006235 2.5e-05 0.002125 0.008325 4e-05 0.00988 0.002905 0.007965 0 0.002335 0.006575 0 4.5e-05 0 0.014145 0.00143 3.5e-05 3e-05 1e-05 1.5e-05 0 0 2.5e-05 0 0.000945 0 5e-06 1.5e-05 0.00683 0
0 3.5e-05 4e-05 0 4e-05 0.00271 0 3.5e-05 0 0 0.0066 0 4.5e-05 0 0 3.5e-05 5e-05 7e-05 0.002065 0 0.003185 0.000305 4e-05 0.000695 0.001185 0 6e-05 5e-06 2.5e-05 0.00922 0 3e-05 0.006285 0 0 3e-05 1e-05 2.5e-05 0 0 0.000985 4e-05 0.01356 0.00899 0 3.5e-05 6e-05 3e-05 0 0 3e-05 3e-05 0 0 0 0.007725 1e-05 0.000275 3e-05 0.003815 0 0.00068 3e-05 0.000185 0 3.5e-05 5.5e-05 1e-05 0.00141 3e-05 0.01042 2.5e-05 0 0 0 0.00748 0.00049 0.00283 0 0 0.00523 3.5e-05 4e-05 0 4.5e-05 0 0 5e-05 4e-05 0.001475 3e-05 0.00173 3.5e-05 0.002425 0 2e-05 0 0 2e-05 0.00531
2e-05 0.00029 0 5.5e-05 0 0.000245 2.5e-05 1.5e-05 0 0.01199 6e-05 9.5e-05 2e-05 0.00024 0.009575 0 3e-05 2e-05 0 0 0 0 0 0.00324 3e-05 0.00125 5e-05 0 8.5e-05 0.00126 0 0.011905 5.5e-05 6.5e-05 0 3e-05 0.015415 0.00077 0 0 0 3.5e-05 8e-05 0.003065 3.5e-05 4.5e-05 0 3e-05 0.002755 0.002075 4e-05 0.014645 6.5e-05 0.00203 0.003135 2.5e-05 0 2.5e-05 0.00545 0 0.01018 0.004945 0.00152 0 0.00212 4.5e-05 0 0 0 2.5e-05 0 0.002045 4.5e-05 4.5e-05 0.00043 0 0.000495 0 0 0 0 2.5e-05 0 2e-05 0 3.5e-05 0 0 0 2e-05 2.5e-05 0.00025 0.0001 0 3e-05 0 0.004095 0 0.00559 6e-05
0.000155 1.5e-05 3.5e-05 0 0.008725 0.00383 3e-05 3e-05 0 3.5e-05 5.5e-05 0 0.000285 9e-05 0 0.00183 0 3e-05 0.01002 0 0.00024 4e-05 0 0 0.010955 0 0.00093 0 4e-05 0.00102 8.5e-05 0.006355 3.5e-05 1.5e-05 0 2e-05 3e-05 0 0 0 0 2.5e-05 2.5e-05 0 6e-05 0 0 4.5e-05 0.0049 0 0.003005 3.5e-05 0 0.009545 0.00017 0 0.00472 2.5e-05 3e-05 7.5e-05 4.5e-05 0.00892 0.01072 0.0013 0 2.5e-05 0 0.000495 0 5e-05 0.00155 1.5e-05 1.5e-05 0 0 0.00105 0 2.5e-05 0.00043 0.004845 0.01196 0.0114 0 0 7.5e-05 3e-05 6e-05 0 0 0.000275 0.004445 0 0.005085 0.00045 6e-05 0 3e-05 0 0.001185 0
0 0.01206 0.00044 0.000355 0 0.009065 2.5e-05 0 0 7e-05 0.00427 0 2.5e-05 4e-05 2.5e-05 2.5e-05 0.00773 0.00506 4.5e-05 3.5e-05 5.5e-05 0.002365 4.5e-05 2.5e-05 5.5e-05 0 0 1e-05 3e-05 0 0.019835 2.5e-05 0.00163 0 0.00014 0.003415 2.5e-05 0.002645 4e-05 0.000895 2.5e-05 0 2e-05 3.5e-05 1e-05 0 1.5e-05 0.012065 4e-05 0.005035 0 2e-05 0.007195 0 0.000225 0 0 0 0.00702 0.00306 6.5e-05 2e-05 2.5e-05 2.5e-05 0.00014 5e-05 0 0 0 0.007605 2.5e-05 0 3e-05 0.000445 0 0 0 0 0.017495 0.00168 3.5e-05 0 0 1e-05 0 3e-05 0 3e-05 0 4e-05 8.5e-05 5e-06 0 0 0.000495 2e-05 0 7.5e-05 0.003135 4e-05
0 0.003 0 0.000655 0 0 4e-05 4e-05 0.00109 3.5e-05 4e-05 0.004045 3.5e-05 0.00022 0 0 3.5e-05 3.5e-05 0.002455 0 0.01172 0 0.0007 6e-05 2.5e-05 0.00463 0 4.5e-05 0.00038 0.001045 3e-05 0.001395 4e-05 0.003835 0 0 0.00166 5.5e-05 1.5e-05 7e-05 0 0.0021 4e-05 0 3e-05 4e-05 6.5e-05 0 0.00842 0.01098 0 3e-05 0.00037 0.0088 0.004015 3.5e-05 0 0.004265 0.00038 0 0.00141 0 6.5e-05 0.00128 0 0 0 0.01152 0 0 0 0 5.5e-05 0.00136 1.5e-05 0 0.00073 2.5e-05 0.000375 0 0.0059 0.00272 1.5e-05 0.006405 3.5e-05 2e-05 0.002555 3e-05 3.5e-05 0 0.00088 0 0 3e-05 0 3.5e-05 4e-05 0.001 0 0
4e-05 4e-05 0 1.5e-05 0.00618 0 0 4.5e-05 0 0.00202 0.00193 3e-05 0 0 0 0.01194 0 0 0 0 0.009725 0.004065 0.00013 0.0003 2.5e-05 0 0 0 4e-05 2.5e-05 5e-05 0.0011 6e-05 0.000445 5e-05 5.5e-05 0.00815 2e-05 3.5e-05 0 0.01828 0.005595 4.5e-05 0 0.00013 0 0.002965 6.5e-05 0 0.00016 5e-06 3e-05 0.001175 0 0 4.5e-05 0 0.00271 0 0 4e-05 0.010915 0 1.5e-05 4e-05 0 4.5e-05 0.00063 0.00222 3e-05 0.00455 0 2e-05 3e-05 0.00019 0.00098 3e-05 0.00138 0 0.0051 0 0 4.5e-05 0.00376 0.00124 3e-05 0 3.5e-05 0 0.010605 0.00135 5e-05 0 0 9.5e-05 0 0.00565 4.5e-05 0 0
0 2.5e-05 3e-05 4e-05 0 0 0.0094 2.5e-05 0 0.001625 3.5e-05 4.5e-05 0.00122 0.004075 0 2.5e-05 4e-05 8e-05 0.00624 3.5e-05 0 0 0.00031 0 6e-05 0 4e-05 0.00621 0 5e-05 6.5e-05 0 0.00017 3.5e-05 0.00708 2.5e-05 0.000725 4.5e-05 0 3.5e-05 5e-06 0.00113 2e-05 0.005375 0.00201 0 3.5e-05 0 0.00088 0 5e-06 0 6e-05 3e-05 0 0.010675 0 1e-05 0 9e-05 0.001425 0 0.005015 0.00639 0 0 1e-05 0 3e-05 5e-05 0.0041 0.000225 0 2.5e-05 0.000185 2e-05 0 4.5e-05 6e-05 0 0.001115 0.000135 4e-05 0 0.001745 0 0.00015 2e-05 0.00525 4.5e-05 4e-05 5e-05 6e-05 0 6.5e-05 0.001635 0 2.5e-05 0.00095 0
0 0 0 0.00689 0.01598 4.5e-05 0.0011 0 0.000465 0 1e-05 0 5e-05 0 0.005305 0.0132 3e-05 2.5e-05 1.5e-05 0 1e-05 3e-05 0.00605 1.5e-05 2e-05 0 0 0.00744 0 4e-05 3e-05 1.5e-05 0.0002 0.0001 6.5e-05 1.5e-05 4.5e-05 0.01079 0.002715 0 4.5e-05 0 3e-05 5e-05 0 7.5e-05 0.00666 0.009475 4e-05 0.00687 0.0003 0 0 5e-05 0 0 0 0 3e-05 5e-05 0.000805 0 3.5e-05 9e-05 0 0 0 0.00015 0 4.5e-05 0 0 0.00103 0.002805 0.002805 6e-05 0 0 0 0.00178 8e-05 0.00129 2e-05 3.5e-05 0 0.007615 0.00023 0 0.005395 1e-05 4e-05 0 4.5e-05 2e-05 0 0.000525 0 0.00119 5e-05 0
3.5e-05 3.5e-05 2.5e-05 0 4.5e-05 0 3.5e-05 3e-05 0 4e-05 0 0.00742 2e-05 0 3e-05 0 0 3e-05 0 0.000575 0.008135 6.5e-05 4e-05 0.00596 0.001985 0.00169 0 0.000455 0 3.5e-05 0 0.00429 4.5e-05 4.5e-05 1e-05 9e-05 0.012435 5e-05 1.5e-05 0 0 0 0.002285 3.5e-05 0 2.5e-05 0.00062 3.5e-05 0.00423 0.00032 0.0071 3.5e-05 0.000955 0.014075 0 0 5e-06 0.00384 8.5e-05 0 0.004255 0 0 3e-05 0.00662 0.00287 3.5e-05 0.000265 2.5e-05 0.01004 3e-05 4e-05 3e-05 0 3.5e-05 2.5e-05 0 0.004055 0.00055 0 0 0.00039 0 3.5e-05 0 0 0 0.00337 3.5e-05 0 0.006365 0 4e-05 0 1e-05 0.000155 0 0 0 0
2e-05 2e-05 0.014845 0 0 0.001055 0.00159 0 0 2.5e-05 1e-05 0.00286 0 0.00151 3.5e-05 5.5e-05 0.00468 0.000135 2.5e-05 0 0 0.005345 0 2.5e-05 0.003985 0.012695 2.5e-05 5e-05 5e-06 0 0.001015 3e-05 0.00127 2.5e-05 0 0.00308 0 0 0 0 3.5e-05 0 3.5e-05 3e-05 0 0.000635 3.5e-05 0 3.5e-05 0 0 4e-05 0.00184 0 0.00094 5.5e-05 2.5e-05 4.5e-05 0.002865 0 0 5e-05 0 3e-05 0 3e-05 0.008065 0 3.5e-05 0.00105 1.5e-05 3e-05 0 0.01518 9.5e-05 0.010855 0 0 0 0 0 2e-05 0 3.5e-05 0 0.00041 5e-06 6e-05 3e-05 2.5e-05 0.00039 2e-05 3.5e-05 0.013645 2e-05 2e-05 2e-05 0.00031 4e-05 6.5e-05
0 0 0 0.00462 0 0 0.000495 0.0023 0 2e-05 4e-05 0.00049 1.5e-05 0.00106 0.000755 2.5e-05 5e-05 0 0.010275 0.005545 0 2.5e-05 0.00508 6e-05 0 0.00373 0.00132 0.00015 0 2.5e-05 3.5e-05 0.011895 0.000885 3.5e-05 0 0.00058 3.5e-05 0.00351 0 2.5e-05 0 0 2e-05 0.001935 1.5e-05 0 2e-05 0 3e-05 0.00612 0.000235 0 0 4e-05 0.000695 3e-05 0 0.001745 0 0 0 3e-05 1e-05 0.00571 0 7e-05 0.009905 0.003435 0.0001 8.5e-05 0.00296 0.000165 0 4.5e-05 0 0.00204 0.005855 0 0 0.000895 0 0 0.00604 5e-05 2e-05 0.002305 0.000105 0.000875 0 7.5e-05 0 0.006845 0 2e-05 3e-05 1e-05 0.0049 0 0 0.007195
0.00366 0.001875 1.5e-05 0 0.00575 0 1e-05 0.000115 0 4.5e-05 1.5e-05 0.001235 2.5e-05 4e-05 4.5e-05 0 0 0 0.01374 0.008005 5e-05 4e-05 0 0 0.01422 0 3.5e-05 2e-05 5e-06 0.00028 2e-05 0 0.011615 4e-05 0 0.00712 2.5e-05 0.0001 0 0.004235 0 2.5e-05 0.00241 3e-05 2e-05 0.002045 0 2.5e-05 0 0.00717 0.000155 0 0 1.5e-05 0 5e-05 0.00868 0 0 0.002665 0.004845 0 2.5e-05 1.5e-05 0.00298 0 0.00035 1.5e-05 0.0014 8.5e-05 0 0 0.00024 6.5e-05 0 4.5e-05 0 2e-05 2.5e-05 0.007015 6.5e-05 0.006405 0 0.000785 0.005785 4.5e-05 4e-05 0 0.007325 0 3.5e-05 0.00957 3e-05 5e-06 2.5e-05 0.002675 0 0 0 0.001685
0 3e-05 4e-05 4e-05 0 3e-05 0 0 2.5e-05 2e-05 0 0 5e-05 0.01657 0.00783 8e-05 3.5e-05 3.5e-05 4.5e-05 7e-05 0 0.0125 0 2.5e-05 0 1.5e-05 0 0.02289 0.000305 0 4e-05 0.00615 4.5e-05 0.00146 0.00085 3e-05 0.00239 0.00114 0 0 0.00065 4e-05 0.001345 0 0.013195 2.5e-05 0 0.003275 0.001355 0 3.5e-05 0.00724 4.5e-05 3e-05 1.5e-05 0 3.5e-05 2.5e-05 0.0101 1e-05 0 0.003805 0 0.016565 0 4.5e-05 0 0 2e-05 0 0 3.5e-05 0 0 2.5e-05 3e-05 0.00144 1.5e-05 3.5e-05 1e-05 0 0 0.006055 0 3.5e-05 1.5e-05 3e-05 0.002635 0.01251 0.0046 2.5e-05 0 7e-05 3.5e-05 4e-05 5e-05 0 0.001965 0 4e-05
0.000795 0.003535 0 0 2e-05 4.5e-05 0.001915 0.000755 0 4e-05 0 0 0.00013 0 5.5e-05 1e-05 0.000495 0.001675 0 0.00064 0.010555 0 0.001435 5e-05 0 0.002015 0.000355 4e-05 0.01133 2.5e-05 0 2e-05 0 4.5e-05 3.5e-05 3.5e-05 0 0 0 0 3e-05 2.5e-05 3e-05 2e-05 0.00473 3.5e-05 3e-05 0.000375 1.5e-05 0 0.003885 0 3e-05 2e-05 0.001865 0.009325 2e-05 0.003195 0.001525 1.5e-05 0 0.00885 0.01245 0.011155 2e-05 2e-05 0 0.001045 4e-05 0.009165 0.00359 0.001615 4.5e-05 0.00511 2e-05 0 0 0 2.5e-05 1e-05 3e-05 4e-05 0.01064 0 0 0.008305 0 3e-05 0.00447 0 0 0 0.001575 0 0 0 3.5e-05 3e-05 2e-05 1e-05
4.5e-05 0 0.000475 0.00018 8.5e-05 4e-05 0.000645 0.004485 0.00063 0 0 0 0.004255 0 0 3e-05 3e-05 0 0 0.000105 0.00884 0.0011 0 2e-05 3e-05 0 0.000825 5.5e-05 0.0068 3e-05 0 0 0 3.5e-05 2e-05 0.00027 4.5e-05 0.000505 0.004795 0.00013 0 0 0 2.5e-05 0 0 8e-05 0.003875 0.00587 0.00642 0.006275 0.001215 0 0 0.00224 0 0.005235 0.015025 0 0.002695 0.00045 1e-05 0.00048 0 3e-05 0.00435 0.009 0.00119 2.5e-05 0.000675 4.5e-05 0 0.003995 0 1.5e-05 0.000115 0 0 4e-05 3e-05 0.006075 6e-05 0 3.5e-05 3.5e-05 0 0 0 0 2e-05 1e-05 0.00122 0.008745 6.5e-05 3.5e-05 0 3.5e-05 0.00561 0 0
3.5e-05 0.001585 0 0 0.01108 0.01147 6e-05 0 0 4.5e-05 0.00015 3.5e-05 0 0 0 0 0.003135 4.5e-05 0 0 0.00736 3.5e-05 4e-05 0 0.00017 4e-05 0 5e-05 0 0 6.5e-05 4e-05 0 0 4.5e-05 0.004095 0 3.5e-05 0.008325 0 0.0027 0 0 0 4e-05 5e-06 0.00798 3.5e-05 0 0.004845 0.01097 0 3.5e-05 0.002425 0.011345 0 1.5e-05 3e-05 7e-05 2e-05 0 0 0 0.00301 3e-05 0.007875 0 0.005555 3.5e-05 3.5e-05 0.00053 0 0 0.00327 0 3e-05 0.01261 0.00465 0 0 0.00348 0 1e-05 0 0.00299 0 3.5e-05 1.5e-05 0.002265 0.00408 0.00312 3.5e-05 0 2e-05 0.000355 0 1e-05 0.008355 0.000185 5e-05
0 0 0.007915 2.5e-05 3.5e-05 3.5e-05 0.000785 0.00013 0 3.5e-05 0 2.5e-05 0 0 2e-05 3.5e-05 0.002585 0.000145 0.006265 0 0.00282 0.01246 0.001055 0.00866 0.00039 0 0 4e-05 2.5e-05 0.01474 0 5e-05 4e-05 2.5e-05 0 0 0 2.5e-05 4e-05 0.000255 0.00102 0 0 0 0.002695 0 2e-05 0.001905 0.00021 3e-05 2e-05 0.001195 0 0 1e-05 0 0.001065 4.5e-05 0.000105 0 0 0 1.5e-05 0 0 0.005105 0 0 5.5e-05 0 0 0.000315 4.5e-05 4e-05 0.01074 1.5e-05 3.5e-05 0 0.00221 0 2e-05 0.001895 0 0.00115 2.5e-05 5.5e-05 0.00484 0 2e-05 0.00069 0.005325 0 0 0.0025 0.005785 3e-05 0.005585 1.5e-05 0.0057 0
0.000595 0 3.5e-05 4.5e-05 0.00394 4e-05 0 0 0.014185 3.5e-05 0.002305 0.001265 0 0.00221 0.000665 0 0 0 0.00032 0 0.00237 4e-05 0 2.5e-05 1.5e-05 0.00015 2e-05 0 0 4e-05 0 0.003365 8e-05 0.00029 3e-05 0 0.01176 0 0.011465 0 0.00636 3.5e-05 0.000785 0 0.00493 0 0.005475 3.5e-05 3e-05 0 0.00014 0 3e-05 0.003695 0 2.5e-05 1.5e-05 0 0.0031 0 0 0 0 1.5e-05 0.000235 0 0 0.014785 5e-06 2e-05 0 3e-05 0 0.008295 2.5e-05 0 0 0.00061 0.00222 4e-05 2.5e-05 1.5e-05 0.00117 0.00142 0 2e-05 2.5e-05 3e-05 4e-05 0.005395 2e-05 0 3e-05 0 0.000375 0.0019 0.001495 3.5e-05 0.004395 1e-05
0 4e-05 0 0 1e-05 4.5e-05 0.00665 0 2.5e-05 4.5e-05 0.000395 0.01093 2e-05 3e-05 2.5e-05 4e-05 0 0 2.5e-05 0.00386 0.000155 0 0 0 0 3.5e-05 0 5.5e-05 9.5e-05 0.00217 0 0.001105 0.00691 2e-05 0.001685 0 0.00058 0.006075 0 3e-05 0 9e-05 5e-06 2.5e-05 0 0 0.0078 0 0.004265 0.000905 0 5e-06 0.00588 0 0.00065 0.00672 0 1.5e-05 0 0.00954 0.00743 1.5e-05 0.00534 4.5e-05 5.5e-05 4e-05 0.001435 3e-05 0 0 0 0.003815 0 2.5e-05 0 4e-05 4.5e-05 0 2e-05 0 0.00104 0.01281 2.5e-05 3.5e-05 0 0.00835 0.003535 3.5e-05 0.012525 6e-05 0.001225 3e-05 3e-05 0 4e-05 0.00119 0 0.004495 0 1.5e-05
1e-05 0.007225 0 0 0.010165 3e-05 0.00268 0 3e-05 2e-05 0.00132 0.006255 0 0 0.007495 0.00779 0 2.5e-05 3e-05 0 0.005495 0.008585 0.00054 4.5e-05 2e-05 0 0.002135 0.00106 6.5e-05 2.5e-05 1e-05 1.5e-05 0.000185 0.00975 2.5e-05 0 0 0.000905 0 0 0 1.5e-05 2e-05 0 0.00131 1.5e-05 3e-05 0 2.5e-05 0.001275 3.5e-05 0.00344 0 6e-05 0 0.000635 3e-05 0.005285 3e-05 3e-05 6e-05 0.009045 0 0 4.5e-05 0 2.5e-05 1.5e-05 7e-05 0 0 2e-05 3.5e-05 0.000185 0.00768 3.5e-05 0 0 3.5e-05 0 0.012565 0 0.002585 9e-05 0.00592 0 5e-06 3.5e-05 4e-05 0.00504 0.006795 0 3.5e-05 0 0.0068 3e-05 0.002305 3.5e-05 0.00399 1.5e-05
0 4e-05 0 2e-05 0 0.000615 0.00017 3.5e-05 0 0 5e-05 0 0.00276 3e-05 0.00109 0 0.0129 0.00128 4e-05 0.00364 0.005805 2e-05 0 0 0.002215 0.00018 3e-05 0 4e-05 0.00494 6e-05 0 4.5e-05 0 3.5e-05 0 0 2e-05 2e-05 1.5e-05 0.011205 1e-05 0.001065 1.5e-05 0.012145 0.00319 4e-05 0 0.004155 0.006355 5e-05 0 0 0.00589 0.000185 5e-06 1.5e-05 0.00276 0 0.006865 0 1e-05 0 0 4.5e-05 1.5e-05 4.5e-05 0.009335 3.5e-05 0.002005 4.5e-05 6e-05 0 1.5e-05 2e-05 0 0 0.007895 0 2e-05 0 0.000385 0.007845 0 0 2.5e-05 3.5e-05 0.007835 1.5e-05 0.008325 0.00099 0 0 0 0 5.5e-05 0.000335 4e-05 8.5e-05 0
0 0 0.002695 3e-05 3.5e-05 0.00072 7e-05 1.5e-05 3.5e-05 0 4e-05 0 0 0 0.004415 3e-05 0.006715 0 0 6.5e-05 1.5e-05 3.5e-05 0.000155 0.00104 5e-05 0 0 3e-05 3e-05 0.002975 3.5e-05 0.00429 0 0.0009 0 0.000325 2e-05 3e-05 0.00479 0 0.00971 0.00028 0 0 0 0 4.5e-05 4e-05 6.5e-05 0 0 3e-05 1e-05 6e-05 3.5e-05 2.5e-05 0 4.5e-05 0.002945 6.5e-05 9.5e-05 0 2.5e-05 0.00029 0.003415 5e-05 0 0 3.5e-05 3e-05 3.5e-05 0 0.00066 4e-05 0 0 0 0 0.000145 3.5e-05 4.5e-05 0 0.001955 0 5e-05 3.5e-05 4.5e-05 0.00041 4.5e-05 0.001235 0 2e-05 0 0.011455 3.5e-05 3e-05 0 0 4e-05 0.00199
0.00584 0.004965 0 6e-05 3.5e-05 0 0.00669 5e-05 0 5.5e-05 2.5e-05 4e-05 0.007505 4.5e-05 4e-05 1e-05 4e-05 0.000425 3.5e-05 0.00277 0.003015 0.00432 0.001475 0.003815 0.005765 3e-05 0.000355 3.5e-05 0 0 0.003165 0 0 4e-05 0.000175 3e-05 3.5e-05 0.00148 0 0 3e-05 0.01112 0.00429 0.001865 3.5e-05 0 4e-05 0 0.00967 0 2.5e-05 3.5e-05 0.007175 0 2.5e-05 5e-06 0.00702 4.5e-05 0 0.0003 0 0.000205 4.5e-05 2e-05 2e-05 0 2.5e-05 0 0 0 0.015575 0 0.009305 0 0 0 3e-05 0 0 0 0 0.0035 0 5e-05 4e-05 2.5e-05 0 0.001325 0 2.5e-05 0 4e-05 0 0 2.5e-05 2.5e-05 0.0019 0.00541 0.000585 0
2.5e-05 0 0.00084 0 0 2.5e-05 4e-05 0.000225 0.00011 0 0.013735 3.5e-05 4e-05 0.01443 0 0.01315 4e-05 2.5e-05 4.5e-05 4e-05 0 3.5e-05 0.00142 5.5e-05 0 0 0 0 0.00478 0 0.00328 0 0.01194 0 0.007645 2e-05 3e-05 0.004635 0.002825 0 5e-06 0 0 5e-05 6e-05 2.5e-05 0.00957 0.00025 4e-05 2.5e-05 0 0 0 0.00011 0 0.001475 0 0.00091 3e-05 2.5e-05 0.0036 2.5e-05 0.00127 0.00395 0 6e-05 0 0.000425 0.001455 3.5e-05 1e-05 0 0.001195 0.00729 6e-05 1.5e-05 0 2.5e-05 0 0 0.011615 0 0 2.5e-05 0 0 2.5e-05 2e-05 0 2e-05 4e-05 0 3.5e-05 0 3.5e-05 0.00072 4e-05 0 3.5e-05 1e-05
1e-05 0.00181 0 0.000745 0.01008 0.000865 0.001635 0.00265 2.5e-05 0 0 5e-06 3e-05 6e-05 0 0.00553 2e-05 0 3e-05 0 0 0.010465 0.00569 2.5e-05 0 3.5e-05 0.00781 0 0.0097 0 3.5e-05 0 0.003 0 3e-05 3e-05 2.5e-05 0 1.5e-05 0 0 3.5e-05 4.5e-05 0 0.000685 0 0.00146 0.000755 3.5e-05 0.005345 3.5e-05 0 0 4e-05 4e-05 0.00719 4e-05 0.000935 4e-05 5e-05 4e-05 0.00084 4.5e-05 0.00043 3e-05 0 1.5e-05 1.5e-05 0 0 0.00831 0 8.5e-05 0 0.009415 3e-05 5e-05 3.5e-05 3.5e-05 0 0.004555 0 2.5e-05 0.00351 0.00232 0 0.00909 0 2.5e-05 0.000315 0 2.5e-05 0 0 0 2e-05 0.000255 5e-06 0.003885 0
0 2.5e-05 0 3e-05 9.5e-05 0 4.5e-05 0 0.0076 0 3e-05 0 2.5e-05 0 0.00013 0.000575 2.5e-05 3.5e-05 0 3e-05 0 4e-05 0.00788 0 1e-05 0 4.5e-05 3.5e-05 2.5e-05 6.5e-05 0.00024 1.5e-05 0.01348 0.000245 0 0 3e-05 4e-05 0.0066 0.00435 0.001415 0.0002 0.006 0 0 0 3.5e-05 0.0065 1.5e-05 0.00315 5.5e-05 1.5e-05 0.001565 0.001515 2.5e-05 0.002165 0.000165 0.002815 0.00173 0 0 0 4.5e-05 0 0 0 0.01398 5e-06 0 2e-05 4.5e-05 6e-05 0.00331 2e-05 0 0.006735 0.0099 0.002 0 0.004395 0 0 2e-05 2.5e-05 2e-05 2.5e-05 3e-05 0 0 4e-05 0 0.00313 2.5e-05 0.003645 0 0.002045 0 0 2e-05 0
0.006755 0.000515 0.000865 0 3e-05 0.010435 0.00064 3.5e-05 4.5e-05 0 3.5e-05 0 0 1.5e-05 0 1e-05 0 0.00684 0 0 5e-05 0 2e-05 0 2e-05 0 0 3e-05 0 0 0.004755 0 0 3e-05 7e-05 8e-05 5e-05 4e-05 4.5e-05 0 0.003335 0.014065 0.0002 0 0 0.00163 6.5e-05 0.000485 0 0.000955 6.5e-05 1.5e-05 0 0 3e-05 0.00109 0.000225 2.5e-05 2.5e-05 0.003025 0.00865 0 3e-05 0 2.5e-05 0.009615 0 0 0.001065 2e-05 0 0 3e-05 0 0.00396 0.002705 0 5e-06 2e-05 0.001325 4e-05 1.5e-05 0 4e-05 0 3.5e-05 5.5e-05 0.012665 0.000375 4e-05 4.5e-05 0 0.00049 0.010625 2.5e-05 0.00079 0 0.00612 2.5e-05 0
0 0.00359 0 2.5e-05 4.5e-05 0.010405 3.5e-05 2e-05 4e-05 0.0132 0 3e-05 0.00574 0.000865 3.5e-05 5.5e-05 4e-05 0.006605 0 0 0 6e-05 3.5e-05 8.5e-05 5.5e-05 0 0.00169 1e-05 0.00164 0.009385 0.00237 0.0005 0.00494 0 0.00538 0 2.5e-05 0 4e-05 0.001185 3e-05 0 0.003515 0.00155 5.5e-05 0 3.5e-05 0 0 3.5e-05 3e-05 0 0 5.5e-05 4.5e-05 0.001275 0.003715 2.5e-05 0.000185 0.001165 0 3.5e-05 0 0 0 0.00714 0 4.5e-05 0 3.5e-05 0.007725 0 0.01475 2.5e-05 0 2e-05 1.5e-05 0.00378 0 0 0 0 0 8e-05 0 0 0.002245 0.00537 0.00977 0 3e-05 0 0.00169 0.00023 2e-05 0.007315 5e-05 0 0 5e-05
0 0.000195 0 0 0 4.5e-05 0.00093 0.00016 6.5e-05 0 3e-05 0.00085 0 3.5e-05 0 0 0 0 0 0.01347 0.00029 0 1e-05 0.00649 4e-05 4e-05 0.011785 0 3e-05 0 0.005145 0.001095 6e-05 2e-05 4e-05 3e-05 0 0 4.5e-05 4e-05 2.5e-05 0.00133 0.000335 5e-05 0.010415 3.5e-05 5e-06 5.5e-05 2e-05 4.5e-05 2e-05 0.00038 0.000955 0 0 0 2.5e-05 0 2e-05 0 3e-05 0 0.00394 0 2.5e-05 4e-05 0 0 0 0 0.00483 5.5e-05 4e-05 0.000155 2e-05 0 3.5e-05 2e-05 0 3e-05 2e-05 0.014325 6e-05 0.001015 3.5e-05 0 0.01238 1.5e-05 0 0 0.01333 1e-05 0.00208 3.5e-05 3.5e-05 0 0.01262 0.00203 0.00813 0
0 0.00324 0 0 0.01571 3.5e-05 2e-05 0.00392 3e-05 2e-05 0.01107 0 3e-05 0.001535 0.000775 0.012885 3e-05 3e-05 1e-05 0 3e-05 0 3e-05 4e-05 0 4e-05 0.00021 0 0.007665 4.5e-05 0 3.5e-05 0 0.011105 0.00947 6e-05 0 0.008545 0.00765 0 0 0 0 0 3.5e-05 0 0.00027 2e-05 4.5e-05 0.00225 0.00154 0.00289 3e-05 3e-05 1e-05 0 0 2.5e-05 0 2.5e-05 1.5e-05 3.5e-05 5e-05 0.005565 4e-05 3e-05 0 0 0.002115 0 0.002885 2.5e-05 0.000315 5e-05 0 5.5e-05 3e-05 0 0 0 0 0 4e-05 3e-05 0.00718 0.00998 0 3e-05 0.00049 4e-05 1.5e-05 0.003755 3e-05 1e-05 2.5e-05 0 4e-05 0 1.5e-05 5.5e-05
5e-05 4e-05 0 0 4.5e-05 3.5e-05 4e-05 0 2e-05 0 0.009285 0.002285 0.00729 0.004365 4e-05 0.003195 0 0 0.00553 2e-05 0 0 3e-05 0.002375 0 0.008845 0 3e-05 0.00035 3e-05 0 0 3e-05 4e-05 4e-05 0 0 0 2e-05 0 0 5.5e-05 0.00162 4e-05 0.002915 0 0 0 3e-05 4e-05 0.00074 2.5e-05 0.002225 0 0.00195 0 0.00508 0 0.007985 4.5e-05 0 1.5e-05 0 3e-05 0.006915 0 0.00073 3e-05 2e-05 2.5e-05 3.5e-05 0.00491 0 0 5e-05 2.5e-05 5.5e-05 0.000805 0 4e-05 4.5e-05 0 0.001435 0.00088 0.005515 0.01032 0.001595 3.5e-05 0 0 5e-06 0.00257 0.00587 1e-05 0 0.000165 3e-05 0 0 0
3.5e-05 0.00772 0.00833 0.00583 0 0 3e-05 0.00109 1e-05 0.00017 0 2.5e-05 3e-05 0.01164 0.007005 0.000365 3.5e-05 4e-05 0 4e-05 4e-05 0.007055 0 2e-05 0 0 0 0 4.5e-05 0 3.5e-05 0 0.00216 0.018135 0.003125 2e-05 3e-05 0.00084 0.004615 0 3.5e-05 0 2e-05 0 3e-05 0.00746 3e-05 0 2.5e-05 0 0 0.006465 4e-05 1.5e-05 2e-05 2.5e-05 0 0.000105 0.005135 3.5e-05 4.5e-05 0.00151 4.5e-05 0.003475 0.001025 0.000225 0 3.5e-05 0.000205 0 0 0 0.00833 0 0 0.000305 0.00037 0 0.003895 0 3e-05 2.5e-05 1.5e-05 0.000155 0 0.000535 0 0 0 4e-05 2.5e-05 0 0.00197 5e-05 0.004545 0 0 3.5e-05 2.5e-05 0.00299
2e-05 0 1.5e-05 0.0038 0 1.5e-05 3.5e-05 1.5e-05 0 2e-05 0 3e-05 0.000145 0 5e-05 0 0 5.5e-05 2.5e-05 0 0 0.001985 2.5e-05 5e-06 0.00078 4.5e-05 0.0016 5e-06 0 7e-05 0 0.00022 2e-05 0 0.005645 4e-05 0 0.000415 0.002795 3e-05 0.00988 0.00058 3.5e-05 6e-05 3e-05 0 0 2e-05 0.00153 3e-05 2e-05 0 3e-05 2.5e-05 0.00863 1.5e-05 0 0 0 0 1.5e-05 4.5e-05 3e-05 0 0 4.5e-05 1.5e-05 0.00512 0 0.00584 0.00315 2e-05 0 0.00197 1e-05 0.004855 0.00771 1e-05 0 3e-05 5.5e-05 0 0 3.5e-05 2.5e-05 0.00354 0 4.5e-05 0.002985 0.001105 0 0.0072 4e-05 1.5e-05 0 4e-05 0 2.5e-05 0 0.012225
0 0.015965 2e-05 0 0 0.00286 4e-05 0.001715 0 5e-05 0 0 0 0 0 0.01074 3e-05 0 0.001415 3e-05 8.5e-05 0 0 0 0 0.0025 0.00613 0.004775 0 0.00487 0 5e-05 0 0 0.010575 0 0.001425 0.000305 3.5e-05 4e-05 4e-05 4e-05 3e-05 1.5e-05 0 3.5e-05 0 0.001455 0 7.5e-05 3e-05 0.00181 0 7e-05 0.012075 7e-05 0 3.5e-05 0.00619 1.5e-05 2e-05 2.5e-05 5e-05 2.5e-05 0.000955 2.5e-05 0.01269 3e-05 0 3.5e-05 2.5e-05 0.004735 3.5e-05 0 2.5e-05 4e-05 5.5e-05 2.5e-05 2.5e-05 0.003385 0 0.003435 1e-05 0 5e-06 0.000885 0.00034 0 0 0.008895 0 3.5e-05 2.5e-05 1e-05 0 3e-05 0 0 0.00051 0.0001
3e-05 0 0.00171 0.00049 3.5e-05 0 0 0.006785 0 0 4e-05 0.00058 4e-05 0 0.002825 0 2.5e-05 0.00918 0 0 2.5e-05 3.5e-05 0.012145 3.5e-05 0 3e-05 0 5.5e-05 4.5e-05 0 0 0 0 0.002845 4.5e-05 5.5e-05 2.5e-05 0.00011 1.5e-05 1.5e-05 2.5e-05 4.5e-05 0 0.01813 0.002335 0 0.009855 3e-05 4e-05 0 0.000125 0 0.00174 2.5e-05 2e-05 0 5e-06 0 0 3.5e-05 2.5e-05 2e-05 2.5e-05 4e-05 0 7e-05 0.00996 0.00862 0.000165 0 0.001535 1.5e-05 0.007635 0 0.00636 3e-05 8e-05 0 0.001175 3.5e-05 0 0 0.001165 0 0.0007 0 3.5e-05 3.5e-05 0.001415 0.00011 0 0.001985 0.010635 2.5e-05 0 2.5e-05 0 0 3.5e-05 4e-05
4.5e-05 0 0.002775 0 0 0 3.5e-05 6.5e-05 0.006785 0.00025 0.006715 8e-05 0 0.00023 0 2.5e-05 0 0 0 5e-05 5.5e-05 0 0.00016 0 2e-05 0.00464 0.006085 0.00104 0 0 2e-05 0.001035 4e-05 0.00835 0.00193 0 0.009955 0.019105 4e-05 0 0.00025 0.00528 4.5e-05 3e-05 0 2e-05 3e-05 0.0063 2.5e-05 0 0.00488 0 0 0.000365 4e-05 4e-05 0 5e-05 0.001875 4e-05 0.000465 3.5e-05 0.000455 0 3.5e-05 4e-05 4e-05 4.5e-05 0.00468 5e-06 0 3e-05 0 5.5e-05 2e-05 0 3.5e-05 0.00039 3e-05 4.5e-05 0.002075 0 0 0 2.5e-05 3.5e-05 2.5e-05 4e-05 0 0.000185 0 0 0.008895 6.5e-05 0.00334 2.5e-05 4.5e-05 0.00029 7.5e-05 0
0.006705 0.00392 0 0.001875 2.5e-05 3e-05 5e-06 0 0.00037 0 0.00074 0 5.5e-05 4e-05 4e-05 0.012705 0.00013 5e-05 1e-05 0.001005 0.00013 0.00306 5e-05 0.004095 0 5e-06 5e-05 1.5e-05 0.00118 4.5e-05 0.000435 0 5.5e-05 0.0002 6e-05 0 5.5e-05 0 7e-05 0.00097 0 0.005455 0 0.00815 0 0.00107 4.5e-05 0 0 3.5e-05 0 3e-05 0.000895 0.002015 0.0057 6e-05 2e-05 0.003665 0.003185 0 0 0 4e-05 0.00172 0 0 2e-05 0 0 3e-05 2.5e-05 0 0.000135 2.5e-05 2.5e-05 0 1.5e-05 3e-05 1.5e-05 4.5e-05 0 0 0.00012 0 0 0 0 0.004835 1e-05 0 6e-05 0 4.5e-05 0.00762 0 0.0072 0 0 5e-05 3.5e-05
0 0.00129 0.005245 0.002335 0.015725 0 0 0 0 0 0.00291 0 1.5e-05 0.004415 0.006695 0.009235 5.5e-05 2.5e-05 0 0.00167 0.00034 0.001375 0.001435 0 0.00761 0 0.00481 0.00906 0.007475 4e-05 5e-05 2e-05 0.012545 0 0.00102 0 3e-05 7.5e-05 0.000515 2e-05 1.5e-05 0 0 0 0 0.001205 6e-05 0.01222 0 0 0 0.011325 4e-05 3e-05 0 0 0 0.000345 5e-05 0 0 5e-05 0 0.000275 2.5e-05 5e-05 0 0 0.00153 0 0 3.5e-05 0.002955 3e-05 0.001045 2.5e-05 2.5e-05 1e-05 5.5e-05 0.00172 0 0.005675 4e-05 3e-05 2e-05 0.002535 0.00245 4e-05 0.003485 2e-05 0 0 3e-05 2e-05 0.00188 0 4e-05 0 3.5e-05 0.000915
4.5e-05 0 3.5e-05 0 2.5e-05 0.002495 2e-05 0 0 3.5e-05 9.5e-05 0.00231 0.000565 0.001755 0 5.5e-05 0 0 0 3.5e-05 3e-05 2e-05 2.5e-05 2.5e-05 0 0 0.004745 0.003185 3.5e-05 0.009435 2.5e-05 0 0 3e-05 0 0 0.01065 0.00114 0 0 3.5e-05 0 2.5e-05 5e-05 0.00452 0.015275 4.5e-05 2e-05 0.00807 0.00266 1.5e-05 0.01691 4.5e-05 0.00329 0 0.007295 0 2e-05 2.5e-05 0.00058 0 5e-05 0 0 0 3.5e-05 0.00159 0 0 0.00018 0 0.000485 4e-05 6e-05 0 0 0 0 2e-05 0.000235 4e-05 0 5.5e-05 2.5e-05 0 3e-05 0 2.5e-05 0.010385 0.010365 0.007705 0 0 5.5e-05 4e-05 4e-05 0 4e-05 0.008925 0
0 4e-05 0 1.5e-05 0 3.5e-05 8.5e-05 0.004755 0 0 3.5e-05 0 0.00212 0.00481 0.00068 0 0.00297 3.5e-05 5e-05 0 4e-05 0.003995 0 5e-05 4.5e-05 0.00253 0 5e-05 0.000185 3.5e-05 0 0 0.00316 0.00079 0.004195 2.5e-05 0.003025 0.003965 4e-05 0 3.5e-05 0.007495 3e-05 4e-05 0.004745 0.014685 0 0 0.01682 2.5e-05 7e-05 0 0.001605 3e-05 1e-05 0.0001 0 0.00028 2e-05 0 0.00185 0.004555 0 0.008975 2.5e-05 0 4e-05 0.0059 0 0.000115 3e-05 0 0 0 0.00241 0 0 0.000365 5.5e-05 4e-05 0.00132 0.00092 4e-05 3.5e-05 0 0 0 0.00539 5.5e-05 3e-05 0 0 0 3.5e-05 0.007835 0 0.004835 5.5e-05 4e-05 0.004985
0 0.001145 0.002575 0 0 0 0.0064 0.0001 1e-05 2e-05 2e-05 0 2.5e-05 3e-05 0 5e-05 0 0 9e-05 0.00879 0.00131 0.015375 5e-05 0.002285 0.009685 0.003595 0.00464 0.00202 0 0 0.00013 0 3e-05 0.000295 0 0 2.5e-05 0.000655 5.5e-05 2.5e-05 3.5e-05 0 2.5e-05 0 0.00013 3e-05 0 0.008305 0 3e-05 0 0 0 3.5e-05 1.5e-05 3.5e-05 2.5e-05 3e-05 3.5e-05 3.5e-05 0 0.009335 1.5e-05 0 4e-05 5e-05 0 3.5e-05 0.001295 4e-05 0.017215 0.00329 9.5e-05 0 0.00262 0 3e-05 4.5e-05 0.000955 2.5e-05 3e-05 0.00853 0 0.008365 0 0 0.00883 4e-05 0 0 0.00852 4.5e-05 0.00011 3e-05 0 0 0.001785 3.5e-05 4.5e-05 0.001655
0.00507 3.5e-05 3.5e-05 5.5e-05 3e-05 0 0.007675 0 0.00068 0 1.5e-05 0.00817 0.00666 3.5e-05 2e-05 3.5e-05 0.001155 3.5e-05 0 0 0 2e-05 2e-05 0.00596 0 0 0.00079 1e-05 0.00084 0.0027 4.5e-05 2.5e-05 0.00264 0 0 0 0.002785 0 6e-05 0 0.000135 0.011045 0.014195 0 0.00635 3.5e-05 0.003165 3.5e-05 4e-05 0.00654 0 0 0.013285 0.00079 0 0.007635 0 0.003285 2.5e-05 0 0.007695 0 0 4.5e-05 0.000855 5e-06 5.5e-05 0.001695 8e-05 0 4e-05 1e-05 0 3.5e-05 2e-05 3e-05 0.000135 0 0 1.5e-05 0 0.001685 0 1.5e-05 1.5e-05 0 2e-05 0.001155 0.002905 0.00099 0 0 0 0 0 0.00248 0.01008 0.009495 0.000205 0
3e-05 0.00814 0 0 3.5e-05 5e-06 0 2.5e-05 4.5e-05 0.000905 0.00182 0 3e-05 0.00141 0 0 3.5e-05 0.005455 0.011365 3e-05 3.5e-05 0 0 0 0 0 2.5e-05 0 4e-05 0 0.000285 3.5e-05 0 0.00324 0.00855 0 0 0 7.5e-05 0 4e-05 2.5e-05 5e-05 0.013725 4.5e-05 0.001885 4e-05 0.000135 0.001485 2e-05 0 2e-05 0 3.5e-05 2e-05 1.5e-05 0.01518 6.5e-05 0 5e-05 0 0 0.000615 0.000205 0 0.01326 0.000545 4e-05 0.00072 3.5e-05 0 0.006815 0 3.5e-05 0.00015 0.002685 0.00375 0 0.00435 0.000475 0 4e-05 5.5e-05 2e-05 3.5e-05 0.002675 0 0.00036 0.00546 4e-05 2.5e-05 2e-05 2.5e-05 3e-05 4e-05 0 0 0 0 3.5e-05
2.5e-05 2.5e-05 4.5e-05 0.01268 0.002055 2e-05 5e-05 0 0.00019 0.00146 0.004955 0 0 0 0 0.007575 5e-05 0 4e-05 0.005105 5.5e-05 0.00399 2.5e-05 0 3.5e-05 0.002805 0.00727 0.007805 0 0 0.000375 0.011505 2e-05 0.002495 0 2e-05 0.00764 4e-05 0 0.00035 0 5e-05 4.5e-05 2e-05 0 4e-05 2.5e-05 0 0 2e-05 0 3.5e-05 0 0 0 3.5e-05 0 0.00628 0 0.00013 0 0.002185 0.012545 0.004575 0.00017 0 0 0 3.5e-05 4e-05 2.5e-05 0.000125 0 0 5e-06 2e-05 5e-05 5e-05 0.012845 3e-05 0.0023 0.00509 0 0 0 0 0.000715 4e-05 0 0.005915 0 0.00471 0 3.5e-05 2e-05 0.004265 0 2e-05 0 4e-05
4e-05 0.000425 0.00658 0.0069 0.00784 0 0.00024 5e-06 0 4.5e-05 0.01061 0.00575 0.00022 0.000205 2e-05 0.006895 5.5e-05 3.5e-05 4e-05 0 3.5e-05 0 5.5e-05 0 3e-05 0 0.01231 4.5e-05 0.00392 1.5e-05 8e-05 0.00296 0.009365 0.002095 0 1.5e-05 5e-06 0 0 0 0 2e-05 0 0 2.5e-05 1.5e-05 2e-05 0.00138 4.5e-05 5.5e-05 0 0 2.5e-05 3.5e-05 4.5e-05 0 0.007585 3.5e-05 0 0 0.00086 0 0.005655 4e-05 5e-05 3e-05 0 4e-05 0 0.000175 0 0.002745 0 0 0.00103 2.5e-05 5e-06 3e-05 0.00046 0.007495 0.003235 0.00062 0 3.5e-05 0 0 0 4e-05 0.000685 0 0 0.009435 0.003195 2.5e-05 1.5e-05 0.00025 2e-05 0.00859 0 0
3e-05 0 0 0.00286 4e-05 0 0 0 2.5e-05 0.00011 0.00372 0 0.00473 4.5e-05 0 2e-05 0 0.013455 0.00822 0.00029 4.5e-05 0.00017 4.5e-05 0.000725 0 0 0 0 0 0 0.00304 0.00729 0 0.00031 0 3.5e-05 0 0.00027 1.5e-05 0.0001 0 2.5e-05 0 0.00825 0.000485 3e-05 0 0.00022 2.5e-05 0 0 4e-05 0 2.5e-05 1.5e-05 2.5e-05 0.000415 3e-05 0.006475 4.5e-05 4e-05 0.000195 0.002695 0 1e-05 0 1e-05 1e-05 3.5e-05 5e-06 0.01054 0.017075 0.010285 0.000275 0.001485 3.5e-05 3e-05 2e-05 2.5e-05 0 3e-05 0 0 0.010395 0 0.003695 0.002265 0 5.5e-05 5.5e-05 0.007425 3.5e-05 0.016385 0 2.5e-05 2e-05 0.00029 0 3.5e-05 0
3e-05 0 0 0.00019 0.012425 0 0.004215 6.5e-05 3e-05 1.5e-05 0.00114 0.001625 2e-05 0.000105 0.00051 0.000845 1.5e-05 0 1.5e-05 0 0.001305 0.007825 0 3.5e-05 0.00789 1e-05 0.000365 0 0.00017 3.5e-05 0.00081 0 0.005285 0.00901 4e-05 1e-05 3.5e-05 0.00265 0.0015 4.5e-05 2e-05 1e-05 2e-05 0 0 0 0 0.007475 0 9.5e-05 0 0 2.5e-05 2.5e-05 0.0001 0 0 0 0 2.5e-05 5e-05 0 0.0003 0.002085 1.5e-05 5.5e-05 8e-05 4e-05 0.0011 0.002975 0.00319 5e-05 0.00205 0.003505 0.001585 2e-05 0 3.5e-05 2.5e-05 0.002795 0.016605 0 0 0 0.00908 0.008265 0.01046 0 0 4e-05 0.000475 0 4.5e-05 0 0 0 2e-05 0 4e-05 0
0.00715 2.5e-05 3e-05 4.5e-05 3.5e-05 0 0.00329 0 0.003525 0 0 0 0.00618 0 0 5.5e-05 0.00507 0 0 0 0 0 4e-05 0.00014 0.000105 4e-05 0 0.000545 0 0.00037 0 3e-05 0.004215 0 0.00134 0 0 0.00317 3e-05 5.5e-05 0 0.00027 0.012505 2.5e-05 0.004945 0 0.00025 4e-05 0.001965 0 4e-05 0 0.01078 0.00798 0 0.010255 4e-05 0.00052 0 0.003945 4e-05 1.5e-05 4e-05 6.5e-05 0 1.5e-05 3.5e-05 0 0.001385 0 0 0 0 3.5e-05 5e-05 3.5e-05 0 0 2e-05 2.5e-05 0 7e-05 3e-05 3e-05 0 0 0.00019 0.00805 0.00368 2.5e-05 0.003885 0.00096 2.5e-05 0.006445 2.5e-05 4e-05 0.001695 0.00554 0 3.5e-05
0 0.00479 3e-05 5.5e-05 0.001705 1.5e-05 0.004185 5e-06 0.000135 1e-05 2.5e-05 0.000495 4e-05 1e-05 0 0 0.012915 4e-05 0.00121 0.00477 0.0004 5e-06 0 0 0 0 4.5e-05 0.00028 3e-05 4e-05 3e-05 2e-05 0 0 3e-05 5.5e-05 0 0 0.002935 2e-05 0 3.5e-05 4e-05 0.00154 0.00798 0.002175 5e-06 0 2e-05 0.00114 0 0 5e-05 0 0.000875 2.5e-05 4.5e-05 0 3.5e-05 3e-05 0 0.00641 3.5e-05 0.00264 0.00092 0 1.5e-05 0.007595 3e-05 4.5e-05 3e-05 0 1e-05 0 0 0 0 0 4.5e-05 4.5e-05 0.0041 2.5e-05 0 0.00864 0.003095 3.5e-05 0 0 2e-05 3.5e-05 0.00914 4e-05 4e-05 0.004935 0.00191 5e-05 0.000705 0 0.00251 0
4.5e-05 3.5e-05 5.5e-05 0.002485 3e-05 0 7.5e-05 0 0 0 0.010645 0 0.001255 0 3e-05 0.01064 0 3e-05 0.0001 0.00267 0 0 1.5e-05 3e-05 0.00145 0.001805 1.5e-05 0.00176 0.006375 1e-05 0 0 5.5e-05 0.004 2e-05 0.002105 0.00616 0.001995 0 4.5e-05 4e-05 2.5e-05 3.5e-05 5e-05 0.000205 5.5e-05 0.013615 0 1e-05 0 0.00917 0 3e-05 0.000685 0.006425 0 1.5e-05 0.001015 2e-05 0.00071 0 0.002675 0 0 1.5e-05 3e-05 3e-05 0.00075 3.5e-05 0 5e-06 2e-05 0 0 0 3.5e-05 0 2.5e-05 0.009455 6e-05 0 0 0.009415 0.00082 0.00825 0.00894 0 1e-05 0 0.00166 0.00551 0 4.5e-05 3e-05 5.5e-05 0 0.002175 0 0 3e-05
0.00106 0 0 0 0.007945 0.0007 0.00743 0 0 3.5e-05 0 0.000155 2.5e-05 2e-05 0.00037 0 0 1.5e-05 1e-05 0 0.007635 0 0.003495 1.5e-05 0.01242 0 0.00944 0.01237 0.000165 4.5e-05 1e-05 1.5e-05 0 0.00383 5e-05 2e-05 3.5e-05 0.01555 0 2.5e-05 2.5e-05 4.5e-05 0 3e-05 0.001055 1e-05 0 7e-05 5.5e-05 0 4.5e-05 0.000365 5.5e-05 0 0.001125 2e-05 4.5e-05 0 1e-05 2.5e-05 0 0 0 0.000835 2e-05 0 2.5e-05 0 0.004515 0.00857 0.00795 2e-05 0 0 0.000185 0 2.5e-05 3e-05 1.5e-05 0 0.000365 0 5.5e-05 4.5e-05 0 4e-05 0 3e-05 0.00133 5.5e-05 0 0.003635 3.5e-05 4e-05 7e-05 0 0.00358 0 0 0.000165
0 0 0 2.5e-05 0.000545 1e-05 1e-05 3e-05 0.00658 0 3.5e-05 3e-05 6.5e-05 0.00037 0 0 0 4e-05 6e-05 7.5e-05 0.00212 0 0.004075 0 0 0 3e-05 0.001845 0 3.5e-05 3.5e-05 0 0.001885 0.000365 0.001025 0.00683 0.011595 4e-05 0.012995 1.5e-05 0.00018 1.5e-05 0.00395 4.5e-05 0.00278 0 0.00167 2.5e-05 0.00036 0.00071 0.00678 5e-05 0 0 0.00395 0.00041 0 0 0.003415 0.00351 4.5e-05 5e-05 4e-05 0.00079 0.014075 2e-05 0.002655 0.000485 2e-05 5e-05 3e-05 0 2e-05 0.006845 0 0 4.5e-05 0 1e-05 0.001235 0.00114 0 0.00758 0 0.009175 0 2e-05 0 0 0 3e-05 0 2e-05 0 0.006145 0.000775 6.5e-05 3e-05 0.00118 0
6.5e-05 0 2e-05 2e-05 7e-05 3e-05 2e-05 0.00125 0 0.00661 0.00059 0 0 3e-05 0 0 4e-05 0.00259 0.005535 0.005665 0 0.00769 4.5e-05 0 4e-05 0.00528 0.0004 0.000705 0.001375 0 0 2e-05 3e-05 0.000305 5.5e-05 0.00477 6.5e-05 0 4.5e-05 0.00032 0 4e-05 0 3.5e-05 0.00209 2.5e-05 0.009285 2.5e-05 0 0 0.008295 0 0 2.5e-05 0 0 0.004555 0 0.00201 0.0006 2e-05 0.00561 0 0.00253 1.5e-05 0.00663 0 0 5.5e-05 4e-05 0.000385 0 0 0.000255 3e-05 4.5e-05 3.5e-05 0 0.00094 2e-05 2e-05 0.00805 0.000825 0 0.00439 0.01336 0 0 0.0018 0 0.00175 0.004235 0 0 0 0.01024 0 0.00012 0 7.5e-05
0.002325 0 0 0 0 0.000625 0 0.00433 3.5e-05 0 1.5e-05 0 0 0.0015 0.004995 0 0 4.5e-05 0 4.5e-05 2e-05 5e-05 6e-05 3.5e-05 3e-05 3e-05 0.00054 0.011695 0 2e-05 1.5e-05 0 0.0018 0 0.00245 1e-05 5.5e-05 0 0 3.5e-05 4e-05 7e-05 0.005245 5e-05 1.5e-05 0 1e-05 4e-05 5e-05 0 0.00856 0 0 0 0 0 0.000865 5e-06 3e-05 4e-05 4e-05 5.5e-05 0.002495 0.01348 2.5e-05 2.5e-05 0.00388 0 0.000275 0 0.00512 0.00043 0 3e-05 2e-05 3.5e-05 0.002125 0.00136 2.5e-05 0 4.5e-05 2e-05 0.00067 0 5.5e-05 0.01326 3e-05 0.00817 0 0.00125 6e-05 0.00115 0 2.5e-05 0.00032 0 0 5.5e-05 0 0
5e-06 0.010545 0.002735 0 0 4.5e-05 6e-05 0.005345 2.5e-05 0 0.00177 0 0 0 0 2.5e-05 3.5e-05 1.5e-05 4.5e-05 0 9.5e-05 7e-05 0.000275 3.5e-05 5e-05 0.00362 6.5e-05 8.5e-05 0 1e-05 0 5e-05 0 2e-05 4e-05 0 4e-05 0.00014 3e-05 0 4e-05 0 4.5e-05 0 0 0.007565 3e-05 0 0 3.5e-05 1e-05 0 0 3.5e-05 0 0.000755 0 0.001415 0.00336 0.002745 0 0.00245 0 0.00471 0.00069 0 0.000515 0.001745 0 0.00726 0 0.002325 2e-05 0.015915 4.5e-05 0.010665 0 0.00815 0.000415 3e-05 5e-05 0 0.010005 4e-05 0 0.00261 2.5e-05 5e-05 2.5e-05 0 0.005335 0 0.001935 0.005025 0 0 3e-05 0 3e-05 3.5e-05
0 0 0 0 0 0.005165 0 5e-05 2.5e-05 0 0 1.5e-05 0.008485 0 6e-05 7e-05 0 0 0.00974 3e-05 0 0 2.5e-05 0.00814 1.5e-05 0.017715 4e-05 0 4e-05 9.5e-05 0.003 0.00087 2.5e-05 3e-05 0 9.5e-05 7e-05 4e-05 5e-06 0 0.003705 0.005345 0 0.00942 0.00164 2e-05 0 3e-05 0.001075 5.5e-05 0 0 0.0003 0.002805 3e-05 2.5e-05 0 2.5e-05 0 1.5e-05 0 3e-05 0.004195 5.5e-05 0 0.002015 2.5e-05 3e-05 4.5e-05 3.5e-05 0.00014 0.014495 0 4e-05 4e-05 0 0 0.000185 0 0 3e-05 2.5e-05 0 0.005895 3.5e-05 1.5e-05 3.5e-05 0.002005 0 3e-05 0.00104 4e-05 0.000125 0 2e-05 0.003105 0.000605 0 4.5e-05 2.5e-05
0 2e-05 0.001445 0 0.00019 6e-05 5.5e-05 0.00387 0.0018 0.01297 0 0 0 0 0.00491 0 4e-05 5e-06 0 5.5e-05 0 0 0.004575 3e-05 3e-05 0 0 4.5e-05 2e-05 3.5e-05 0.000385 0 0.000275 0.011575 0 0.004035 0 0 5e-06 0.006225 0 3.5e-05 4.5e-05 0.000405 1e-05 0 0 0 3e-05 4e-05 0.00014 3.5e-05 0 3e-05 4.5e-05 5e-05 0 0.00066 0.006395 5e-05 0 0 0.004575 0 0 0.00442 5.5e-05 0.00374 5e-06 3.5e-05 3.5e-05 5e-05 0 0 3.5e-05 0.004495 0 1.5e-05 0.00449 0 0.00508 3e-05 2e-05 0.0011 0.001745 0 5e-05 0 0.000475 5e-06 1e-05 0.0002 3e-05 5e-05 6e-05 0.00806 4e-05 0 3e-05 2.5e-05
0.00416 0 0.000555 0 0.00035 2.5e-05 0.002945 0.000945 6e-05 0 0.00142 4e-05 1e-05 0.000815 0.009405 0 0 2e-05 0.002465 0.0027 0 0.00543 0.013325 0 0.001795 0 3e-05 0.0034 0 3e-05 0 2e-05 0.00173 4e-05 2.5e-05 1e-05 2.5e-05 4e-05 0.000175 4.5e-05 0 2.5e-05 2.5e-05 0.00298 3e-05 0.001525 0 0.000545 4.5e-05 0.0001 0 0 2.5e-05 0 0 0 0 0 3.5e-05 0 1.5e-05 0 3e-05 0.002695 0 4e-05 0 0.003565 0.004965 0 3.5e-05 6e-05 0 0 0 0 0.0003 0 2e-05 0.003475 0.012255 2.5e-05 0.003985 0.001725 0.007455 4e-05 4.5e-05 2.5e-05 0 0.007285 0.000765 0 0 3e-05 0.00445 0 3e-05 5.5e-05 8e-05 0.00078
0.00252 4.5e-05 3.5e-05 3.5e-05 0.00232 0.001525 0.006135 3.5e-05 0.00018 2.5e-05 0 0.0017 3.5e-05 4.5e-05 0.001105 0 0 0 0 0 0 0 0.001185 0 0.00939 3.5e-05 3e-05 0 2e-05 0.00018 4.5e-05 0 0.0005 0 0 5e-05 0 5e-06 0.00531 4e-05 0.01087 0 0.003015 2e-05 0.00563 0 1e-05 5.5e-05 0 0.012075 0 0 0 3e-05 0.00985 0.00013 5e-05 0 3.5e-05 0 0 2.5e-05 2e-05 9.5e-05 7e-05 1.5e-05 3e-05 0.00125 0.001485 0.00511 4.5e-05 3.5e-05 2.5e-05 0 0.002645 0.00025 0 0.00332 0 3.5e-05 0.004205 2e-05 0 3e-05 0.000895 0 0 0.00766 2.5e-05 0.000765 0.004615 2.5e-05 0 0 0 3.5e-05 2.5e-05 4.5e-05 0 0
0 0.00169 0 0.014655 0 2.5e-05 3e-05 9e-05 0 0 0.008995 0 3.5e-05 0 4e-05 0.00018 1.5e-05 0 0.001895 0 5e-05 0.000125 4e-05 2.5e-05 0.00211 1e-05 0.01136 0.00012 0 0 2.5e-05 0.00453 0.004115 0 3e-05 3e-05 4e-05 0.010395 0.003005 5e-05 0 2.5e-05 0 3.5e-05 5e-05 0 0 0.00445 0 0 0.004035 0.00458 2e-05 3e-05 0 3e-05 3.5e-05 0.001155 7e-05 4.5e-05 2.5e-05 0.004795 0 0.00725 0.00036 4.5e-05 0 4e-05 0 2.5e-05 3e-05 2.5e-05 0.00165 0 5e-06 0 0 3e-05 0.00584 0.000105 0.00101 0 0 0.000485 0.00148 0.00216 0 6e-05 0.00121 4.5e-05 0 0.00015 3.5e-05 1.5e-05 3.5e-05 0 0 0 2.5e-05 3.5e-05
