0.01065641458
0
0
0.003607309666
0.01109435519
0
0.008267883127
0
0.02596175992
0.003525481574
0.004867333833
0.02104887919
0.01277998653
0.01735699034
0
0.001238709558
0
0
0
0
0.002595577953
0
0
0.008386274602
0
0
0.01515486842
0
0.01734850191
0
0.01659924067
0.004346326187
0.03494404584
0
0.02209000845
0.01428662262
0.02016509688
0.009488607896
0.007041437892
0
0
0.0238494896
0.03314213687
0
0
0
0.023638373
0
0.02278431529
0.01518027628
0.03215401761
0
0.02527276212
0.03376139768
0.01990065005
0.02604053535
0.01708001406
0.01552476513
0
0.03892712203
0.04175959099
0
0.01532951821
0
0.01992634799
0
0.02767409443
0.007047930948
0.01543683207
0.0257758128
0
0
0
0.002649366639
0
0
0
0.00E+00
0
0.01761781404
0.01137900639
0.005950494193
0
0
0.007850676068
0.02071660818
2.60E-03
0.003405144983
0.03479311512
0
0
4.52E-02
0
0
0
0.03301375773
0
0.04180183068
0
0
0.01541832214
0
0
0
0
0
0.03034345692
0
0.03075651749
0.00E+00
0
0.03068716198
0.0174116108
0
0
0
0.01841004187
0
0
0.003543227423
0.03956925082
0
0
0.01158803579
0.02268922529
0
0.006700808899
0.007688364871
0.008842506802
0.007718097688
0
0
0.009075509336
0
0
0.006624948942
0.03134091076
0.006069439405
0
0
0.02188726183
0.02788936588
0.03877596043
0
0.02226410257
0
0.01088595202
0
0.02312297897
0.02594070585
0.008725702783
0
0.03749612143
0.03231590436
0.0396544772
0.02898232658
0
0.01231019626
0
0.04056843841
0.02638795339
0
0
0
0.00941118821
0
0
0.01921485134
0.003504241808
0.04413678877
0
0
0
0
0
0
0.004405001015
0.01318974108
0
0
0.001342477539
0.01205024884
0.004937809993
0
0
0
0.004490195448
0.01964336313
0.005477895173
0.005284506264
0.0156303702
0.02927136792
0
0.01659171457
0
0.0008204489117
0.03306086776
0.02665658477
0.02919545206
0
0.02280952682
0.01772566108
0.03322323708
0
0.01572877622
0.01787896991
0
0
0
0.03844084154
0.005695517367
0
0
0.03801134152
0.03200872111
0.01402053608
0.005451860351
0
0.02805868024
0
0
0
0.04560109746
0
0
0.01134739709
0
0
0
9.55E-05
0
0
0.007144269697
0.03655956795
0.0326128201
0
0
0
0.03830611994
0.02826774332
0.003799810056
0
0
0.04708904028
0
0.04637285199
0.00E+00
0.02713453833
0.004591795532
0.002497468244
0
0.002508284813
0
0
0
0
0.01820385648
0
0.03704164833
0
0
0
0
0.02885455628
0.008103381565
0.01611461067
0.02674243802
0.01046571821
0.009458607635
0
0
0
0.02211271505
0
0.02755541209
0.04266330961
0.03469789612
0.006596909691
0
0.03777754635
0
0
0
0.008695120099
0.0003405173665
0
0
0.01208125861
0
0
0
0
1.00E-02
0.0133187885
0.02160270076
0
0
0
0
0.004559867749
0.002208175853
0.00984045502
0
0.00808461422
0.01276793429
0
0
0.01576127299
0.01247848972
0.003012278856
0.005760299695
0
0
0.02047645862
0.04322072157
0.02165923611
0.02891024616
0
0.03577307263
0
0
0.003510055071
0.03109341797
0
0
0.0209180325
0
0.01518870707
0
0
0
0
0
0.03587012374
0
0
0.001599189693
0
0.036233921
0.01801501576
0.02055056582
0
0
0.03673950195
0.002734768128
0.04222754255
0
0
0
0
0
0.0296694808
0
0
0
0
0
0.02637873134
0.02971706613
0
0
0.001590482642
0
0.04262881377
0.02376408899
0.007263590689
0
0.0300068364
0
0
0
0
0
0.01672454151
0.004634820188
0.04134889372
0.03096452778
3.02E-03
0.01288888476
0.002675142658
0.002772347996
0
0.03139296588
0.03258521134
0.02423026579
0
0
0
0
0.03623000609
0
0
0
0.00979199926
0.04182654408
0
0
0
0.007331701994
0.02593279972
0
0.02602418839
0
0.01171851188
0
0
0.01156082352
0.03229535781
0
0
0
0.01785120533
0
0
0.01444962708
0.004067471983
0.02027162334
0.008508376428
0.01452449157
0.04360623051
0.0283044308
0.03556872746
0.003001527303
0
0.04076311242
0.0124685809
0.007923313081
0.04067613707
0.007651606178
0.0008213508061
0
0
0
0.01480067672
0
0
0.0006558670336
0.01337146211
0
0
0.004059017492
0
0
0.01285406224
0.03413294241
0.0009449753576
0.002425100003
0
0
0
0
0.04083037185
0
0
0.01051685455
0
0
0.004188090821
0
0
0
0.04022180765
0
0.02761944253
0
0
0
0
0
0.005867876871
0.008510160228
0.01365049093
0
0.01356379719
0.008853794587
0
0
0
0.01463643093
0
0.01236133789
0.02223152716
0.03131315835
0.03643235283
0.006974374489
0
0.01785677483
0
0
0.03561704846
0.04276557797
0
0
0
0.03196630913
0
0.0294604524
0
0.03511578467
0.04414538646
0
0.02331342573
0.02679942083
0.009707512975
0.02041366152
0
0
0.01715278182
0
0.04556071392
0.02952992363
0
0
0.03913841755
0.019740414
0.03173734725
0
0
0.044372377
0
0
0.009255329977
0.03010576946
0
0
0.02253146617
0
0
0
0
0
0.01287634301
0
0.04582306965
0.01754242592
0.001745801115
0
0
0.03654401745
0.03207075494
0
0
0
0.05090068048
0
0.03021895675
0
0.02328656112
0
0
0
0.0007339408876
0
0
0
0
0.01511935043
0.00223366749
0.03991738116
0
0
0
0
0.04225879018
0.01013666117
0.02510808649
0.02460227221
0
0
0
0
0
0.02430394465
0.003703609209
0.01511640393
0.02622232141
0.01810636819
0
0.01742724258
0.03254018513
0
0
0
0.02540907794
0.01699961194
0.005390517021
0
0
0
0
0
0
0.01956064068
0
0.011814039
0.00180771974
0
0
0
0.001120996304
0.01062152114
0.03752970895
0.03793556536
0.002368807201
0.0380347119
0.01079096438
0
0.03792238447
0
9.52E-03
0.01648811347
0
0
0.01886495395
0.02802935341
0.03076583194
0
0
0.01621267327
0
0
0.02498440404
0.04398296544
0
0.0004930236724
0
0
0.0101774483
0
0
0
0
0.01343716688
0.05184301175
0.01850093137
0
0
0.02061571542
0.02387256836
0
0
0
0
0.03844343907
0
0.02399290286
0
0.04494454366
0
0.009072734947
0
0.03188464333
0
0
0
0.002999428231
0
0.0001188859207
0
0
0
0.01806653964
0
0.04046521698
0
0
0.02018341878
0
0.02716843894
0
0.01675069325
0
0.03137342156
0
0.0434985521
0.01552302182
0
0
0
0.03139675236
0.03030222982
0
0
0.01819098081
0.01002574098
0
0
0
0
0
0
0
0
0
0.0214278084
0
0
0
0
0.02117643886
0.02633758468
0
0.007589497111
0
0
0.02158299808
0.03224750225
0
0.01105989832
0
0
0.01060724468
0.02328548726
0
0
0
0
0
0
0
0.01523198084
0
0
0.03191727726
0.004135565922
0
0.007555516921
0
0.01139647424
0.02640819559
0.01633539827
0
0.02558298784
0
0.02446542129
0.003523637761
0.004092390823
0.01094024665
0
0
0.003963749286
0.04578128773
0.04317882824
0
0
0
0
0.004795003415
0.04365359456
0.02714725145
0.002225280608
0
0.04080300314
0.02392474646
0.008717858089
0.03706609364
0.02473417826
0
0
0.03798959094
0.03831750213
0
0
0
0
0
0.01034243132
0
0.02609589722
0.03557723314
0.01389148856
0
0.004336115944
0
0.001485631711
0
0
0.01447347929
0
0.007080946659
0
0.007311098113
0
0
0
0
0.00561597122
0.03131477075
0.03563483237
0
0
0.02850275042
0
0.01583564724
0
0.01067057973
0.008864784305
0.04549433326
0.0008787350269
0
0.01719156263
0
0
0.0119019418
0.02853326734
0
0
0
0.04554274577
0
0.00788274287
0
0
0.03902059177
0.03801013219
0.02531342372
0.02166606128
0
0
0
0
0
0.02014769266
0
0
0
0
0.01476880009
0
0
0
0
0.01910750263
0.01638349456
0.01340866204
0.01016423831
0.02505445626
0
0.04871134622
0.007189482141
0.02050983919
0
0.0008803822819
0
0
0.03043932451
0.008777589882
0
0
1.79E-02
0.02234382353
0.01609055839
0
0.008960823254
0.02467906942
0.006353686208
0.00E+00
0.04998633264
0.002017241019
0.00117840743
0.01217977246
0
0
0.01140786857
0.04815205096
0
0.02405035809
0.04427506258
0
0
0
0
0
0.02123308432
0
0.03383834647
0.03309233017
0
0
0.01985262531
0.01998522304
0
0.01880176169
0
0.03654636425
0
0
0
0
0.01984776185
0
0.009104929521
0
0.003668130612
0.01740826648
0.00516642618
0
0
0.001261374027
0
0.004448054174
0
0.00795670727
0.02722677578
0.05174532084
0
0
0.02413809035
0.01432259364
0.01956430103
0.03742259565
0
0
0.04870075396
0.0224673951
0.04921305812
0
0
0.004885023818
0
0
0
0.02265758416
0
0
0
0
0.01381208876
0.002025072479
0
0
0.001067350976
0.03460560886
0.04028838361
0.02566030718
0
0
0.01112383828
0.04778744285
0
0
0
0
0.005486590039
0
0.01321003629
0.0156916794
0.02557124411
0
0.005781078586
0.01986471987
0.01316695184
0.00E+00
0
0
0.004461896384
0
0.03592924555
0
0
0
0
0.003536348341
0.02516741292
0.02886784162
0
0.04471624897
0.008026681828
0.01679601385
0
0
0
0.003761668717
0.0171676928
0.00257774843
0.0111467002
0.003102056176
0
0
0.04292633837
0.03980097462
0
0
0
0.04219509666
0.02445029901
0
0
0.009463043648
0
0
0.009925664885
0
0
0
0.01609038002
0
0
0
0
0.04328820536
0.005598739302
0.02749867628
0
0.01991159605
2.57E-02
0.004513089953
0
0.0128714098
0.01160690161
0
0
0
0.02875603393
0.04103986377
2.63E-03
0.01914266159
0
0
0
0
0
0.0514952572
0
0
0
0
0
0
0.01061982323
0
0
0.02105158864
0.02431892279
0.03813036585
0
0
0
0.03475008973
0.003389043836
0.01299565724
0.0004383526203
0
0.02451551778
0
0.04794311948
0
0.0276631535
0.02061912708
0.03198189558
0
0.01504512526
0
0
0
0.01784900999
0.005899415746
0.007052948659
0.01070034003
0
0
0
0
0.01182011797
0.006715235488
0
0.02551231471
0.0194985242
0.02641643092
0
0
0
0.01013267302
0
0.03397729139
0.04483892008
0.03534338374
0.007374842499
0
0.03548079584
0.005811763945
0
0
0
0
0
0
0.02870838544
0
0
0
0
0
0.02363639169
0.02737667063
0
0
0
0
0.008313235692
0
0.005511716965
0
0.04189252411
0.02331385584
0
0
0.03962330324
0
0
0.02984439204
0.02742217762
0
0.0002092284768
0.004698045909
0.03540833801
0
0
0.01511987292
0.02908793623
0.005337933906
0.02389437007
0
0
0.01597945619
0.001007400998
0.02373784473
0.04409792272
0.02241356643
0
0
0.01288262927
0
0.02432763818
0
0
0.009745551712
0.01785561506
0.008018958775
0
0
0
0
0
0.02076452277
0
0.03356221087
0
0
0
0.01170803545
0.02691270011
0
0
0.01257498979
0
0
0.02587745114
0
0
0
0.01977907666
0.01786032938
0.0293922106
0.01019428614
0
0
0
0
0
0
0
0
0.03748860657
0
0
0
0
0.02495095204
0
0.03085278331
0.02406340899
0.02644166999
0.02782661522
0.03821586547
0.02229002843
0.02023614054
0
0
0.02274582644
0.02029839233
0.006272068811
0
0
0.005457140865
0.001686103234
0.00474004916
0
0.005762831252
0.01061542503
0
0.01157741778
0
0
0
0.01649849699
0
0
0
0
0
0
0.004496161696
0
0.01019721331
0
0.03779228841
0.03060119896
0.02093813496
0.01417007191
0.02453663852
0.008346173338
0
0.01434121747
0.01339351828
0.03763609112
0
0
0
0.02058391977
0
0.0004889405771
0
0
0
0.01343364545
0.01307403557
0
0
0.01906725085
0.03835549455
0.00518209222
0.003361920797
0.01898384467
0.03246954602
0.01812216963
0
0
0
0
0
0.007680786959
0.01217804129
0.0004673103134
0.01215677612
0
0
0
0.02998770661
0
0
0.01765495212
0
0.005626179521
0
0.02222055619
0
0.01753070746
0
0
0
0.02053729592
0
0
0
0.0201850341
0.02164100408
0.04036801367
0.01406152263
0.00E+00
0
0
0.03140154158
0.02500775185
0
0
0
0.01873272182
0
0.035415834
0.03153114514
0
0.01381296015
0.03647154861
0.0321982981
0
0.03410409678
0
0.03701303587
0.03436769624
0.008741517952
0.02122859408
0.02234919427
0.006146002437
0.03085376213
0
0
0.02295773286
0
0.02583532547
0.02022732559
0
0
0.0371400383
0.03712365381
0.03356834382
0.003581579808
0
0.03335619508
0
0
0.006935194446
0.04295457336
0
0
0.008225901734
0
0.0003299854755
0
0
0
0
0.004862682971
5.09E-02
0.01800359446
0
0
0
0.04298471665
0.01449755287
0
0
0
0.04562381823
0
0.03994066558
0
0.02551238203
0
0
0
0.02111492817
0
0
0
0
0
0.0147148346
0.02538846928
0
0
0
0
0.04503927309
0.01263068857
0.003692837884
0.02326952231
0.009198432931
0.004779020189
0
0
0
0.01413737693
0.001367370966
0.02340610909
0.03529011916
0.02124556883
0
0.003463071463
0.03221601185
0.01330999825
0
0.001712503992
0.02289644161
0.02123320298
0
0
0
0
0.006801313884
0
0
0
0
0.0267146383
0
0
0
0
0.01252751327
0.02323806954
0
0.006287530314
0.007448597865
0.04879608056
0
0.02546113657
0.02800207311
0.01794005174
0
0.005277322905
0.01258831462
0
0.01626428601
0.03257740967
0.02850630111
0.004421992923
0
0
0.002247073898
0.006511897627
0
0.03166279535
0
0.02449725807
0
0.004900313568
0.03412643289
0.01541679996
0
0
0
0.03561701877
0.02900820491
0.0176784277
0
0
0.03847849546
0.02686902296
0
0
0
0
0
0
0.01268413056
0.005841663497
0.0283281861
0
0.0385483083
0
0.04112401546
0
0
0.005558691267
0.03713378185
0
0.03136229375
0
0
0
0
0
0.01326133212
0.006669978436
0
0.02380879905
0.006751340857
0.03585168043
0.006701561345
0
0
0
0
0.02342750084
0.008791327642
0
0
0
0.02499680287
0.0537967862
0.009978717766
0
0
0.02386360822
0.0001136926955
0
0
0.001003926103
0
0
0.009803969796
0
0
0.01553112588
0
0
0
0.003271629717
0.007972241142
0.02316258901
0
0
0
0
0
0.003914829255
0
0.04391439507
0
0
1.89E-03
0
0.01234688966
0.012720136
0
0.02626416344
0
0
0
0.01662058202
0
0
0.007225238012
0
0
0
0
0
0
0
0
0.009359142848
0
0.01062582545
0.02834816446
0.03570028362
0
0.01536981332
0.01480652826
0.03679551313
0.02663742857
0.03757025543
0
0.008168779768
0.01589980603
0
0
2.80E-02
0.02013239187
0.01990674185
0
0.03034033541
0.03414671626
3.43E-02
0.01395317422
0.0005552533758
0.02288527428
0.00416939501
0.03189940234
0.03593775973
0
0.0001853742377
0
0.03309264099
0.002511630961
0.00553859635
0.04040538416
0
0.01635549819
0
0
0
0.002037117889
0
0.0227353402
0.03522082939
0.02708436826
0
0
0
0
0.00962457148
0
0.0006991852246
0
0
0.02543992791
0.001552309933
0.009513429308
0.00E+00
0.01828317644
0
0.02849949801
0.00286194906
0.009089697247
0.01332374688
0.01725947891
0.01504650404
0
0
0.04006806809
0.04746887963
0
0
0.02500276842
0.008534002863
0.01687553471
0
0.01977102341
0.01228691186
0
0.02323395384
0.00E+00
0
0.00E+00
0
0.02352916849
9.72E-05
0.01533682087
0
0.03525747037
0
0.02278949599
0.0004465760778
0
0.03006465616
0
0.03120682349
0.02620024165
0.04382639826
0
0.005694323625
0.005942550574
0.01053234113
0
0
0.03119257512
0
0
0
0.003617759704
0
0.01409132923
0
0
0
0.03999377403
0
0
0
0.00E+00
0
0
0
0.001421497839
0.03222558233
0
0
0
0
3.08E-02
0
0
0
0.00179571469
0.00538432801
0
0.02657305297
0
0.05327082458
0.03992461171
0.0570172436
0
0.03075646813
0
0
0
0.001104530124
0.01163052485
0.0004169915775
0.02807515146
0
0.0004016549989
0
0.02108762265
3.66E-02
0
0.03047868288
0
0
0
0.04149795026
0
0
0.003401610653
0
0.01307137184
0
0
0.02785996849
0
0
0
0
0.01388869435
0.03119968751
0
0.03129933723
0
0
0.01300711539
0.008246780969
0
0.007896857353
0
0.02934243957
0
0
0
0.03640596249
0
0
0.01504143819
0.01831331108
0
0
0
0
0.01902267885
0
0
0.005525255418
0
0.00372533645
0.00716586263
0.02505156251
0
0
0
0.03308351879
0.03366086701
0.03960250403
0
0.01600853654
0.007412806834
0
0
0.03271560528
0.03185660889
0
0
0.03768683208
0.02498838893
0.03281088197
0.02896226561
0
0.0063187744
0
0.03300595957
0.02543743311
0
0
0
7.18E-03
0
0
2.57E-02
0.00501901848
0.03528700621
0
0
0
0
0
0.01186738081
0.0193172236
0.02708047109
0
0
0
0
0.00271798441
0
0
0
0
0.03460802286
0.0007350811553
0.006606033623
9.99E-03
0.01461046663
0
0.03287173353
0.00751296289
0
0.03061023573
0.02052003335
0.03125547287
0
0.04769782323
0.004596831435
0.02529920832
0
0.003583139528
0.04173171562
0.04451122686
0
0.007178857075
0
0
0
0
0
0.02020210811
0
0.01851630616
0
0
0
0.01502982222
0
0.03367279073
0.00427305634
0.02139094546
0
0
0
0
0.03784689682
0
0
0.02260640965
0
0.02935030924
0
0
0.016981799
0
0
0.01078442165
0.02565681436
0.01571019029
0
0
0.02174804536
0
0.02494074233
0.03719444235
0.04833103821
0
0.01425272835
0.01187694652
0
0
0.04465512479
0.002141893363
0
0
0.0007048048162
0.005911369235
0
0
0
0
0
0.006363998613
0.003085988685
0.04053568449
0.01563613586
0.02325445645
0
0.01058847429
0
0.03875060067
0.01878822301
0.01167540231
0.01129998951
0
0.0143338655
0.006791934854
0
0
0
0
0
0
0.04268365941
0.0105092657
0
0
0
0
0.02880110956
0.01627203225
0
0.003401984726
0.01280163199
0.01308534068
0.01296241405
0.0003011296386
0
0
0
0
0.006635104527
0
0
0.01436028869
0.005782386055
0
0
0.002907129557
0
0.006006677034
0
0.0316023519
0.02495931481
0.02022304858
0
0.009055468944
0
0
0.02040571339
0
0.03736141961
0
0
0
0.007984163551
0
0.01637252167
0
0
0
0.03800414667
0.02519684622
0
0
0.04100408359
0.04322834702
0.01566859357
0.01747058801
0.01129961754
0.02093181891
0.02044330266
0
0
0.01025529512
0
0.003338964155
0
0.02052011465
0.0192937982
0.0158779236
0
0.001131336283
0
0.04195328659
0.007101860547
0.009064159386
0
0.005221268489
0
0.01583368449
0.03775257656
0
0.02984629747
0
0
0
0.007898704275
0
0.004456680287
0
0.02588092682
0.03713358365
0.04686398144
0.01491396795
0
0
0
0.02673282701
0.01004811945
0
0
0
0.02062272415
0
0.02642415747
0.009058065015
0
0.01348499327
0.03783783185
0.01706397546
0
0.01969501463
0
0.0198949599
0.007594859707
0
0.002572724414
0
0.02977618558
0.01667715882
0
0.003602858707
0.03291749713
0.007642827023
0
0.01166291987
0.03103337865
0
0
0.01361059529
0.02262265235
0.01047750601
0
0.005361828931
0.0329128024
0.02299770024
0.01934018742
0
0
0.0303999331
0
0.01694948784
0.04815497683
0.01724352998
0
0
0
0
0.01608178587
0
0
0.01566502322
0.01779286544
0.003633200353
0
0
0
0
0
0.03022461315
0
0.02563292669
0
0
0
0.001834978442
0.03596910413
0
0
0.02375253977
0
0
0.02738146029
0
0
0
0.01996707678
0.005113415866
0.0230285779
0.008383206752
0
0
0.006698054904
0
0.01026409688
0
0
0
0.03050338733
0
0
0
0
0.01404024971
0
0.02895056749
0.02362158907
0.03144382735
0.02392048311
0.0300514214
0.005692907691
1.66E-02
0
0
0.03127612624
0.03011978915
0.003628333679
0
0
0.01746950285
0
0.02003952214
0
0.02398210145
0.021319677
0
0.02029602726
0.01700794726
0
0
0.02184355117
0.02458517693
0
0
0
0
0.01893991936
0.04446987863
0
0
0
0
0.03383069118
0
0.0290575711
0.01356957702
0.02464352167
0
0.03729262235
0.02078035163
0.0003249515101
0.0346701443
0
0.03368862417
0.03281887704
0.0353979925
0
0
0
0
0
0
0.02511319682
0
0
0
0.02152973889
0.01073618436
0
0.005954051144
0
7.87E-04
0.008071434662
0.008603174231
0
0
0.00E+00
0.02211000723
0.001601196013
0
0.007403890843
0.01676795967
0
0
0.01368557962
0
0.02828735266
0.00364270046
0
0
0
0
0
0.01066585552
0.02773138386
0.04485553897
0.04154176142
0.02746384495
0
0.0100525416
0
0
0.00106682184
0.0004238724093
0
0
0.03887727839
0
0
0
0.009083344162
0.04338474082
0.002956729765
0.02058892755
0
0.02167997094
0.007533875164
0.03034706095
0
0
0.0006066266987
0.01719463426
0.02300580908
0.001946228175
0.001481960013
0.03121311483
0.00E+00
0.03123156556
0
0.02521067248
0.01578850432
0.02383734537
0
0.003532552125
0.01014006027
0
0
0
0.01918238171
0
0.001205792658
0
0
0
0
0
0
0.01421260696
0.00425173943
0
0
0.008524760486
0
0.01696330895
0.01104639898
0.01749181927
0
0.04953519128
0
0.0461032399
0
0
0.02849298471
0.007326553037
0
0
0.02238379401
0.01604085038
0
0
0
0
0.03821883498
0.03187726487
0.03189161403
0.0001903575306
0
0.007095196649
0
0
0.04233239654
0.02844398744
0
0
0.01259387495
0.02663234175
0
0
0
0
0
0.04069482059
0
0.04852689572
0.01114115119
0.0162838255
0
0.0252312262
0
0.02106154185
0
0
0
0
0.04077063945
0.02177866888
0.003176466048
0
0
0
0.0110415078
0.001194406636
0.01588553993
0.04526995086
0
0
0.02453090104
0
0
0
0.01259442642
0
0.03782692645
0
0
0
0.02172341737
0.02006257281
0
0
0.01877816684
0
0
0
0.03669005588
0.0031945217
0
0.0340574167
0
0
0
0
0.05296900776
0.02486051125
0.0004788442564
0
0.0170956973
0
0.04665997397
0
0.04010950853
0.005617261148
0
0.00E+00
0.02261428612
0.04097719195
0.03099359793
0
0
0
0.02476036526
0
0
0
0.03560182384
0
0.01788415129
0.002480391674
0.0206333267
0
0
0
0
0.005101416982
0
0
0
0.01286545356
0.003339186014
0
0
0.04125332049
0
0.03548406467
0
0.002684346632
0.01595340096
0.02133655406
0
0
0.04974365043
0
0
0
0
2.55E-02
0.0508254621
0.03238132094
0
0
0
0
0.02356290473
0.02754248333
0
0
0
0
0.01022805689
0
0.009483501594
0.01327869002
0.0007854933702
0.01361766428
0
0
0
0.06092314277
0.003160189724
0
0.01661595099
0
0.00611389078
0
0
0.03717028178
0
0.002751255138
0
0
0.02084685607
0.03716000508
0
0.02423296213
0
0
0.009010889236
0.009229192154
0
0
0
0.008421156815
0
0
0
0.02092284577
0
0.002970118326
0.01926451123
0.009469303744
0
0
0
0.003414931055
0.0232441597
0
0
0.02968379204
0
0.0272778636
0
0.008312459053
0.01026095498
0
0
0.01343351205
0.04191880986
0.04238995757
0
0
0
0
0.004110534385
0.04474983728
0.03988230658
0
0
0.03691040468
0.02068745156
0.01648514133
0.04446615783
0.01304086612
0
0
0.03524368587
0.0365011516
0
0
0
0
0
0.01234597264
0.01017635722
0.02907546641
0.03526243361
0.005197775011
0
0
0
0.004909005165
0.002362885261
0.009773505382
0.01453053647
0
0.009876930818
0.00040919584
0
0
0
0
0
0
0.03659197019
0.02736450148
0
0
0.02578097976
0
0.02232822894
0
0.001282158349
0.01075700276
0.03932342785
0.009188312216
0
0
0.01422009894
0
0.01855678197
0
0
0
0.01135242846
0
0
0.01053259019
0.02763073561
0.04184627099
0
0
0
0
0.03951311796
0.01031971135
0.03738159886
0.01195192813
0.03056152132
0
0.02240764932
0.01338245831
0.02165143457
0.03663368461
0.00837592472
0.02999896056
0.00307111573
0.02943220577
0.02592728935
0
0
0
0.006265979779
0.004070392293
0.009491796677
0
0.00E+00
0
0
0
0
0.02649590519
0
0.02275419834
0
0
0
0.004946362423
0
0.01016092226
0.01090016129
0.001194202872
0
0
0
0
0.009565140227
0
0.03158752665
0.02862502007
0
0
0.01567826875
0
0
0
0.01649280661
0.01910026332
0.04195994607
0.006654842326
0.01491642041
0
0
0
0
0.03178321828
0
0
0.03712806644
0.00853342339
0.01846303817
0
0.02102271769
0.04204661078
0
0
0.001223907696
0.03290598605
0.007300928214
0.02923081821
0
0
0.01084083493
0.02164421746
0.003529956662
0.005631673828
0.003106939906
0
0
0
0.006403782752
0
0
0
0
0.01234461356
0.04386331013
0.01576149899
0
0
0.03522390169
0.00660514797
0.009030690068
0.00365793805
0.007062195137
0.03561306327
0
0
0
0.0004224672929
0.002027452716
0
0.03333814824
0
0
0
0
0
0.03501917203
0
0.006112462903
0.0074198092
0.04421261903
0.01354072876
0
0.03007480651
0.05665501346
0.01853330719
0
0
0.0231482315
0
0.02278554833
0
0
0
0
0.02669488158
0
0
0.01215232253
0
0
0.02088842871
0.01115895379
0.05176728687
0
0.01425226857
0
0.02202730433
0.01189731054
0.03498439823
0.04717600477
0.01350036873
0.02515286591
0
0
0
0
0
0.01758753562
0
0.02694570323
0.03762227365
0.02162218284
0.02439152269
0.01218051049
0
0
0.01402234087
0.009708558755
0.01404598307
0.002375863088
0
0
0
0.008842469428
0
0
0.01653092967
0.01032469009
0
0.02329113318
0
0
0
0
0
0
0
0.03952793042
0
0
0
0.01128222145
0
0.006194716372
0.03042282676
0.02569963462
0.0203925328
0.0002907199182
0
0.01873381731
0
0.01628040377
0.01885011472
0.01595703234
0
0.008828302051
0
0
0
0.01915249463
0.02504491979
0.01648678206
0.01733930587
0
0.01741614405
0.04146801213
0
0
0
0.02464417105
0.02550680256
0
0
0.01389619185
0
0
0
0
0.02375499037
0
0.03994936854
0
0
0
0.03427071153
0
0
0.02359824
0.01667080921
0
0
0.01307939215
0.006316561718
0.01162001503
0.0003523338748
0.004874768429
0.04390111049
0.006979439071
0.01707695066
0.01995441344
0
0
0
0.001950524983
0
0.01217536385
0
0.04151139221
0
0
0
0
0.03921284416
0
0
0.01687841405
0.02426636246
0.01797377482
0.02751647811
0.03207492852
0.01930054542
0
0
0.01335776889
0.01490337881
0.0188151792
0.008107045233
0
0
0.02923288495
0.006908933282
0
0
0
0.03646451284
0.02501182074
0.02242594708
0
0.002850392711
0.04052128207
0.04117933159
0.004994754229
0
0
0
0
0
0
0.03061249798
0
0.02823374709
0
0
0.00852645935
0.02007249106
0.009366167581
0.04002410025
0
0.0350949519
0
0
0.00587005462
0
0.03664313845
0
0
0.00231649958
0.009119776191
0.009491602823
0
0
0.01750948908
0
0
0.01197157692
0.004616243209
0
0.013420871
0
0.02813679004
0
0.02189230031
0.01589957078
0.0398049507
0
0.03525623887
0
0
0
0.0304514454
0
0
0
0
0
0.01672308346
0
0.004372501969
0
0
0
0.001103065827
0.02920322522
0.005903675055
0.02710047957
0
0.008712205949
0
0.04621954032
0.02298379102
0.007424954851
0.007872247642
0
0
0.009425213699
0
0
0
0
0
0
0.03282958884
0
0.00399881173
0.00914346083
0
0
0.02700613223
0.03655108718
0
0.01130214439
0
0.02567551885
0.0386702669
0.04292289399
0.01627032729
0.0404218669
0
0.02136470403
0.033925843
0.01200168477
0
0
0.01223080446
0
0
0
0.02245632336
0.0330088963
0.0008876718395
0.008833021198
0
0
0
0
0
0.0517736267
0.00E+00
0
0
0
0
0
0.01944892849
0
0
0.0246933802
0.02554396596
0.04151096407
0
0
0.002956043262
0.02517431069
0
0.0005854725503
0.002119680098
0
0.02578518371
0
0.04006516424
0
0.03985123556
0.02193185745
0.0327514206
0
0.01410064688
0
0
0
0.02299555384
0.01186282925
0
0.003146975095
0
0
0
0
0.009960302497
0
0
0.02659918326
0.003824854928
0.03698386187
0
0.01252057953
0
0.02471494961
0
4.47E-02
0.03482675077
0.02288001251
0.001075406486
0
0.03841409402
0.009218008521
0
0
0
0
0
0
0.0282809375
0.00675387917
0
0
0
0
0.01786692223
0.02129204102
0
0.00E+00
0
0
0.009445715308
0.01339765603
0.03722230046
0.02850531281
0
0
0.03145350037
0
0.003125213197
0
0.01894560906
0
0
0
0.004404441327
0.02741517867
0
0.01900973881
0.01023224728
0.03594317089
0
0
0.01517207951
0.03891025207
0.00E+00
0
0.03015680316
0
0
0
0.01991870985
0
0
0
0.0275634589
0.006545838263
0
0
0
0.01127322466
0.02347735123
0.01329999206
0
0
0.05568000804
0
0.04238008228
0
0.01452194081
0
0
0
0.0120563857
0
0
0
0
0.003900079599
0
0.04132751858
0
0
0.01517642483
0
0.03176208438
0
0.02032801748
0
0.002903091644
0
0
0.01059209084
0.01108040624
0.02021673608
0
0.03333325171
0.0378168119
0.02720409109
0.02103240548
0.002577747688
0.006842031394
0
0
0.001383213651
0.02724403041
0
0
0
0.01721611798
0
0.01010843255
0
0
0.02367740618
0.02545847127
0.03616012151
0
0
0
0
0.03204892208
0
0.03977618656
0
0.01304820763
0
0
0
0.03465413747
0
0
0.002913616995
0
0
0
0.0112503575
0.007213812045
0.01389214405
0.02173239545
0.03664415082
3.86E-02
0.0089638207
0.04469307138
0.005254854184
0
0.02407937414
0.03234201844
0
0.02842033902
0
0.0007794627915
0
0.001467876323
0
0.02440224104
0
0
0
0
0
0
0.0001996378267
0
0
0.03492074205
0.02601043121
0.005852656364
0.00E+00
0
0
0
0
0.03267982313
0
0
0
0
0
0
0.01405593572
0
0
0.04648968352
0
0.04028996586
0
0.00475420535
0
0
0
0
0.01114672486
0.02675991705
0
0.01369334368
0.01158415971
0.001965696976
0
0
0.02920564928
0
0
0.01094399252
0.03107388782
0.05037524043
0.004559562112
0
0.01209710646
0
0
0.03432176557
0.03584539479
0
0.01422999682
0
0.0324798128
0
0.01641779931
0
0.02197076711
0.04597246825
0
0
0
0
0
0.005489053643
0.001230897857
0
0.005677886874
0.01040572324
0
0.009628966713
0.0385804279
0
0
0
0
0.02556543909
0
0
0.009428830195
0
0
0.04535579171
0
0.007148360117
0.007306127016
0
0.002298280431
0.01416945522
0.0268717393
0.02020600496
0
0
0.001323899561
0.03609618786
0.02179122116
0
0
0.02093726726
0.01224469478
0.04172088172
0.04270331329
0
0.007940264379
0
0.006369802097
0
0.02897523092
0
0.02108986126
0
0.04552497464
0.04102334875
0.01413995653
0.0003165774144
0.02965523195
0
0.007141890757
0.04122840298
0.03889219419
0
0.02209345213
0
0.001046905125
0.02531711411
0
0
0
0.02490931215
0
0.01457843481
0
0
0
0
0.003627927233
0.0292387859
0.001322785343
0
0
0.001498288707
0
0
0
0.005088419929
0.00584073374
0.01683766943
0.02365826163
0
0.0003251348378
0.0245504939
0.01781924025
0.0149820107
0
0.02738458055
0.01538849183
0.0360137719
0
0
0.003282450052
0
0
0.01128773556
0.01015258708
0
0.00433540882
0
0.02874462813
0
0.007915219873
0.02730534584
0.01393403622
0.01521699799
0
0.004658862795
0
0
0
0
0.007252467705
0
0
0.004417494789
0
0
0.0174535758
0.0004677156139
0.01830007017
0
0.01334646647
0.009881353872
0.028569018
0
0.01253458936
0.01752451703
0.02788424422
0.007332804337
0.007369652679
0
0
0.01793264971
0.03092897167
0
2.19E-04
0
0.03059587289
0
0.01479298485
0.01007844845
0.03638819345
0
0.02403805611
0.03727728865
0.02726948656
0.02007651265
0.008916279749
0.02160101793
0
0.03975648429
0.03830066643
0
0.02112046042
0
0.02481671429
0
0.02184167327
0.01087364717
0.006590938368
0.02701154248
0
0
0
0.01261080844
0
0
0
0
0
0.01022258756
0.01226405034
0.008688101403
0
0
0.01480610133
0.02243059588
0.004635484064
0
0.02725202445
0
0
0.04608935992
0
0
0
0.03351473903
0.001140284666
0.03675147859
0
0
0
0.00E+00
0
0
0
0
0.01734293118
0.003206434161
0.01390659808
0
0
0.02470295773
0.006938367958
0
0.01373831034
0
0.03749274626
0.01006625292
0.0002759905725
0.03263495147
0.04652626869
0.009314622438
0
0
0.03901574147
0.0118333218
0
0.03160657446
0
0.004838914274
0
0
0
0
0
0
0.02744233634
0
0
0
0.03024536645
0
0.004878282469
0
0.0474875105
0.003657132588
0.003388719008
0
0
0.005143564066
0
0.0280436426
0.01193437439
0.008116439906
0.0362064716
0
0
0.01138415814
0
0.007500796721
0
0.01917571587
0
0.003561320786
0.001077780198
0
0
0.02028811105
0
0.02442620963
0
0.004203587578
0
0.0141143559
0
0.006110755581
0.003542599159
0.01571186911
0.007161294989
0
0
0.01272734954
0.0392515751
0.01929392
0
0
0.006231260973
0.004316476354
0
4.25E-02
0.04596297876
0
0
0.01838324119
0.03034934374
0
0.0478257724
0
0.05068585979
0.03422457285
0
0.01492245846
0
0.03061500994
0
0
0
0.02118575923
0
0.006687226904
0.02799742886
0.02431357787
0.03405503572
0
0
0.01020426952
0
0.03102860802
0.01588901286
0.03138241106
0
0.031985234
0
0.01200258757
0.002324847921
0.01795512836
0.04045821036
0.009975814874
0.034187187
0
0.03536287627
0.03208925774
0
0
0
0.004518523736
0
0.01357981382
0
0
0
0
0
0
0.01477035876
0
0.03005417886
0
0
0
0.01320039045
0
0
0.00579890713
0
0
0.004464882988
0
0
0.002161249103
0
0.02814412999
0.03509376907
0.005226104703
0
0.01551766667
0
0
0
0.004786700148
0.0149952801
0.03649720602
0.0137936765
0.02153927713
0
0
0
0
0.03593178009
0
0
0.0356810966
0.003785844723
0.02004054664
0.006420196248
0.03494881723
0.0415045614
0
0.005474321612
0
0.02043262282
0.01059770642
0.02881326644
0
0
0.02066707071
0.004566469685
0.002371641649
0
0
0
0.01350549669
0
0
0
0.02163891059
0.007416104122
0
0
0
0
0.0008733427313
0.02898770712
0
0
0
0.02029307978
0.04527192645
0.01097523692
0.02242072261
0.02693513306
0.01384015754
0
0.03479253449
0.01603075929
0.03526536767
0
0
0
0.03118214734
0
0.006053257669
0
0
0
0.01455775818
0.00881363035
0
0
0.01408951845
0.02521674303
0.01878699786
0.01350136894
0.007263006248
0.03224838787
0
0
0
0.005515881705
0
0
0
0.0262873386
0.008811418658
0.007407248613
0
0
0
0.0208831827
0.007224327468
0
0.02354141066
0
0
0
0.02512151233
0
0
0
0.01361485742
0.01546703773
0.03769756755
0
0
0
0
0.003019887267
0.03922128419
0.0151322227
0
0
0.004654571158
0.01734981297
0.01600083509
0
0
0.00877064342
0.01771693475
0
0.0182411399
0.03599119361
0
0.02821049172
0.02934344699
0.01096116093
0
0.03823167644
0
0.03134823642
0.02427538402
0.03692432301
0
0
0
0.02006897913
0
0.01059900299
0
0.03898597187
0.004110551013
0
0
0
0.03204126932
0.0175061311
0.00132617226
0.007059474475
0
0
0
0
0
0.01642977275
0
0
0
0
0
0
0
0
0
0.04061028399
0
0.03842258435
0.006194502822
0.01206835982
0
0.02993725881
0
0.01215096322
0.02114848398
0.02722657414
0
0
0.01724683886
0
0.00778907718
0.03227661183
0.03523535841
0.01648110532
0
0.0136689383
0.01669045855
0.01432146785
0.03373706674
0.01156061747
0.02491465551
0
0.02167950886
3.70E-02
0
0
0
0.02815535819
0
0.03588851574
0.02715213798
0.02448997905
0.008488552405
0
0
0
0
0
0.02023564317
0.02565992396
0.001840425201
0
0.03210928513
0.01287862875
0
0
0
0.006310257746
0
0
0.02221612313
0.02327977117
0
0
0.02473625467
0
0.01167829099
0
0.01280724658
0
0.02664330383
0
0
4.34E-02
0.01031167208
0.01202411733
0
0
0.03808054531
0.03706382327
0
0.01225097822
0
0
0
0
0
0.03712648273
0
0.03941681107
0
0
0
0.0229004594
0
0.04031598566
0
0.0274599039
0
0
0.0003307994385
0
0.03342825458
0
0
0.002289106333
0.001497825832
0.01229985471
0
0
0.00268263016
0.002673546042
0
0.02771483066
0.0120753407
0.005108037476
0.008844323842
0
0.03735838125
0
0.01027896284
0.0241060589
0.0435193114
0
0.03026412109
0.003200479723
0
0.001427589808
0.03013563506
0
0
0
0
0
0.001835831047
0
0
0.00E+00
0
0
0.01826743637
0.02221309621
0.006414592836
0.0122168106
0
0
0
0.03625749003
0.0348821686
0.0241199825
2.02E-02
0
0
0.001292281392
0
0
0
0
0
0
0.04129784342
0
0.01035729204
0.004707821736
0
0
0.03880880623
0.03990560036
0
0.01435269493
0
0.03008657403
0.03327222701
0.01039897436
0.00846939001
0.0272704631
0
0.00336268386
0.0220718097
0.03561344665
0
0
0
0
0.01599297973
0.0246230589
0
0
0
0
0.0004307520752
0
0.010547094
0.006403495327
0.007276031059
0
0.02048138015
0.0182477182
0
0.03018766527
0
0.03565957068
0.02693601434
0.02810900055
0
0.02445573844
0
0.01721964006
0
0
0.0396225375
0
0
0
0.02278552436
0.01345731261
0
0
0
0
0.02861685894
0.02070568999
0.01774467716
0
0
0.01574601047
0
0
0.033772301
0.0190406928
0
0
0.01482035342
0.009612088168
0.008313497628
0
0
0
0
0.008639521733
0
0.03777466066
0.02836651493
0.03965910306
0.01197358471
0.02979439564
0
0.0216862579
0
0
0
0
0.009337197594
0.01267077334
0.03223356769
0
0
0
0.01082613705
0.03203538351
0.009499211177
0.03598001723
0
0.00E+00
0.01947016505
0.005486693354
0
0
0.002198429398
0
0.03437393546
0
0
0.02648704582
0
0.02359537393
0
0.03036039072
0.003710494366
0.01496072534
0
0.01062418832
1.42E-02
0.008057287868
0.000272777967
0
0.02813314222
0
0.00983928527
0
0
0
0
0
0
0.01011281193
0
0
0
9.67E-03
0
0.01712656881
0
0.01791546992
0
0.0521805756
0
0.04557486382
0
0
0.02490916124
0.0156145379
0
0
0.01788503742
0.01599811948
0
0
0
0.004544115388
0.03349226176
0.02716853839
0.02755479485
0.01226072863
0
0.005066021044
0.004132848641
0
0.03816005867
0.02749600134
0.004986819101
0
0.0157440043
0.03100145286
0
0
0
0.00394824748
0
0.0462545874
0
0.04320551252
0.00877111022
0.004872973186
0
0.01864863408
0
0.01093443163
0
0
0
0
0.04352893702
0.02504838961
0.0008386549314
0
0
0.000985843802
0.01865866844
0
0.008339665867
0.04559749815
0
0
0.03133690085
0
0
0
0.02186514472
0
0.0383223664
0
0
0
0
0
0.02573529879
0
0
0
0.001043862742
0.0175657409
0.002497539623
0.01338156254
0.004061448851
0
0.007637237924
0.008430925107
0.01267679886
0.01677744685
0.009257196546
0.03103497111
0.002131685298
0.002746788986
0
0
0
0
0.03136855315
0
0.01482685798
0
0
0
0.03247539258
0
0.002875416095
0
0.0316891766
0.03390648665
0
0.01498124002
0.02957087151
0.02185164038
0
0
0.00691056965
0.02861032371
0.007035705692
0.01848606287
0
0
0
0.02471118489
0.00168800134
0
0.01797120422
0.02457682804
0
0
0.0261538106
0.02827020147
0
0
0
0.02697023911
0.01868637421
0.03322172351
0.02619423222
0
0.02777826833
0
0
0
0
0
0.04026807261
0
0.01190543028
0.01755172226
0.009680568546
0.03513613391
0
0
0
0.04309239431
0.02677253079
0.02812190283
0.002499546637
0
0
0
0.03758201448
0.01326629263
0
0
0.0005119106645
0.01226032452
0.009484530805
0.01132820482
0
0.01175602518
0.002993525774
0
0.04907195115
0.03074298584
0.001032599326
0
0.01893428646
0.00E+00
0.02136183002
0
0.01572192504
0.01036676976
0
0.02082290676
0
0
0
0
0.04146017386
0.02741372652
0.02723508038
0
0.04734758453
0
0.0195598173
0.002369583135
0.02914531708
0.018373189
0
0.01441836592
0.02151157173
0.02954219376
0.01069042566
0
0.009941433005
0
0
0
0.00947048928
0
0.002789717398
0
0
0
0.03253037917
0
0
0
0.01744637828
0
0
0
0
0
0
0
0
0.01537544963
0
0.01405105195
0
0
0.04511024541
0.004092458193
0.01627176042
0
0.02073965822
0
0
0
0
0.04288253474
0.05225133364
0.04242843822
0
0.02097724442
0
0
0
0.02506869005
0
0
0.02016943989
0
0.02902491288
0
0.009542162199
0.0303295374
0
0
0
0.0138432658
0
0.05073791993
0
0
0
0
0
0
0.01780321666
0.0369254782
0.00E+00
0.006165365103
0
0.005926185723
0.009697007106
0
0
0.03205915723
0.02404686447
0
0
0
0.03791358023
0.02362102993
0
0.0149676322
0
0
0
0
0
0.02521522078
0
0
0
0
0
0
0
0
0
0.02383943574
0
0.03918059014
0.01998515918
0.00565303103
0
0.03564381285
0.02589396653
0.02432222932
0.02015574789
0.01979917549
0.001262992789
0
0.03569587385
0
0.00370135704
0.03291114855
0.02189684125
0.01039183825
0
0.007305148849
0.008627828029
0
0.01209375615
0.02175281957
0.01515336294
0.0191069134
0.005362599068
0.0316245336
0
0
0
0.02974503681
0.008345756569
0.03131025029
0.03321198482
0.01019556222
0
0
0
0
0
0
0.03870385949
0.04549619574
0.02139713654
0
0.03232677383
0
0
0
0
0
0
0
0.02958603422
0.01214148786
0
0
0
0
0.02687961149
0.004660014445
0.008149246116
0
0.009953367084
0
0
0
0
0
0.02957808565
0.008017300868
0
0
0.008096729087
0.02390468624
0
0.01163452179
0.04061168348
0.01078499
0
0
0.01413184695
0.003576727307
0
0
0.01701616916
0.02441049325
0
0
0
0.01501206208
0
0.02188713168
0.03306774364
0.02014024127
0
0
0.0139772435
0.0001348048266
0
0
0.009197106463
0.03623754198
0.008267047169
0.002716333367
0
0.003366779084
0
0.008738346083
0
0.03034994836
0
0.03931700464
0
0
0
0.02776221965
0.009019442572
0.008087843163
0.02729633388
0.03907478467
0.001079986862
0
0.03160743773
0
0.02424295171
0.0066539956
0
0.02362435037
0
0.02386998783
0.00E+00
0
0.0146859468
0
0.02510377301
0
0
0
0.03494750377
0
0
0
0
0.01165876338
0
1.85E-02
0.02104984383
0.02580822053
0.0006529824283
0.02951310834
0.01684557258
0.01462583544
0
0
0.02010755109
0.02033576377
0.03027225268
0
0
0
0.01440775911
0.0218907619
0.005725343471
0.01737418532
0
0
0
0.007568761432
0.02808213616
0.02112097399
0
0
0.002570589033
0
0.04587892523
0.04367812267
0
0
0.04075165318
0
0.03223033536
0
0
0.01317475138
0.00E+00
0
0
0
0
0
5.66E-05
0.01018270596
0
0.007053508989
0
0.03096681127
0.03461031485
0.02154036848
0.01314579319
0.02013892713
0.02206963154
0
0
0.02381232261
0.02458456399
0
0
0
0.000390058096
0
0
0.0238811819
0.01139952072
0
0
0.03880777171
0
0
0.01038003709
0
0
0.03137561824
0.009728047456
0.01184878449
0.0006127836772
0.01900894089
0
0.03443519587
0.004318645146
0.02222793552
0.02127587749
0.0389398912
0
0
0
0
0
0.01482480485
0.01928962494
0
0
0
0
0.01762666983
0.03276764325
0.005932279176
0
0
0
0.0261137131
0.0421416169
0
0
0.02822605475
0
0
0.0204284702
0.0115937365
0
0
0.04575769373
0
0.01344957384
0
0
0.01122387525
0
0
0
0
0
0
0
0.03586832243
0
0
0
0
0.002865929656
0.02994695834
0
0.04425677269
0
0.008550833456
0
0.02038873528
0
0.00768576294
0
0.0002104936533
0.01562064745
0
0.00592066893
0
0
0
3.37E-05
0
0
0
0.02264205895
0.03364583094
0
0.01760616091
0.0202518764
0.04674245685
0.002018295131
0.01259873202
0.001410046059
0.02475521106
0.03125998207
0
0
0.00378391822
0.007818141006
0.004308400524
0.01129135502
0.0100566059
0.01544584949
0.03250986416
0
0
0.02587422356
0.02187007575
0.005936342503
0.004660268804
0
0
0.00319005978
0.03109014793
0.009514487161
0
0.04651757777
0
0
0
0
0
0.01328792042
0
0.03648417552
0.04054994608
0.03071831884
0.001733229675
0
0
0
0.03594392415
0.007148891137
0.007391230549
0
0
0.0168097004
0
0.03878969663
0.0100930276
0
0
0.03307777919
0.03170335265
0
0.02216291762
0
0.0310257698
0.01370950071
0.01025422667
0
0.007438925771
0.02209528291
0.05287034419
0
0.003937855453
0.02504656175
0.01514240572
0
0.0272015701
0.01102477621
0
0.03345714052
0.01624370259
0.04065721106
0
0
0
0
0
0
0.01772540388
0
0
0
0.01326421546
0.02265148303
0.02076098811
0
0
0
0.04318278042
0.02893444513
0.02480603987
0
0
0.03238141791
0.03329973742
0
0
0
0
0
0
0.0003460904047
0.02071391453
0.02924413974
0
0.02081986758
0.01359802714
0.01894255098
0
0
0
0.0254070365
0
0.03249162029
0
0
0.002475076713
0
0
0.01058292431
0.01710575874
0
0.04041945362
0.0003922808981
0.03082361488
0
0
0
0.00319529171
0.008935171293
0.00787721863
0
0
0
0
0.03723040755
0.05078379791
0.007379451365
0
0
0.03430960266
0.02400400254
0.0006388033126
0
0.01752990019
0
0
0.02326549824
0
0
0
0.01099894768
0
0.008113036409
0
0
0
0
0
0
0
0
0.005037751334
0
0.02887201566
0
0
0.02397165431
0.02213805305
0
0
0
0.02023062695
0.009628759908
0
0.001552941881
3.21E-02
0
0
0.01807101229
0.006191907132
0.005035170145
4.33E-05
0.001537571318
0
0
0
0.01261033019
0
0
0
0.03063364744
0.04304129586
0
0
0.009941425685
0.03080815556
0.02297554574
0.03602163
0
0.0325831842
0
0.01516216755
0
0.01261960278
0.00112266581
0.02108011268
0
0.03742729672
0.04169811222
0.04186048101
0.0009200366101
0
0.0121930974
0.0003141834566
0.03864513441
0.02558750442
0
0.01633486325
0
0.0199881822
0.008717834827
0
0.02561705237
0
0.03076049568
0
0
0
0.01447397734
0
0
1.32E-02
0.02556260684
0.00335344518
0
0
0.001272357233
0.02199183392
0
0
0
0
0.01091013777
0
0.01803339725
0.0192432438
0.02193487473
0
0.01879491434
0
0.01067002101
0.03450174107
0.01565520152
0.02731139316
0
0
0
0.01632338014
0.01185469373
0.01536595885
0
0
0
0.000797988841
0.05352525113
0.03308543277
0
0
0.0448640887
0
0.02073017181
0
0
0.006521658483
0
0
0
0
0.006474991686
0
0
0
0
0
0
0.03192961653
0.02855837567
0.02785217019
0.005665828707
0.03434407637
0.02648480324
0
0
0.0249309513
0.03133765559
0
0.005596611273
0.003713502505
0.0005110885272
0
0
0.01052411244
0.01555304594
0.009049120496
0
0.03547103737
0
0
0.01219394752
0
0
0.04485843564
0.002529795548
0.01708493458
0.00448097678
0.03054593241
0
0.02649307462
0
0.02111602515
0.02524302165
0.04530569356
0.00E+00
0.006106491823
0
0
0
0.01978303984
0.004634514667
0
0
0.006848487861
0
0.005865654264
0.04083531106
0
0
0
0
0.01334299761
0.03364920824
0
0
0.03700675371
0
0
0.01868534704
0.01458867717
0
0
0.04589876499
0
0.02183730199
0
0
0
0
0
0.001315935676
0
0
0
0
0
0.0329910422
0.008285459978
0
0.03538601227
0.002106991684
0
0
0
0.03081620554
0.003350891423
0
0
0
0
0.04140784815
0
0.01920747655
0.01008872024
0
0.002319085427
0.0004822401824
0.0394151584
0.03850830528
0
0
0.002222086891
0.04282786176
0.01388722635
0
0
0.03546264187
0
0.02800369781
0.0270377059
0
0
0
0.01253116857
0
0.01504564455
0
0.03083869857
0
0.02964718288
0.03531760165
0
0
0.04016697331
0
0.02115606004
0.02856952964
0.0336470305
0
0.0367942004
0
0.004442673762
0.0411055476
0.003649616784
0
0
0.003868268767
0
0.02150185713
0.006299191608
0.004535647917
0
0
0
0.01951072804
0.01892119994
0
0
0
0
0
0
0.02184913563
0.00600061726
0
0.02663224441
0
0
0.02039120183
0.03264980421
0
0
0.04089032424
0
0.02891525718
0
0
0
0
0
0.04177561326
0.02137435022
0
0
0.0324372758
0.0006165411628
0
0.02986130845
0.03769257824
0.007743162995
0
0
0.03088497102
0
0
0.002405936954
0.0281525098
0.008798035754
0.01741563949
0
0
0.01576900871
0
0.03457237892
0.03985050106
0.03337866419
0
0.005433788225
0.01552083801
0.0005811082802
0.01200783907
0
0
0.01431846531
0.02394759564
0.0009783773198
0
0
0
0
0
0.02012105831
0
0.04181376879
0
0
0
0.02002355672
0.01607200461
0
0.006211876139
0.01726157368
0
0
0.02317098675
0
0.003764541381
0
0.01349436958
0.02465209051
0.01441366296
0.009227306821
0
0
0
0
0.01137945482
0
0
0
0.03586911615
0
0
0
0
0.02070860291
0
0.03124118722
0.0325868393
0.01817495101
0.0148115926
0.03491756189
0.03061643863
0.02865721671
0
0
0.01215374337
0.01883176074
0.02184760799
0
0
0
0.0128280873
0.007025982906
0
0.002606572308
0
0.01283872748
0
0
0
0
0.0140440686
0
0
0.01926804694
0.01136517883
0
0
0
0.0006679277075
0.008769077003
0
0.031730425
0.01810697577
0.01245720096
0
0.004303344509
0
0.0001918162358
0.02364126032
0
0.02974090107
0
0
0
0.01292032241
0
0.01003557575
0
0
0
0.03865884516
0.021801536
0
3.17E-03
0.04267293402
0.04537459898
0.02494727246
0.02460697007
0.009142836229
0.00970569616
0.02650506338
0
0
0.02301428349
0
0.002815223205
0
0.02461615167
0.0199493752
0.01242365185
0
0.01048224478
0
0.04161974426
0.01000884669
0.01874518545
0.00E+00
0
0
0.01753754647
0.03601976928
0
0.0329083977
0
0
0
0.0003959602489
0
0
0
0.03205456404
0.04468735706
0.05080532345
0.003340855341
0
0
0
0.0163548066
0
0
0
0
0.03099864038
0.00E+00
0.01732152727
0
0
0.01090810332
0.04407343731
0.01469369077
0
0.01265523421
0
0.01424150739
0.0006590805942
0
0.008777510908
0.004650133134
0.02908350768
0.002418666225
0
0
0.01057239573
0
0.04807384946
0.04146796563
0
0
0.0272238285
0
0.02783924098
0
0.01722567889
0.04578828435
0
0
0.01053147807
0
0
0
0.0351295353
0
0
0
0
0.02185618737
0.04480552831
0
0.02206220567
0
0.02694329593
0
0.00E+00
0.01648218372
0.04219814166
0
0
0
0.03016964591
0
0
0.01133899559
0
0
0
0.02469929268
0
0
0
0
0
0.02132220608
0
0.04021536238
0
0
1.78E-05
0.03482180316
0.0268828227
0.01445761548
0.04360304799
0.01299385678
0
0
0
0
0.01516131127
0.0145873812
0.02577156775
0
0
0.001284557431
0
0.04192255713
0.01188509571
0
0
0.00683615445
0.0260847626
0.02166528436
0.02895112113
0
0
0
0
0
0
0.03284291323
0
0
0.02935522358
0
0
0
0
0
0.01363723592
0.03421844838
0.01934269941
0.04098660676
0
0
0.02849240025
0
0.02458678606
0.03736260742
0
0
0.02595837092
0
0.03570019428
0
0
0
0
0
0.01281310535
0.009117015436
0
0
0
0.02413436157
0.0004062184918
2.87E-02
0
0.02738041494
0
0.03519958471
0.0302867685
0.02725578959
0
0
0.03408323994
0.0133949327
0
0
0
0
0.004371472902
0
0
0.01254915446
0.04506413998
0
0
0.005682373784
0
0
0
0.00E+00
0.009755750059
0.01989231716
0
0
0
0
0.001479413265
0.004368743357
0.01195159969
0
0
0.03986293875
0
0.03300209946
0
0.01636687748
0
0.03798834986
0
0.01864185544
0
0.00E+00
0
0
0.04059927818
0.0347653008
0.01404407392
0
0
0.01581212922
0.0368043781
0.01624437167
0
0.03224490617
0
0
0.01218142639
0.003422427021
0
0
0.01890477827
0
0.01092019126
0
0
0
0
0
0.02971414334
0.008907694972
0
0
0.002697356404
0.02938918911
0
0.01355958449
0.0367416561
0.008031349241
0.005279720332
0
0.01559026463
0.003474902453
0
0
0.008270176149
0.01957470969
0
0
0
0.006511157884
0
0.0173373016
0.02810662299
0.01519077727
0
0
0.01770592776
0.003453767109
0
0
0.01609805073
0.03971041573
0.002060301122
0.009072219452
0
0.006104916974
0
0.01205096042
0.00E+00
0.02664650725
0
0.03980433832
0
0
0
0.03412568298
0.00376832316
0.009373824664
0.03173462134
0.04017121364
0
0
0.03548738084
0
0.02669883146
0.01327945856
0
0.02661525256
0
0.03133313968
0
0
0.01998403544
0
0.02171510679
0
0
0
0.03659813534
0
0
0
0
0.0114192532
0
0.01612712289
0.01384610233
0.0253006278
0
0.03220637155
0.01817985202
0.007816879818
0
0
0.01874453688
0.01317333245
0.03281832485
0
0
0
0.02022495926
0.01720722848
0.008112773923
0.01285361659
0
0
0.04764791157
0.02480001085
0
0
0.04277324546
0.01383988678
0.002284654598
0
0
0
0
0.01557738086
0
0
0
0.007958805983
0.04305575133
0.01779456747
0.02638662025
0.008158927746
0.03728513794
0.004997575316
0.02728315836
0.01969828961
0.03122003179
0
0
0
0.04614135377
0.003170474906
0
0
0
0
0
0
0
0
0.0008835368001
0.002915334428
0.006835400322
0
0.03325611908
0.007945792386
0.001747562834
0
0.005226594133
0.001192321946
0.00E+00
0
0.003506281603
0.001417658629
0
0
0
0.003104193101
0
0.0182059914
0
0
0.04389473999
0
0.006631577282
0
0.01528969529
0
0
0
0
0.04429294644
0.04787836667
0.02719506716
0
0.03098820654
0
0
0.0247557822
0.006838037295
0
0
0.007028839036
0
0.0246920762
0
0
0.01370319916
0.01766631454
0
0.002339914129
0.02664058157
0
0.04139454187
0.02164179651
0.01776686929
0
0.01746648638
0
0.01628091975
0.03930347143
0.002065584886
0
0
0.01832252271
0.01346327824
0
0
0
0.04311541826
0.00E+00
0.006686284091
0.00481670027
0
0.02556314
0.03014618253
0.01942356069
0.02631129178
0
0.007416009488
0
0.006628813436
0.00E+00
0.004828377062
0
0
0.0005336399189
0
0.02038375203
0
0
0
0.009880052333
0.0004178561064
0.007615514894
0
0.02040219299
0.03713358278
0
0.03711067914
0.01360978027
0.02731947805
0
0.002582691433
0
0.01592280551
0.02238706459
0.01612193072
0
0
0.00426765683
0.02606790614
0.0140769915
0
0.01805661668
0.03474067075
0
0
0.04786964632
0.008950187617
0.00616406351
0.007949737078
0
0.009543210948
0.01198797273
0.04808039965
0
0.005842957261
0.04534590455
0
0
0
0
0
0.03275184084
0
0.02747207086
0.02997789751
0.001838592623
0.00645279729
0
0.009112038461
0
0.03446322092
0.004572952822
0.03661061944
0
0
0
0
0.03305930762
0
0.007946464801
0
0.005136491168
0.01855101793
0.005765789324
0.004242429101
0
0.01289436352
0
0
0
0.002947464507
0.004773899763
0
0
0.02132793707
0
0
0
0.004706748567
0.03414377724
0.03781329709
0
0
0
0
0.00508158086
0
0.01213783059
0.01074373636
0
0
0.02295038334
0.01054386676
0
0.04154163464
0
0.04273005571
0.006665499745
0.03605555811
0.003382279824
0.02047433918
0
0.004612812841
0
0.001846628364
0.03127714062
0
0
0
2.20E-02
0.02324303104
0
0
0
0.02501287044
0.006963760763
0.01249603046
0.002670090084
0.01399925625
0
0.02549419042
0.02177363858
0.005369625106
0.02242877227
0.01712124073
0
0
0.03346229816
0.0224173817
0
0.01636337235
0
0
0
0.007175619486
0
0.0184788871
0.03677358807
0.01989023939
0.01039957318
0.01168465242
0
0
0
0
0
0
0
0.009931054433
0.03773197198
0
0
0
0.02759305695
0.03750664805
0
0.03672758966
0
0.004103741697
0.03942964504
0.002493346205
0
0
0.02446134822
0.007107494888
0.04190303481
0.00E+00
0
0.00104050029
0.0208610435
0.001715795484
0.01320894652
0.03089382278
0
0.02324910113
0.04172427456
0
0
0.003804913191
0.01868807767
0
0
0.02357022462
0.02204097809
0.007204335671
0
0
0.03108542823
0.01703333704
0.02681928251
0.0204235611
0
0.04017619545
0
0.01377192546
0.04485214739
0.02032020183
0
0
0
0.004989579682
0.02957841964
0
0
0
0.03796167103
0.004266643079
0
0
0
0
0.003238390969
0.008634853347
0.003156997999
0.00557443652
0.01760084973
0
0.0186995325
0
0.04889324297
0
0
0.002429993167
0.01677174452
0
0.01585686419
0
0
0
0.02713482436
0
0.02620830395
0
0
0
0
0.01722766323
0.006418694701
0.01130463925
0
0
0.004320339915
0.02419889687
0
0
0
0
0
0.04295772033
0.0250390832
0.008566458614
0.01651973179
0.01704639306
0
0.0167621003
0
0
0.01502915398
0.01995225545
0
0
0
0.02447310565
0
0.007511786172
0
0.01797213059
0.03121940675
0.01203919096
0
0
0
0
0.007012785873
0.02468059853
0
0.02496435173
0
0
0.01744009615
0.007666817077
0
0.01292508563
0
0.03934895339
0.003747305658
0
0.01306437436
0.04512851503
0
0
0.006958682496
0.0296655622
0.001097107408
0
0.01280144554
0
0.01439004906
0
0
0
0
0
0.005409960952
0.02946091334
0
0
0
0.03819958084
0.01657015789
0.02474860578
0
0.03562767388
0.008811963926
0
0
0.01209939341
0.01895619001
0
0.01403835363
0.02787627472
0.01826526315
0.03760198224
0.01151732857
0
0.008627872141
0
0.02119718257
0.004235989119
0
0
0.00E+00
0.005130587705
0
0
0.02728052275
0
0.0305710704
0
0
0
0
0
0.0128490142
0.01608320221
0.02766347643
0
0
0
0.001326059419
0.02485950734
0
0
0
0
0.02338912252
0
0.02898668897
0.03087365398
0.0003397964927
0
0.0316623913
0.02295581
0
0.04372423015
0
0.04602199271
0.02010726615
0.007098693906
0.007114559791
0.007229951577
0
0
0.01822457752
0
0
0
0.03602764194
0
0
0
0.01470427138
0.013836287
0
0.02019738337
0.02119828498
0.03832982644
0
0
0
0.01586042535
0.0144895534
0
0.04385590875
0
0
0
0.009429907929
0
0.01526952412
0
0.002718006526
0.006039243104
0.0324832811
0
0
0.01447606283
0.05553026951
0.03106756798
0.006378256012
0
0.0413749395
0.00E+00
0.03765214722
0
0
0.009963263761
0
0
0
0
0
0
0
0.02061568586
0
0.06133738872
0
0.0007763198916
0
0
0.01230430791
0.01107320264
0.04909245138
0
0.02088155872
0
0
0
0.008638628981
0.002085224164
0
0
0.03940862978
0.04538850807
0.04273557471
0.01449909501
0.001841567862
0
0
0.009935753614
0.01586148531
0
0
0
0.0209286888
0
0.01175762762
0
0.00E+00
0.02969563414
0.03521016244
0.01942430531
0
0
0
0
0.005958364057
0.01867021392
0.02693819495
0.03448037499
0
0
0.0516180261
0.03503066017
0
0
0
0
0
0.02274401199
0
0
0
0
0.02552268421
0
8.89E-03
0.01022357878
0.01289346362
0.004815809311
0.03884975125
0.01760969223
0
0.001351059029
0
0.004145646916
0.05527713412
0.01518577187
0
0
0
0.009699190932
0
0
0.01233927989
0
0
0
0.03373848149
0.0140242215
0.004971584505
0
0
0
0.01893376581
0.03103445256
0.01386662928
0
0
0.02208164072
0
0
0.01901099277
0.02219830199
0
0
0.0008848478052
0
0.0198623921
0
0
0
0
0
0
0.02395648071
0.01570905986
0.04968544421
0.03143174801
0.03300223999
0
0.03430605374
0
0
0.02213256505
0
0
0
0.01089712436
0
0
0
0
0.01498433056
0.03460993075
0.0157110053
0
0.00779961575
0
0.02797184745
0.0234001425
0
0
0.01112368567
0.01564798002
0.006504322243
0.01423522701
0
0
0.002652263472
0.03252588949
0.04577502492
0
0
0.01797130014
0.01330712348
0.02226299975
0.04177592421
0.003902472418
0
0.045016792
0.004667293794
0.04574674089
0
0
0
0
0
0
0.004527924965
0
0
0
0.0117038649
0.01002408395
0.01430553163
0
0.009911304007
0.01220234695
0.03685849729
0.02665688321
0.02329208263
0
0
0.0137542962
0.03788117342
0
0
0
0
0
0
0
0.0286535535
0.01975367089
0
0
0.03254696613
0
0
0.001251336003
0
0.004517239832
0.007060082973
0.03210475452
0
0
0.01114955204
0
0.01813235131
0.01182839777
0.02876750793
0
0.0452593114
0.001411776963
0.0141288944
0
0
0
0.00351122718
0.02165325159
0
0
0
0
0.0004281799568
0.03910352894
0.0362276035
0
0
0
0.04103638045
0.0371253665
0.00E+00
0
0.02135545254
0
0
0.02586655397
0
0
0
0.03152705615
0
0.008878189832
0
0
0.001285452429
0.02642690766
0.0128613318
0.0087566024
0.02923410867
0.002673182057
0.03039122153
0.04131903411
0
0
0.003348239851
0.02044787733
0
0
0.01189388221
0.01714343253
0
0
0
0.03381347807
0.01483785923
0.03138129387
0.01678651853
0
0.04193941332
0
0.02324647868
0.03817390563
0.03060364109
0.003422204197
0
0
0.01003397451
0.02510599069
0
0
0
0.04780008618
0
0
0
0
0
0.0001255888772
0.001951545166
0
0.004240484447
0.02707031932
0
0.01922018657
0
0.0420033799
0
0
0
0.02274913762
0
0.002820366152
0
0
0
0.03141860744
0
0.01851301441
0
0
0
0
0.02698756406
0.01161959817
0.02560313556
0
0.01156351159
0
0.03083428877
0
0
0
0
0.0003316343273
0.04285817574
0.03410337373
0
0.01002585792
0.007126480931
0.001565813606
0.02735359376
0
0
0.001040664809
0.01834497148
0
0
0
0.0139538219
0
0.004930147322
0
0.01161511863
0.02710350122
0.03733787399
0
0.02056981419
0
0.01781566335
0.01088127723
0
0
0.02255488661
0.02984759464
0
0
0
0.04174372395
0.01284687022
0.002029116071
0
0
0
0
0
0
0.02396713029
0.0007082659242
0
0
0
0
0
0
0.001034818185
0
0.04026524888
0.0008419164246
0.05100277136
0.009373385814
0
0
0.03264743814
0.01407432733
0.003818324047
0.02167244678
0.01813395569
0
0
0.02307006907
0
0.02162451495
0.03542078973
0.02472355269
0.01168356015
0
0.004477108476
0.004446402655
0
0.02272430377
0.03293700103
0.008787422748
0.004441964659
0.006721472282
0.03520528553
0
0
0
0.02040120046
0
0.04536600938
0.01609154661
0.02754143337
0
0
0
0.009328750802
0
0.007582944788
0.02412812532
0.02957041397
0.005554162596
0
0.04592091176
0.001016214187
0
0
0
0
0
0
0.02417282226
0.03120432363
0
0
0.01067500836
0
0.01196718127
0
0.01677295044
0
0.02327570399
0
0
0.02251635183
0.001736159522
0.02882320286
0
0.00E+00
0.04090134019
0.002623143408
0
0
0.03000700483
0
0
0.01316464238
0
0
0
0
0.02238055173
0
0
0
0
0.002834806278
0.04532424171
0
0.01043333775
0
0
0
0.03849858616
0.01987433665
0
0.0016701129
0
0.02787792713
0.01860408754
0
0
0
0.02791057545
0.01068751058
0.043244305
0.02656863972
0.008166847691
0
0.007405502788
0
0.008144719041
0.04293672772
0.002601399364
0
0
0.02734110976
0.00510380703
0
0.003506008684
0.04723130843
0
0.02503340103
0.008555986692
0.02626870331
0
0
0
0
0.02870172375
0.00553864316
0
0.01007672458
0
0.01953874283
0.01682744902
0.0256310483
0
0.01206223622
0.008111225505
0.0194806788
0.03831815175
0
0.01087059271
0
0
0
0
0
0
0
0.03878800464
0.02544415616
0
0
0
0.03338737714
0.03184340304
0
0.005150623448
0
0.02225283378
0
0
0.006896662072
0.01036602165
0.04182451867
0
0
0.03065895553
0
0
0
0.04036207848
0
0
0.02236886422
0.002474557267
0
0
0
0.02185523089
0
0
0
0
0
0.04243381681
0
0.001239402847
0.005236969604
0
4.60E-03
0.02905159778
0.04452657877
0.006099109566
0.01418342802
0
0.03150138696
0.008040267
0
0
0
0.01646387389
0
0.03292675552
0.01426595531
0.004860774758
0
0
0
0.02652746651
0.03068165917
0
0
0
0.01568066967
0
0
0.0034232372
0.05713669288
0
0.01057262467
0.005338751387
0.02254817933
0
0.002918190509
0
0
0.0232645174
0.01922043814
0
0.02141808179
0
0.0324475932
0.0253481628
0.04611790104
0
0.01442668804
0
0
0.01086779896
0
0.02259788879
0
0.00E+00
0
0
0
0.01206392265
0.006605470233
0.01639879881
0.04394701962
0
0
0.002270296301
0.04179597613
0.001421433568
0
0.02118610911
0
0.0315418903
0
0
0
0.005061191777
0
0.00669747182
0
0
0.02342261291
0.006730336716
0
0
0
0.04063598122
0.04022578674
0
0
0
0
0.02448269263
0
0.04147896837
0.03489544329
0.02127645505
0
0.01870674938
0.03529782594
9.10E-05
0.03682925928
0.01862676593
0.03477714947
0.01246520635
0.01526802365
0.002894684867
0
0
0
0
0.01032319074
0.02298487446
0
0
0
0.007822113913
0.01098694175
0
0.03283445026
0
0.02007340058
0
0
0
0
0.001158434794
0.02174852443
0.01412539304
0.0172583636
0.004263931438
0
0
0
0.02163333974
0
0.02705839447
0.01152363877
0
0
0
0
0
0
0.03881171689
0.02125759473
0.0275234098
0
5.20E-03
0
0
0
0
0.009025076856
0
0
0.04423170879
0.006725020292
0.003489222388
0
0.007668453041
0.04280460821
0
0
0.003699297305
0.04045708347
0.01601493251
0.006259283206
0
0
0
0.03696275961
0.01245477457
0.02439968559
0.009355864843
2.66E-03
0.009723326176
0.03024355776
0.01923617631
0.04857415649
0
0
0.03055416255
0
0.01827648756
0.0350481294
0
0
0.03120246347
0.002503357021
0.04011368171
0
0
0
0
0
0.008011641828
0.01805984302
0
0
0
0.01743766194
0.007495869274
0.02369644957
0
0.01512936887
0
0.03903076932
0.03580932493
0.02933799643
0
0
0.03425539446
0.02337354191
0
0
0
0
0.003951009952
0
0
0.01122457184
0.04492677259
0
0.0066278412
0.004442963467
0.008060136868
0
0
0
0.01486793494
0.01079962819
0.008845216833
0
0
0
0
0
0.01623142357
0
0
0.04248910526
0
0.03516725587
0
0.008976781012
0
0.03019170149
0
0.0205113858
0
0
0
0
0.0435259351
0.04219412558
0.008991846462
0
0
0.02229086021
0.03103837215
0.008398973439
0
0.02630400793
0
0
0.01102700463
0
0
0
0.01301431759
0
0.006123766362
0
0
0
0
0
0.02872059509
0
0.00E+00
0
0
0
0.0305023805
0.02951656904
0.00624310073
0.02147923951
0.01219831935
0
0.01058087226
0
0.02310931155
0.02313711723
0
0
0
0
0.01465100393
0
0.0272925516
0.0124662708
0
0.002895305703
0
0.02806150307
0.05078825148
0
0
0
0.04239008666
0.02251244572
0
0
0.03684903974
0
0
0.004870185454
0
0.00841775774
0
0.02951172832
0
0
0
0.04104835141
0
0.006635479948
0.03001036568
0.005759543316
0
0.01865750842
0.003147731957
0.02513897697
0.01466855116
0.01637500842
0
0.04838042512
0
0.02103101428
0.04052407947
0.002388414043
0
0
0
0
0.01438593059
0
0.03257517849
0
0
0
0.002495154558
0.03880155827
0
0
0
0.01282463495
0.008377027058
0.01743255518
0.03201291012
0.005176881139
0
0.007117044758
0.0002948293499
0
0.01691984497
0.02297645176
0
0
0.04184173113
0
0.006809181976
0
0
0
0.02898707058
0.02731800397
0.01852705434
0.03701695649
0
0
0.03643959793
0
0.02764396878
0.03384493085
0
0
0.0334035106
0.02377647244
0.04261178837
0
0
0.03417323889
0
0
0.02044480258
0.03361492402
0
0
0.00577477323
0
0.00667885776
0
0
0
0.0002994093265
0.007031398191
0.0552549107
0.0137110353
0
0
0.002763380051
0.03498267213
0.005833036095
0
0
0
0.04347607009
0
0.0229007465
0
0.03316854022
0
0
0
0.01982037166
0
0
0
0
0
9.29E-03
0.01600990423
0
0
0.009731710939
0
0.04798334002
0.003395734078
0.000656286155
0.02499587682
0
0.008153658678
0
0
0
0.02491143234
0.006121369433
0.02377901657
0.0166812551
0.0009759092745
0
0.01099603322
0.03268077155
0.02245220825
0
0
0.0267866821
0.02545843806
1.07E-02
0
0
0
0
0
0
0.005107143728
0
0.0145523359
0
0
0
0
0.009037990311
0.04165293145
0.00E+00
0.02857908208
0
0
0.04131306176
0.02932541908
0
0.003602746051
0.006979413662
0
0
0.004376344965
0
0
0
0.00120383976
0
0
0
0
0
0.01496113562
0.02977698955
0
0
0
0
0
0.03868756273
0.007779722941
0
0.02554901287
0
0.03913653395
0
0
0.001781863666
0
0
0.007767588926
0.0449416235
0.03268338722
0
0
0.009038335352
0
0.02003508262
0.05086732096
0.03286727079
0
0
0.0286167045
0.002804443656
0
0.03554982315
0.03321860885
0
0
0.01670791865
0.0301636107
0
0
0
0
0
0.01616200051
0
0.03453587217
0.01363678461
0.02103540028
0
0.01905358252
0
0.02282181856
0.00877377706
0.01435269307
0.02294057373
0
0.02045624356
0
0
0
0
0
0
0
4.50E-02
3.22E-02
0
0
0.004486258757
0.002538579404
0.02889934653
0
0
0
0.03314215948
0
0
0
0
0
0.01694643009
0
0
0
0
0
0
0.001501994165
0.02902289151
0.03414292114
0
0
0
0.0009952729623
0.0304282034
0.007600420879
0.02437416847
0.02274889192
0.007095068285
0
0.01838597905
0.008304355771
0.0229904701
0.0198772392
0.01006640107
0.01215202854
0
0.01132879904
0.02931765089
0
0
0
0.02510732867
0.03036528293
0
0
0.01008204347
0.008730764042
0.003702292064
0.01298781562
0
0.03817151509
0
0.02551979707
0
0
0
0.01855793267
0
0.02151943914
0.02975214349
0.02593222468
0
0
0
0.005189258815
0.02313826998
0.003351210563
0.01076965875
0.03138287034
0
0.00334328635
0.01949579997
0
0
0
0.0208526548
0
0.02271262187
0
0.0258131966
0
0
0
0.01109008539
0.02954750712
0
0
0.01999280373
0.02602603833
0.01254593764
0.002487623123
0.01009588951
0.02155071036
0
0
0.01845890398
0.03230794684
0.01340327162
0.01145109145
0
0
0.01353572283
0.03174523626
0.003065912373
0.01893872598
0
0.02122722273
0
0
0
0
0.01947822458
0.04774510812
0
0.009237927941
0
0
0.02708816073
0.02058196427
0
0
0
0.009827378114
0
0
0.01425083515
0.03877738495
0
0
0.01617373981
0.03612256219
0
0.01457688388
0.005214088521
0.02000252373
0.02782010159
0
0
0.01263878381
0
0.002423252918
0
0.005850401056
0.02595098477
0
0
0.006747638612
0.02964551075
0.03043820592
0
0.01178864002
0
0
2.85E-05
0.02667904408
0.03341303961
0
0.005531739868
0.03233416582
0.01211493078
0.01988979944
0.04015733232
0
0
0
0.02937679455
0.01391475023
0.000274797808
0
0
0
0
0
0
0.02309219548
0.04624787966
0.01968370246
0
0
0
0.00919676651
0
0
0.006288435477
0
0
0.007019730298
0.02478141654
0
0
0
0
0.01815072974
0.02506822337
0.0125924184
0
0.01807489687
0.01985161518
0
0.01405298684
0
0
0.03009405896
0.02793441765
0.02664053813
0.003907619379
0.01397145111
0
0
0.006186407667
0.01259193406
0
0
0
0.04238259735
0.01565392624
0.007427368161
0
0
0.03897149387
0.01460155999
0.01185586936
0.008263757337
0
0
0
0
0
0.001739637738
0
0
0
0
0
0
0
0
0.01238094924
2.17E-02
0
0.02037131739
0.03032212187
0.02967846658
0
0.03725758864
0.0224434325
0.01902259741
0.007646233979
0.02039810279
0
0
0.01610862383
0.01192344544
0
0.01340484455
0.008610472825
0.03598220557
0
0.008297798284
0.02809661502
0.02261963128
0.003847746246
0.00735064276
0.0358080785
0.008882562644
0.01981645055
0.03444254855
0
0.01317177204
0
0.04687986117
0.006592503241
0.02853638203
0.03738385121
0
0
0
0
0
0.01625860815
0
0.02191932639
0.03246601403
6.07E-03
0
0.02099293042
0.001148268461
0
0.006294002459
0
0.02398257915
0.0052522121
0
0.004290522766
0.008578114388
0.002673830655
0
0.02232945938
0
0.006224029441
0
0.02616221749
0
0.01278071912
0
0
0
0
0
0.02340657908
0.007958002572
0
0
0
0.03555811628
0.01176989915
0.01753532828
0.001162248932
0
0.03134484991
0.01396164793
0.02046492221
0.01103251123
0
0.01380463059
0
0
0
0
0
0
0.008736605051
0
0.006679074487
0
0
0
0.02703922867
0.0003141203572
0.002811646088
0
0.03432182307
0.03646329212
0
0.03417953719
0.02814966915
0.01944944076
0
0.005374986332
0
0.009338766008
0.01213915322
0.02182312
0
0
0
0.03837943255
0
0
0.02595736511
0.02698302672
0
0
0.03992123555
0.01872581522
0.01043569928
0.0169443233
0
0.02530237713
0.00722709138
0.04901835428
0.01635917469
0.01206961768
0.03706818146
0
0
0
0
0
0.03596586177
0
0.0180951028
0.02665895556
0.003002250158
0.01689514061
0.003795285704
0
0
0.0279688028
0.002584598566
0.03572380666
0.009315112309
0
0
0
0.02209653728
0
0.01354269108
0
0
0.001570843868
0.02357411782
0
0
0
0
0.02032167726
0.004224187958
0.01640633465
0.006692397071
0.04841944072
0
0.02734545616
0.02990893251
0.006503347335
0
0.008804441786
0.01271189789
0
0.01338787282
0.02180822241
0.02742042619
0
0
0
0.004459200816
0.001004876809
0.003930419966
0.02798102435
0
0.02317476637
0
0.01347438898
0.02842984478
0.02413849865
0
0
0
0.03884627115
2.80E-02
0.02126595986
0
0
0.04583536475
0.0189885936
0
0
0
0
0
0
0.003571113334
0.005968862096
0.03691793646
0
0.03516143128
0
0.03448408378
0
0
0
0.0384682203
0
0.02032933942
0
0
0
0.0004976753093
0
0.009792719924
0
0
0.02670052993
0
0.04233840892
0.007449451629
0.009151321088
0
0.008946751265
0
0.02821612678
0
0
0
0
0.02844981313
0.05367852167
0.01715779913
0
0
0.01770656368
0.00714091552
8.24E-03
0
0.01097960673
0
0
0.01185070302
0
0
0.005697568736
0
0
0.003859161154
0
0.0038068611
0
0
0
0.02255167272
0.01925394242
0
0
0
0.0223280071
0.02429287644
0.02809754645
0.009443306599
0.001331070985
0.03585457818
0
0.0223415871
0
0
0
0
0
0
0
0
0
0
0.01015935468
0
0.008956592769
0
0.01875327504
0.0248214568
0.02881493944
0
0.01900367418
0.02525611101
0.01974708594
0
0.02392274416
0.01347950433
0
0.003756091789
0.01466121312
0
0
0
0.03075073252
0
0.00385754547
0
0.04502192719
0
0.005307145327
0.02905153797
0.01109892204
0.001853863408
1.93E-02
0.0246238835
0
0.02342416657
0.03414180952
0
0.0306423278
0
0.03384055229
0.006037760214
0.03552378438
0.009361811141
0.000573606951
0
0
0
0
0.0209731496
0
0
0.002705864094
0
0.00293642229
0.02499392313
0.01077362847
0
0
0
0.02717318563
0.0335057936
0
0
0.02774466933
0
0
0.03756458496
0
0
0
0.04423974314
0
0.02611319538
0
0
0.04293307574
0.01590118784
0.0195733144
0
0
0.0448305293
0.02177957893
0
0.005952986973
0
0
0
0
0
0.03706545389
0
0.03956716054
0
0
0
0.007599318742
0
0.04427780993
0.0004217053519
0.009496153602
0.001519766862
0
0
0
0.03673378671
0
0
0
0.004030480535
0.01651222106
0
0
0
0.006378919567
0.001075770673
0.0325616709
0.01382352519
0.001683317689
0.02564625931
0
0.0470722019
0
0.009861599187
0.02668906181
0.03283420555
0
0.01920482058
4.41E-05
0
0
0.01558672991
0
0
0.01504405169
0
0
0
0
0.003123741124
0
0
0
0.01947078362
0.01436606326
0
0.01065670669
0
0.002560370237
0
0.0371540279
0.04466245675
0.03624952147
0.03250929287
0
0.003394485884
0
0
0
0
0
0
0
0.04574860623
0
0.009011655062
0
0
0
0.0469063854
0.04161755059
0
0.004190164666
0
0.0205483225
0.03212915132
0
0.05409674494
0.03200427226
0.00E+00
0
0.03129239342
0.02026696584
0.0279886836
0
0
0
0
0.009597835253
0
0
0
0
0.02545678193
0.01061581344
0.03729265853
0.00402606576
0.04948154987
0.009422290664
0.006878456462
0.03041029383
0.0109449103
0.01401451679
0.005886905248
0.01567757349
0.03366850558
0.00725878821
0
0
0.01368126493
0
0
0
0.02606373731
0
0
0
0
0
0.02820192795
0.0004496896655
0
0
0.02446896407
0
0
0
0.01906074343
0
0
0
0
0
0
0
0
0
0.05189007431
0
0.01712372435
0
0
0
0
0.0124953093
0
0.05087906326
0.0402573381
0.03601146779
0
0.04002199495
0
0
0
0.002988053061
0
0.0001384467873
0.02626242747
0
0.02532980122
0
0
0.02987992238
0
0
0
0.02474250827
0
0.02880687985
0
0.0123239881
0
0.007049365098
0
0.007324669054
0.0382666339
0.01477437776
0
0
0
0
0
0.02355826207
0
0.03188987071
0
0
0.02545720392
0.01989220627
0
0
0
0.01729562587
0
0
0
0.03469868189
0
0
0.0184945255
0.01288567057
0
0.002534873952
0
0.003123145112
0.007689292643
0
0
0.007441927417
0
0
0.01693596706
0.03424388316
0
0
0
0.02538677391
0.03328825489
0.04369314993
0
0.02017770227
0
0.009543369562
0
0.02740293464
0.02107993624
0.01411271516
0
0.04209634421
0.03815424888
0.03878449114
0.02392493914
0
0.009914631733
0
0.04387441636
0.03324695088
0
0.002467495823
0
0.01316112322
0
0
0.02155924062
0
0.04080196375
0
0
0
0
0
0
0.01011669977
0.02026330662
0
0
0
0.005227878101
0.004168741662
0
0
0
0
0.02216207298
0.008439361001
0.003108518464
0.01071996798
0.02975885449
0
0.02027302775
0
7.32E-03
0.03045965622
0.02957397464
0.02482224637
0
0
0.02521479407
0.04280636027
0
0
0.01928519312
0
0
0
0.06021066074
0.0181273781
0
0
0.02506598679
0
0.004173507075
0
0.01889536196
0.03396634655
0
0
0.006271831476
0.01322255601
0.01636941555
0
0.02736495791
0
0
0
0.00807651187
0.02633705525
0.01854187936
0
0.01852055826
0.02652328004
0.01304759431
0
0
0.008897489192
0.04148661822
0
9.11E-07
0
0.04385013514
0
0.01212253977
0
0.02646786641
0.004970858236
0
0
0
0
0
0
0
0.04801823237
0
0.04433822831
0
0
0
0.003948003599
0.01391356293
0
0.04226072756
0.02224147897
0
0.001936695886
0
0.01330946586
0.02088958212
0.04497937056
0
0.01641785394
0.00870718174
0.01058745684
0.008522059933
0.01337318493
0.03043173872
0
0
0
0.007957508782
0
0.008157129076
0
0.001115739332
0.01718933993
0
0
0
0.04793152671
0
0
0.01395628519
0
0
0
0
0
0
0
0.04393702775
0.005642505869
0
0
0.01982137185
0.0004709273207
0.004522994296
0.03468130777
0.02362159835
0.0102292039
0.005506721435
0
0.02769672171
0
0.008552520457
0.02260289883
0.01641225351
0
0.01167512456
0
0
0
0.01706385949
0.02233507221
0.02396716978
0.01568805596
0.00E+00
0.01028573592
0.03803242263
0
0.007402081805
0
0.01834883701
0.02286494804
0
0.004490501228
0.01048050179
0
0
0
0
0.02195437201
0
0.03990712
0
0
0
0.03209939754
0
0
0.01602189603
0.01532129605
0
0
0.02027253394
0.005241426602
0.003231902602
0
0.006546380745
0.04011681108
0.01680214113
0.02031906044
0.01451059026
0
0
0
0
0
0.006191745616
0
0.04480774577
0
0
0
0
0.0391042935
0
0.007487162374
0.01480644205
0.02758901387
0.02317218505
0.03529660753
0.03155326267
0.01596805879
0
0
0.01788898239
0.01340517815
0.01465695503
0.002047509153
0
0
0.0246701594
0.002677406747
0
0
0
0
0.00522204061
0.02190542227
0.0208081289
0.02329146601
0
0.0005912244777
0.01889641934
0
0.0163305969
0.03214043928
0.01720826548
0.01809266256
0.007723763805
0
0.0212335957
0
0
0
0.005995892308
0
0.01287076323
0
0.002814040546
0
0
0.04128802719
0
0.04311961366
0
0.04145192943
0.009269450808
0.02779518179
0.00634725162
0.01424723141
0
0
0.03638923719
0
0
0
0
0
0
0
0
0.02540918277
0.02979543512
0
0
0.01412691786
0
0
0
0
0.009822214428
0.02272412754
0
0
0.005102679673
0.006100227947
0.00464719277
0.01861275319
0
0
0
0.02639876273
0
0.02460447801
0.005768115855
0.02104025195
0.008912566871
0.03194374671
0.0001734953578
0.00333607211
0
0
0
0.001044069399
0.02237013773
0.02474340692
0.03150003201
0
0
0.007329247723
0.04335744313
0.03434014576
0
0.03853448868
0
0
0.02778123687
0.01009501197
0
0
0.02880406417
0
0.02654985022
0
0
0
0.04004705614
0.01466136839
0.0086167942
0
0.008252808731
0
0.01708731581
0
0.01292260918
0.01179767401
0
0.02950857135
0
0
0
0
0.04898681334
0.03110872893
0.03152466343
0
0.04467459474
0
0.02340885775
1.75E-03
0.03764923415
0.0215833714
0
0.01460450757
1.44E-02
0.03019435414
0.02320952637
0
0.001030968587
0
0
0
0.001104955209
0
0.01016699694
0
0
0
0.02582869213
0.009461437401
0
0
0.0006247591217
0
0
0
0
0
0
0.00E+00
0.00E+00
0.01090764042
0
0.01850648623
0
0
0.04349846704
0.01698290099
0.01329885294
0
0.02917407862
0
0
0
0
0.03281421795
0.05506525834
0.02953025843
0.0008941904517
0.004491453434
0
0
0.00070161314
0.03609238974
0
0
0.02238447355
0.0003130800229
0.03278306988
0
0.01269501597
0.03259053604
0
0
0
0.02285408866
0
0.05101529078
0
0
0
0.004185235657
0
0
0.01502357315
0
0.01023900529
0.002161358068
0.03110029446
0.04003742232
0
0.01311321691
0.04404664758
0
0
0.02626916661
0.03123810767
0
0.0004325146627
0.001819706297
0.03519434093
0
0
0
0.02772612602
0.00407058097
0.02387360021
0.001573309735
0
0.02653474317
0
0.03571640092
0.04177423581
0.04087565493
0
0.002530154297
0
0.01924170507
0.02629442457
0
0
0
0.04722017191
0.003948302122
0
0
0
0
0
0.000454063003
0
0.02873138106
0.02215388049
0
0.006580940748
2.22E-05
0.0304212341
0
0
2.74E-04
0.01549207715
0
0.01738618538
0
0
0
0.01897427227
0.0009414485971
0.01781550365
0
0
0.01050713888
0
0.0201754057
0.01014398947
9.23E-03
0
0.006088408071
0.01512856793
0.009856858438
0
0
0
0
0.008100571594
0.05068754491
0.03742118567
0
0.006631704439
0.02813374671
0.02624268697
0.0312747255
0
0.003359865982
0
0.009227004002
0.01657485764
0
0
0
0
0.00E+00
0
0
0.004932503954
0.02280406499
0
0
0
0
0.01139856498
0.03966079538
0
0.02377777605
0
0
0.02644715818
0.01838755008
0
0
0
0.0157247786
0
0
0.003364593312
0.03873367285
0
0
0.01646104414
0.02629052308
0
0.007043826199
0.001795195112
0.01105169796
0.01932068337
0
0
0.01353216422
0
0.003863300382
0
0.0202074118
0.01291003043
0
0
0.01766493835
0.03372807441
0.03951367855
0
0.01468484408
0
0.001971427742
0
0.03054732493
0.03263160207
0
0
0.03872459006
0.02521370344
3.09E-02
0.03707728498
0
0.002169266241
0
0.03819076459
0.02557003837
0
0
0
0
0
0
0.01128069465
0.01461686686
4.59E-02
0.003380874783
0
0
0
0
0
0.001097779331
0.01360960489
0
0
0.001540431361
0.01418109755
0
0
0
0
0.007050124308
0.02711680181
0.01172623625
0
0.01305514615
0.02609500916
0
0.01937569999
0
0
0.03071235257
0.03075869078
0.02718770442
0
0.006538593362
0.01418011142
0
0
0.005003492961
0.001108108
0.01216697429
0.02023891312
0.01104430569
0
0
0.001493389163
0
0
0.03903617209
0.00333336768
0.03920831027
0
0.01047808366
0.02133402328
0.02604207039
0.01447206588
0.02433852538
0
0.03290318684
0.005226991403
0
0.0349533727
0
0
0
0
0
0.01933255569
0
0
0.005125573425
0.000165370022
0.008816065789
0
0.02279959919
0
0
0.01602302366
0.02499050518
0.02781602773
0
0
0
0.01477125835
0
0.04719674053
0
0
0.01580046225
0
0
0.01925743895
0
0
0
0.02006290996
0
0.02824830105
0.002499337779
0
0
0.02215623952
0
0
0
0
0
0.007041828642
0.01336028122
0.02616460322
0.01188989867
0.001945541099
0
0
0.01265798657
0
0.03286780234
0.02718135122
0.009564633485
0
0
0.002765754309
0
0.04138329508
0.02741774603
0
0
0.01465376814
0.04764467369
0
0.02297799146
0
0.0379955085
0.04432586968
0
0
0
0.04440020879
0.01477713477
0
0
0.02647270194
0.006088600011
0
3.18E-02
0.02984823969
0.003862513873
0.004458628277
0
0.03148080931
0
0
0.01510582101
0.0210462845
0.004115956707
0.0122673218
0
0
0.004184294628
0.006299455349
0.02368812014
0.03547292616
0.01963046969
0
0.001042409945
0.02684092203
0
0.01204513272
0
0.007027035532
0.02298142205
0.005960181601
0.008034575437
0
0
0
0
0
0.0240542954
0
0.04099081278
0
0
0
0.02724548598
0.01116479423
0
0.01155485049
0.02067471262
0
0
0.02813591611
0
0.002100185931
0
0.007998497991
0.03172575654
0.01922852105
0.02074895558
0
0
0.003153122707
0
0.00147240717
0
0
0
0.04435854503
0
0
0
0
0.03095997179
0
0.02006999103
0.01943715372
0.02913941448
0.02171447394
0.03961551238
0.02798452893
0.01709690824
0
0
0.02170183115
0.01692377695
0.01634278989
0
0
0
0.01662450641
0.006262806021
0
0.002553133621
0
0.006808566558
0.01342131477
0.008519287757
0.005446651528
0.02825307227
0.002163374879
0.04002805939
0.03182661587
0
0
0
0.03086969533
0
0
0.005719448463
0.01095608328
0
0
0
0.03108818637
0.02289398595
0.02048237587
0.009755441902
0
0.04478041778
0
0.02955154691
0.03605113762
0.03794405793
0.005510369552
0
0
0.01973121377
0.01202801603
0
0
0
0.05293882566
0
0
0
0
0
0
0.002979079794
0
0.01025322028
0.02464333015
0
0.02763172675
0
0.03540428255
0
0
0.003058521447
0.03517431442
0
0.004713430042
0
0
0
0.0218652637
0
0.002510629772
0
0
0
0
0.03306620904
0.02690328341
0.02469594766
0
0.006965558056
0
0.0252246577
0
0
0
0
0.00109414465
0.04474101563
0.03964922355
0
0
0.004206696708
0.004282679499
0.03115605946
0
0.003951644216
0
0.01736419339
0.01173763458
0
0
0.0043878207
0
0.01022314497
0.004941027434
0.01366093641
0.0167465786
0.01563522135
0
0
0.004473444045
0.009479283307
0
0
0
0.04877879258
0
0
0
0
0.02671481488
0.03433540376
0.009350505514
0.0328315576
0
0
0
0.008352658879
0
0.01152989601
0
0
0
0
0.01044238922
0
0
0
0.001321760653
0.005218223045
0.001254320938
0.003018193231
0.02149106576
0.03616389525
0
0.03816632731
0.01523499764
0.03551669495
0
0.01204855862
0
0.01043521807
0.03029958889
0.005294911337
0
0.003190241558
0.01480052286
0.0214621081
0.01073420295
0.002256705744
0.01945296079
0.034693244
0.001247966441
0
0.0448902613
0.01005204694
0.01007746571
0.01596380732
0
0.0002057546488
0.003287459313
0.04780887725
0
0.008611643359
0.05093949054
0.00E+00
0
0
0
0
0.02119246537
0
0.03581978996
0.03982933389
0.01173860947
0
0.003741412489
0.00347706593
0
0.02802931572
0
0.02692698798
0
0
0.007166577239
0
0.02882610968
0
0.006608266546
0
0.01747354011
0.02095425204
0.002070891856
0.004356361054
0
0.01472653895
0
0
0.007848458494
0
0.03471460626
0
0
0
0.01688754477
0
0.021175338
0.03667200283
0.01624940654
0.02832735926
0
0
0.01731084049
0
0.02707447314
0.02127262835
0.01771413447
0
0.02328760905
0
0.01022850353
0
0.0201279564
0.03473724457
2.37E-03
0.0274902827
0
0.03843337409
0.0409925259
0
0.0009458449049
0
0.01472105146
0.0002109958653
0.004392585339
0
0.01186156303
0
0
0
0.000557272626
0.006173545163
0
0.03215091549
0
0
0
0.02417517148
0
0
0.009645725274
0
0
0.01325311327
0
0.00632051733
0.001728903744
0
0.01657744657
0.04219496627
0.006761810592
0
0.02436780224
0
0
0
0
0.004753027487
0.03020477863
0.01400174852
0.02617570302
0
0
0
0
0.039242991
0
0
0.02446742151
0.002269534268
0.01750226739
0.01349337633
0.04110975704
0.03181789807
0
0.01029598448
0
0.006991060659
0.01306752726
0.03010911571
0
0
0.03180548802
0
0.003736780247
0
0
0
0.05709368706
0.0374697711
0
0.0122061113
0.0246815938
0.0009495606827
0.03804426799
0
0.001321356781
0.002950127229
0
0
0
0.02002363732
0.01181161753
0.0002998767804
0.004649379068
0.02907812755
0.01807434772
0
0.04458826939
0.03661676744
0
0.01326794693
0.01353113215
0
0.008545517827
0
0.01640648361
0
0
0
0.04366798238
0
0
0
0.01372051679
0
0
0
0
0.00E+00
0.051442713
0
0.02060706648
0
0.0341135464
0
0
0
0.03320731215
0
0
0
0
0
0
0.009680488799
0
0
0.04228578392
0
0.04356370298
0
0
0
0
0.01245224517
0
0.03255385334
0.01937865336
0.03455223867
0
0.04779976988
0.01140905458
0
0.00E+00
0.003454600368
0.005588708186
0.009833725059
0
0
0.03628659473
0
0
0.001888702728
0
0
0.003994081527
0.004225900345
0
0.01873706734
0
0.03124611891
0
0
0
0
0.04269999367
0
0.01503368031
0.008954992745
0
0
0.01327095596
0
0
0
0.03778077722
0.001641161469
0
0.03053759742
0
0
0
0
0.05489815532
0.03247048902
0
0
0.01101646997
0
0.04533351737
0
0.04954296986
0
0
0
0.01682155948
0.03317989484
0.0379172514
0
0
0
0.03644949855
0
0
0
0.04727018266
0.001891794391
0.01663068575
0.004690735355
0.02299402609
0.0009556737911
0
0
0
0.003171890457
0
0.004095952081
0
0.01461353944
0.009837608349
0
0
0.03701986585
0
0.04674651419
0
0.004555358408
0.01065662685
0.02563019053
0
0
0.05875575865
0
0
0
0
0.01257104667
0.04751800879
0.02049237518
0
0
0
0.00190164118
0.03252354697
0.0340614573
0
0
0
0
0.01507623554
0
0.004544826929
0.00328465946
0.001588645657
0.004087251392
0
0.001186970332
0
0.05920042666
0.01018432785
0
0.0174132063
0
0
0
0
0
0.01495250667
0.005036324013
0
0
0.0150972453
0
0
0
0.03454458442
0
0
0.02558176082
0
0
0
0
0.05492285534
0.03594902542
0
0
0.009329263711
0
0.04320418013
0
0.05400601285
0
0
0
0.01796482244
0.02418916026
0.03570828788
0
0
0
0.03818399641
0
0
0
0.05066612256
0.01099628455
0.01578270959
0.004457236922
0.02704378801
0.005098558895
0
0
0
0.003282356359
0
0.0007464663524
0
0.01439710433
0.008815098728
0
0
0.03166032074
0
0.05222895605
0
0.001971761195
0.01038701479
0.02142560984
0
0
0.06042007059
0
0
0
0
0.008306273361
0.04535595452
0.01444963346
0
0
0
0.009946024224
0.03908136159
0.0341072623
0
0
0
0.004523784236
0.01881612642
0
0
0
0.00590770284
0
0
0.003917944632
0
0.05682939058
0.01790469902
0
0.01097117345
0.001833184219
0
0
0
0
0
0.005506877758
0.02617329913
0.03374708312
0
0
0.01189394784
0.009367516912
0.0390031636
0.03976001257
0
0
0.05148389698
0.01445037192
0.04264250269
0
0
0.02387589306
0
0
0
0.01409014399
0
0
0.001206964717
0
0
0
0
0.001313343896
0.02099479582
0.01881484884
0.03452549533
0.02110214828
0.01235824902
0
0
0.04631192073
0.02428542796
0
0
0
0.01773150969
0
0.01583526638
0.01085394312
0.01322866231
0
0
0.02730792896
0
0
0
0
0
0.01181068611
0.02727357894
0.01942967352
0
0.003414106281
0
0.01640250043
0.02625257449
0.03364884214
0.0128959446
0.03936048364
0.0109159593
0
0
0
0
0.004469874158
0.02160613335
0
0.01563734038
0.01446327421
0
0.01288314132
0.03763195204
0.0148203236
0
0
0.005709489048
0.03744248399
0.02408328536
0
0
0.005895379173
0
0
7.93E-04
0
0
0
0.02529494775
0
0
0
0
0.01244937959
0.01982211275
0.005621141087
0.007617747106
0.03627641883
0
0.008583473214
0.0368955434
0.005423589629
0
0.003897910991
0
0
0.009534224017
0.04413341196
0.02817325653
0.01878139213
0
0.007499775818
1.01E-02
0.001518059179
0.01630417779
0.04019866408
0
0.02253955628
0
0
0.03599727744
0
0
0
0
0.005601798053
0.04334885608
0
0
0
0.01847253937
0.02741573288
0
0
0
0
0.02125487043
0
0.02936153445
0
0.0196669621
0
0.02108003182
0
0.05169290794
0
0
0
0.009378122971
0
0.02525156124
0
0
0
0.01483232603
0
0.0389520023
2.83E-03
0
0.003644902238
0.01052641294
0.01403254413
0
0
0
0
0.00311775069
0.02836794041
0.0241811522
0.003032065243
0
0
0.01064542639
0.03773107005
0
0.01264912843
0.02071910386
0.02263604122
0
0
0
0
0.02164282407
0.002831986016
0
0
0
0.0392093796
0
0
0
0.01140892197
0.03311716202
0.02927522413
0
0
0
0.006130486974
0.005781252184
0.02646873081
0
0.03446391633
0
0
0.005450429004
0
0
0.04016501751
0
0.04382970008
0
0
0.001085937945
0.03348197402
0
0.02497376797
0
0.02877311613
0
0
0.02277004764
0
0.004419063448
0
0
0.001795186557
5.48E-05
0
0
0.01721285281
0
0.01470667193
0
0.03354219723
0.0002781346385
0.008527684789
0
0.01718942208
0.03025765199
0
0
0.008722489845
0.03742605825
0
0.03549520621
0.004241925549
0
0.02997649867
0.02414870042
0
0.02696348493
0
0.002609877268
0
0
0
0.001097649754
0.01427557059
0
0
0.03614457022
0.004748038553
0.01536962512
0
0
0
0
0.007993628238
0.03153083962
0.02454313834
0.01067429801
0
0
0.0130460991
0
0.01988249559
0
0.003466162545
0
0
0.02272116717
0
0.02886572349
0.01327659571
0
0
0.02697809744
0.03784471054
0
0.02417306382
0
0.03841600595
0.02473501705
0
0.005159466054
0
0.04425219788
0.03568017916
0
0
0.04163886002
0
0
0.04180819586
0.0271638862
0
0.01054673398
0
0.04299492876
0
0
0.005495188799
0.02112901583
0
0.02217597572
0
0
0.006445078075
0
0.03603609202
0.03492922067
0.03666654273
0
0.01299784848
0.01323002332
0.01223758606
0.02684108286
0
0
0
0.03188179307
0.00889277048
0
0
0
0
0
0.0007260751328
0
0.03858747909
0.01278960764
0
0
0.01759690626
0.01538693956
0
0
0
0
0
0.01957754922
0
0
0
0.01385360538
0.02165835086
0.02224283073
0.004531112402
0
0.01366882464
0
0.003496507047
0
0
0
0.004779111648
0.03011594773
0
0
0
0
0.01782750038
0.00832645438
0.04038768447
0.03047767593
0.003906767878
0.0139592339
0.03774888997
0.03945331041
0.02832462129
0
0.004065279074
0
0.003363749062
0.01876016836
0
0
0.00E+00
0.01618515151
0
0
0
0