EXPERIMENT 1/1:
  CONFIGURATION:
   * workload -> name: STATIONARY, n_contents: 100000, n_warmup: 100, rate: 1, n_measured: 400, alpha: 1.0
   * cache_policy -> name: LRU
   * strategy -> name: LCE
   * content_placement -> name: UNIFORM
   * cache_placement -> name: UNIFORM, network_cache: 0.0
   * topology -> name: CCF
   * desc -> Line topology with customized cache
  RESULTS:
    CACHE_HIT_RATIO
     * PER_NODE_SERVER_HIT_RATIO: Tree({0: 0.5025, 4: 0.4675})
     * PER_NODE_CACHE_HIT_RATIO: Tree({1: 0.005, 3: 0.025})
     * MEAN: 0.03
    LATENCY
     * MEAN: 3.94
    LINK_LOAD
     * MEAN_INTERNAL: 406.851740154
     * PER_LINK_INTERNAL: Tree({(1, 2): 762.260297657509, (0, 1): 754.7503439860064, (3, 2): 739.7304366430013, (2, 1): 76.2260297657509, (2, 3): 73.97304366430014, (4, 3): 702.1806682854885, (1, 0): 75.47503439860064, (3, 4): 70.21806682854886})
     * MEAN_EXTERNAL: 0
     * PER_LINK_EXTERNAL: Tree({})
    CCF
     * PATH_LIST: [[2, 3, 4], [2, 3, 4], [2, 3, 4], [2, 1, 0], [2, 3, 4], [2, 1, 0], [2, 1, 0], [2, 1, 0], [2, 1, 0], [2, 1, 0], [2, 3, 4], [2, 1, 0], [2, 1, 0], [2, 1, 0], [2, 1, 0], [2, 3, 4], [2, 1, 0], [2, 3, 4], [2, 3, 4], [2, 1, 0], [2, 1, 0], [2, 3, 4], [2, 1, 0], [2, 1, 0], [2, 1, 0], [2, 3, 4], [2, 1, 0], [2, 1, 0], [2, 1, 0], [2, 3, 4], [2, 1, 0], [2, 3, 4], [2, 3, 4], [2, 3, 4], [2, 3, 4], [2, 1, 0], [2, 1, 0], [2, 1, 0], [2, 1, 0], [2, 1, 0], [2, 1, 0], [2, 3, 4], [2, 1, 0], [2, 1, 0], [2, 3, 4], [2, 3, 4], [2, 3, 4], [2, 1, 0], [2, 1, 0], [2, 1, 0], [2, 1, 0], [2, 1, 0], [2, 3, 4], [2, 3, 4], [2, 1, 0], [2, 3, 4], [2, 3, 4], [2, 1, 0], [2, 3, 4], [2, 1, 0], [2, 3, 4], [2, 3, 4], [2, 3, 4], [2, 1, 0], [2, 3, 4], [2, 3, 4], [2, 1, 0], [2, 1, 0], [2, 1, 0], [2, 3, 4], [2, 1, 0], [2, 3, 4], [2, 1, 0], [2, 1, 0], [2, 3, 4], [2, 1, 0], [2, 1, 0], [2, 1, 0], [2, 1, 0], [2, 1, 0], [2, 3, 4], [2, 3, 4], [2, 1, 0], [2, 3, 4], [2, 3, 4], [2, 3, 4], [2, 3, 4], [2, 3, 4], [2, 3, 4], [2, 3, 4], [2, 3, 4], [2, 3, 4], [2, 1, 0], [2, 3, 4], [2, 3, 4], [2, 1, 0], [2, 1, 0], [2, 1, 0], [2, 3, 4], [2, 1, 0], [2, 3, 4], [2, 1, 0], [2, 1, 0], [2, 3, 4], [2, 3, 4], [2, 1, 0], [2, 1, 0], [2, 3, 4], [2, 3, 4], [2, 3, 4], [2, 1, 0], [2, 3, 4], [2, 1, 0], [2, 3, 4], [2, 1, 0], [2, 1, 0], [2, 1, 0], [2, 3, 4], [2, 1, 0], [2, 1, 0], [2, 1, 0], [2, 3, 4], [2, 3, 4], [2, 1, 0], [2, 1, 0], [2, 3, 4], [2, 3, 4], [2, 1, 0], [2, 1, 0], [2, 1, 0], [2, 3, 4], [2, 1, 0], [2, 3, 4], [2, 3, 4], [2, 1, 0], [2, 3, 4], [2, 1, 0], [2, 1, 0], [2, 3, 4], [2, 1, 0], [2, 3, 4], [2, 1, 0], [2, 1, 0], [2, 3, 4], [2, 3, 4], [2, 1, 0], [2, 1, 0], [2, 3, 4], [2, 1, 0], [2, 1, 0], [2, 1, 0], [2, 3, 4], [2, 3, 4], [2, 3, 4], [2, 3, 4], [2, 1, 0], [2, 1, 0], [2, 3, 4], [2, 1, 0], [2, 1, 0], [2, 1, 0], [2, 3, 4], [2, 1, 0], [2, 3, 4], [2, 3, 4], [2, 1, 0], [2, 1, 0], [2, 3, 4], [2, 3, 4], [2, 3, 4], [2, 3, 4], [2, 3, 4], [2, 1, 0], [2, 3, 4], [2, 1, 0], [2, 1, 0], [2, 3, 4], [2, 1, 0], [2, 3, 4], [2, 3, 4], [2, 1, 0], [2, 3, 4], [2, 1, 0], [2, 1, 0], [2, 1, 0], [2, 3, 4], [2, 1, 0], [2, 3, 4], [2, 1, 0], [2, 3, 4], [2, 3, 4], [2, 1, 0], [2, 3, 4], [2, 3, 4], [2, 1, 0], [2, 1, 0], [2, 3, 4], [2, 1, 0], [2, 1, 0], [2, 1, 0], [2, 3, 4], [2, 3, 4], [2, 3, 4], [2, 3, 4], [2, 3, 4], [2, 3, 4], [2, 3, 4], [2, 1, 0], [2, 1, 0], [2, 3, 4], [2, 1, 0], [2, 1, 0], [2, 3, 4], [2, 3, 4], [2, 3, 4], [2, 3, 4], [2, 1, 0], [2, 3, 4], [2, 3, 4], [2, 1, 0], [2, 1, 0], [2, 1, 0], [2, 1, 0], [2, 3, 4], [2, 1, 0], [2, 1, 0], [2, 1, 0], [2, 1, 0], [2, 1, 0], [2, 1, 0], [2, 3, 4], [2, 1, 0], [2, 3, 4], [2, 3, 4], [2, 3, 4], [2, 3, 4], [2, 3, 4], [2, 3, 4], [2, 3, 4], [2, 1, 0], [2, 3, 4], [2, 3, 4], [2, 1, 0], [2, 1, 0], [2, 1, 0], [2, 3, 4], [2, 3, 4], [2, 3, 4], [2, 1, 0], [2, 3, 4], [2, 1, 0], [2, 3, 4], [2, 1, 0], [2, 1, 0], [2, 3, 4], [2, 3, 4], [2, 1, 0], [2, 3, 4], [2, 1, 0], [2, 1, 0], [2, 1, 0], [2, 1, 0], [2, 3, 4], [2, 1, 0], [2, 1, 0], [2, 3, 4], [2, 3, 4], [2, 1, 0], [2, 1, 0], [2, 1, 0], [2, 1, 0], [2, 1, 0], [2, 3, 4], [2, 3, 4], [2, 3, 4], [2, 1, 0], [2, 3, 4], [2, 1, 0], [2, 3, 4], [2, 1, 0], [2, 1, 0], [2, 1, 0], [2, 1, 0], [2, 1, 0], [2, 1, 0], [2, 1, 0], [2, 1, 0], [2, 3, 4], [2, 3, 4], [2, 1, 0], [2, 3, 4], [2, 1, 0], [2, 3, 4], [2, 1, 0], [2, 1, 0], [2, 1, 0], [2, 1, 0], [2, 3, 4], [2, 1, 0], [2, 3, 4], [2, 1, 0], [2, 3, 4], [2, 3, 4], [2, 3, 4], [2, 3, 4], [2, 1, 0], [2, 1, 0], [2, 3, 4], [2, 3, 4], [2, 1, 0], [2, 1, 0], [2, 1, 0], [2, 3, 4], [2, 3, 4], [2, 1, 0], [2, 3, 4], [2, 1, 0], [2, 3, 4], [2, 3, 4], [2, 1, 0], [2, 3, 4], [2, 1, 0], [2, 3, 4], [2, 3, 4], [2, 1, 0], [2, 1, 0], [2, 1, 0], [2, 1, 0], [2, 3, 4], [2, 3, 4], [2, 1, 0], [2, 1, 0], [2, 1, 0], [2, 3, 4], [2, 3, 4], [2, 3, 4], [2, 3, 4], [2, 3, 4], [2, 1, 0], [2, 3, 4], [2, 3, 4], [2, 3, 4], [2, 1, 0], [2, 3, 4], [2, 3, 4], [2, 3, 4], [2, 3, 4], [2, 1, 0], [2, 1, 0], [2, 1, 0], [2, 3, 4], [2, 1, 0], [2, 3, 4], [2, 3, 4], [2, 3, 4], [2, 3, 4], [2, 3, 4], [2, 3, 4], [2, 3, 4], [2, 3, 4], [2, 1, 0], [2, 1, 0], [2, 1, 0], [2, 1, 0], [2, 3, 4], [2, 3, 4], [2, 1, 0], [2, 3, 4], [2, 3, 4], [2, 1, 0], [2, 1, 0], [2, 3, 4], [2, 1, 0], [2, 3, 4], [2, 1, 0], [2, 1, 0], [2, 1, 0], [2, 1, 0], [2, 3, 4], [2, 3, 4], [2, 1, 0], [2, 3, 4], [2, 3, 4], [2, 1, 0], [2, 3, 4], [2, 3, 4], [2, 3, 4], [2, 1, 0], [2, 3, 4], [2, 3, 4], [2, 3, 4], [2, 1, 0], [2, 1, 0], [2, 3, 4], [2, 1, 0], [2, 3, 4], [2, 3, 4], [2, 1, 0], [2, 1, 0], [2, 3, 4]]
    PATH_STRETCH
     * MEAN_REQUEST: 0.656666666667
     * MEAN_CONTENT: 0.656666666667
     * MEAN: 0.656666666667


