1	6	0.5252953049128806
1	8	0.6523190482292661
1	11	0.503459182798554
1	19	0.5671390260308256
1	43	0.5963270036481501
1	52	0.2879863484396617
1	56	0.6770219066499772
1	76	0.4529277967127165
1	89	0.37076160051625134
1	96	0.7093582033084038
2	1	0.5215467742876315
2	14	0.6207924140840935
2	19	0.4579337409432658
2	24	0.2245649342920254
2	32	0.28717185331196804
2	33	0.6887084022857555
2	41	0.3934940486986331
2	73	0.35321610564263767
2	82	0.5315023345527428
2	97	0.42094774332340257
3	4	0.48062341589481783
3	15	0.3720529935806799
3	22	0.5113278011774367
3	25	0.4909907768625571
3	28	0.5405277733712237
3	51	0.6354160060686033
3	60	0.4791760800831268
3	65	0.3657976538709048
3	78	0.4967903530239707
3	85	0.4038956581995035
3	86	0.6541068185592055
3	91	0.41451317479781213
4	8	0.2870385028817904
4	17	0.83952237748152
4	22	0.6884916022306667
4	36	0.45893963142321686
4	48	0.3995680663065737
4	55	0.7429530142106817
4	61	0.5779593625012849
4	66	0.6839819367251507
4	71	0.6447280675855134
4	73	0.6375696297659773
4	79	0.4975024954274032
4	89	0.5185073600390844
4	94	0.7084393382468579
5	14	0.5890370879009511
5	27	0.2426010225168614
5	34	0.6145974168312495
5	38	0.4559046157529882
5	39	0.3481090063535361
5	49	0.6227627065103103
5	53	0.3907191830576756
5	67	0.3249282409573446
5	76	0.981794976804019
6	1	0.5172072530725931
6	13	0.6088664422886835
6	24	0.6324498441801825
6	31	0.5201356279981555
6	52	0.38744772461631594
6	70	0.47609710444025455
6	94	0.68409348036474
7	3	0.4866968632090753
7	32	0.5972047399968966
7	39	0.37169363637602154
7	43	0.4772724372984757
7	44	0.4521630327892129
7	57	0.7169525798436677
7	71	0.5260893983081922
7	73	0.5944255399733647
7	96	0.6598141055043253
8	5	0.44767471962446287
8	16	0.6575043725305847
8	23	0.6578275093314992
8	25	0.3372973678371298
8	50	0.5805443276078749
8	75	0.6350880297995205
8	85	0.4316055228612852
8	97	0.5361752076942886
9	42	0.5098951735733951
9	48	0.24769630815101673
9	52	0.27546204287998793
9	54	0.5270354314735908
9	62	0.6380310503830782
9	72	0.47640815534194686
9	77	0.5255695458183088
9	90	0.5266683171760855
9	91	0.43828397067656905
9	99	0.587416129659832
10	6	0.3597354609377592
10	10	0.5495879581489345
10	19	0.6479666323291619
10	22	0.5621789956523281
10	60	0.3365180461216453
10	61	0.5873026542861248
11	29	0.5273062773532177
11	32	0.7223226069374776
11	59	0.499288805978014
11	67	0.5559459346563507
11	69	0.36760681707694776
11	73	0.571835087111124
11	93	0.6158357938053569
11	95	0.4657666816063872
11	98	0.5488597792509543
12	3	0.7281414271332634
12	11	0.5419709800703328
12	19	0.31096606116250236
12	22	0.3388253820392173
12	26	0.5056232019370066
12	28	0.5375060013454841
12	60	0.47301733409912977
12	66	0.4874847651597294
12	68	0.27875836241447066
12	73	0.3271186880236587
12	78	0.5355628565772195
13	5	0.3156043710050685
13	7	0.7458190692586022
13	14	0.6875209210256061
13	15	0.5542654483125267
13	43	0.2542511647218387
13	76	0.42018864772418507
13	88	0.5337093165732897
14	1	0.4648631358501179
14	27	0.48364380433495086
14	30	0.6916545051155267
14	31	0.5025853293796693
14	40	0.6732364500688601
14	51	0.5889600256624673
14	54	0.4697047332882444
14	62	0.5693844905335221
14	63	0.30807775664015363
14	68	0.5819901600426839
14	70	0.926670307554743
14	92	0.5184830209692332
15	1	0.30752343771938834
15	3	0.34041213330439923
15	9	0.6364830418478982
15	33	0.2787676110679508
15	40	0.37429190782443506
15	41	0.664700288906904
15	51	0.4806516875805099
15	58	0.5834178487005436
15	61	0.49827636356688176
15	68	0.5226884225624897
15	71	0.582132785737241
15	74	0.5469064879797673
15	76	0.3579763536582761
15	79	0.4642785650101818
15	86	0.7242556841528883
16	16	0.5165601809382235
16	20	0.3141097412143302
16	38	0.5919033829980906
16	39	0.5238107703119816
16	58	0.43082646292963506
16	68	0.6793704797032215
16	89	0.656842981924582
17	26	0.40854673873778524
17	33	0.6534443471657301
17	35	0.6909196044597058
17	36	0.4856896194068823
17	71	0.47188799771521095
17	75	0.24713366948509194
17	78	0.6352696681789654
17	90	0.5962895699949378
17	92	0.6032571956260913
17	100	0.6291119839235705
18	12	0.44965519509823637
18	37	0.4793929016571607
18	47	0.3258428090947354
18	65	0.5539004238237912
18	66	0.6608359703496741
18	78	0.6990104745397174
18	95	0.5999859690546481
19	10	0.29655373148732933
19	15	0.2931008048163276
19	24	0.39740365856073995
19	34	0.5716578083916907
19	63	0.4041636710568327
19	74	0.5478272014166732
19	79	0.49929381767896375
19	82	0.5926756036677856
19	85	0.3893488341196831
20	1	0.5444743739808345
20	5	0.2684019112663183
20	10	0.6344558719603248
20	20	0.6993238483682832
20	34	0.5565754416973878
20	40	0.48850638594069923
20	42	0.619713109936209
20	56	0.2797728191863123
20	65	0.5686849362382884
20	79	0.656655937719088
20	85	0.668998450551175
20	88	0.6809550108567585
20	96	0.5589983444947956
21	11	0.3638019317509171
21	25	0.37033647874781095
21	30	0.38205963421749106
21	41	0.4833109914346214
21	45	0.4096811370002091
21	48	0.3936740137522844
21	57	0.4303985698535176
21	62	0.5523388358918597
21	82	0.64338758026505
21	89	0.48687530266173035
21	90	0.6954578677747694
21	96	0.4623456997237798
21	99	0.8178970912122155
22	10	0.43284500261913306
22	16	0.25643455282594285
22	19	0.48200877005082
22	22	0.5043964060709578
22	25	0.5924047868996754
22	39	0.7570724840588952
22	44	0.7082534836170827
22	58	0.28487740585804766
22	67	0.44669106883628046
22	70	0.6204773635020555
22	82	0.607416380715698
22	83	0.5753441527870208
22	86	0.45150920697661934
23	19	0.4212734872626518
23	25	0.5655711780882979
23	62	0.42614883694390926
23	86	0.42785592552398605
23	96	0.2632808875987544
24	11	0.49947299501059783
24	12	0.6230853827748252
24	41	0.3925184625282229
24	48	0.6978965195025961
24	50	0.5700883480751453
24	57	0.3489480030390624
24	65	0.2704349723571526
24	67	0.34777997087107687
24	90	0.6805677449028665
25	4	0.5159349921231027
25	15	0.474696964482163
25	39	0.8142017308382993
25	42	0.6052637533838868
25	57	0.32961424922233246
25	69	0.7642133330933589
25	94	0.5973020928997291
26	14	0.6475679526095064
26	22	0.48722839199840495
26	24	0.41829352966448524
26	37	0.2803038070115554
26	40	0.635887479073232
26	43	0.43592337442273604
26	85	0.5403553528090516
26	88	0.5945622767747303
26	89	0.5936991141721495
26	90	0.6213646707761342
27	1	0.3719783029500492
27	9	0.45011593553047863
27	15	0.5136177041829901
27	17	0.8164400480480019
27	21	0.38262497505707316
27	31	0.4782688860534833
27	41	0.5580797902430806
27	54	0.41347618342638665
27	73	0.5188470899170504
27	74	0.388846247171933
27	79	0.42531410776354855
27	82	0.6459048661141968
27	91	0.4930061606265901
27	93	0.4534910419481401
27	100	0.38400628651820784
28	7	0.27398058081127014
28	23	0.4349345920664033
28	42	0.40676688170612696
28	45	0.5557885190098385
28	46	0.669174137249181
28	60	0.24574114912132994
28	66	0.5033100861290591
28	74	0.7256792715638628
28	80	0.5800640116955427
28	81	0.5684383918509476
28	84	0.5756323173578403
28	89	0.4543224596760408
29	1	0.5795642645420185
29	2	0.4980275103301093
29	4	0.45387294184290067
29	8	0.47195280570601006
29	11	0.7042705605486552
29	22	0.4091884500643715
29	35	0.640610041696155
29	43	0.37092739610225145
29	77	0.6047139776539355
29	88	0.5846652262031287
29	91	0.633932819821652
29	98	0.23093262657616875
30	5	0.5276197226542347
30	9	0.5312939840522592
30	18	0.38175344067562467
30	24	0.565412530430268
30	27	0.5320160621669207
30	34	0.4825273116583172
30	36	0.7934021892610856
30	44	0.7733139663205756
30	56	0.7306367230771382
30	61	0.49676632141836885
30	71	0.6593122300653737
30	79	0.48047962872242683
30	81	0.4399384083546887
30	95	0.4624444838111048
30	97	0.375574814279181
30	98	0.6325125295438061
31	4	0.3989603789326439
31	17	0.47931982637287
31	31	0.5428383643630684
31	42	0.47242759386225247
31	52	0.4827583574108345
31	66	0.43532384453660916
32	13	0.5667475338086371
32	17	0.6098425743653381
32	20	0.41196835150936795
32	21	0.5157796736639875
32	49	0.31668651080843063
32	60	0.6207972564441053
32	67	0.6141016092176432
32	98	0.2411854107871898
33	2	0.6133446218116151
33	8	0.6940307203574821
33	15	0.42482316066836756
33	32	0.6563508976890224
33	34	0.7837115713444462
33	35	0.557640526043448
33	42	0.37911812700467934
33	54	0.3733314337784334
33	60	0.7697937819709497
33	64	0.37729894663713165
33	84	0.4554720449013645
33	94	0.7137465538511618
33	99	0.34540625947155235
34	16	0.403850529956211
34	53	0.6384604261572301
34	83	0.33133307293403313
34	85	0.41176986006867705
35	9	0.5132389810332508
35	21	0.42998552761583847
35	43	0.7205230944903158
35	64	0.5228266202363879
35	68	0.5521055171063678
35	80	0.5795146022413966
35	81	0.6160950575914568
35	100	0.6033315005634474
36	13	0.3755829203415748
36	19	0.8869642459839622
36	25	0.5076546286958517
36	35	0.5479767193768104
36	36	0.4758549110427856
36	41	0.8349499404820215
36	52	0.5560685569948332
36	54	0.6301960386645361
36	80	0.5085903519527201
37	8	0.531957549038249
37	12	0.5822834632060436
37	17	0.42490289989957114
37	18	0.3833983940125186
37	30	0.34128175469748384
37	47	0.3896728476487634
37	56	0.5680562183542974
37	64	0.4671534288212178
37	71	0.47918518368093294
37	93	0.4238147631389574
38	15	0.48288440071914585
38	20	0.5388286823592746
38	44	0.6682649955088596
38	45	0.13084568874219793
38	81	0.2871443836980815
38	89	0.20907437283455296
39	9	0.5275534265885835
39	27	0.6805866381619817
39	31	0.5428852026110077
39	39	0.5256786031843628
39	41	0.479214645135482
39	43	0.5612825233689273
39	45	0.7394958148218189
39	47	0.5297553880875948
39	53	0.4372339608006958
39	57	0.5501636075710873
39	68	0.7246631522124153
39	70	0.7415922014619396
39	74	0.6395517926318679
39	80	0.723674182552059
39	81	0.35170001378569254
39	89	0.3814426347307858
39	90	0.4979965864339981
39	92	0.46500567540795484
39	98	0.3518130507309444
40	2	0.6023485862647961
40	9	0.5766344389523441
40	21	0.44835897169358524
40	39	0.5514787793369128
40	74	0.5721642652555416
41	7	0.28097152286523597
41	8	0.5153927783767873
41	18	0.4516996513224663
41	28	0.6635171204053876
41	39	0.2595789112075154
41	43	0.4674775303857904
41	45	0.3912820400705534
41	47	0.35434917028325913
41	61	0.65622917744193
41	67	0.6306650317457263
41	80	0.43977758282965523
41	90	0.4368784910318387
41	93	0.48762084726825433
42	1	0.4145162283246198
42	3	0.44691505027540385
42	21	0.7249043872786735
42	24	0.3281063226912488
42	28	0.3821215933049687
42	39	0.24376467711901095
42	41	0.40095429091723805
42	51	0.7385813996805843
42	81	0.5352757401259002
42	96	0.6222534970212801
43	7	0.44493003741503945
43	29	0.7396136095103156
43	36	0.655659345189368
43	66	0.7061352306939437
43	77	0.5252456517945259
43	100	0.5199844415538285
44	14	0.7068764851986723
44	15	0.43562016986240987
44	17	0.5262524249640753
44	31	0.614722308807326
44	36	0.39725888071115034
44	48	0.5469005436033447
44	49	0.4574690523665778
44	55	0.664610465708819
44	62	0.501702004071731
44	63	0.49752887511575283
44	74	0.5281193385055806
44	77	0.40133477137399515
44	94	0.6147811324121365
44	100	0.5068355362187382
45	10	0.6369869166571951
45	24	0.2842119276460238
45	31	0.8309786772801491
45	42	0.3664307365588674
45	56	0.46280309539900105
45	60	0.6083854408647759
45	62	0.5772134744640242
46	7	0.5667884251024107
46	11	0.782561041643011
46	18	0.4802924730921679
46	21	0.5425693125923111
46	38	0.6063063654072955
46	39	0.21299348372485732
46	57	0.49114346126744973
46	71	0.5322853255871485
46	77	0.5016852236155628
46	78	0.7298485738433274
46	85	0.39809647207163334
47	13	0.5049539009437792
47	37	0.45084864702576083
47	53	0.32564114408989536
47	58	0.4712248994839735
47	74	0.47782495874912784
47	84	0.5782940647038718
47	85	0.5031840119873437
47	95	0.7187833079359612
47	98	0.7946713530447541
48	10	0.6395602959769993
48	11	0.3944138009107195
48	34	0.5906495690662426
48	42	0.5270498337034913
48	51	0.5032165499534721
48	53	0.5641175807680201
48	62	0.5706116192655188
48	64	0.3694923310232613
48	81	0.5764189874508411
48	88	0.5445015920999474
48	100	0.4903929776492872
49	6	0.42204921711727594
49	47	0.30774994507771847
49	49	0.4494672689414915
49	51	0.7772233077599611
49	62	0.22606729240023507
49	79	0.6672163348796103
49	95	0.46807924909540105
50	1	0.4332473265618668
50	5	0.45450753014472955
50	9	0.5103881916110382
50	16	0.31586073205459053
50	27	0.6158348671641074
50	36	0.3237806258787992
50	40	0.4976477708692108
50	41	0.534827733068739
50	44	0.4408926035068991
50	45	0.4140878927090045
50	49	0.33963602264467707
50	50	0.4692414966870022
50	51	0.37668494039800177
50	72	0.27628424455086525
50	85	0.7442943286384887
50	87	0.3008122254143609
50	91	0.5027416476987632
51	1	0.3695607996414093
51	12	0.6755974747477266
51	18	0.5071871549834291
51	31	0.5593341317592733
51	53	0.59744320103749
51	68	0.43669888992988504
51	82	0.4824670789751298
51	84	0.36631417544980993
51	86	0.37453107844529
51	94	0.36714399744662235
52	1	0.4330092903447783
52	2	0.5395223770494307
52	31	0.4825433896963746
52	33	0.534308059831554
52	39	0.38333080607670045
52	45	0.631403253123751
52	52	0.6410255938422371
52	55	0.3914681485971348
52	57	0.38959250231200176
52	65	0.442076523497985
52	69	0.3994848383280643
52	75	0.6921669808068872
52	91	0.268326639646604
52	98	0.5384429311512534
53	5	0.30229168166302833
53	23	0.39838225822389073
53	25	0.7139743728403327
53	33	0.7499469333944955
53	49	0.7865375483646143
53	84	0.6959401879102963
53	87	0.31501714090554844
54	31	0.34003228616668385
54	45	0.6079040872207958
54	63	0.39434629951574757
54	69	0.3855212256882639
55	12	0.826703917391036
55	14	0.5036691256579234
55	19	0.4900515717949898
55	22	0.46850753967104203
55	33	0.25292471794582794
55	39	0.6126276300987636
55	45	0.39264548070750327
55	56	0.5051596185627011
55	66	0.6312430821172925
55	75	0.42745539739746413
55	76	0.4426783751788872
55	81	0.45087244840460056
55	82	0.5651635355964794
55	91	0.5822165181407675
56	1	0.5780566594758119
56	12	0.4154645421631919
56	45	0.45697357125890264
56	83	0.47326428711529156
56	90	0.5909388117497126
57	20	0.5992972822890649
57	25	0.5653632596861526
57	48	0.5688310392339946
57	72	0.44569088248065253
57	74	0.48350618907432036
57	87	0.48131910611342993
57	93	0.6565179717391407
58	10	0.43348651439066743
58	14	0.4951716875293241
58	33	0.5649777019191426
58	35	0.7540906309475938
58	36	0.846363494902712
58	59	0.717664384660276
58	61	0.4673445602102842
58	62	0.5846657534470795
58	75	0.6472473401311906
58	80	0.363225860586731
58	100	0.43606934004557873
59	1	0.5443743104914573
59	8	0.6317857553900257
59	25	0.7282644805639314
59	43	0.6199184791437654
59	59	0.532062755751338
59	71	0.38993456397116427
59	80	0.5335807110914241
60	10	0.739952058447576
60	26	0.5315726213892046
60	47	0.6386550172581502
60	60	0.5327405072480238
60	62	0.4554170586405929
60	100	0.6445245996043646
61	12	0.44550204890704104
61	41	0.44623705935301505
61	44	0.4878070689027468
61	54	0.3048347072172574
61	56	0.5801611293929043
61	58	0.638138685210359
61	62	0.37730396797325466
61	77	0.44832803427095125
61	85	0.5843187158839708
61	87	0.4350415042823948
61	97	0.707605513131192
62	8	0.5167874727040573
62	17	0.5390958537621761
62	20	0.5134867742466065
62	25	0.5472409381108676
62	30	0.5364342352420624
62	47	0.4022085008861577
62	53	0.8050892018960243
62	83	0.27570801996645616
63	4	0.3657542889152859
63	5	0.48555423245160945
63	25	0.4074629793964469
63	35	0.443825163495059
63	38	0.3193062309419347
63	40	0.466350493579454
63	47	0.30521897408472864
63	83	0.5366453291276366
63	90	0.6017264198860127
64	2	0.6888936646627751
64	6	0.7142690499737109
64	18	0.5245985268686797
64	39	0.47641434283565254
64	49	0.4669535523979655
64	51	0.3886413562224818
64	52	0.6438114926164419
64	53	0.5570361933615952
64	68	0.3405130093611593
64	76	0.5837387077269052
64	85	0.4568938934624841
64	88	0.23991374714838026
65	18	0.7872573876325468
65	22	0.4985216051195102
65	30	0.6475664719935951
65	58	0.5941892234898063
65	72	0.6020771007139214
65	83	0.5934264228154557
65	85	0.4902434800008462
66	26	0.46514326204036466
66	34	0.6199391297396313
66	38	0.4965472538600532
66	44	0.5811180994790195
66	48	0.5952289491941841
66	72	0.3818580695934161
66	92	0.5131262528221728
67	9	0.6681573577987003
67	22	0.31464617768347125
67	28	0.5241932803324324
67	41	0.45640263511829415
67	57	0.6387395927959577
67	73	0.36376686678275055
67	76	0.3998635859830278
67	96	0.5213884580498952
68	9	0.3919285020934104
68	40	0.4750470395560763
68	43	0.39783562861871086
68	58	0.44345516608688507
68	66	0.4763176570272469
68	86	0.2938101228595106
68	93	0.4389982579423722
69	5	0.6919182801387591
69	15	0.43073403671270494
69	32	0.47110237926558124
69	52	0.7931792131408716
69	63	0.5443649783237855
69	68	0.531110854636092
69	76	0.6174313073377582
69	80	0.3819924728722913
70	1	0.7236509715924381
70	11	0.3373035828736705
70	12	0.5125436929988768
70	16	0.40796897649945
70	23	0.5412955996644319
70	27	0.5851901128279495
70	56	0.7738543065878735
70	64	0.5673796657244292
70	75	0.4893966488523034
70	78	0.19373916158220764
70	81	0.5243904354513458
70	85	0.5314462201803267
70	93	0.6968005064651274
70	95	0.44643033136412247
70	96	0.5926958461904533
71	4	0.5891412053916977
71	8	0.34726125866850316
71	26	0.5277735974583221
71	39	0.47697310849796737
71	45	0.3383139146769125
71	57	0.48553734476530336
71	73	0.24578885850159252
71	96	0.332861077752172
72	20	0.6808925946172265
72	26	0.4876242236156964
72	31	0.5469082934638121
72	39	0.6377100280335236
72	70	0.7482095106328985
72	78	0.4754569554761753
72	80	0.6696180314125108
72	86	0.5692472091075386
72	88	0.382379432505446
72	99	0.5967238491747259
73	5	0.6315538356851486
73	15	0.5729947326628377
73	32	0.7506509712414655
73	37	0.4417629307149106
73	63	0.6863485999566384
73	85	0.5036939475616021
73	86	0.5164356701243707
73	94	0.5542245405427727
74	10	0.3845501953990795
74	14	0.6207629034627311
74	17	0.4516873868626738
74	19	0.4715932739435952
74	23	0.6029979930982041
74	41	0.4760142476677648
74	76	0.6054636829617445
74	88	0.6664656156641623
74	96	0.40786612686779433
75	2	0.5412900992701237
75	7	0.23254831463008088
75	10	0.5298969103036512
75	35	0.6770908109771574
75	43	0.678561016783106
75	78	0.6357381847672954
75	85	0.32888699261515775
75	92	0.5596688501151768
75	98	0.12050139270659117
76	3	0.6488115766962451
76	26	0.604013673400348
76	32	0.47293536432360667
76	54	0.45943251952367653
76	55	0.5945341230010702
76	71	0.5422788591233714
76	87	0.5257021143970481
76	89	0.6869586666339865
77	5	0.5135832758799926
77	8	0.619957300550614
77	11	0.6626445947399859
77	34	0.635367673152383
77	37	0.39808742962252064
77	41	0.6236202401353925
77	44	0.4808970989296626
77	47	0.5914689188233245
77	59	0.6806284673594967
77	70	0.6181530553665717
77	76	0.346169301292258
78	21	0.39564920404811593
78	23	0.507509801294269
78	47	0.5090248382250093
78	50	0.7955979292721408
78	71	0.46267546016312683
78	77	0.5219208887939363
78	83	0.7358644261652939
78	93	0.4609898901428556
79	2	0.45663415756208003
79	8	0.3648481271411987
79	17	0.647564658537241
79	18	0.6334541824110376
79	28	0.340211734150697
79	44	0.4672548445328932
79	50	0.5884870901715937
79	51	0.6042601334803677
79	58	0.4083328410739356
79	59	0.5469266895058562
79	82	0.37748555586183485
79	90	0.4571738919536895
80	2	0.5465228832139671
80	64	0.4556671147463587
80	70	0.7395180848212679
80	77	0.3228227810168908
81	5	0.41649014894264585
81	9	0.5316780387224003
81	13	0.52390291966052
81	26	0.6849457552178423
81	27	0.5878744783332283
81	40	0.7585537252994888
81	45	0.5558246428571313
81	58	0.4756620320199066
81	74	0.6010231263393587
81	77	0.521252730843601
81	89	0.37759908668856207
81	98	0.5894573364684134
82	20	0.5693976919514083
82	35	0.4066167570816781
82	40	0.6103625776652112
82	44	0.5509482935067904
82	57	0.5965379153887047
82	64	0.6574996117932991
82	69	0.5168817746303362
82	79	0.30217866470324733
82	83	0.37858045137147056
83	2	0.552678866422118
83	5	0.33979937557310586
83	19	0.3728254033709179
83	25	0.6190660602673675
83	37	0.36170622293970955
83	42	0.5698420957809499
83	44	0.49898422448424323
83	60	0.14953948363678699
83	63	0.45415582251354797
83	69	0.703771976950282
83	70	0.43444618550352204
83	72	0.6206304080884336
83	80	0.5519629466764167
83	100	0.32027941299591306
84	7	0.593882536990787
84	12	0.8289471934677012
84	15	0.29246278049046126
84	16	0.5661951722414464
84	23	0.5623930164464119
84	31	0.4531996281594038
84	36	0.4718550552656983
84	51	0.6220159620630394
84	59	0.5556396309607329
84	68	0.626722373262619
84	76	0.3529387501861743
84	84	0.5410254183173758
84	89	0.6544571134063962
84	97	0.5615053472386169
85	36	0.3870705930806474
85	39	0.2960737387121248
85	42	0.5671531531152962
85	53	0.5352042377527673
85	74	0.4044827673100313
85	75	0.31193566291505453
85	91	0.4994244895397324
85	96	0.45823752786129507
85	97	0.423167370408502
86	1	0.5881893674876766
86	14	0.3436332454245665
86	24	0.4219605042770352
86	34	0.19627440397725346
86	38	0.6067667028151915
86	44	0.7320595137071435
86	59	0.5238259456245593
86	61	0.44243410782830267
86	65	0.3195308500010799
86	67	0.6612867991396005
86	75	0.5882702859561542
86	76	0.3680978681728355
86	82	0.6169889092413571
86	86	0.657073343976066
86	89	0.3852954751247257
86	100	0.3196045808849457
87	3	0.6699974986394799
87	20	0.5329161311428061
87	22	0.4142943271416517
87	26	0.6926898594170909
87	31	0.45143323891015247
87	59	0.5100908381911315
87	67	0.7404133574904633
87	72	0.5969510349930723
87	79	0.3169322939488483
88	6	0.36667296042393577
88	32	0.3764762054145715
88	37	0.3294990428275832
88	43	0.5260870992723735
88	54	0.547192817936664
88	74	0.6429135339758598
88	96	0.40870021059626144
89	47	0.35558871810389364
89	49	0.5176318243640128
89	100	0.6296771891402448
90	6	0.5960288575620746
90	16	0.32290507575510574
90	17	0.5313299979697224
90	18	0.4374801266603883
90	39	0.41446105038955094
90	64	0.599350546815276
90	87	0.5374150788249571
90	100	0.6739819659136307
91	1	0.5880151157901066
91	41	0.4787727433243003
91	44	0.503592874623647
91	54	0.5094863689443537
91	75	0.41079333112738947
91	84	0.5658713249704515
91	91	0.3990404256747063
92	12	0.7792954241238452
92	16	0.6151647842761255
92	29	0.541256605272521
92	33	0.512876931269025
92	41	0.5599672510048173
92	53	0.4487791186886098
92	67	0.6830643895320857
92	71	0.5463606460895402
92	74	0.5271921457766789
92	89	0.7799525704304303
92	97	0.5635508256726461
93	9	0.3891886479677024
93	17	0.4403006348492749
93	20	0.5727529060092161
93	28	0.6855088285729389
93	30	0.6271082049203153
93	48	0.38640668705532194
93	49	0.2983074725688311
93	76	0.5061852406280538
93	77	0.7147750529556228
93	81	0.5794713730522004
93	97	0.4304808415268264
94	8	0.46175763132681796
94	49	0.4692481325384576
94	60	0.5629540321071175
94	62	0.6143147021646168
94	74	0.5602231835608593
94	79	0.3655828148014145
94	96	0.4728050192825459
94	99	0.49125084107667655
95	1	0.5000910871414302
95	12	0.46761397099074214
95	16	0.5844522168589004
95	20	0.6053821135757849
95	26	0.5477531453883043
95	35	0.42588824211204973
95	49	0.5476608302633373
95	50	0.4355044701507203
95	80	0.6585872642903376
95	84	0.4282373526301619
95	94	0.6221211853663532
95	96	0.43480106591576395
96	2	0.736534890222099
96	20	0.5822395331876176
96	24	0.4720232947296251
96	41	0.27815829087096716
96	54	0.5346742808683741
96	62	0.47030552785970337
96	64	0.5121994102772088
96	70	0.536873126844975
96	78	0.6097008899683091
96	98	0.41703620112567813
97	8	0.41289769416266314
97	17	0.5118832741171839
97	20	0.32840412781246836
97	23	0.5141932186816776
97	30	0.571354844106484
97	94	0.5547074321312446
97	100	0.39385706547209137
98	18	0.52225843060503
98	25	0.5620394567903901
98	34	0.34616869226756625
98	35	0.5600319522941626
98	68	0.6442961677107458
98	87	0.43193100903370824
98	99	0.6519556508733317
99	11	0.6212022206700418
99	36	0.6116538370272168
99	43	0.5662367987140534
99	67	0.7325011638142388
99	73	0.23411912386800487
99	79	0.4483473741704263
99	90	0.6746062910522416
99	98	0.30081969181195367
99	100	0.4558956463371992
100	21	0.26007309803073064
100	62	0.4573606776363815
100	72	0.43346275536023376
100	76	0.611001072927092
100	95	0.5229131560775382
