1	10	0.5663908195330664
1	28	0.5073302155978515
1	33	0.4780625121426772
1	66	0.3395496890650348
1	69	0.49560956482294827
1	86	0.6331218984650928
1	92	0.482346978335174
1	97	0.6455199982009681
2	7	0.5752337760236871
2	8	0.5409401726928198
2	15	0.9347833674578703
2	41	0.8085036291804474
2	46	0.7123221049506431
2	55	0.3871388964329664
2	62	0.3764300661325723
2	71	0.33802562266496705
2	88	0.5140646851176139
2	97	0.6886145177854122
2	98	0.7395255651082703
3	24	0.3454838050724278
3	27	0.44376004868927327
3	39	0.6318844564568734
3	49	0.4300940729493923
3	58	0.2962537816605614
3	61	0.5784988482164849
3	73	0.6017547225676031
3	74	0.45224181492147547
3	98	0.5184588963852289
4	2	0.5398957724658087
4	4	0.6836055076951957
4	10	0.5379045618874012
4	29	0.6148390969505659
4	58	0.43362274607855605
4	65	0.46134245916211797
4	76	0.7493848036434415
4	79	0.7034488843959562
5	27	0.639719307103629
5	43	0.679764297534942
5	66	0.6088161907630076
5	96	0.5935853529858109
6	2	0.5063032459432304
6	6	0.4600407339813855
6	16	0.5926973750339233
6	20	0.35097327070000894
6	28	0.603752396306601
6	33	0.5596591869467944
6	84	0.5638419219589348
6	86	0.4458767404508124
6	94	0.6481786059196663
6	99	0.7378810808584735
7	5	0.46968160840618134
7	15	0.7306108158548965
7	20	0.6865801982373182
7	26	0.43920987725678906
7	49	0.648308536419571
7	52	0.3947580532721949
7	60	0.6359220662614992
7	70	0.5947894049093688
7	72	0.7303900400849038
7	95	0.42805216499010545
7	97	0.6966715999917471
7	98	0.6576608537073514
7	99	0.39934536086515654
7	100	0.5897554096691522
8	2	0.5951382449605312
8	25	0.3182074576441412
8	28	0.622470631864446
8	34	0.7633548181511669
8	57	0.3808425822505064
8	72	0.6973247686784756
8	73	0.5372902724228791
8	94	0.6249109645443827
9	4	0.40649497885536906
9	24	0.6103706298286945
9	27	0.4130017794053834
9	30	0.5373493743801094
9	34	0.444356906981928
9	36	0.6882685982236264
9	88	0.639160804446315
9	96	0.5554451520534011
10	63	0.49175127611956576
10	67	0.7065876027935944
10	68	0.45725746837551234
10	76	0.5968199037597187
10	89	0.637227879970096
10	91	0.5639162053847386
10	92	0.6489085066763673
11	3	0.1968003447458367
11	8	0.4403747413873893
11	17	0.6638334949610537
11	50	0.5441360405302718
12	20	0.6605761703090037
12	26	0.48473654458950477
12	37	0.4576449849238014
12	49	0.45405270783937807
12	58	0.5070645498622985
12	68	0.5972788711338565
12	87	0.5769897133674933
12	92	0.5393495913634905
13	16	0.444870565994942
13	19	0.47729382932111236
13	26	0.8741582403786653
13	78	0.6901618212449658
13	89	0.6371811762764618
13	97	0.34755897721549356
13	100	0.6643355816181602
14	8	0.5567622265653521
14	19	0.44401655260499445
14	31	0.6503137229415441
14	42	0.5557078267410553
14	81	0.728798860921758
14	99	0.5357471925652503
14	100	0.12820964693755288
15	16	0.37009349065009745
15	26	0.6973036632078715
15	31	0.5990933253295931
15	49	0.35803023152271746
15	63	0.7223064719054972
15	70	0.538109591814632
15	75	0.44521156386765065
15	79	0.6551911644867582
16	27	0.529657316621126
16	34	0.4908783962893991
16	39	0.6849076864016158
16	46	0.580985748005921
16	60	0.7057088616699683
16	75	0.29205665944447246
16	92	0.6385791805191525
16	96	0.7043936468925213
16	97	0.6496201928913052
17	5	0.5693651133541927
17	20	0.460592569736218
17	25	0.6743689808817728
17	29	0.47706562402659314
17	32	0.6628737123183832
17	33	0.6522299228746494
17	34	0.37249870761960135
17	44	0.5210380637683687
17	46	0.5168608712780461
17	58	0.687910988508937
17	60	0.5105640278300121
17	69	0.712836420708993
17	80	0.6672429017478153
17	83	0.5331882379995281
17	85	0.3995751334423414
17	93	0.686775238530651
18	4	0.334550117475781
18	12	0.5895977921784713
18	14	0.36132464281400745
18	15	0.4085481925780246
18	24	0.739084577981822
18	25	0.6602381344860686
18	29	0.38428295082359926
18	52	0.5732838318382395
18	61	0.2912045202752501
18	72	0.7682732112886206
18	78	0.590383926742261
18	85	0.6531401571414205
18	87	0.49403841782918273
18	98	0.7219952278193377
19	19	0.5093134805813032
19	30	0.5985056315390936
19	46	0.37952258859022053
19	55	0.4711261670550513
19	74	0.3128479468800921
19	76	0.8344895295620149
19	79	0.45521254255589266
19	80	0.4290767554888646
20	4	0.7222163595561971
20	7	0.46080315579475833
20	15	0.29790421127588346
20	20	0.4707186004746716
20	21	0.4666613360385251
20	22	0.40941195308917866
20	34	0.46196967680053647
20	46	0.6140992892853315
20	47	0.43287932065899914
20	74	0.4984616293053707
20	80	0.5414010196779561
20	100	0.4981212973041659
21	18	0.6559335566300516
21	34	0.6305456972391044
21	67	0.6333971902085599
21	89	0.2456374915362073
21	90	0.4541622748601998
22	16	0.5051834501325251
22	17	0.5375827394720322
22	27	0.30290540718149545
22	29	0.666144078559317
22	48	0.48144784617978836
22	50	0.4990806211020185
22	51	0.7550177748228232
22	75	0.6766832968671277
22	90	0.47498921947106815
22	97	0.6631318664162374
22	100	0.5277595134479169
23	5	0.5463292874914366
23	19	0.8082305634252448
23	51	0.35557492157620707
23	62	0.6692668225579796
23	83	0.5844118060443785
23	89	0.7059138674806164
23	98	0.8329190268317481
23	100	0.5902723354520129
24	3	0.5839420098085769
24	25	0.40919830919435146
24	26	0.5758314948403669
24	59	0.5828062808146245
24	61	0.6123281155109624
24	66	0.5464897451665623
24	69	0.6131613519891841
25	5	0.5765598854422187
25	19	0.4621601139758416
25	22	0.6138410611027962
25	23	0.4307289103080106
25	28	0.6159008207867683
25	42	0.6153531518355927
25	52	0.45667401876297076
25	75	0.4666623026085839
26	2	0.704007761134618
26	6	0.42273579433489306
26	14	0.3523469532913978
26	16	0.557125068700435
26	50	0.4982999038106679
26	53	0.30255784339914604
26	70	0.40721930231324033
27	4	0.40516181636432913
27	13	0.3901555259311266
27	30	0.4959450375421141
27	31	0.5689153797927444
27	39	0.7143606594869821
27	45	0.6212857597092803
27	47	0.3378923700681466
27	52	0.6474154842925522
27	53	0.640404815004957
27	82	0.5438837404319796
27	85	0.6822568150504903
27	93	0.4156169779753
28	11	0.4111087361982464
28	18	0.7579767374440353
28	25	0.536792007822956
28	27	0.37004213985972273
28	29	0.624605086100266
28	38	0.4697639819522055
28	41	0.5424514455395707
28	52	0.6256260370698663
28	63	0.5896325260912132
28	73	0.3329267902345989
28	83	0.81371509355133
28	84	0.6554674668601657
29	7	0.5806733429153982
29	9	0.31434842467030505
29	15	0.3726452835309446
29	23	0.8717689827415723
29	35	0.5666768390289715
29	37	0.45762305763266664
29	45	0.5139296941331862
29	52	0.4022147593499232
29	62	0.6873065170169278
29	90	0.7060309274310608
29	98	0.5129853488248972
30	13	0.49501679573264246
30	14	0.6659228714179489
30	28	0.5983786325765492
30	31	0.5347964440338507
30	34	0.5324692563501537
30	35	0.5241126323264024
30	38	0.5162476714919964
30	44	0.30842281273631056
30	60	0.36462196502515964
30	61	0.6737743321509462
30	90	0.7615120529173035
30	93	0.5998733512215016
30	98	0.5306104097358132
31	15	0.3990921528928138
31	24	0.43701819888249605
31	30	0.6218010275272482
31	45	0.7912007084697024
31	52	0.5655778444206541
31	61	0.8385539180274942
31	75	0.4326960883021857
31	86	0.7981811889659987
32	1	0.5970372475249541
32	5	0.520304618657569
32	6	0.5713962789032675
32	13	0.691616612695167
32	28	0.5194324582808151
32	32	0.42501221317572485
32	33	0.6340087230494637
32	39	0.5884648806157513
32	40	0.5782709092595322
32	51	0.5516440025245964
32	64	0.41923490710755645
32	69	0.45070084820285106
32	81	0.27138945266697523
32	83	0.5231203034793632
32	86	0.37315772711710726
32	94	0.5473491122033164
33	4	0.4465747338055035
33	7	0.26145833864721013
33	26	0.4942910318804306
33	39	0.5804349229555329
33	46	0.5374686463483697
33	49	0.5326827433080401
33	60	0.49733550660539483
33	63	0.6207699887489985
33	68	0.4421976432477255
33	71	0.6676138287194643
33	74	0.8667002610490372
33	77	0.4573248141262424
33	91	0.4443851823685913
34	1	0.4644296228147074
34	5	0.5297211981934754
34	17	0.6797878203571897
34	26	0.5523673687385999
34	27	0.458654664926869
34	32	0.5312953427924118
34	53	0.7735455170733003
34	61	0.5819189143897269
34	73	0.671437767525087
34	80	0.5786596992148786
34	98	0.38790069409434896
35	5	0.5391406412138223
35	45	0.44791017305757636
35	63	0.5139226981269407
35	66	0.5568678024389375
35	67	0.48254335571287027
35	72	0.7043584975113913
35	76	0.5726671903244029
35	86	0.49195298838460183
35	89	0.6941304669904015
35	91	0.7111938625551564
36	12	0.4539358948079235
36	25	0.5993220116696889
36	38	0.799127552760912
36	47	0.4055078955626426
36	54	0.5862760563413735
36	60	0.4320342866105703
36	77	0.6555107787161646
36	91	0.5880305482983805
36	94	0.6096446579589435
36	99	0.5794580087698815
37	12	0.7167429172595338
37	39	0.4718551537823894
37	48	0.6889434064325111
37	55	0.6262019634943803
37	67	0.36516818625204955
37	68	0.5387689832419719
37	85	0.1214968722522591
37	87	0.27698734370939104
37	93	0.41767538895395423
37	98	0.5280297249088637
38	5	0.7301863035307907
38	7	0.6082065855837702
38	13	0.5616979672536827
38	19	0.7246363367581675
38	48	0.5002493353103146
38	52	0.61645245317125
38	57	0.4902556246649981
38	59	0.554110758819466
38	61	0.6615091902182201
38	74	0.7242702376145665
38	79	0.5935256343753462
38	80	0.5716104467256126
38	81	0.587487257986502
38	87	0.5810585930679972
38	88	0.39409481548931047
39	6	0.4232902106171465
39	15	0.5019838298987168
39	29	0.6245550939906487
39	59	0.6153097568338876
39	76	0.557803419044737
39	89	0.6068776581277472
39	93	0.5095599412018346
40	3	0.5431897951331448
40	17	0.3686610075069601
40	18	0.7451339709569504
40	19	0.6295247266825313
40	20	0.33477075342914236
40	38	0.3693067204213496
40	55	0.22568991294235427
40	57	0.5649155684722729
40	60	0.788067660529549
40	66	0.21093340603038682
40	74	0.491284918998572
40	84	0.5650659256749188
40	98	0.41983823638773354
41	13	0.5794666765898113
41	14	0.6933193258150222
41	16	0.6255258248484842
41	17	0.49314215710546094
41	19	0.3652002231574288
41	33	0.4871313761097876
41	41	0.5842104675042932
41	43	0.6155643108437945
41	49	0.6615525867425847
41	51	0.5531189828462582
41	64	0.6304617393777336
41	71	0.5333870934860478
41	90	0.5410000931676086
42	46	0.5288722544466898
42	51	0.5155660551259135
42	56	0.7552374810238537
42	66	0.5300541478704139
42	73	0.41833025267035795
42	75	0.42822575007610675
42	92	0.5711407737150949
43	2	0.4649636575595778
43	8	0.5609633370019327
43	11	0.24234482802593357
43	27	0.6286508673806249
43	34	0.46381701785087986
43	48	0.5606403969866258
43	49	0.40983728184087215
43	55	0.5723636240586119
43	62	0.7230254264241038
43	76	0.6344272990404951
43	79	0.7221879080796213
43	88	0.7926016438266725
43	95	0.5764691117243904
43	97	0.5886909831316545
44	3	0.43800845197707367
44	16	0.4490345149866327
44	26	0.31102182698951886
44	42	0.36280094449430766
44	70	0.5115888515873194
44	71	0.5059315959200931
44	82	0.4352858723198931
44	86	0.4148258766166793
45	8	0.5893369554206945
45	9	0.595886006011676
45	12	0.8066172616774012
45	27	0.43324586173763957
45	32	0.504244205321308
45	51	0.7042441236791314
45	55	0.4824131902921486
45	58	0.4574209445353475
45	81	0.6443948407466956
45	88	0.5021183675074056
45	92	0.7867959919431847
45	95	0.7048678746975959
46	8	0.33336263490690127
46	25	0.4986958380851773
46	39	0.7399921389756294
46	66	0.7129742065197819
46	78	0.40428760142744147
46	84	0.5087432609106979
46	86	0.4178565259384101
46	88	0.5491098129315717
47	34	0.3073333718077917
47	42	0.5231945744477442
47	45	0.6860347341902026
47	59	0.6180299135951205
47	66	0.5142694405470085
47	67	0.6871706901350273
47	95	0.6258520636045841
47	100	0.4919813104768833
48	1	0.6520199956968267
48	2	0.6976602305134812
48	6	0.32785379080592925
48	7	0.518650169481703
48	12	0.40466581703095783
48	19	0.730690993386442
48	27	0.558768402566125
48	35	0.4162760073708262
48	62	0.5537988445766499
48	77	0.6511423308472464
48	97	0.5798542613729645
48	99	0.46747709139086446
49	14	0.45526954980480694
49	23	0.41809976670294946
49	40	0.41634338357511014
49	68	0.45610619092888793
49	79	0.4076432676439241
49	83	0.6282581570975366
50	9	0.7423962213884241
50	21	0.8480432628351136
50	23	0.35098719974152603
50	57	0.5933293529285183
50	86	0.32606373076171513
