1	3	0.62085204473003
1	21	0.6940459061810555
1	29	0.43143121381232225
1	40	0.3047537426355466
1	60	0.5947324818029366
1	81	0.4734165845307568
1	94	0.474511089054188
2	1	0.5145451698269295
2	2	0.38818773739969425
2	10	0.28657834650833014
2	17	0.4445035187851231
2	48	0.5237329659272392
2	59	0.44127194559319793
2	71	0.5108064745383182
2	75	0.3949195694629406
2	78	0.31216701692654114
2	82	0.21635696756434675
2	83	0.5541811990396956
2	96	0.4394384203675931
2	100	0.3962086083976693
3	6	0.8279645708064178
3	44	0.6299568940882534
3	46	0.4864989991024647
3	58	0.27714389115717375
3	84	0.4441135360331577
3	86	0.4812599609106505
3	88	0.5547753863363889
4	4	0.47463484820602503
4	6	0.5010503398037367
4	8	0.37923468176027914
4	26	0.19433289450806648
4	28	0.7413995414682685
4	38	0.6407842859777199
4	39	0.37135002990072524
4	54	0.29897743441215285
4	59	0.5949628240651432
4	67	0.674053997407234
4	73	0.5031015925249966
4	83	0.5109428394316148
5	4	0.6441529441668964
5	11	0.5631693260162457
5	15	0.6924466421122939
5	41	0.40201263217229866
5	51	0.3720496544636476
5	57	0.43615830001602435
5	58	0.5510524093896355
5	65	0.3964441489661529
5	86	0.437820031655744
5	98	0.7443999512106106
6	1	0.36755431605638544
6	4	0.5855756851020848
6	18	0.7057388942535369
6	26	0.5804938746688617
6	48	0.7056949254160294
6	50	0.5375993754184524
6	88	0.3616705582635105
6	96	0.5618072741630307
7	5	0.3302018395348688
7	38	0.3937704601353514
7	52	0.5351548687933185
7	58	0.5102977056719469
7	67	0.48686664120488826
7	96	0.7301596010888041
8	2	0.3319210759863497
8	12	0.4686772453465764
8	33	0.4344390399803356
8	43	0.5502791045206286
8	44	0.4138830689238902
8	55	0.37277315067250194
8	59	0.7413599117366814
8	93	0.2080038873974546
8	95	0.586611985603382
9	1	0.43783313738649904
9	21	0.597253924948029
9	22	0.48934869318201585
9	30	0.396961462085081
9	31	0.3711536216833866
9	34	0.3968908367738976
9	53	0.37646370728216266
10	28	0.30252437458557513
10	53	0.21877976314420064
10	55	0.32130695437932794
10	65	0.4843581158126935
10	69	0.34583265306498984
11	4	0.521358753296528
11	5	0.5157989161587091
11	17	0.6554006624961973
11	30	0.7173575096047169
11	32	0.6894027030023351
11	62	0.44662142516430114
11	72	0.7445101158269121
11	75	0.4860488576053063
11	89	0.5863299036897119
12	5	0.5076335028180082
12	18	0.44332464844177555
12	24	0.38024344562214857
12	75	0.5085247416275236
12	81	0.672048756308199
12	86	0.7242925229201461
12	88	0.5448448278983138
12	92	0.6026808047347506
13	1	0.3253518644468972
13	2	0.5507078735092137
13	3	0.45996248895377334
13	18	0.39831386566400634
13	32	0.6931075558116494
13	56	0.4249775704971628
13	70	0.3975984056698615
13	82	0.49145905816624214
13	84	0.7163487433823162
13	92	0.5204320557628396
13	97	0.20794444207634716
14	11	0.531497566928749
14	25	0.4874101755340524
14	34	0.45352516450382063
14	36	0.517840782753028
14	38	0.49198525231891355
14	55	0.7719941647909996
14	64	0.5887572642296891
14	71	0.5638677236241029
15	2	0.2940533542920651
15	25	0.3074667624208302
15	28	0.5718998878011562
15	41	0.5516075654372696
15	51	0.5682047259851087
15	73	0.6911353363204387
15	75	0.4179661168029261
15	96	0.5280871790849538
16	7	0.34051111307459686
16	28	0.5875161894849161
16	34	0.5855858786807865
16	41	0.7422706433118549
16	62	0.4487994158155649
16	64	0.5783111814516252
16	70	0.47099781305280036
16	78	0.4006414675512017
16	85	0.5430001826106553
17	10	0.6957349234407203
17	14	0.5740121237371887
17	27	0.45036069779818516
17	76	0.6453503059730837
17	80	0.47484896668537696
17	85	0.416105285160302
17	87	0.5442353513752715
17	88	0.5995613588587597
17	94	0.6856711127802124
18	5	0.2653755046979224
18	12	0.5221271812832337
18	15	0.500432475878236
18	67	0.543169245740947
18	72	0.6487232809361686
18	83	0.4257932068111602
19	28	0.6090638091047537
19	29	0.5338393574749867
19	45	0.43839747030283976
19	58	0.379099223787413
19	69	0.6396069794299019
20	3	0.4837541828793166
20	12	0.5146881427041795
20	32	0.382120600887791
20	33	0.2727596214515592
20	36	0.5882830611394203
20	37	0.5566910859791556
20	47	0.6980881519023403
20	80	0.3934394777423146
20	83	0.6591768180132075
20	97	0.38178192986414605
20	99	0.7100664289383403
21	14	0.590455402607646
21	25	0.4373514270457216
21	43	0.49904871141205687
21	55	0.6213798078015708
21	57	0.7105875340616226
21	64	0.5306172005511822
21	72	0.32718695551590776
21	73	0.36117790690100793
21	83	0.4403838815213372
21	87	0.3216847108149401
21	91	0.5922270423012526
21	94	0.5162581010207575
22	9	0.30610969712731523
22	21	0.530578404536364
22	25	0.39865341408815896
22	30	0.3648695083385507
22	40	0.46443859664485915
22	46	0.4967995730825899
22	68	0.7657567976893415
22	85	0.5559020686770618
23	14	0.6330941014058984
23	24	0.8875913428810547
23	25	0.5436139555311932
23	26	0.5607958899449946
23	27	0.29857506291893554
23	30	0.6335222665147183
23	51	0.41302689863805286
23	58	0.3609236952706088
23	61	0.8210209858921913
23	70	0.5279777978714488
23	73	0.3598386749860917
23	84	0.5152135452539628
23	86	0.467199796721128
23	97	0.5703453105844809
23	100	0.7413775949374638
24	13	0.5005435851405389
24	25	0.5983352551385863
24	32	0.5364931641935153
24	42	0.4150260015132997
24	48	0.5283335076007841
24	51	0.4983347739040831
24	55	0.5467638523362623
24	60	0.4401151606810882
24	80	0.5452546956821938
24	86	0.40851056121533524
24	99	0.3415721076541025
25	41	0.33395216064902383
25	44	0.6713607328483532
25	46	0.4122149747833117
25	56	0.6139800649290024
25	63	0.36868811524061873
25	64	0.555035666662148
25	69	0.48937333261913424
25	70	0.46302298870316877
25	87	0.5439911509887324
25	88	0.32763872476378064
25	93	0.5274598901693901
25	99	0.4195448857812437
26	8	0.7037531488590325
26	11	0.4843984333118945
26	23	0.49404523779994747
26	30	0.6292646753975054
26	49	0.26729652316511776
26	56	0.38638700060826775
26	57	0.849015884347531
26	58	0.2879254560204405
26	68	0.5729151665288325
26	79	0.35412990028988306
26	86	0.4143136042431429
27	5	0.41577898823200465
27	6	0.44446293614202376
27	16	0.6437744858041762
27	26	0.6876060416194208
27	38	0.4818014280665623
27	40	0.29102761141203376
27	61	0.24528573646633545
27	68	0.5386398682405431
27	69	0.39739059373220664
27	77	0.20161452626714735
27	90	0.44759808899210773
28	9	0.5823903665123519
28	19	0.3651017144783104
28	32	0.6603549393720671
28	34	0.6367945995040942
28	70	0.35159479179616976
28	79	0.5424544589135121
28	98	0.5140767167538985
28	99	0.5551831158448326
29	19	0.5170096189422823
29	23	0.5944253489775656
29	42	0.571887882029733
29	44	0.7075944924947701
29	68	0.456456117083961
29	71	0.3346687249397674
29	75	0.4664327607904596
29	91	0.4182477272616871
29	96	0.4997417708930648
29	100	0.54823696127094
30	2	0.5994167643846663
30	60	0.4023309164719559
30	61	0.1896878061328817
30	67	0.6767097205914266
30	72	0.45494505978514727
30	79	0.5387470703830677
30	93	0.5201886679937632
31	19	0.5171673317401142
31	22	0.5628853846853303
31	28	0.4554385673792655
31	31	0.4141515546517438
31	38	0.501044494211837
31	67	0.08285617466392717
31	82	0.620006027734547
31	88	0.5575208713349628
31	100	0.6440021418091332
32	27	0.492408297500951
32	32	0.40480693945893204
32	49	0.6768967502850727
32	63	0.6792801356668352
32	68	0.28256117726369545
32	72	0.5691269633713967
32	89	0.36042775216926926
33	28	0.4400284914409041
33	36	0.5342618057682068
33	38	0.6860582183802841
33	59	0.5340470325501849
33	72	0.7747531886167394
33	84	0.36422848495367993
33	87	0.7342974877012686
34	1	0.5231262370774216
34	2	0.4241850418382253
34	26	0.5328159654849349
34	29	0.4122633812944387
34	31	0.4851824137100677
34	40	0.511179139357437
34	43	0.4867317434606459
34	47	0.5448760771109672
34	73	0.5277659309833082
34	74	0.7033786403620694
34	83	0.5484909999723513
34	90	0.43318511297671164
35	2	0.36889668147545496
35	20	0.544338727498547
35	41	0.7991578869948913
35	67	0.6716299144900952
35	91	0.31165663828826035
36	15	0.5686236237281918
36	34	0.6087636791963423
36	37	0.6254913691439292
36	50	0.5143908708180012
36	57	0.5177767914874956
36	59	0.42888273513195707
36	67	0.3485910168380957
36	94	0.4704923427514877
36	96	0.5362358275768107
37	4	0.6361322762149194
37	11	0.534448473882749
37	22	0.4673253026511647
37	24	0.3567976379458191
37	27	0.6254515282606953
37	29	0.49728543683618837
37	33	0.5458334114003779
37	39	0.5466848247240667
37	52	0.82106962688319
37	72	0.569161390950832
37	74	0.5067836282498649
37	79	0.37819630669858034
37	89	0.5288789986827225
37	100	0.5965890057125589
38	19	0.5305072660832583
38	24	0.508481339176275
38	25	0.8121866590404678
38	33	0.5779971165563171
38	34	0.4704438854570061
38	39	0.41385086532739657
38	43	0.5243473087152886
38	64	0.5597435494395545
38	89	0.5744874257197029
39	4	0.5895245629658697
39	53	0.39419530356375493
39	57	0.5528503479705371
39	59	0.6020318706764537
39	67	0.6997167046684861
39	75	0.48767601558121954
39	80	0.6212746111510709
39	88	0.42294216372430127
40	12	0.6883359085147294
40	15	0.2949122220647129
40	30	0.3620351816640757
40	45	0.5499326572514756
40	48	0.62866552110085
40	51	0.41734911281233256
40	64	0.5528778236667637
40	73	0.4604903942486962
40	84	0.3825707301843394
40	89	0.5139964866196978
40	98	0.4100763738549578
40	99	0.40227270251945885
41	9	0.5260793776299763
41	14	0.8060550570208139
41	23	0.6427130905866254
41	28	0.7207560853477948
41	36	0.6656850409859981
41	48	0.5014278648327096
41	67	0.4965767270228607
41	68	0.5470650837250084
41	78	0.37286129155584213
41	84	0.30121201283026994
42	23	0.5266661514995659
42	48	0.41707544254008566
42	75	0.4183932143315088
42	80	0.49232437082256364
42	90	0.6860853190185561
42	94	0.5054737696240774
42	100	0.7315856817797762
43	1	0.2642056390190966
43	7	0.5020389518921984
43	10	0.44905602495285996
43	11	0.43525369526694563
43	20	0.4226865303165791
43	26	0.5094250375273226
43	29	0.6077584197590377
43	41	0.5682350938034192
43	54	0.35313898470428995
43	61	0.5407721603645104
43	69	0.4385171366602836
43	82	0.613773710786022
43	96	0.5921718242509404
43	100	0.29569515526911266
44	1	0.6220443941242145
44	10	0.5248767688974696
44	15	0.7007426304832828
44	20	0.2701263138582423
44	24	0.31323116690534775
44	36	0.36542823356974163
44	44	0.5258566236171879
44	47	0.5961656385770817
44	51	0.23877390652289376
44	52	0.5729705655257619
44	66	0.44405514515378797
44	67	0.6701897449829725
44	70	0.5859428284836131
44	77	0.47815135490883887
44	88	0.3368938560314468
44	97	0.7575069305083085
45	31	0.3746320467810951
45	32	0.48895414731088166
45	41	0.362109099894481
45	43	0.32840387560668144
45	55	0.5196128621509164
45	73	0.4711577257034152
45	82	0.6224917731632769
45	83	0.5687111785335894
45	84	0.4790446285951232
45	93	0.3018948660584322
46	6	0.5759901907928158
46	9	0.6010207103555996
46	22	0.3707789150745119
46	30	0.5436915397568196
46	31	0.5753761830317463
46	46	0.4812554709379133
46	48	0.38188606724119845
46	67	0.5065518184839739
46	79	0.6212999215742305
47	27	0.37491099751619794
47	33	0.342392261197869
47	60	0.6743410039920222
47	61	0.45486910881929415
47	95	0.5618937803647149
48	4	0.4502368446174114
48	6	0.4568401344770036
48	8	0.49295220558091823
48	9	0.3309484755147247
48	38	0.642993817058663
48	49	0.6640005697800919
48	60	0.238966379938422
48	63	0.6418022034593377
48	64	0.43362168309720256
48	89	0.6627158651417012
48	97	0.6104205178556356
48	99	0.35163517964638646
49	10	0.3713948564929549
49	20	0.5625043279353077
49	21	0.6929535820114078
49	40	0.4723082002539171
49	46	0.6710181947487226
49	48	0.761250845575902
49	80	0.5627584927107272
49	93	0.48756769500415004
50	17	0.4618947038000479
50	18	0.6832990700035201
50	22	0.6831419281815667
50	28	0.5136305443538397
50	31	0.5353238608926035
50	39	0.5132495220537286
50	43	0.40476582058674193
50	59	0.6569950188070961
50	84	0.43871461347204943
51	14	0.3989031056474703
51	25	0.4694248085239269
51	26	0.6321263211415824
51	27	0.5422655593170516
51	70	0.2636044941933315
51	74	0.5272644910253472
51	96	0.48137085137190655
51	97	0.7450076963296168
52	4	0.5435249367271282
52	14	0.6049379149001568
52	15	0.49299127739738746
52	17	0.4514317963499742
52	18	0.8757988054651739
52	19	0.5830062718471807
52	20	0.721561034519182
52	49	0.7075498378593347
52	56	0.5768244451642649
52	66	0.5284403675735859
52	77	0.7237592200104344
52	99	0.33116891348474425
53	12	0.44384409112363915
53	17	0.2493611401534776
53	18	0.33760598578828366
53	33	0.5772137465530889
53	38	0.5517502501575418
53	44	0.55256016523909
53	63	0.43272075007223404
53	81	0.6827253343536921
53	92	0.6017231961774051
54	8	0.49733465871259624
54	22	0.5462354422711567
54	35	0.38359514973336195
54	46	0.6964075174215897
54	48	0.5259305963141501
54	53	0.5115980267462047
54	54	0.3854194364692731
54	58	0.163429703442834
54	65	0.4753857725824123
54	66	0.5391268414762076
54	69	0.7279561202568956
54	77	0.49138950079867144
54	81	0.5685262970946202
54	84	0.546263681935385
54	86	0.5068221836887754
54	95	0.5258154924363829
55	25	0.651667972888117
55	41	0.4965847656073352
55	45	0.5071281726216283
55	48	0.3734216628265896
55	51	0.6131157667583258
55	55	0.45937842746501495
55	60	0.6066920445352169
55	66	0.5976522449996016
55	77	0.46357364451557825
55	85	0.4178651729403319
55	96	0.5439665521430476
55	98	0.49340878501912366
56	8	0.548711744983978
56	13	0.2535566853034708
56	17	0.4351412165531025
56	26	0.40123873778254154
56	27	0.44596106106715877
56	33	0.5618529998203394
56	42	0.5988452719308682
56	54	0.6682888177017632
56	55	0.6320898434608863
56	65	0.4503377289625331
56	69	0.32363029450532727
56	71	0.2764932481742772
56	72	0.154249766969492
56	83	0.4328856154860368
56	84	0.5689204570445716
57	32	0.4486619243018287
57	34	0.463305247595977
57	43	0.4673162367632333
57	45	0.5672929883634742
57	54	0.5754630189699522
57	56	0.4203987963252705
57	68	0.5014610460415653
57	82	0.5490224003467797
57	83	0.45430026464405576
57	86	0.5628907990428381
57	87	0.4834959682835696
57	94	0.3482123661688647
57	100	0.5006278389717906
58	17	0.5272487859997872
58	20	0.5494784724248745
58	27	0.8054895805182589
58	29	0.42951474276185525
58	39	0.33956439668002714
58	66	0.31367184528566194
58	78	0.45128932747588063
58	96	0.5344188221077649
59	18	0.6056718563416408
59	24	0.5157500670034694
59	49	0.3815666694319992
59	50	0.545781665921058
59	55	0.7318092690999684
59	65	0.626663255387677
59	70	0.4908026885288738
60	3	0.3939573482226375
60	9	0.719146875562223
60	13	0.3907086174092504
60	17	0.4225751511321626
60	25	0.5027606053657949
60	48	0.5543259717885158
60	65	0.6677507048063964
60	68	0.48800998225079534
60	81	0.46452587669252926
60	83	0.5591325929378241
60	95	0.49623758045116095
61	5	0.32155453362211434
61	38	0.34528518181308543
61	55	0.49707012820976165
61	63	0.537950353392853
61	95	0.696980906031514
62	5	0.37870867106345935
62	9	0.7057669443961739
62	30	0.4856097070386126
62	46	0.32501888900791637
62	48	0.6488132221892862
62	52	0.33519792919640135
62	53	0.8151419363689191
62	59	0.5605638371876681
62	61	0.2431170199832246
62	63	0.4513679074210773
62	75	0.5057399706834494
62	78	0.572956691329557
62	93	0.4693264143658378
63	1	0.8081188416642845
63	4	0.5623658665120536
63	14	0.5465727822777009
63	17	0.5418464472896473
63	28	0.5586388616254856
63	29	0.5377104558453175
63	37	0.5787382662668138
63	46	0.507364939415792
63	65	0.5151122647129305
63	76	0.569446662640834
63	77	0.5483173448938508
63	83	0.5652807283553017
64	3	0.43127450135229856
64	6	0.7251803456200414
64	7	0.3889821161055924
64	26	0.30851969960039133
64	90	0.3797886903515048
64	93	0.5844283147666595
64	96	0.4264917582822026
64	99	0.4924761804650991
65	12	0.6460811045743209
65	31	0.5115817593733498
65	90	0.49188644663534375
65	94	0.5621764096555906
66	4	0.6513096616210255
66	14	0.44724784618084956
66	19	0.567110222907236
66	23	0.6419615909286671
66	43	0.5260548386613912
66	46	0.6519033219849367
66	53	0.6105475786569391
66	67	0.7758505214968408
66	83	0.5744180935867564
66	88	0.5496853098777501
66	91	0.7771061748644165
66	96	0.5339243465812775
67	3	0.42353993632412673
67	17	0.3800026765310018
67	24	0.6475143760812503
67	31	0.5812887123038767
67	33	0.6992637840976451
67	50	0.43225542148767243
67	57	0.5301510930226616
67	62	0.5374902357872254
67	73	0.6021609493818074
67	93	0.3945416908218741
68	10	0.39830193986610846
68	17	0.46680825540611937
68	19	0.6760141333226974
68	31	0.6090450297857263
68	34	0.3576519344451065
68	35	0.4001663293468982
68	42	0.511872441937549
68	46	0.6906425674605077
68	64	0.4548851560633194
68	67	0.44764661278828555
69	18	0.40630882685571745
69	22	0.38830607122674604
69	24	0.406417278973025
69	32	0.4970642354462904
69	43	0.4143693844847536
69	46	0.5255123416685068
69	51	0.6604895861800539
69	57	0.34951111725633344
69	64	0.5569415381988614
69	67	0.30331815617634283
70	10	0.5456380668830033
70	37	0.3324246833743316
70	53	0.5720842669320417
70	68	0.5061494679530685
70	72	0.5409324453743735
70	87	0.35379975402490427
70	97	0.48230969602646145
71	13	0.4132931816962124
71	22	0.18975971168778732
71	33	0.3998669767541914
71	41	0.5605362296116287
71	44	0.46609185310650797
71	51	0.573108419663386
71	54	0.41925495632931686
71	57	0.5468458864423029
71	60	0.4192433474964863
71	65	0.3016109335943571
71	72	0.5648609402379429
71	78	0.4976955926855876
71	80	0.47644176210430794
72	14	0.44025306077196574
72	16	0.5985475667224158
72	23	0.569094061513421
72	36	0.44021973129982367
72	38	0.6339727081906177
72	53	0.4561311301612706
72	59	0.5548594489252824
72	61	0.47295706743846233
72	63	0.5709828382992079
72	64	0.5479134765360575
72	70	0.246719803241737
72	88	0.6931117932236194
72	93	0.43036604686692687
72	95	0.3300184481952324
72	100	0.4089384877398443
73	9	0.573872231331314
73	22	0.5262985176654212
73	27	0.20230546640037517
73	36	0.5783780964262979
73	40	0.39164859384530426
73	45	0.674329115104846
73	58	0.3071643995255204
73	60	0.4728729570738286
73	64	0.481697129883387
73	65	0.40221261111171147
73	66	0.5264684030031547
73	76	0.5699365120173555
73	86	0.6710363334322745
73	87	0.48258685043903055
74	17	0.39691577917090287
74	48	0.42088646209076125
74	52	0.4947803847946876
74	83	0.29976586143716266
74	90	0.46862413087095656
74	96	0.3798512971772068
75	1	0.7592423417718909
75	6	0.32235598731354226
75	7	0.38297096893849375
75	11	0.3561197463264219
75	21	0.24092539580942668
75	48	0.3788608032375872
75	57	0.43695586195801617
75	60	0.5413824652929268
75	62	0.7060595446878838
75	66	0.5706874845581961
75	71	0.4739061180513461
75	79	0.28642244311679954
76	1	0.4336443898421972
76	13	0.4936787261961269
76	15	0.23382684459337869
76	19	0.6394349839217095
76	46	0.5515616755690044
76	51	0.6773870175577577
76	54	0.5932026662094383
76	62	0.18767467220010906
76	82	0.4593331828919358
76	85	0.3864555077138136
76	93	0.45510019548539465
76	97	0.635871869653804
76	99	0.5268488932591068
77	1	0.2874074099564238
77	8	0.5093186512680749
77	23	0.5396466426696668
77	24	0.6417721276722546
77	34	0.4712057514186665
77	39	0.5641716621352105
77	49	0.5302817092900513
77	70	0.40091042134003885
77	84	0.41262776941602036
77	100	0.49130452957013504
78	20	0.5907399385907258
78	29	0.7932148366325271
78	32	0.3416683084052705
78	34	0.4899011059694705
78	35	0.2854917656198984
78	46	0.49241697296244574
78	50	0.586584564513794
78	85	0.36985283361057664
78	93	0.6066937522783885
79	12	0.5822202854929908
79	37	0.3999943901495922
79	55	0.6556277796740105
79	65	0.3030412336844223
79	74	0.7077625888211729
79	92	0.5070861091602404
80	1	0.6753830340544069
80	3	0.6176887047824572
80	7	0.4963362021577537
80	23	0.6276563724542958
80	39	0.42591640665895353
80	41	0.5858031881341564
80	71	0.4720260401411269
80	79	0.5971700967568335
80	88	0.24587434984635523
81	1	0.5194221270391282
81	9	0.42725040969482914
81	13	0.5068520254667307
81	33	0.21955047527841978
81	45	0.4247951430551752
81	56	0.5974047198834399
81	61	0.5962433520631878
81	65	0.4757566168877048
81	67	0.5490811972005369
81	74	0.4186271890595817
81	80	0.21471517805002946
81	100	0.8533429825021156
82	20	0.37066872676323603
82	50	0.306128807371117
82	53	0.3691117023647871
82	65	0.6108667973041454
82	75	0.49665399206191785
82	80	0.36083822398131543
82	91	0.6510965140407724
83	6	0.4446901378300257
83	20	0.5273138378391016
83	21	0.5245536316316358
83	22	0.5262157144527592
83	31	0.587704796254208
83	36	0.48260820808320914
83	41	0.5502372245166807
83	54	0.5608443527623849
83	56	0.5806331184224897
83	59	0.5301800643425185
83	71	0.36561998551086416
83	99	0.61126999691845
84	8	0.5244947586380113
84	10	0.49988447359665933
84	12	0.5444558373783728
84	31	0.5923055323240035
84	41	0.6305131275733971
84	50	0.6844432301867838
84	56	0.5259319751497691
84	61	0.574938269866209
84	78	0.4137875135439592
84	84	0.4715520568162533
84	90	0.6886268708530234
84	92	0.5612700421759673
85	7	0.49355766144822383
85	30	0.4912027391571983
85	42	0.37575874677834653
85	76	0.8701094152073415
85	78	0.610033548126138
85	92	0.6543192167559698
86	1	0.4707564377030947
86	10	0.37671084650403086
86	16	0.4829810653315613
86	34	0.34919483852668476
86	36	0.49125176841058427
86	39	0.5197663816413801
86	50	0.4187398223801881
86	52	0.43044420328420746
86	59	0.5541382173080596
86	74	0.6164970324537831
86	76	0.3912626267338872
86	78	0.5317575596130765
86	80	0.4129106889812258
86	82	0.6471653417046066
86	89	0.6755066413350056
86	100	0.48668077431102647
87	9	0.32553309975239664
87	17	0.4948438592812712
87	20	0.4755248132927575
87	22	0.5435340560914912
87	24	0.4736976049487974
87	32	0.4814506510220126
87	36	0.43883230765203257
87	39	0.5520591616914089
87	44	0.5065997881737451
87	49	0.5833305915660245
87	54	0.35780302265347297
87	58	0.4434254490695904
87	63	0.4705205959679258
87	79	0.6123121060370436
87	90	0.5403775671050685
87	91	0.5243074378187652
87	93	0.6209322052634227
87	97	0.45923710533946893
87	98	0.6284062157411751
88	11	0.46055423732685424
88	37	0.31495486148282503
88	49	0.4689138066762298
88	54	0.5847829107296926
88	70	0.32443738645327885
88	73	0.45418905468999726
89	4	0.24892135422515274
89	16	0.5036358972719953
89	23	0.5702001159356838
89	34	0.550249576833792
89	36	0.5874270141055701
89	38	0.2791525943515525
89	43	0.47664043499467645
89	62	0.32279539853680506
89	70	0.4567925857453085
89	71	0.7260988721204475
89	74	0.5823565178133856
90	4	0.3479517737138863
90	14	0.6037156641778404
90	18	0.2522652968711271
90	21	0.5891941364255185
90	25	0.4386792016689109
90	59	0.5432734016994146
90	64	0.1957683677848199
90	75	0.38067754633106327
90	77	0.238454290531911
90	92	0.40612319434312744
90	98	0.23196209088881048
91	28	0.4258058228414809
91	32	0.5605918422414718
91	47	0.5916858764652007
91	62	0.31598983702787303
91	69	0.4478444666062472
91	71	0.5174945298654505
91	75	0.6000301583028034
91	79	0.3194377931095284
91	82	0.41278732872280477
92	14	0.6100745141746082
92	31	0.4129493508420857
92	35	0.6901980801297517
92	52	0.5808176564656575
92	59	0.6100749427361507
92	75	0.5086196969433472
92	87	0.3437325917658453
92	98	0.42558354830930323
93	1	0.6051818466920628
93	5	0.3814663428162634
93	30	0.4802734171769066
93	59	0.5118335753999383
93	63	0.6253490535336647
93	66	0.4109414474030768
93	71	0.3248631956001296
93	92	0.5655470756186141
93	97	0.6028764766240784
94	1	0.4184059560665137
94	13	0.42586886495102194
94	22	0.6780451972625842
94	25	0.37545526736861823
94	34	0.624163425913963
94	36	0.4874401306756534
94	47	0.4320637508301024
94	48	0.500230540447303
94	50	0.4848574738206892
94	66	0.4083768871390838
94	72	0.5550972052645247
94	81	0.39714100417832243
95	9	0.2656227078611886
95	12	0.5843072555263593
95	46	0.3096271913253737
95	48	0.5666387927926614
95	57	0.5302503258542131
95	62	0.31398649274156715
95	65	0.4382436295972628
95	70	0.5390171717909934
95	73	0.6398643114083018
95	92	0.5783125145996587
96	3	0.36237680623887025
96	13	0.5178036217846808
96	14	0.5355798351291692
96	36	0.47875794554713197
96	52	0.6235136935855797
96	54	0.497077521533837
96	73	0.37296606758155004
96	76	0.4287062152817254
96	80	0.36658370967209003
97	2	0.6876913687844229
97	5	0.38147091292515234
97	16	0.5871256144013753
97	26	0.4692582926838305
97	27	0.11604286201645499
97	38	0.4827568759023279
97	45	0.6279394014345775
97	59	0.3261546450496169
97	65	0.356235488978033
97	80	0.27488405989869147
97	99	0.5207233275315112
98	8	0.38383782188459425
98	28	0.33718604419919956
98	36	0.6175305817598484
98	47	0.46388687210513546
98	55	0.8028600832452089
98	64	0.5911682465816914
98	68	0.5375780358311562
98	70	0.42590712803783887
98	72	0.28193187562216576
98	91	0.32143559863441334
99	13	0.6826513614238191
99	34	0.6844299067720838
99	35	0.5079091602131182
99	38	0.5317348118290572
99	40	0.444634332105687
99	45	0.4568314653158018
99	53	0.6081758936728624
99	66	0.4718273408777139
99	79	0.6319964751738896
99	82	0.5293705187725081
99	98	0.4997243760670442
100	21	0.5098514417267306
100	37	0.25721643787159654
100	65	0.16703441104396155
100	73	0.48071255632696935
100	77	0.34834873056195126
100	87	0.6158735822533518
100	90	0.4545213122780773
100	98	0.5950470573775715
100	100	0.30921555224831615
101	8	0.5614160214916284
101	11	0.39877521375304315
101	17	0.5133120347696215
101	21	0.24020440754097128
101	24	0.3207494495324992
101	35	0.6829343153340498
101	38	0.43314586535329264
101	44	0.5965514363752613
101	46	0.42380827399634063
101	61	0.22770131570684854
101	69	0.38911484592255435
101	75	0.6292036113826475
101	81	0.6568127453812603
101	93	0.5237702797749546
102	3	0.5538387361003985
102	5	0.6040024175225311
102	11	0.46725551003261384
102	18	0.5199465652078489
102	25	0.5010497024575848
102	35	0.49705422092717355
102	50	0.6846366965187893
102	52	0.19909810204795908
102	54	0.49103930960179154
102	60	0.509579507381127
102	71	0.672038641988165
102	78	0.48238767308830094
102	80	0.44785996072319256
102	81	0.3733563110944458
102	88	0.5246237086185744
102	97	0.6029438225525582
103	2	0.4741130796594782
103	18	0.5710426302119969
103	26	0.6680158966432475
103	31	0.7122501231217897
103	35	0.729099340239129
103	39	0.6495209223292265
103	49	0.474841527148967
103	51	0.392071085517545
103	77	0.36146745406822023
103	88	0.5085697974024442
103	89	0.16158105967444913
104	19	0.6268623296361108
104	46	0.4407575049563196
104	71	0.5000094939595263
104	79	0.3554012958740775
104	81	0.39979983509601774
104	89	0.4936459240672977
104	94	0.6640334526778172
105	3	0.7970832972034115
105	13	0.7121493535151608
105	21	0.6526893440179484
105	23	0.6482290552948635
105	67	0.592002022841451
105	78	0.6362679568692801
106	3	0.40167933259036437
106	8	0.43397410863088076
106	19	0.5793305085477433
106	27	0.4422831578557695
106	30	0.32191664569341777
106	33	0.5216369521998917
106	38	0.49037063236907025
106	40	0.6324487193190864
106	51	0.6739151153466354
106	59	0.6824210875901898
106	67	0.42056685195821153
106	71	0.4140294760960708
106	72	0.47168397207964485
106	75	0.39169801519186864
106	89	0.7114110366452421
106	92	0.24482416185339756
107	5	0.5926527742450618
107	15	0.4969368550085448
107	19	0.45916676264648926
107	54	0.41932701586328835
107	63	0.6244796444267388
107	87	0.5867637804953131
107	91	0.3847568519458311
108	16	0.3874483015162312
108	36	0.40562887513326
108	40	0.5641591460653612
108	61	0.44400834657937577
108	62	0.5885010075376835
108	64	0.33462209726566094
108	66	0.29972756287161173
108	69	0.41463885957846625
108	72	0.6651540561491579
108	74	0.5095449097470611
109	17	0.3232039352271867
109	29	0.24280439036321888
109	61	0.4826399701503666
109	75	0.3521197539106147
109	98	0.6484192861262679
110	12	0.5603923661309342
110	18	0.6906066680153353
110	25	0.33756066067820334
110	26	0.6421999899398962
110	33	0.7385432529864493
110	41	0.7217405017830572
110	44	0.5654163192805907
110	47	0.29042306462341455
110	59	0.3091099345615544
110	72	0.5430407881556546
110	74	0.4529100254610859
110	80	0.36017396357038817
111	5	0.43156824099917884
111	18	0.6935021041306078
111	24	0.5504529235754505
111	25	0.32386092172044617
111	34	0.2881100939077589
111	35	0.5254166517471899
111	59	0.4426483611453075
111	95	0.32376948533998173
112	29	0.44089526672766466
112	32	0.429907104712128
112	34	0.5990647148764051
112	61	0.35734053217163986
112	70	0.13768620006609988
112	72	0.466150995711254
112	85	0.565183435242091
112	87	0.5771277863828089
112	90	0.8202987975459436
113	6	0.5966945477346478
113	7	0.42551543955215193
113	11	0.6060071086808427
113	12	0.3642584662633649
113	27	0.4738617190836793
113	95	0.5663775933678669
114	7	0.42501586382030443
114	11	0.4261234261994196
114	14	0.2568686242633759
114	22	0.47066077359351477
114	34	0.504294519248141
114	45	0.6519906208438756
114	65	0.42077714267631067
114	71	0.48148944873449967
114	78	0.26876128825842455
114	79	0.3708266745692594
114	80	0.42539332006813824
115	19	0.5741683915403357
115	22	0.3203150527265717
115	27	0.6554422064287571
115	48	0.39938518861434025
115	68	0.5382030126497342
115	78	0.6503244149878853
115	97	0.23046237528789765
115	98	0.6243830839973731
115	100	0.5755341795461867
116	7	0.4990831069988769
116	10	0.4892511429047939
116	27	0.5816848178109699
116	29	0.6394346239436952
116	47	0.657792609858674
116	60	0.7720357132762844
116	61	0.5402500793149988
116	74	0.5404209393290349
116	81	0.5330051143771062
116	91	0.5066485927001997
117	8	0.2911324356640446
117	10	0.5196735996372525
117	17	0.3256200839525345
117	29	0.14171143223848182
117	88	0.46858331570739614
118	12	0.6764462534052058
118	23	0.24088591916200977
118	28	0.3106590833736987
118	48	0.6648339334751471
118	54	0.32470052267663085
118	55	0.3789833338668192
118	56	0.3762400348695019
118	73	0.808394918088403
118	87	0.6146318516000593
119	7	0.44403472075360156
119	22	0.6100037254267386
119	65	0.4869171783820251
119	67	0.38627822718324917
119	74	0.5393200968150705
119	75	0.4835718642770907
119	80	0.506370594610121
119	92	0.37521990760802065
119	96	0.4059597996786837
119	98	0.3032165844280082
120	5	0.5773601789445811
120	13	0.37047797715234104
120	33	0.39057178307145596
120	35	0.6245043407914149
120	39	0.5300581014433093
120	50	0.5450692225881079
120	62	0.47769921426773
120	70	0.5071553862939163
120	82	0.5657899307331048
120	84	0.5004509513138709
120	95	0.591501120876771
120	100	0.6506951838992997
121	4	0.44341985762612585
121	27	0.34959954467116533
121	29	0.3787214320616076
121	31	0.4555731805634322
121	63	0.4050533916413949
122	9	0.2800959482832526
122	48	0.24519665777279362
122	53	0.25417247765985324
122	56	0.19139027987778404
122	80	0.598820789837021
122	100	0.6203719834892424
123	4	0.35681321523253107
123	8	0.655267986889217
123	30	0.49204117877843867
123	32	0.21762137719167302
123	49	0.40657350196871295
123	52	0.37969233141203534
123	54	0.516966330752277
123	68	0.4780067855568654
123	73	0.4854558743016155
123	99	0.3648901530921641
124	6	0.4285307543909418
124	11	0.42863533024668077
124	21	0.7231610962126502
124	29	0.4074710694943858
124	50	0.6094308465774302
124	59	0.5601633554193274
124	66	0.4497689334278674
124	70	0.37944554378493334
124	73	0.8592383598165244
124	79	0.5781592824602141
124	91	0.70527941390163
124	98	0.4750898671837926
125	10	0.8876232597573552
125	19	0.5877800832776788
125	25	0.5323655719046385
125	28	0.5781310114701556
125	52	0.4885298964043142
125	79	0.6012031439978303
125	98	0.275597871524436
126	26	0.5868479838392499
126	32	0.7172844035623956
126	34	0.3156237157483112
126	38	0.36317746729037453
126	43	0.4673149925470957
126	52	0.5651081474847367
126	65	0.6061429144174798
126	70	0.4068166953509847
126	71	0.6302934578828842
126	81	0.6668483958925072
127	23	0.5014140566397834
127	24	0.4912853820273886
127	28	0.3608658499243463
127	39	0.520734004682278
127	41	0.9221435376196179
127	71	0.522550559259483
127	79	0.8671108730830721
127	94	0.33431755196527035
128	11	0.48038412202922
128	14	0.5175545504284317
128	19	0.4256640891495179
128	24	0.48591449953925814
128	25	0.3943013258746426
128	26	0.3903987047186306
128	34	0.42607164207547654
128	65	0.7708959362107047
128	67	0.5094520053750823
128	68	0.48073757930318695
128	81	0.3929784690134556
128	84	0.6418740549189638
128	90	0.42682577767960217
128	97	0.2703863398283187
129	15	0.7273801312806409
129	41	0.3943363066308915
129	62	0.4266912516256884
129	75	0.6927631904812602
129	77	0.5030811602226327
129	99	0.6172992640055572
130	13	0.40421843453155415
130	32	0.32759582155311684
130	75	0.5392917565084993
130	90	0.2508974963377001
130	92	0.3745510096012362
130	96	0.3857900862045195
131	5	0.4554995625265271
131	8	0.525634270025916
131	13	0.742313503865875
131	26	0.35842774468959465
131	31	0.44337400484694484
131	35	0.46304222672221734
131	54	0.5305300326179636
131	58	0.3236551404072125
131	60	0.3411196632808072
131	66	0.362122692480207
131	70	0.3065991683173803
132	4	0.30390221482576446
132	15	0.4984266948804419
132	26	0.45194296495800074
132	27	0.5792268238650737
132	36	0.5727293423987865
132	40	0.5698813171750114
132	43	0.7530155246712483
132	53	0.3540533690710767
132	70	0.9132218138479573
132	79	0.5658856037399919
132	98	0.4779509672791537
132	100	0.4205046177014084
133	2	0.8223258310089769
133	19	0.650837507157224
133	26	0.5123529721183085
133	49	0.7168054856588283
133	57	0.6598865797161001
133	77	0.6117799409930872
133	79	0.7945014418505396
133	96	0.3984418400718326
133	98	0.4911056505040735
134	18	0.6595423269457507
134	36	0.6678814430181093
134	38	0.643545553211248
134	68	0.2627478278316393
134	80	0.6338700156884155
134	81	0.4737147709957865
134	83	0.25563430937828957
134	92	0.4832553839893559
135	4	0.6368166909032456
135	19	0.3317454213024155
135	29	0.5020477174066628
135	32	0.3340782305267664
135	34	0.3820494829580327
135	35	0.4082533967945179
135	36	0.7209982841456967
135	43	0.3753967127677319
135	89	0.747307354660974
135	98	0.5198078427931973
135	100	0.4518893791633518
136	22	0.3761825774125916
136	27	0.3796250953174834
136	35	0.5385756620068491
136	39	0.5891784654560059
136	41	0.5117579440497727
136	64	0.5021193144188976
136	67	0.4934803260412886
136	80	0.5310824113285589
136	82	0.39873312194649785
136	87	0.5371374669750199
136	99	0.5200295014203757
137	1	0.44092504991001574
137	8	0.5960592847389068
137	10	0.5877819340444989
137	23	0.45677623857821487
137	54	0.4946199355307457
137	55	0.5023523771533782
137	63	0.26490914566644613
137	76	0.5120159014910516
137	90	0.4124134219815983
138	23	0.320287637442951
138	24	0.5853490107669765
138	29	0.3611443520087386
138	90	0.2882131620402454
138	96	0.6053835341254422
138	99	0.6825664705951937
139	3	0.5326206868538446
139	4	0.8133011249701412
139	7	0.42914717084736625
139	18	0.6913265820684383
139	19	0.43884548018212743
139	27	0.4967576096102934
139	71	0.3881858043877913
139	84	0.47576178176846773
139	86	0.6555770525064072
139	87	0.15625220215114
139	92	0.21041898460296612
139	93	0.5303050138692483
139	94	0.37634001538367956
140	4	0.3802310792424465
140	32	0.4596357351130377
140	78	0.5703918818270401
140	87	0.6764010230978311
140	93	0.7855232624143971
141	34	0.5497229708472046
141	48	0.5242233549261811
141	53	0.8296502560275978
141	60	0.5292571603568957
141	65	0.2565033589300303
142	1	0.46497969442291
142	3	0.44590597747998845
142	4	0.5034323184625
142	5	0.5642172452613432
142	15	0.60389379893416
142	17	0.3907682636802794
142	45	0.5596128344087988
142	48	0.6448623588347089
143	13	0.6071930363161325
143	24	0.4267931335582789
143	25	0.4956351145282436
143	36	0.7101749214855811
143	39	0.33713818840231574
143	50	0.47358861004129166
143	51	0.6269143618293445
143	68	0.6252768517868378
143	73	0.6236121252864891
144	4	0.5417700155099443
144	15	0.5095210319179856
144	16	0.5772490792818227
144	29	0.2496805989131824
144	36	0.7055596450739422
144	85	0.4198572699667578
144	86	0.19311358042444843
144	92	0.5722967267197332
145	1	0.6050915318987167
145	6	0.5579599994817344
145	13	0.5347726588434976
145	14	0.702434977603646
145	24	0.5693906569721484
145	59	0.3901907397987784
145	76	0.4970259534772016
145	93	0.5528091379585985
145	95	0.22720662462412936
146	6	0.5744232424456531
146	7	0.27908407906957056
146	14	0.4418817797628123
146	34	0.5352787496069259
146	57	0.3719271458479987
146	63	0.4323713855484029
146	69	0.47646254910103647
146	80	0.11255481174489726
147	6	0.42981819142983285
147	21	0.39692336713290255
147	22	0.4951270643392324
147	37	0.4391939627324302
147	43	0.5687679267987712
147	49	0.45948112362700066
147	61	0.6918754283027453
147	64	0.5080593709938604
147	68	0.5842324817251141
147	83	0.49029142282559884
148	1	0.5637980402416514
148	8	0.5762454065679194
148	16	0.3204859448628471
148	36	0.312585834989683
148	44	0.38668318256254824
148	57	0.5709122085401879
148	72	0.47956642772336266
148	76	0.5861375616933604
149	64	0.6116595603513667
149	89	0.6658977115644011
150	2	0.7267088504712085
150	6	0.7106138260010697
150	9	0.40518271812883916
150	10	0.526805528739601
150	11	0.5992732449389914
150	12	0.47861022776660334
150	32	0.5040637627754585
150	42	0.5883807733876572
150	51	0.44249554509755773
150	59	0.3168086717568059
150	75	0.7306619073553708
150	76	0.47293116931334045
151	5	0.6499867722328204
151	10	0.28654889356799373
151	20	0.4663741647046162
151	31	0.6616790736602126
151	36	0.4250348009625986
151	55	0.7631409092858903
151	66	0.4845863540240059
151	73	0.6426472435730086
151	90	0.4999937717061961
152	12	0.40222554104884917
152	13	0.4980539733639425
152	17	0.5837674352650607
152	25	0.5418759955849947
152	30	0.6003843312351693
152	35	0.40524778313274323
152	46	0.5467266252432176
152	55	0.6441176753040238
152	63	0.5608442026872673
152	67	0.6499225031210214
152	68	0.6333393576456756
153	12	0.40382914723334484
153	21	0.3702382432833857
153	33	0.5075191764620378
153	56	0.6975213740322486
153	57	0.6227866616550023
153	98	0.6328235054123325
154	53	0.5091174290867159
154	55	0.5804898126304777
154	58	0.2285082691276321
154	66	0.7018154495034059
154	72	0.4038506251060147
154	89	0.5697072529577364
155	5	0.3996038513285701
155	6	0.43062600234286436
155	13	0.7591473561083066
155	15	0.5204283201096472
155	27	0.5262018624599394
155	28	0.3940365798683244
155	32	0.6202387182374013
155	40	0.45946898250697366
155	41	0.29440100219322457
155	52	0.3276828128934839
155	53	0.542738133309224
155	56	0.3743302362728148
155	57	0.3449875603041694
155	82	0.5797909287214063
155	85	0.5141189288184169
156	4	0.42592910699214415
156	6	0.46305030612446385
156	7	0.55931321443837
156	14	0.58821024797309
156	35	0.41899234800918
156	43	0.36079418334255703
156	46	0.4029087489215692
156	52	0.5626078819125148
156	54	0.4938918412924144
156	77	0.37674850540372845
156	86	0.48816053602908543
156	87	0.6413515137323987
156	89	0.6639710716789741
156	91	0.41765419855586694
157	8	0.42328355677955276
157	13	0.640472447135347
157	20	0.726239452767807
157	28	0.20672032490102207
157	32	0.5910307737260863
157	52	0.2817605074121311
157	73	0.44371644265040744
157	74	0.43209357467479026
157	98	0.6772083622540868
157	99	0.09521726657703422
157	100	0.2402915877246822
158	17	0.5288800733716922
158	25	0.41862798459365286
158	35	0.49516837099389643
158	48	0.492307952540721
158	54	0.30299561595425456
158	57	0.5030820896143853
159	1	0.45581968053390176
159	29	0.4814285149860456
159	51	0.47915626390896854
159	63	0.4058634196860409
159	65	0.6805735407142037
159	92	0.27915588888025966
160	23	0.523160514785931
160	26	0.6802342714854477
160	28	0.38104740898980305
160	36	0.5118372909294503
160	44	0.43971765363396403
160	50	0.4256085668170354
160	58	0.34072935614897654
161	1	0.3416236798267575
161	9	0.7162204177396972
161	38	0.645802938299176
161	90	0.30006666711651714
161	91	0.5444239021138324
161	93	0.5492201673717994
161	96	0.4335621043781929
161	98	0.631744469148042
162	2	0.6774893048910684
162	10	0.3490018638799215
162	18	0.5044608397808118
162	34	0.5068491785155422
162	35	0.2732905892843027
162	38	0.3078350814149304
162	42	0.4332537699776204
162	59	0.6447173952313527
162	72	0.323972081029328
162	80	0.5765651751260006
162	83	0.4865357772440213
162	87	0.7418341676474013
162	99	0.5335230049710582
163	14	0.3909456495451397
163	20	0.7119256895591491
163	21	0.36953783876082474
163	22	0.47044483304845325
163	24	0.5412504910835637
163	29	0.4108455859067141
163	63	0.2598893789640758
163	64	0.5831614894124879
163	66	0.4969360939771607
163	73	0.44935778703868134
164	28	0.5605309764258842
164	53	0.47297335105644894
164	55	0.8355134691616575
164	62	0.5565314290685702
164	75	0.5225779117697161
164	91	0.8151751131713265
165	5	0.5513771994669548
165	10	0.3028561225003581
165	21	0.5657374104934809
165	40	0.22724571675950683
165	51	0.4862683646711488
165	64	0.4515244744823252
165	65	0.4587411909602311
165	82	0.32620317585629327
165	91	0.4213563242413865
165	93	0.5236942383018559
165	95	0.3020271221237205
166	6	0.6569157001045193
166	22	0.5030854766598971
166	32	0.5640939959209608
166	62	0.37809660248578775
166	82	0.2618380839046167
166	91	0.44023135573008637
166	98	0.5638082957497794
166	100	0.6291498701980812
167	14	0.3775180286929041
167	15	0.6786300327195007
167	22	0.5665887982995359
167	23	0.3884544378148239
167	54	0.43933789157874026
167	55	0.7504939434836456
167	57	0.40819262135688333
167	73	0.5878499273615491
167	77	0.42121856649779393
167	83	0.3405255206360668
167	90	0.5010134104500681
167	93	0.44907555123277054
167	98	0.5730934883155547
167	100	0.6644294774239317
168	4	0.4511307704263917
168	7	0.23763425159219181
168	28	0.638774056997344
168	34	0.4583138368554903
168	49	0.15395742987477765
168	61	0.5915062261998061
168	80	0.5166484758468222
168	81	0.4306657777967589
168	90	0.6507598110343302
169	15	0.345051461238674
169	20	0.4261017658479955
169	23	0.735782334988289
169	35	0.3500208014683369
169	39	0.37957730426349295
169	42	0.4431943243134253
169	44	0.6717172909809981
169	45	0.5457536092852726
169	48	0.7128468539198521
169	65	0.5772619034428843
169	92	0.5961709743941311
170	14	0.3562880505284377
170	15	0.41074937356614794
170	20	0.7417860371715503
170	25	0.39142362967170385
170	29	0.7856459996840996
170	42	0.3912206803736034
170	49	0.3739242535673182
170	62	0.4277506390881167
170	65	0.4603105738121239
170	72	0.4847904367803328
170	86	0.4513186121374678
171	3	0.7073449871232432
171	13	0.3588137536821193
171	23	0.3864099299197029
171	25	0.5184223862800486
171	37	0.3712826365476913
171	43	0.5243012453632117
171	63	0.5981225268389456
171	66	0.310125614194262
172	4	0.50398341231187
172	14	0.3836216350016068
172	17	0.7341377564244153
172	18	0.25133005078317144
172	19	0.5550281220087544
172	30	0.40533607455903065
172	38	0.49345411790200366
172	43	0.7164082097693661
172	63	0.4227066989249286
172	72	0.5621049935098041
172	75	0.4290754785929858
172	76	0.5973084393402301
172	86	0.4773704520392833
172	87	0.5699698585419385
172	96	0.4018139835055297
173	13	0.5699291060774753
173	19	0.44651724366923545
173	25	0.49054058657035904
173	42	0.3951376956111203
173	87	0.43500167694756536
173	93	0.4441504435935726
174	9	0.4984331782366581
174	27	0.47991639587819285
174	38	0.37220554653369714
174	49	0.36350514884533713
174	50	0.5007629640157897
174	58	0.684437651482346
174	62	0.7100163784330871
174	81	0.5312192518802603
174	91	0.6680497700093084
174	99	0.3530843008245094
175	3	0.6918345765009384
175	7	0.6176344061221608
175	13	0.45656705978850826
175	14	0.22426131671387478
175	31	0.7421216060235374
175	33	0.5133982728475079
175	35	0.6052706320830891
175	85	0.5267755856843239
176	24	0.2602520957945599
176	35	0.2758640542133407
176	93	0.19903388781691786
176	95	0.5634541301743118
177	1	0.40498089299365053
177	3	0.5194171067424198
177	5	0.4609494302131708
177	17	0.5087851873745963
177	28	0.2673842953924505
177	40	0.2294029237129238
177	58	0.5814135320741828
177	63	0.4579077663827028
177	74	0.7111935376864434
177	90	0.625761073941204
177	97	0.47407013368036316
177	99	0.6863332150134289
178	26	0.5642442692247535
178	59	0.4861179493109046
178	64	0.3058100145221304
178	67	0.3174721904712709
178	69	0.3871417000557381
178	70	0.5736153675581627
178	71	0.48218643360193003
178	80	0.5507731016674728
179	9	0.2372713621026302
179	24	0.5655195591944014
179	42	0.3768028365075843
179	98	0.4599752109185004
180	3	0.45781480571437977
180	8	0.609354212967336
180	21	0.7299185766438648
180	34	0.6021282846447709
180	53	0.3912654677336149
180	67	0.2776720892431487
180	79	0.7590399476047882
181	6	0.4522690952752123
181	61	0.6820211364339354
181	84	0.5821651305281379
181	95	0.34293331651698417
182	17	0.3902522677065382
182	24	0.5308467456294169
182	42	0.6929870783770717
182	70	0.3771492307529025
182	82	0.4925128263924923
183	6	0.576400949039932
183	9	0.563721306676106
183	17	0.5242298204647695
183	21	0.6705158627472376
183	25	0.4342337055286031
183	29	0.490575531807905
183	40	0.4647860825828181
183	49	0.5692833178265758
183	59	0.5857459327559388
183	61	0.4521546322331532
183	66	0.5011319985898249
183	71	0.6120500335397283
183	82	0.6587773000542761
183	85	0.43983531299702944
183	98	0.4975210651342724
184	5	0.3286542728690073
184	9	0.4529410668944618
184	35	0.4973132241405445
184	41	0.5894327039487394
184	45	0.2878639301151971
184	48	0.5423644114176674
184	49	0.45487653666606176
184	51	0.7374592707470683
184	56	0.5272737665513536
184	76	0.4731900826582928
184	90	0.24519074870802285
184	93	0.28873204411392933
185	2	0.38883547532821916
185	4	0.4663428651538154
185	7	0.23547025327850954
185	13	0.71816878366469
185	17	0.42338478990944217
185	27	0.43574437242072145
185	40	0.5719059883639477
185	41	0.45925185364606463
185	78	0.49177040041345166
185	91	0.7270984246786608
185	98	0.5129525914976131
186	8	0.7786724085346002
186	28	0.4356365774351422
186	43	0.4348215950395553
186	48	0.3080675726480601
186	64	0.44147323716163644
186	83	0.3984286665128505
186	90	0.6424938609845865
186	98	0.2881859331260714
187	1	0.5349956946076488
187	12	0.32318639902067187
187	24	0.5119394492428054
187	28	0.5132733641642818
187	38	0.6641074252366913
187	39	0.42260181483683107
187	66	0.7498984936111341
188	10	0.4792630749837429
188	21	0.4613276671405387
188	29	0.45696911850159627
188	49	0.6197814563418923
188	61	0.49057695196942036
188	69	0.6377412886368512
188	76	0.5342474945440142
188	87	0.32760938728226596
188	88	0.5230745183431995
188	93	0.3957506781116224
189	3	0.5516796779703915
189	8	0.3759869314440407
189	20	0.35109227875325144
189	23	0.3946446913375388
189	27	0.3427176940457565
189	35	0.44120512130761513
189	37	0.4919294601176113
189	72	0.09038684124521494
189	74	0.46655722681603246
189	77	0.5850062230213532
189	88	0.5266434244619035
189	89	0.42824482341659753
189	90	0.6118709184044002
189	91	0.4313810803756469
189	95	0.5911784706403009
190	2	0.419120079969254
190	8	0.11413708587607375
190	11	0.5161292769824987
190	44	0.37598701009406316
190	45	0.32466400039793636
190	48	0.43740771005240714
190	54	0.31441324356722194
190	55	0.38290956731697146
190	74	0.5994367710002334
190	80	0.4648802816527124
190	98	0.2977326127545236
191	2	0.6999361858831943
191	25	0.7685135846591333
191	29	0.5568909249946671
191	36	0.3258357296185815
191	50	0.525994221135038
191	64	0.3419991119066092
191	77	0.4973693435174268
191	83	0.462175374509727
191	88	0.5309862218938175
191	92	0.39138272912861627
191	93	0.45516112027625444
191	100	0.7035851558409028
192	13	0.5107400931463885
192	18	0.5249326992453328
192	25	0.4417738894242847
192	38	0.529169645987937
192	43	0.4281871956515482
192	44	0.3060261672306276
192	45	0.3605378020132837
192	55	0.4856681052356412
192	71	0.28443720461086747
192	80	0.4131926935347755
192	81	0.34190186461460753
192	83	0.5438461249677088
192	84	0.6855740911717589
192	85	0.7499701064779427
192	92	0.46146280629181996
193	5	0.4573995021713089
193	7	0.3640515427481246
193	20	0.474676205540994
193	30	0.2670930333697852
193	44	0.46510948283262044
193	55	0.5324921506482468
193	65	0.5893305526516559
193	72	0.5189542216188859
193	75	0.4463048926674927
193	86	0.1822381518416461
194	27	0.24909773021760462
194	35	0.41509204239974684
194	44	0.3391832036759352
194	47	0.3561536096633986
194	49	0.6851351779074559
194	61	0.6907583183550908
194	70	0.28964106637133213
194	81	0.631308849917808
194	86	0.4519426684861086
194	93	0.45035142429513536
195	5	0.6533402994465504
195	6	0.587057751113427
195	7	0.35063223049699327
195	54	0.4781112839874412
195	67	0.3601963746106747
195	72	0.5350403491687458
195	78	0.7324045663052704
195	82	0.5775964015073801
195	83	0.4946063484698889
195	95	0.2056272169533868
196	15	0.4362397461212941
196	23	0.46365596736113707
196	25	0.3420254354598881
196	28	0.7185507791973881
196	30	0.2651860117685548
196	81	0.5084087378969712
196	90	0.6166137228417715
197	1	0.4122972610248167
197	11	0.49646490804263266
197	35	0.6261674064397238
197	47	0.5166421368903839
197	70	0.3844867164777707
197	82	0.3462972621105607
197	85	0.3717921186551076
198	9	0.40515321233913937
198	14	0.6058622276144795
198	24	0.4750017155794994
198	93	0.9133594615309585
198	96	0.3137600429393862
198	99	0.38425375064611034
199	7	0.5620933189174185
199	12	0.3187994116224956
199	20	0.4967146256662998
199	27	0.4858293137288646
199	31	0.4737125047313268
199	49	0.5314915792668155
199	56	0.5930179124631955
199	73	0.5025665693332568
199	74	0.44387879468889113
199	76	0.6320134950413709
199	86	0.5787556987784708
200	11	0.31245073158574493
200	20	0.6161650637991446
200	24	0.3307911046076681
200	35	0.5783355677858875
200	50	0.4741357136106355
200	56	0.44130092489792816
200	61	0.4908425274329376
200	63	0.3371270744759762
200	80	0.4631859832218478
200	81	0.40765172915184905
