0
0.1777300061
0
0
0
0.1579983777
0.328596326
0
0
0.3356752901
0
0.11633384
0
0
0.1293914434
0.3346267585
0.3227934784
0
0
0.09685447978
0
0.2535795796
0
0
0
0.09714709362
0.06148543975
0.1176226889
0.1762714997
0.2938936985
0
0
0
0
0
0
1
0
0
0
0.009317334003
0
0.07617144094
0.2442789823
0.3724594015
0.2260118767
0.07176096448
0
0
0
0
0
0
0
0
0
1
0
0
0
0.03736229843
0
0
0
0
0
0
0.507998713
0
0.4546389886
0
0
0
0
0
0
0.2050275011
0.2251276217
0
0.5698448772
0
0
0
0.1324417843
0.3233332722
0.08139756003
0.4628273835
0
0
0
0.5124615166
0
0
0.4875384834
0
0
0
0
0
0