0
0
0.2930138046
0
0.6338076223
0
0
0
0
0.07317857307
0
0
0
0.1899707395
0
0
0.2543089963
0
0.09429303826
0.4614272259
0.1758958502
0.02857722053
0.2869253168
0
0.2985433355
0.05733810242
0
0.1527201746
0
0
0.1883192209
0.1058973585
0.2153593108
0
0.1787598691
0.124229725
0
0.1779159103
0.009518605463
0
0.156927996
0.1617929722
0.08976839026
0.08073410824
0.01137394651
0.1648998163
0.04972552995
0.1623324349
0.1224448056
0
0.09954284447
0.162444014
0
0.1558462765
0
0.1545173673
0.1424318505
0.1144168311
0.1708008161
0
0
0.08756437506
0
0.2262731976
0
0.06227917074
0.2527483317
0
0.1831177584
0.1880171666
0
0
0
0
0
0
0.0212255183
0
0
0.9787744817
0.1232773031
0
0.3522691499
0
0.4411400592
0
0
0.08331348779
0
0
0.07217842229
0.1560428064
0
0.179923219
0
0.143965339
0.174196808
0.09028371276
0.1834096926
0