0
0.2982691065
0
0
0.2915059745
0
0
0.09387216397
0
0.316352755
0.2031422335
0.2442492713
0
0.2449685399
0.2203218763
0
0.0530789462
0.03423913289
0
0
0.1380062841
0.1707891553
0
0
0.06522678551
0.04191807451
0.1819746921
0.2295632231
0.1725217854
0
0
0
0.4088232448
0.01093532756
0.04734401354
0
0
0
0
0.5328974141
0
0.05096582021
0
0
0.2318625953
0.2454639318
0
0
0.01242190643
0.4592857463
0
0
0.08786517365
0
0
0.4928850295
0
0
0.4192497969
0
0
0.301240427
0
0
0.2437459198
0
0.003891342652
0.2357243341
0
0.2153979764
0
0.1732932495
0
0.1150988449
0.2294056751
0.2373316142
0
0
0.1909918865
0.0538787298
0
0
0.0006616702348
0
0.01810474278
0.539104702
0
0
0.3252489231
0.1168799619
0.1533092492
0.1561785095
0.1070423521
0.379806382
0.2036635071
0
0
0
0
0