0.7133403533
0.141946443
0.0543496027
0.0215629018
0.0179307407
0.02331877
0.0108911904
0.0068008308
0.0064442764
0.0034148945
0.6548572988
0.1655388099
0.0512846951
0.0608638878
0.0192083477
0.0129195536
0.0095004918
0.0051360804
0.0153613022
0.0053295363
0.605739105
0.1205850975
0.0803862863
0.0670866413
0.0182906091
0.019334881
0.0125991597
0.0545150414
0.0143303334
0.0071328489
0.6324877122
0.1928430594
0.0703955526
0.0384969375
0.0141590529
0.0251719669
0.0102450267
0.0071097719
0.003925682
0.0051652415
0.5474980597
0.1530168445
0.0518006508
0.0283474036
0.0488199852
0.0132972765
0.1329884092
0.0071381258
0.0128767592
0.0042164891
0.5836167276
0.1742557356
0.1464465755
0.0267986859
0.0269024256
0.0203272322
0.0068281584
0.0062719903
0.0059048915
0.002647581
0.7193500212
0.1229208084
0.0572856961
0.0287153798
0.0263004891
0.0109096178
0.0092272257
0.0062559484
0.0146467789
0.0043880382
0.6948209149
0.1560662685
0.0612776823
0.0224069254
0.0224429192
0.0129646448
0.0079422727
0.0111543287
0.0072687534
0.0036552937
0.6563223452
0.1634941953
0.0490253213
0.039146255
0.0251853183
0.0201559123
0.0113312851
0.0198736463
0.0061321342
0.0093335906
0.6768249247
0.1522531651
0.0691187348
0.0470611192
0.0157418644
0.0148013729
0.007248883
0.0058728456
0.0070280269
0.004049067