3e-05 4e-05 0.010675 1.5e-05 1e-05 0 4e-05 0 4e-05 0.00202 3.5e-05 1e-05 0.00106 0.001205 0 0 0.0081 0.00229 0 5e-06 0.008445 0.00348 0 2.5e-05 0 3e-05 0 0 4.5e-05 0.004235 0.00129 0 0.004625 0.0063 3e-05 5e-06 0.00018 2e-05 0 3.5e-05 0 1.5e-05 0.00341 5.5e-05 2.5e-05 1e-05 6e-05 0 5.5e-05 0.004785 1e-05 0 0.00055 0.010285 0.00028 0 5e-05 2.5e-05 2e-05 0.01174 0 0 0.00012 0.005585 5.5e-05 3e-05 2.5e-05 4.5e-05 0.006255 0 4e-05 0.0008 2.5e-05 0 1.5e-05 6.5e-05 0.004155 0 0 0.00705 4.5e-05 0 0 1.5e-05 5.5e-05 0.00698 0 5.5e-05 3e-05 3.5e-05 0 0 3e-05 5e-05 1.5e-05 0 0 0 4e-05 5e-05
0 0.006555 0 0 4.5e-05 0 4.5e-05 1e-05 0 0.01015 0.008815 9e-05 0 0 0 0 0.004 0.004835 0.000175 3.5e-05 0 0 0.001895 2e-05 0 0.002125 0 0.009775 3.5e-05 5e-05 3e-05 0.004665 0.00266 3.5e-05 3.5e-05 2.5e-05 0.006945 0 0 0 0 0 0 0.00534 1.5e-05 6e-05 1.5e-05 0 3e-05 0 3.5e-05 0 6.5e-05 0.01132 0 4e-05 1.5e-05 0 0.00552 0.00081 2e-05 3e-05 1e-05 1e-05 2.5e-05 3e-05 2.5e-05 0.00621 0.002665 0.001075 0 0.00816 2.5e-05 0 0 6e-05 0.000285 0.00066 0 3e-05 2e-05 0.003705 5e-05 1.5e-05 4e-05 3e-05 4.5e-05 4e-05 1.5e-05 0 0.00349 0 2.5e-05 0.008155 5e-05 2.5e-05 0.00063 0 0.01808 0.00139
2.5e-05 0 0 4e-05 0 0 0.010075 0.00141 0.00168 4e-05 0.002525 0.00235 5e-05 4.5e-05 1e-05 4.5e-05 3e-05 0.005465 0 3.5e-05 0 0 1e-05 0.001535 0.01372 0 0 3e-05 0 2e-05 0 3.5e-05 4e-05 0 0.00036 0 0 0 4.5e-05 0.00593 3e-05 0.00415 2.5e-05 0 0.000405 1e-05 1.5e-05 0.00785 1e-05 0 0.00582 4.5e-05 3.5e-05 4.5e-05 4.5e-05 0 0 2.5e-05 0.00061 3e-05 0 0.004565 0.00194 6.5e-05 2.5e-05 0.00072 3.5e-05 4.5e-05 0 3e-05 0 0 0.01092 0 0 0.004165 2.5e-05 1.5e-05 0 4e-05 0.000715 0 0.00289 0 0.00557 1.5e-05 1e-05 0.00301 0 0.01059 2.5e-05 0.00232 0.004005 0.005285 0 0 0 0 0 2e-05
4e-05 7e-05 0.000805 3.5e-05 0.010285 3.5e-05 0 0 0 0 5e-06 4e-05 0 8e-05 3.5e-05 0 2e-05 0 0 4.5e-05 0 0.00099 5.5e-05 0.00444 0 0 0.00459 6e-05 0.000605 0 0.00062 5e-05 0 4.5e-05 0.00023 1.5e-05 0 0.000275 0 5.5e-05 0.00531 0.000315 0 0 0 0 3.5e-05 7.5e-05 0 0.006455 0.00074 0 0 0 5e-05 0 2.5e-05 0 0.01558 4.5e-05 0.000245 0 0.01473 0.004005 2.5e-05 0.004445 0 0 4e-05 0 2e-05 4e-05 3e-05 0.00239 0.00563 3e-05 3e-05 3.5e-05 0 0 0 2.5e-05 4e-05 4.5e-05 2.5e-05 0.0009 0.01198 2.5e-05 5e-05 5.5e-05 3e-05 2e-05 0 2e-05 0.00386 2.5e-05 1.5e-05 0.00202 5e-05 1e-05
0 1e-05 0.006975 0 0.00629 0.00246 9.5e-05 0 0 2e-05 0 3.5e-05 0 0 5e-05 5e-06 4e-05 5e-05 1e-05 0.004465 2.5e-05 4.5e-05 0.00018 0.00025 0 0 0.00482 0 0.001065 4e-05 0.006395 2.5e-05 0.001455 0.00236 9.5e-05 0 2e-05 0 2.5e-05 0.000975 0 4e-05 0.00663 2e-05 0 0.003395 0.0075 0.00054 0 0.010895 0 4.5e-05 0 4e-05 0 3.5e-05 0 0.000425 3e-05 4e-05 0 5e-05 0.01211 0.00042 0 3e-05 0.007405 3.5e-05 0 3.5e-05 0.00181 0 4.5e-05 2.5e-05 0.003345 4.5e-05 0.000255 1e-05 0.000345 0 0.004435 0 0.00663 0 0 1e-05 0.004815 0.00188 0 4.5e-05 0 2e-05 0 3.5e-05 2.5e-05 0.01098 0 0.0103 0 4.5e-05
0 1.5e-05 0 0.002055 0.006615 0.00255 0.000825 3e-05 0 0 0.00306 0.00026 0 3.5e-05 0 3e-05 0.0007 4e-05 4e-05 0.00794 0.00035 6.5e-05 0 0.00011 0.00166 5e-05 0 2e-05 4e-05 0.012275 0.000315 1e-05 0 0 0 5e-05 0 0.00694 0 0 7e-05 0.00352 0.00711 0 0.007615 5e-05 3.5e-05 3e-05 4e-05 0.00539 0 2.5e-05 3.5e-05 0.002885 0.00503 0 3e-05 0 1.5e-05 0.00193 0 0 9.5e-05 0 0.00526 0 4.5e-05 2e-05 0 3e-05 0 3.5e-05 3e-05 0 0 2.5e-05 0.00019 4e-05 5.5e-05 0 0 0.00206 0 4e-05 0.00088 0.002795 3e-05 5e-06 0 3.5e-05 0.00384 3e-05 3e-05 0 2.5e-05 0.001405 2.5e-05 0 0.00257 2e-05
0.000675 0 0 0 0.00075 4e-05 3.5e-05 0.00012 0.010425 0 2e-05 0.00138 6e-05 4.5e-05 3e-05 5e-06 0 0.006765 0 3.5e-05 3.5e-05 0 0.002725 4.5e-05 0.00245 0 3e-05 1.5e-05 0 1e-05 3e-05 0.0038 6e-05 3e-05 0.005525 0.00028 3e-05 1.5e-05 3e-05 0 1e-05 0 0 0 0 2e-05 0.00033 0.009415 0.00471 0 5.5e-05 0.00405 0.00338 3e-05 0 8e-05 0 0 0.00018 5e-05 2.5e-05 0.008605 0 3e-05 3e-05 0.00038 0 0.00324 0.00329 0 0.00156 0.00553 0.01157 0 3e-05 0 0 0.005045 0 4e-05 0 2e-05 0 0.00145 6.5e-05 0 0.002215 0.00416 4e-05 0 5e-05 0.00056 0 0.000655 0 5.5e-05 0 3e-05 0 0.01245
0.001655 0.001425 0 0.004425 1e-05 0.00036 2e-05 0.006685 0.000915 2.5e-05 6e-05 4.5e-05 0 0.009005 0 0.0043 3.5e-05 0.005335 0.002515 3.5e-05 0 3e-05 2e-05 0.00463 4e-05 0.011445 0.007645 4.5e-05 0 6e-05 2.5e-05 4.5e-05 3.5e-05 0 0 0 2.5e-05 0 3.5e-05 3.5e-05 0 0 0 0 4.5e-05 0 0 0.01097 0 4e-05 0 8.5e-05 0.009185 1.5e-05 0 1e-05 0.0064 3e-05 2e-05 2.5e-05 0 0.001965 0.003115 1.5e-05 0.00107 0.00806 0 0.00114 1e-05 2e-05 9e-05 0 0 0 0 0 2e-05 0 0.0089 0 0 0 0.005525 0 0.00046 1e-05 0.000535 0.005875 0.00035 0 4.5e-05 0 0 0.0049 0 1e-05 6e-05 0 3e-05 0.0027
1e-05 0 0 0 0.00029 0 0 2e-05 0.001235 3e-05 3.5e-05 0 0.000465 0.00686 2e-05 1.5e-05 2.5e-05 4e-05 0 0.007385 0.0093 0 3.5e-05 0 0.003875 1e-05 4e-05 4.5e-05 1.5e-05 0.012105 3.5e-05 7.5e-05 2e-05 4e-05 2e-05 5e-05 5.5e-05 0.0009 0.00395 0 0 0.006835 0.00401 0 0.0078 0 1e-05 5e-05 0 0.01361 0 5.5e-05 0 0.000185 2e-05 3e-05 0 0 0.000195 3.5e-05 0 0 0 0 0 0 0 4.5e-05 4.5e-05 0 0 0 2.5e-05 2e-05 0.018025 4e-05 0.010785 0.004405 0 0.00091 5e-05 0 3.5e-05 0.0108 0.012095 0 4.5e-05 0.011515 0.01652 4.5e-05 0 0 0.010135 4e-05 1.5e-05 5e-05 5e-05 3e-05 1.5e-05 1.5e-05
3e-05 5e-05 7.5e-05 0.00063 0.002065 0 4e-05 2.5e-05 0.00699 5e-05 1.5e-05 3.5e-05 0.00795 0 0 0.005415 0.004565 3.5e-05 4e-05 0.00357 0 4e-05 0.00029 0 5e-06 0 4e-05 1.5e-05 5e-05 0 0.002315 0 2.5e-05 0 0 3.5e-05 0 0 0 0 0.000275 0 0 0.00371 0.001155 5.5e-05 4e-05 0 0.0027 0 0 5e-05 5e-05 4e-05 4.5e-05 4e-05 0.007225 9.5e-05 0 4e-05 3.5e-05 0.000245 5.5e-05 0.005905 0 3e-05 0.000355 0 4e-05 5e-05 0.00596 0 4.5e-05 4.5e-05 0 2e-05 0.00076 0.000395 0 0 0 0 0 0.002285 0.0023 0 2e-05 0.00369 2e-05 4.5e-05 0.00447 0.000375 0 4e-05 1.5e-05 0 0 1.5e-05 2.5e-05 0
4.5e-05 2.5e-05 2.5e-05 0.000625 0 0 2.5e-05 5e-05 3e-05 3.5e-05 3e-05 0.002355 2.5e-05 5.5e-05 0 0 0.0001 6e-05 4.5e-05 0 0.00649 0.001975 0 4e-05 0 0 5e-06 0.0011 3.5e-05 0 0 0.00647 0.004065 5e-05 4e-05 3.5e-05 0.000555 0.000415 0.007525 0.005105 0.010395 0 0.002955 0 0 0.0006 1e-05 2e-05 3.5e-05 0 0 3.5e-05 6.5e-05 0.008285 0 0 5.5e-05 0.014365 0.00159 0.0003 0 2.5e-05 0 0.003615 0 0 3e-05 0 0 8.5e-05 2.5e-05 1e-05 4.5e-05 0 0.013835 0.00355 0 0 0 0 2.5e-05 2.5e-05 1.5e-05 0 2.5e-05 0.00015 5.5e-05 0.0035 0.003035 3.5e-05 0.002245 0 2.5e-05 3e-05 0 2.5e-05 0 0 0.004975 4.5e-05
0 0 2.5e-05 0.00462 0 3.5e-05 3.5e-05 0 0.007705 0.00722 0.00648 0.01202 0 2.5e-05 0.000315 0 0.00802 3e-05 0 0.00051 0 0 0.002245 0 2.5e-05 3.5e-05 0 0.000745 4e-05 0 0.002245 0.00071 4.5e-05 0 2.5e-05 4e-05 0 0 0.01052 0.000885 0 0 0 0.000695 7e-05 3e-05 4.5e-05 3.5e-05 0 4e-05 3.5e-05 0.001245 3e-05 0.004475 0.007995 5e-05 3.5e-05 0.0069 4.5e-05 0 4e-05 0 1e-05 0.00422 0.000205 0 0 0.00874 0 0 0 4e-05 3e-05 7e-05 0 0.007625 0.012415 0.01011 0 0 0 0.000165 4e-05 0.000265 0 0 0 0.000675 2e-05 1.5e-05 6e-05 0.000755 0 0 2.5e-05 3.5e-05 0.012365 3e-05 0.011885 0.000155
0.001585 0 0.00401 0.004835 4.5e-05 0 0 0 3.5e-05 0.00668 5.5e-05 0 0.00318 0.01149 0 0.009655 0.00895 0 0 0.01026 0.00269 0 0.003705 0 3e-05 4e-05 0.008365 2e-05 5e-06 0.006095 0.00073 3e-05 0 0.00609 0 0 1.5e-05 0 0.00163 1.5e-05 0.00466 0 5.5e-05 4e-05 0 0.01126 0.00685 3e-05 0.00404 0.007455 4e-05 5.5e-05 0 0.003175 0.001235 0 0.009665 0.00087 4.5e-05 0 0 2.5e-05 0.00579 0.002835 3e-05 2.5e-05 0 0.007475 0.00654 3.5e-05 1.5e-05 0 0 0 5e-05 0 0 0.00037 0 0.002385 0.002895 0 0.000495 0 0.000605 0.00039 0 4e-05 0.00176 0 0.006245 3e-05 0.000225 3e-05 0 0 3e-05 3e-05 4.5e-05 0
0 5e-05 0.00055 0 0.009245 0 3e-05 0 0.00303 3.5e-05 0.00028 0.0001 0 0 0.00051 0.00452 0.006275 0 0.0001 0 3e-05 0 0.00653 0 8e-05 0 4.5e-05 0.000145 4e-05 1.5e-05 9e-05 0 0 0.011125 1.5e-05 2.5e-05 0 0.009815 0 0.000855 0.00011 0 0.00068 6e-05 4.5e-05 3.5e-05 0 2.5e-05 0.00624 0.00018 0 2e-05 0.000165 2.5e-05 0.00412 4.5e-05 0 0.000105 0 0.000215 0 2.5e-05 0 0 0 0 0.00486 0 2e-05 0 0.011325 0 2e-05 0.00017 0.000105 0 0.005655 2.5e-05 0 4.5e-05 0 3.5e-05 0.004975 3.5e-05 2.5e-05 0.00521 3.5e-05 5.5e-05 0 2e-05 1.5e-05 4e-05 4e-05 3e-05 0 0 0.001375 3.5e-05 0.005105 0.000485
0 0.00069 4e-05 0.00685 0 0 0 0.002715 0.0001 0 3.5e-05 0 0.00606 0.00018 0 0.005305 0 0.00274 0.00045 0 2.5e-05 3.5e-05 0 0.00929 1.5e-05 0.0007 0 0 0 0 0 4.5e-05 0 3.5e-05 0.005595 0 5.5e-05 0.00141 5e-05 3e-05 5.5e-05 2e-05 2.5e-05 0 2.5e-05 0.00372 0 0.00976 0.00371 0 0 0.000565 0.00946 0 4.5e-05 0 2.5e-05 4e-05 2e-05 4e-05 0 0 0.00345 1e-05 0.002395 0.00672 0 0 0.000765 0 0.002775 0.00101 0.000225 0 4e-05 2.5e-05 2.5e-05 0 0 0.00344 0 0 4e-05 0.002005 0 3e-05 0.00638 0.00128 0 0.005555 2.5e-05 0.00047 0.009275 0.00418 4.5e-05 0.00276 5e-06 3e-05 0 0.005885
5.5e-05 0 2e-05 0 0 0 6e-05 2.5e-05 3e-05 0 0 0 0.00059 0.00377 0.000635 0.00059 0.00021 0 3.5e-05 0.004395 0 2e-05 0 0.004245 4e-05 0.009885 0 2e-05 0 3.5e-05 2.5e-05 4.5e-05 4.5e-05 3.5e-05 0.00096 5e-05 0 0 0 0 4e-05 0 0.000755 4.5e-05 0.002575 0.012785 0.007805 0.00443 0 0.002815 0 0.003315 0.006365 0.00092 5.5e-05 0 0.00212 5.5e-05 4e-05 3.5e-05 0 0.000175 0 0 0.00503 0.002155 1.5e-05 0.00015 0 0 0 0.006355 0.005825 0.00037 0.00188 3e-05 5.5e-05 0.007545 0 0 0.000975 0.006265 3.5e-05 0.005715 0.00751 0.00217 0.002055 0.003675 4.5e-05 3.5e-05 0 0.00247 0.01119 0 0 0 2e-05 0 3e-05 0
0.005025 4.5e-05 0.00195 0 2.5e-05 4e-05 3e-05 2.5e-05 2.5e-05 0.011595 2.5e-05 5e-06 0 0.002455 0 0.00279 0.0087 0.000255 0 0.0007 0 4e-05 2.5e-05 0 2.5e-05 0.00118 0.00025 0.00291 0.00247 0.00053 0.004355 3.5e-05 0 0.00104 2e-05 2.5e-05 0.00418 0 0 0 0 2.5e-05 3e-05 2.5e-05 3e-05 0.011085 0 1e-05 0 3.5e-05 5.5e-05 0.00753 0.001075 0.01261 0 1.5e-05 1e-05 4e-05 0 0.01207 3e-05 0 0.000845 0 0.003805 3.5e-05 0 0.00493 0 0.00879 1.5e-05 0.011335 4e-05 0.00042 1e-05 3.5e-05 4e-05 7e-05 4e-05 0 9.5e-05 2e-05 0 0 5e-05 0 2e-05 0 0 4.5e-05 0.002315 4e-05 3.5e-05 0 0 4e-05 0 3e-05 0 3.5e-05
2.5e-05 4.5e-05 3.5e-05 0 0.001335 0.00694 1.5e-05 0.003625 0.012625 0.001775 0 4.5e-05 0.00736 0.00282 0 2e-05 0.000155 0 0 0.00282 0.00271 0 0.01511 0.001205 1e-05 0.00308 0 4e-05 4.5e-05 2.5e-05 0 0.007715 4e-05 0 4e-05 0 2.5e-05 0.008445 0.007875 0.00923 4e-05 0 0 0 0 3e-05 0 2.5e-05 0 0 0.00129 0.00127 0.002885 3.5e-05 0 1.5e-05 0 0 2e-05 0 3e-05 0.006485 5e-06 0.00233 4e-05 5.5e-05 0 0.0004 0 2e-05 0.00077 0 0 0 0 0 0.00527 0 0.003465 3e-05 4e-05 0.006155 0 0 2e-05 3.5e-05 6e-05 0.009905 0 3.5e-05 6e-05 0 4e-05 0.000335 5e-06 0.002375 0 0 1.5e-05 0
0 0 6e-05 0.003775 0.000235 3.5e-05 0.001105 0.00269 0.00453 3.5e-05 0 3e-05 0 0 3e-05 0 0 0 0 4e-05 3.5e-05 3e-05 2e-05 0 0.01438 0 2e-05 3e-05 4e-05 0.002595 2e-05 0.008435 1e-05 2.5e-05 0 0.000325 0 0 3e-05 0.01047 6e-05 0.01148 1e-05 0.002355 0.007385 2.5e-05 2.5e-05 3.5e-05 0 0.001695 0.001735 2.5e-05 1.5e-05 1e-05 0 0.007185 4.5e-05 0.002875 0.012005 0 1.5e-05 0.00128 2e-05 4.5e-05 2e-05 0 0 2.5e-05 3e-05 0 0 5e-05 0.001805 4.5e-05 0 0.001955 0 3.5e-05 0 0 0 0.0083 0 0 0.014485 0 0 0 0.01225 3.5e-05 5e-05 0.00071 0 0 0.00117 2.5e-05 0 0 4e-05 5.5e-05
3e-05 0.001125 0 0 0 2e-05 2.5e-05 0 0 0.000195 0.01301 0 3.5e-05 0 0 0.005145 0.00138 0.005935 5e-05 5e-06 5e-05 0.001715 0 4e-05 3e-05 0 4.5e-05 0 0.0003 4.5e-05 1e-05 0.004125 3e-05 0.00211 0 4e-05 0 3.5e-05 0 2e-05 5e-05 1.5e-05 3e-05 3e-05 6.5e-05 0 7e-05 0.00951 0.006205 3.5e-05 2.5e-05 0 0.00705 4e-05 0 0 0 0 2.5e-05 0 0 0.002205 3e-05 0 5e-05 0.001015 0.003765 0 0.000295 0.001905 7.5e-05 9.5e-05 0 2.5e-05 4e-05 0.0088 4.5e-05 0.00367 0 5.5e-05 3e-05 4.5e-05 2e-05 2.5e-05 3e-05 0 2.5e-05 0 0 0.00934 4e-05 0 0 0 0 2.5e-05 0.01196 0 0.000275 0.00022
0 4e-05 0 0 0 0 5e-05 0.0054 0.000495 0.007245 0.0014 0.00138 0 0.0024 7.5e-05 0.00046 0.00786 0 0.00134 0.00334 1.5e-05 0 0.00105 4e-05 0 0.01115 4e-05 0.00108 7.5e-05 0 5e-06 0 1e-05 0 0 2.5e-05 0 0.000615 0.002955 0.000805 4.5e-05 3.5e-05 0 0 2e-05 0 0.00043 0.005555 0.001155 1.5e-05 3.5e-05 0.011215 0 0 0.001705 3.5e-05 4e-05 0 0 1e-05 0 0.00713 2e-05 2.5e-05 0.00013 0 0.007595 0.013205 0.003285 4.5e-05 0.00586 0.00021 0.0004 1.5e-05 5.5e-05 0.00467 0 0.00435 0 0 2.5e-05 0.000985 1.5e-05 0.001985 4e-05 0 0 0 0 0.00308 2.5e-05 0 5e-06 0.00421 4.5e-05 0.002445 0 0 6.5e-05 0.00018
5e-05 4e-05 0 1.5e-05 2e-05 0 0 4e-05 5e-05 0.009975 0.000355 0.00434 0.00402 0 0.00704 0 0 0 2.5e-05 0 0 0 0.00435 2.5e-05 4e-05 4e-05 0.003115 0.01029 4.5e-05 0 0.015225 3e-05 0.013545 0.016865 2.5e-05 3.5e-05 0.00047 3e-05 0 5e-05 0.011425 0 0.00078 4e-05 6.5e-05 5.5e-05 5.5e-05 4.5e-05 0.006 0.00043 3e-05 0 0 0 0 4e-05 2.5e-05 0 0 0 0 5e-05 0.005835 5.5e-05 0.00231 1.5e-05 0 0.0012 4.5e-05 0 0.00547 0.003665 0 0 0 0 0.00011 3.5e-05 0 0 0.00588 4e-05 3.5e-05 5e-05 0 0.000195 0 4e-05 5e-05 3.5e-05 0 0 4e-05 3.5e-05 1.5e-05 0.00392 2.5e-05 0.000405 2.5e-05 5e-05
2e-05 0.002185 0 7e-05 3e-05 0 4.5e-05 0 0 0.010645 1.5e-05 0.000105 3e-05 2.5e-05 0.000165 0 0.008825 5e-05 0.008195 3e-05 0 0 0 0 0 2.5e-05 4.5e-05 0.00026 2e-05 0 0.0047 0.00692 0.001195 0 2e-05 2e-05 3e-05 4e-05 0 0.001425 0 0 0 0.00228 0 2e-05 0 3.5e-05 0.00747 2.5e-05 4.5e-05 1e-05 1e-05 3e-05 0 3e-05 0 2.5e-05 7e-05 0 0.002825 0 0 0.006185 4.5e-05 0 0.000365 0.00932 4.5e-05 9.5e-05 0.007895 0.002185 5e-05 0 3e-05 0.000205 0.00414 0.004655 3e-05 0 5e-05 4e-05 0.001965 4e-05 2.5e-05 2.5e-05 0 0 5e-05 0 3.5e-05 0 3e-05 5e-06 3e-05 2e-05 0.002485 0 0 0
0.011455 3.5e-05 0 0 3e-05 0 0 0 1.5e-05 0.00341 4.5e-05 5e-05 0.002875 0 0 0 3e-05 0.0002 0 0.00028 0.00059 0 1.5e-05 0 0 0.00617 2e-05 4e-05 0.011655 3.5e-05 3e-05 4.5e-05 3e-05 2.5e-05 0.002155 0 0 4e-05 0.000185 2.5e-05 3e-05 2.5e-05 2e-05 2.5e-05 4.5e-05 0.010595 0.01153 0 0 0 0.003675 0.000125 0.00908 1.5e-05 0 0 0.01039 4.5e-05 3.5e-05 4e-05 3e-05 8e-05 0 1.5e-05 0 0.005195 4e-05 0.00657 0.000255 0 0 0.008975 0.00943 3e-05 4.5e-05 0 5e-05 0 0.001725 0.01086 0.00086 0.00082 0 0.00363 0.00061 4.5e-05 0.000105 0 3e-05 0 0.001815 0 0.00937 0.006445 0 0 4.5e-05 5e-05 1.5e-05 0
0.00465 0 2.5e-05 4.5e-05 0 0 2e-05 0.00308 9.5e-05 0 0.00403 0.000115 0 5e-05 0.000135 0 0 0 0.000105 0 4e-05 3.5e-05 0.001635 1.5e-05 0 0 0 0.000985 3.5e-05 2e-05 0 0 0 4e-05 0 0 0.007575 0 0 0 2.5e-05 0 3e-05 0.0024 2e-05 1e-05 0.000235 0 0.003805 4e-05 0 0 3e-05 0.00144 0.00288 6e-05 0.000385 1.5e-05 2e-05 4e-05 3e-05 3e-05 0 3e-05 4e-05 0.000515 0.001355 0.01246 0 0.000135 0 0.00596 0.00195 5.5e-05 4.5e-05 0.00265 0.00217 0 3e-05 5e-05 2e-05 0.006395 0 0.00016 3e-05 0 4.5e-05 3e-05 4e-05 0 0 4e-05 5e-05 0.01078 0 0 0.00012 0 0.00643 0.00026
3e-05 4e-05 0 0 2e-05 0.008505 4.5e-05 0.001275 0.00074 0 0 0 0.004825 0.00027 2e-05 0.00826 0.000385 0.00287 0.000255 0.00054 0 3e-05 0.001345 1.5e-05 0 0 0.003325 0 4e-05 4.5e-05 0 1.5e-05 0.00471 0.00918 0 0 0 5.5e-05 0 0 0.00177 4.5e-05 0 0 3.5e-05 3.5e-05 0 0.00287 0 3e-05 0 0 0.01291 2.5e-05 0.000135 4e-05 0 0 1e-05 1e-05 0 4e-05 0 0.004875 0 2.5e-05 0 0 0 3.5e-05 0.00648 0.00827 5e-05 0.00199 0 4.5e-05 0 0.00182 0 3.5e-05 2.5e-05 0 0.011695 1.5e-05 0 0 0 4e-05 4.5e-05 0 0 3.5e-05 2.5e-05 3e-05 5e-05 0.004855 0 0.000475 0.002865 0.003805
0 0 0.002385 2.5e-05 8.5e-05 5e-06 8e-05 0.00788 0 0 1.5e-05 2e-05 0 0 3e-05 2e-05 0 0.00948 0 1.5e-05 2.5e-05 0 3.5e-05 5e-05 9.5e-05 0.011275 0.00048 0 0.001505 3e-05 1.5e-05 3.5e-05 2.5e-05 0 0.010885 0.01281 2e-05 0 0 5.5e-05 0 3e-05 5e-05 3.5e-05 3.5e-05 0 0.00885 0.003825 0.00108 4e-05 0.00162 0.00064 0 0 5.5e-05 1e-05 0.00228 3e-05 0 0 0 0 0.001965 0 5.5e-05 0 0 3.5e-05 0.00128 0 3.5e-05 7.5e-05 0 0 2.5e-05 0.00032 3.5e-05 0 0 5e-05 0.0005 3.5e-05 0.00049 0 0.000535 0 0 0.00026 1e-05 0 4e-05 0.005645 0.0057 0.000135 0.00082 0 0 0.00439 2e-05 0
0.01062 6e-05 2e-05 3e-05 4.5e-05 4.5e-05 3e-05 0 0 0.00182 5e-05 0 0 5e-05 0.007785 0 0 0.007905 7.5e-05 0.002165 0 2e-05 0 0 5.5e-05 0.00917 0 0.00335 0.00105 0 7e-05 2.5e-05 0 0.00086 0 3e-05 0.000245 4e-05 1.5e-05 2e-05 0.001455 0 0.000855 0.00168 3e-05 0 3e-05 0 0 2.5e-05 0 0.014345 5.5e-05 0 0.000395 0 0 1.5e-05 0 0 3.5e-05 0 1.5e-05 0 4.5e-05 0 6.5e-05 0 0.01469 3.5e-05 0 0 7.5e-05 0.01114 2e-05 0 0.001715 0.004275 0 0.011305 3.5e-05 0.00825 5e-05 0 0 4e-05 2.5e-05 3.5e-05 4e-05 4e-05 0.013385 0.00765 0 0.000245 0.000445 4.5e-05 0.00732 0 0 5.5e-05
0 0.000605 2e-05 0 0.00044 0.00112 6e-05 3.5e-05 0.010295 2.5e-05 0 2.5e-05 0.00353 0.000355 0 0 5.5e-05 2.5e-05 3e-05 0 3e-05 0 0.00761 0 0.0002 3.5e-05 5e-05 0 0 0.00587 4.5e-05 0.012205 0 3e-05 4e-05 0 0.001015 0 0 0 4e-05 2e-05 4e-05 0 0.001655 3.5e-05 2e-05 6e-05 2.5e-05 0.00046 0.00868 4.5e-05 2.5e-05 6e-05 2.5e-05 3e-05 0.007045 0.01241 3.5e-05 0 2.5e-05 0.001505 2.5e-05 0 0.00764 4e-05 0 0.000155 5e-05 0 0.004345 4.5e-05 0 4.5e-05 0.000835 0.00553 0.00394 0 3e-05 0.00055 0 0.003615 4.5e-05 0 0 0 0 0.013555 0.005925 0 0.00341 0.00481 6.5e-05 6.5e-05 0 0 0.009115 0 0 0.00112
4e-05 3.5e-05 0.010075 2.5e-05 0.00163 4e-05 0 5e-05 1.5e-05 0 0 0 4.5e-05 4e-05 0 2e-05 1e-05 0.00051 0 0 4e-05 0.012755 0 2e-05 0.00575 0 0.00481 0.000505 0 0.00903 0.000375 3.5e-05 0.00464 0 0.00087 0.00274 0.00351 0 3e-05 0 0.000325 0.00015 0 3.5e-05 4.5e-05 0 3e-05 1e-05 3.5e-05 0 0 3e-05 0 1e-05 0.007085 0 3.5e-05 0.000115 0 0.004945 0 3e-05 5.5e-05 0 0 3e-05 0 3e-05 4.5e-05 3e-05 0 3e-05 2.5e-05 0.00537 0 5.5e-05 0 4e-05 0.000485 4e-05 0.002225 5.5e-05 0 0 3.5e-05 0.00368 0 2.5e-05 0 3.5e-05 3.5e-05 0 2.5e-05 3e-05 4.5e-05 0.000325 0 5e-05 0.0001 0
0.00056 0 6.5e-05 0 0 0.0031 0 0 0 0 1.5e-05 0 0.00269 0.0011 0.002815 0.00674 0.00384 0 0 0.00344 0.001175 0 0.01319 0 3.5e-05 0 0 0 3e-05 4e-05 3e-05 0.010505 3e-05 2.5e-05 0 4.5e-05 0 0.0027 0.008605 0.000575 6e-05 0.001615 0 0 0.00043 0 0.00481 7e-05 0 3e-05 0.000525 0 3e-05 0 3.5e-05 5e-05 0 0.0004 3.5e-05 0 2e-05 0 0 3.5e-05 0.00655 4.5e-05 0.00783 0.000125 4.5e-05 2.5e-05 0.004495 2.5e-05 0 1e-05 0.000265 0.00413 0 0 2e-05 0.000185 1.5e-05 0.009805 3.5e-05 0.010855 4e-05 3e-05 6e-05 0.00491 0.000235 4e-05 0.002805 2.5e-05 0 2.5e-05 3e-05 2e-05 0 5.5e-05 0 3e-05
0 0.00391 0.0102 5e-05 0 0 0.00034 0.001635 0 2e-05 3e-05 0 4e-05 0.000315 0 0 3.5e-05 5e-05 2.5e-05 0 0 0 0 0.009055 0 2.5e-05 0.003485 3.5e-05 0.000295 0.00461 5.5e-05 0 0 0 0.000315 0.00969 2.5e-05 0.00502 2e-05 0.00207 0 0.00198 0.00022 0 0.006665 0.0006 4.5e-05 1.5e-05 0 0 0.003515 4.5e-05 0 4e-05 6e-05 0.015375 0 0.00332 0 0.000135 0 0 0.000755 0.002645 3e-05 7.5e-05 4e-05 5e-06 3.5e-05 0 1.5e-05 4.5e-05 0.00048 0 0.004985 0 0 0 0.005045 3e-05 0.016615 0 1.5e-05 0.00144 0.01022 5.5e-05 0.01448 0.004245 0.01025 0 5e-06 0 0 2e-05 0.00488 4e-05 0 0.005305 0 4.5e-05
0.005345 0 5e-05 3e-05 0 0.000985 0.00253 4e-05 5e-05 4.5e-05 3.5e-05 3e-05 0 0.00852 0 5.5e-05 0 0 0 0 0.00886 2.5e-05 2.5e-05 0 3e-05 0 0 0 0.003995 0.000645 4e-05 0 4e-05 0.002005 0.00403 3e-05 4e-05 1.5e-05 0.00016 3.5e-05 2.5e-05 0 5e-05 0.001395 0.011385 0.00014 0 0 1.5e-05 0.011175 0 0 3e-05 0.00117 3e-05 0 0.003805 0.00193 0.00283 0.00772 0.000715 4e-05 0 0.000205 0.00381 0 0 3e-05 0 0.001995 2e-05 1.5e-05 0 0.00029 0 0 0.00133 0 4e-05 0 0 0.005225 5.5e-05 0.000655 0.0122 0.00707 0 0.000565 0.00528 3e-05 0 4.5e-05 0.00137 4.5e-05 0.002235 0.00113 0 3.5e-05 0 1.5e-05
0 0 0 0 0.001745 5e-05 9e-05 3e-05 0.00022 5e-05 3.5e-05 0 0 4e-05 1.5e-05 3.5e-05 3e-05 3.5e-05 5.5e-05 0 4.5e-05 0.00178 0 2.5e-05 0.01426 0 0 3e-05 1.5e-05 3e-05 6.5e-05 7.5e-05 6e-05 0 0.002635 0.002245 0.00876 0 3.5e-05 0.00648 0 0 4e-05 0.00019 0 0 0 0 3e-05 2.5e-05 0.016245 5e-05 0 0.003505 2e-05 0.0019 3e-05 0.000365 0.01445 2e-05 5e-06 0 5e-06 3e-05 0 0 2.5e-05 5.5e-05 8.5e-05 4e-05 0 0 0.003855 0 0.00754 0.0001 2e-05 0 3.5e-05 3e-05 0 0.009875 0 0.01425 0.012795 2.5e-05 0.00094 0 0 0 9.5e-05 0 0.00698 0.000785 0.00024 4.5e-05 0.005135 0 0.00089 3.5e-05
0.01129 0 1.5e-05 0 3.5e-05 0.00671 4e-05 3e-05 0.001345 0.00035 3.5e-05 0 0.005545 0.0001 0 0.00915 0.005905 0.00035 3e-05 0 0.00158 4.5e-05 0 0.00278 2e-05 0.012165 0.003455 0 0 2e-05 5.5e-05 1.5e-05 0 0 2.5e-05 0 3e-05 5e-06 0.00861 1.5e-05 0 6.5e-05 0.00116 0 2e-05 0 0.011425 0.00427 0.006325 0 0 0.001005 0 0.002085 0 5e-05 2e-05 4.5e-05 0 2e-05 0 0 0 0 0 0 0.00011 0.01248 0.00303 0 3e-05 0.001745 7e-05 5e-05 0 1e-05 0.0029 0.01254 0.00029 0 4e-05 0.00692 4e-05 0 0 0 1e-05 0.0043 3e-05 0 0.003005 0.00748 0.00087 0 0.001775 0.0019 0.000455 0 2.5e-05 0.004615
0 1.5e-05 0.0052 0.00309 0.000545 4e-05 0 0.00025 4e-05 0 0 0 0.0112 0.010455 0 0.003075 0 4.5e-05 0 0.00112 0.00143 0 0 0.00467 0 2.5e-05 0.00591 4e-05 3.5e-05 0 0.003065 0 3.5e-05 2e-05 0.002625 0.003755 4.5e-05 0.001995 0 5e-05 0 3.5e-05 0.000375 6e-05 0.000125 0 0.00414 3e-05 0.002995 0 7e-05 3.5e-05 0.000895 3.5e-05 2.5e-05 4e-05 0 0 1e-05 0 0 0.006975 0.010495 0 0 5.5e-05 0.004815 5.5e-05 3.5e-05 0 0.003055 3.5e-05 5e-05 2.5e-05 0.0001 3.5e-05 4e-05 4.5e-05 0 0.004705 0.008185 0 0.001055 0.003625 0.002065 0.005955 0 0.000345 0 4e-05 3.5e-05 0 9.5e-05 0 0 0 0 0.004535 2e-05 2.5e-05
1.5e-05 5e-06 2e-05 0.0089 4.5e-05 0 2.5e-05 0 1.5e-05 0 0 4e-05 0 0.0078 0.000135 0.005745 0.00688 3.5e-05 0 0 5.5e-05 0 0.003005 0.00401 0 0 5e-05 0 2e-05 5.5e-05 0.005835 0.003235 0 0.00012 4e-05 3e-05 0 0.000115 0.011005 0 0.000535 8e-05 0 0.00217 0 0.006415 0 3e-05 0.00042 0.009045 0 5.5e-05 0 0.000555 0 2.5e-05 5e-06 0 2.5e-05 0 3.5e-05 2.5e-05 0.000925 0 0.0006 5.5e-05 0.00072 5e-05 0 0 0 4.5e-05 2.5e-05 0 0.01131 4.5e-05 0.013465 0 6e-05 0.005415 0 0.00978 4e-05 0.000825 0.00028 0.007645 4e-05 0.00155 0.006825 2.5e-05 0.007395 2.5e-05 0 2.5e-05 2.5e-05 0 0 0 0.000885 0
0.00812 0 0.001785 0 4e-05 3.5e-05 0.000175 3.5e-05 3e-05 0 2e-05 3.5e-05 0.000855 0.009995 0 0 2.5e-05 6.5e-05 0 2.5e-05 0 3e-05 3.5e-05 0.008115 0 5.5e-05 0.010795 4e-05 0 4.5e-05 3.5e-05 3.5e-05 0 0 0 0.00242 0 4.5e-05 0 4e-05 0.000355 2.5e-05 0.0002 0 0.0099 0 0.000755 3.5e-05 2.5e-05 0.013635 0.00323 3e-05 2.5e-05 0 0 0 0.00187 2e-05 0 0.00595 0 0 0.01245 0 0 0.00036 3e-05 0 0.006445 0.00068 0 0 0 0 0 4e-05 0 1e-05 0.000935 0.00689 0 0 2.5e-05 0.00422 0.01324 0.00577 0.003145 0 0.005835 0 0.00523 2e-05 0.012385 2e-05 0.00497 0.001745 4.5e-05 3.5e-05 6e-05 3e-05
7e-05 0.00038 0 4e-05 0 5e-05 0 0.00458 0 3.5e-05 0.001595 0.005525 4e-05 1e-05 0 4e-05 0 0 0.00432 4e-05 1e-05 0.011525 2e-05 0 1.5e-05 3e-05 0 0.00677 0.006635 0 0.00058 3.5e-05 0 1.5e-05 0 0.010705 4e-05 2.5e-05 5.5e-05 0.00132 0.005235 0.000655 0.00033 0 7.5e-05 0 6e-05 0 5e-05 0 5e-05 1.5e-05 0.001615 4e-05 5e-06 0 0 0 0.00999 0 0.0038 5e-05 0.008225 2.5e-05 2.5e-05 0 0 6e-05 0 3e-05 0.00365 0.00377 0.00254 0.00154 3.5e-05 1.5e-05 4e-05 0 0 3e-05 0.00933 0 0.000345 3e-05 2.5e-05 2.5e-05 0.000155 0 3e-05 0 2e-05 1e-05 2.5e-05 3.5e-05 0.00306 0 0 0.003805 0 2e-05
0 2e-05 3.5e-05 0.01387 0 0.00962 0.000165 0 0.00073 5e-05 4.5e-05 0 0.01128 0.007985 2.5e-05 0 0 4e-05 0 0.001095 0 6e-05 0 4.5e-05 4e-05 9.5e-05 0 2e-05 0 0.00057 0.00084 0 3.5e-05 4e-05 0 0.00071 2e-05 0 0.00024 0.00821 0 0 2.5e-05 2.5e-05 0 0 0.001125 0.000465 0 0.00143 1e-05 0 0.00012 0 0 5.5e-05 0.00895 0 0 3.5e-05 0 0.011125 4e-05 0.00434 0 3e-05 0.000515 0.000655 2e-05 2e-05 0.006235 2.5e-05 3.5e-05 4e-05 0.000265 3e-05 0.00592 0.004885 0 5e-05 4.5e-05 0 0.002705 0 1.5e-05 0.001815 3.5e-05 0.00983 1e-05 1.5e-05 0 0 0.002625 0 3.5e-05 0 5e-06 1.5e-05 4e-05 0
0 3.5e-05 0.00022 0 0.003505 0.00765 0 3.5e-05 0 0 4e-05 0 4.5e-05 0 0 0.0002 5e-05 7e-05 4e-05 0 0.002525 5.5e-05 4e-05 0.014165 0.000255 0 0.005605 5e-06 0.0008 0.0069 0 3e-05 0.002045 0 0 0.00397 1e-05 0.00779 0 0 0.00098 4e-05 0.010005 2e-05 0 0.00019 0.00126 3e-05 0 0 3e-05 3e-05 0 0 0 0.001445 0.006385 0.000275 3e-05 4.5e-05 0 0.00068 3e-05 0.000185 0 3.5e-05 0.0037 1e-05 5e-05 3e-05 0.003395 1.5e-05 0 0 0 5.5e-05 0.002105 3.5e-05 0 0 0.00523 3.5e-05 0.00088 0 4.5e-05 0 0 0.00537 0.000135 1.5e-05 3e-05 3e-05 0.00893 2e-05 0 0.007375 0 0 2e-05 3e-05
0.00661 0.000195 0 5.5e-05 0 3.5e-05 2.5e-05 1.5e-05 0 0.0153 0.004985 9.5e-05 2e-05 3.5e-05 0.00826 0 0.007405 7.5e-05 0 0 0 0 0 2.5e-05 3e-05 0.01033 0.00016 0 8.5e-05 2e-05 0 2.5e-05 5.5e-05 6.5e-05 0 3e-05 0.006065 5e-05 0 0 0 3.5e-05 8e-05 6e-05 3.5e-05 0.00234 0 0.004165 0.001765 4e-05 4e-05 0.01765 0.00512 0.00203 0.00747 2.5e-05 0 2.5e-05 4.5e-05 0 3e-05 2.5e-05 2e-05 0 1.5e-05 4.5e-05 0 0 0 0.009925 0 0.01486 0.00457 0.00926 3.5e-05 0 2.5e-05 0 0 0 0 1e-05 0 2e-05 0 3.5e-05 0 0 0 0.00321 0.005465 0.00025 3e-05 0 0.00018 0 0.00508 0 0.008235 0.00312
0.000155 0.00292 3.5e-05 0 0.002965 5e-05 3e-05 0.00064 0 3.5e-05 0.003975 0 4.5e-05 3.5e-05 0 3.5e-05 0 0.00014 0.01055 0 4e-05 0.002215 0 0 0.00823 0 3e-05 0 0.005095 3.5e-05 8.5e-05 0.00546 3.5e-05 1.5e-05 0 0.000215 0.00067 0 0 0 0 0.00513 2.5e-05 0 6e-05 0 0 7e-05 4.5e-05 0 0.003015 0.00744 0 3e-05 4.5e-05 0 4.5e-05 2.5e-05 0.007365 7.5e-05 4.5e-05 0.00265 2e-05 2.5e-05 0 2.5e-05 0 3.5e-05 0 0.00266 2.5e-05 0.004475 0.010845 0 0 0.015915 0 0.00261 8.5e-05 4.5e-05 4.5e-05 0.000145 0 0 7.5e-05 3e-05 6e-05 0 0 0.0005 3e-05 0 4.5e-05 0.00045 0.007545 0 0.01022 0 0.00018 0
0 4e-05 3.5e-05 0.000355 0 2e-05 2.5e-05 0 0 0.00085 4e-05 0 2.5e-05 4e-05 0.00036 0.000675 0.00458 4e-05 4.5e-05 0.00384 0.004715 4.5e-05 0.000465 2.5e-05 2.5e-05 0 0 7e-05 3e-05 0 4.5e-05 0.00408 4e-05 0 3.5e-05 3.5e-05 0.007245 3e-05 4e-05 0.000185 2.5e-05 0 2e-05 0.008165 0.00666 0 1.5e-05 4e-05 4e-05 4.5e-05 0 2e-05 2.5e-05 0 4e-05 0 0 0 3.5e-05 4e-05 6.5e-05 2e-05 2.5e-05 2.5e-05 0.00014 5e-05 0 0 0 0.00909 2.5e-05 0 3e-05 0.000445 0 0 0 0 4e-05 0.007805 3.5e-05 0 0 1e-05 0 5e-06 0 0.005455 0 4e-05 8.5e-05 5e-06 0 0 4.5e-05 2e-05 0 2e-05 0.005915 0.00399
0 5e-05 0 0.00592 0 0 0.007115 0.00699 0.00051 3.5e-05 4e-05 3e-05 3.5e-05 0.00022 0 0 3.5e-05 3.5e-05 0.005145 0 2.5e-05 0 0.0007 0.000135 2.5e-05 0.00825 0 4.5e-05 0.00038 5e-05 3e-05 2e-05 4e-05 3.5e-05 0 0 2e-05 0.00201 1.5e-05 7e-05 0 2e-05 0.00016 0 3e-05 0.004575 6.5e-05 0 0.00802 0.000335 0 0.00087 0.005955 3e-05 2.5e-05 3.5e-05 0 5e-05 5e-05 0 5.5e-05 0 6.5e-05 5e-06 0 0 0 0.00331 0 0 0 0 0.003975 3e-05 1.5e-05 0 4.5e-05 2.5e-05 0.000375 0 0.00274 3.5e-05 0.00809 0.003935 0.000815 0.001405 0.00646 0.00478 3.5e-05 0 1.5e-05 0 0 0.000215 0 0.00018 4e-05 0.001 0 0
4e-05 0.00525 0 0.006475 0.010695 0 0 0.00712 0 4e-05 5e-05 3e-05 0 0 0 5e-05 0 0 0 0 4e-05 2e-05 3.5e-05 0.0003 0.010175 0 0 0 4e-05 2.5e-05 5e-05 0.0011 6e-05 3.5e-05 5e-05 0.00082 2.5e-05 0.00965 3.5e-05 0 2e-05 0.002385 1.5e-05 0 0.00013 0 0.000815 0.000445 0 0.00016 0.00809 3e-05 2.5e-05 0 0 0.00174 0 0.0081 0 0 4e-05 0.00904 0 1.5e-05 0.000485 0 0.00532 2.5e-05 2e-05 3e-05 0.006405 0 0.00067 3e-05 0.00255 3e-05 0.001075 1.5e-05 0 2e-05 0 0 4.5e-05 0.011585 0.00124 3e-05 0 0.015995 0 0.000825 2e-05 0.004025 0 0 4.5e-05 0 4.5e-05 5e-05 0 0
0 2.5e-05 3e-05 0.007885 0 0 5e-05 2.5e-05 0 0.001615 0.000465 0.00117 0.00122 0.001305 0 0.00208 0.001085 8e-05 2.5e-05 0.00183 0 0 0.003965 0 6e-05 0 4e-05 5e-05 0 0.01237 0.00855 0 0.00017 0.00589 2.5e-05 2.5e-05 0.000725 0.00757 0 0.00752 5e-06 0.008015 2e-05 0.00346 0.003495 0 3.5e-05 0 0.00088 0 5e-06 0 6e-05 5e-05 0 4.5e-05 0 1e-05 0 5e-05 0.00162 0 4e-05 0.010905 0 0 0.00159 0 3e-05 5e-05 0.0058 5e-05 0 0.00312 0.000185 2e-05 0 0.005475 6e-05 0 2e-05 0.000135 3e-05 0 2e-05 0 5e-05 2e-05 0.009045 4.5e-05 0.000555 5e-05 6e-05 0 6.5e-05 0.001525 0 2.5e-05 0.00095 0
0 0 0 3.5e-05 0.014945 4.5e-05 0.01122 0 6e-05 0 1e-05 0 5e-05 0 2e-05 2e-05 3e-05 0.003325 0.00077 0 1e-05 0.00796 2.5e-05 0.0022 0.01532 0 0 0.000765 0 4e-05 0.002235 1.5e-05 0.0002 0.0001 6.5e-05 0.00594 4.5e-05 0.00512 4.5e-05 0 0.000325 0 3e-05 5e-05 0 2.5e-05 6e-05 0.003145 4e-05 0.00363 3.5e-05 0 0 5e-05 0 0 0 0 0.000745 0.005115 0.00858 0 0.00021 9e-05 0 0 0 6.5e-05 0 4.5e-05 0 0 0.004205 3.5e-05 3e-05 6e-05 0 0 0 3.5e-05 8e-05 5e-05 0.002035 3.5e-05 0 4.5e-05 0.005425 0 0.00321 0.000145 4e-05 0 4.5e-05 2e-05 0 0.000525 0 0.00119 5e-05 0
3.5e-05 3.5e-05 2.5e-05 0 0.000205 0 3.5e-05 0.004155 0 0.007665 0 0.007515 2e-05 0 0.0017 0 0 1.5e-05 0 0.003995 3e-05 0.001555 0.00336 4e-05 4.5e-05 5.5e-05 0 0.00632 0 3.5e-05 0 0.0074 0.00446 0.01073 1e-05 5e-05 4.5e-05 0.0008 0.0048 0 0 0 3.5e-05 3.5e-05 0 2.5e-05 0.00062 3.5e-05 0.009265 3.5e-05 2e-05 0.00184 0.000955 1e-05 0 0 5e-06 0.00331 1.5e-05 0 0.004255 0 0 0.01197 0.00385 3e-05 0.000215 0.000265 2.5e-05 1.5e-05 0.00144 4e-05 3e-05 0 3.5e-05 2.5e-05 0 7e-05 0.00055 0 0 3.5e-05 0 3.5e-05 0 0 0 4.5e-05 3.5e-05 0 2.5e-05 0 4e-05 0 1e-05 0.000155 0 0 0 0
2e-05 2e-05 5e-06 0 0 3e-05 4e-05 0 0 2.5e-05 1e-05 2e-05 0 0.000535 0.00293 5.5e-05 3e-05 1.5e-05 2.5e-05 0 0 3e-05 0 2.5e-05 5.5e-05 0.003845 2.5e-05 5e-05 5e-06 0 3.5e-05 0.00357 3e-05 2.5e-05 0 4.5e-05 0 0 0 0 3.5e-05 0 3.5e-05 0.000405 0 0.000635 3.5e-05 0 3.5e-05 0 0 4e-05 4.5e-05 0 3e-05 5.5e-05 2.5e-05 0.006515 0.000365 0 0 5e-05 0 3e-05 0 3e-05 1.5e-05 0 0.00421 0.00105 1.5e-05 3e-05 0 0.00182 9.5e-05 0.01001 0 0 0 0 0 0.01812 0 0.000185 0 1.5e-05 5e-06 0.00972 0.003855 2.5e-05 0.00039 0.00993 0.00803 0.00952 2e-05 2e-05 0.00452 4e-05 0.0021 6.5e-05
0 0 0 0.01114 0 0 2.5e-05 0.003695 0 0.002625 4e-05 0 1.5e-05 0.007005 0.00152 0.0067 0.00664 0 0.003625 0.00767 0 2.5e-05 0.005145 0.000855 0 0.003745 1.5e-05 2e-05 0 2.5e-05 0.002295 0.005135 2.5e-05 3.5e-05 0 2.5e-05 3.5e-05 0.006115 0 0.002545 0 0 2e-05 4e-05 1.5e-05 0 0.00999 0 3e-05 2.5e-05 2.5e-05 0 0 4e-05 0.000695 3e-05 0 0.001745 0 0 0 0.00784 1e-05 0.00151 0 4.5e-05 0.00982 0.011265 0.0001 3.5e-05 0.00724 2e-05 0 4.5e-05 0 4e-05 0.00737 0 0 0.000895 0 0 0.002055 7e-05 2e-05 0.002305 6e-05 0.0069 0 7.5e-05 0 0.005385 0 2e-05 3e-05 0.005825 0.00584 0 0 0.01052
0.00412 4e-05 1.5e-05 0 2.5e-05 0 0.001885 0.000115 0 4.5e-05 0.00125 3.5e-05 0.00121 0.003935 0.003375 0 0 0 0.000825 3e-05 5e-05 4e-05 0 0 4e-05 0 0.00114 0.000365 5e-06 2.5e-05 0.000515 0 0.006275 0.00035 0 0.00529 2.5e-05 2e-05 0 2.5e-05 0 2.5e-05 0.006675 3e-05 2e-05 0.005585 0 0.00329 0 4.5e-05 6.5e-05 0 0 0.000165 0 5e-05 0.00033 0 0 0.007665 0.00461 0 0.006505 1.5e-05 4.5e-05 0 2.5e-05 0.00052 0.0014 8.5e-05 0 0 0.000705 0.00026 0 4.5e-05 0 2e-05 0.005105 0.00461 6.5e-05 2.5e-05 0 3.5e-05 2e-05 4.5e-05 0.00678 0 4.5e-05 0 3.5e-05 3.5e-05 3e-05 5e-06 0.000165 0.007785 0 0 0 3e-05
0 0.00049 4e-05 0.000275 0 3e-05 0 0 0.001315 2e-05 0 0 5e-05 3.5e-05 2.5e-05 1.5e-05 3.5e-05 0.001645 0.001065 7e-05 0 2.5e-05 0 0.00554 0 0.00287 0 3e-05 0.000305 0 4e-05 0.002905 4.5e-05 3.5e-05 0.00085 0.01198 4e-05 0.002095 0 0 2.5e-05 0.00294 4e-05 0 0.0071 2.5e-05 0 0.0058 2.5e-05 0 3.5e-05 4.5e-05 4.5e-05 3e-05 1.5e-05 0 5e-06 2.5e-05 0.01034 1e-05 0 0.003805 0 4.5e-05 0 0.012465 0 0 2e-05 0 0 3.5e-05 0 0 0.002315 0.005745 3e-05 1.5e-05 0.00035 1e-05 0 0 2.5e-05 0 6.5e-05 1.5e-05 3e-05 0.00426 0.00668 0.00641 2.5e-05 0 0.00259 0.000955 4e-05 5e-05 0 0.001845 0 4e-05
0.000795 5e-05 0 0 9.5e-05 0.00633 0.001915 0.00509 0 4e-05 0 0 0.00013 0 0.000795 0.00788 0.00049 5.5e-05 0 0.00064 0.001895 0 0.001435 0.00642 0 0.002325 3e-05 2e-05 5e-05 2.5e-05 0 0.0037 0 4.5e-05 3.5e-05 0.00013 0 0 0 0 3e-05 2.5e-05 3e-05 2e-05 0.00217 3.5e-05 0.00012 0.000375 0.00816 0 0.00574 0 6e-05 2e-05 7e-05 3e-05 2e-05 0.002365 4.5e-05 1.5e-05 0 0.01049 4e-05 2.5e-05 0.006965 0.000925 0 0.00297 0.00066 6e-05 0.00543 3e-05 8.5e-05 2.5e-05 2e-05 0 0 0 0.00052 1e-05 3e-05 0.005835 6.5e-05 0 0 3.5e-05 0 0.012125 0.007265 0 0 0 0.00779 0 0 0 0.00188 3e-05 2e-05 0.007885
6.5e-05 0 0.00676 0.00018 5.5e-05 0.008885 0.001115 0.0047 4e-05 0 0 0 0.009585 0 0 0.001355 0.001975 0 0 0.000105 2.5e-05 4.5e-05 0 0.00024 3e-05 0 0.000825 3e-05 0.007015 3e-05 0 0 0 0.00131 0.00238 0.00027 4.5e-05 0.002845 3.5e-05 3.5e-05 0 0 0 2.5e-05 0 0 0.000895 0.00563 0.005955 0.00298 1e-05 0.00041 0 0 1e-05 0 0.005235 3.5e-05 0 2.5e-05 0.002215 0.000175 0.009075 0 0.004445 0.001925 0.005515 0.00119 3.5e-05 2.5e-05 0.00372 0 0.005415 0 1.5e-05 1.5e-05 0 0 0.011585 0.00302 0.006515 6e-05 0 3.5e-05 3.5e-05 0 0 0 0 0.00423 1e-05 5.5e-05 0.00502 6.5e-05 0.0028 0 3.5e-05 0.007375 0 0
3.5e-05 2e-05 0 0 0.00893 0.002395 0.00044 0 0 4.5e-05 0.00693 3.5e-05 0 0 0 0 4e-05 4.5e-05 0 0 2.5e-05 0.001215 4e-05 0 0.00017 4e-05 0 0.000115 0 0 0.011675 4e-05 0 0 0.00186 0.005095 0 0.00337 3e-05 0 0.00276 0 0 0 4e-05 5e-06 1.5e-05 3.5e-05 0 0.010525 4.5e-05 0 0.000255 6e-05 0.00629 0 1.5e-05 0.000705 0.0037 0.009415 0 0 0 0.011315 3e-05 4.5e-05 0 3.5e-05 3.5e-05 3.5e-05 0.00053 0 0 0.00297 0 3e-05 3.5e-05 2e-05 0 0 0.018565 0 0.00027 0 3.5e-05 0 3.5e-05 1.5e-05 0.00514 4.5e-05 2.5e-05 3.5e-05 0 2e-05 6e-05 0 1e-05 0.008685 0.000185 3.5e-05
0 0 0.0075 0.004075 3.5e-05 3.5e-05 0.000785 0.00013 0 0.00011 0 2.5e-05 0 0 0.000675 0.011955 0.00791 0.000145 0.000525 0 2e-05 4e-05 0.001055 0.005925 5e-05 0 0 4e-05 7.5e-05 0.00054 0 5e-05 0.000355 0.00091 0 0 0 0.00235 0.003935 2.5e-05 0.002595 0 0 0 2e-05 0 0.000705 0.002895 0.00021 3e-05 2e-05 0.00164 0 0 0.006535 0 0.00491 4.5e-05 1.5e-05 0 0 0 0.009075 0 0 2e-05 0 0 0.00167 0 0 0.000315 3.5e-05 0.000365 3.5e-05 1.5e-05 3.5e-05 0 0.002855 0 0.005755 5e-05 0 2.5e-05 2.5e-05 0.00023 0.000525 0 2e-05 0.00139 4.5e-05 0 0 2.5e-05 3.5e-05 0.00072 3e-05 0.004465 3.5e-05 0
0.00355 0 0.004145 4.5e-05 0.002905 0.00739 0 0 2.5e-05 3.5e-05 5.5e-05 2e-05 0 0.00221 3e-05 0 0 0 3e-05 0 0.005015 4e-05 0 0.00037 1.5e-05 4.5e-05 0.004645 0 0 0.00061 0 2.5e-05 0 3e-05 0.003715 0 1.5e-05 0 0.00165 0 4e-05 3.5e-05 0.0085 0 0.008345 0 0.00544 3.5e-05 0.000845 0 0.00014 0 0.00235 3e-05 0 2.5e-05 1.5e-05 0 2.5e-05 0 0 0 0 1.5e-05 0.000235 0 0 1.5e-05 5e-06 2e-05 0 3e-05 0 2e-05 0.01062 0 0 9e-05 0.007145 0.00026 2.5e-05 0.00199 4e-05 0.002775 0 0.00476 0.003825 0.00123 0.01239 3e-05 2e-05 0 0.012705 0 3.5e-05 0.004525 5e-05 0.001855 3e-05 1e-05
0 4e-05 0 0 1e-05 0.003725 0.004475 0 2.5e-05 0.000625 3.5e-05 3e-05 2e-05 0.010405 0.005625 0.00469 0 0 2.5e-05 0.00286 0.000155 0 0 0 0 0.00815 0 5.5e-05 9.5e-05 3.5e-05 0 5e-06 3.5e-05 2e-05 0.00622 0 2e-05 2e-05 0 3e-05 0 2e-05 5e-06 2.5e-05 0 0 0.009845 0 0.00105 0.001365 0 0.004675 0.005755 0 2.5e-05 0.000195 0 1.5e-05 0 0.001105 3e-05 0.00237 0.00509 4.5e-05 0.000395 0.00043 2.5e-05 0.006675 0 0 0 0.00891 0 0.001485 0 4e-05 4.5e-05 0 0.00222 0 0.00104 0.004465 0.000825 0.00466 0 0.00319 0.00315 0.000255 4e-05 0.00238 0.00473 3e-05 3e-05 0 4e-05 0.00119 0 4e-05 0 1.5e-05
5e-06 0.01437 0 0 0.01305 3e-05 0.00267 0 0.00347 2e-05 0.002825 0.007285 0 0 3e-05 4e-05 0 0.000155 0.00015 0 3e-05 0.01212 6e-05 4.5e-05 2e-05 0 3.5e-05 5.5e-05 6.5e-05 2.5e-05 1e-05 0.000615 4.5e-05 1.5e-05 0.00843 0 0 0.000905 0 0 0 1.5e-05 2e-05 0 0.00131 1.5e-05 1e-05 0 2.5e-05 2.5e-05 0.01209 3.5e-05 0 0.00028 0 0.000635 3e-05 0.003525 0.00031 3e-05 6e-05 3e-05 0 0 4.5e-05 0 2.5e-05 1.5e-05 3.5e-05 0 0 2e-05 9.5e-05 2e-05 0.00363 0.01029 0 0 3.5e-05 0 0.00073 0 2e-05 9e-05 0.01064 0 5e-06 0.00531 0.00023 0.002415 5.5e-05 0 0.00291 0 0.00536 3e-05 0.002305 3.5e-05 0.001985 1.5e-05
0 4e-05 0 0.00416 0 0.000615 0.00017 0.002335 0 0 0.000475 0 0.00838 0.002705 2.5e-05 0 0.003845 0.00065 0.009 2.5e-05 7.5e-05 2e-05 0 0 2.5e-05 0.00018 0.002535 0 0.002385 1e-05 0.00028 0 4.5e-05 0 3.5e-05 0 0 0.006295 2e-05 0.001485 4e-05 1e-05 3e-05 1.5e-05 2e-05 4e-05 0.01073 0 0.01274 3e-05 5e-05 0 0 5e-05 0.000185 5e-06 0.001035 3e-05 0 1.5e-05 0 3e-05 0 0 4.5e-05 0.000195 0.000135 0.00325 3.5e-05 5e-05 0.000275 0.00206 0 1.5e-05 2e-05 0 0 5e-05 0 2e-05 0 4e-05 0.01455 0 0 0.003955 0.003455 6e-05 1.5e-05 0.00712 4e-05 0 0 0 0 0.00053 3e-05 0.002935 4.5e-05 0
0 0 3e-05 0.010865 0.017455 0.00072 0.004015 0.00644 0.00513 0 0.00572 0 0 0 5e-05 0.000315 3.5e-05 0 0 0.00116 1.5e-05 0.0045 0.000155 0.00104 0.000835 0 0 3e-05 3e-05 0.00523 0.005565 0.00715 0 1.5e-05 0 0.000325 2e-05 0.000655 3.5e-05 0 0.001965 0.00028 0 0 0 0 4.5e-05 4e-05 6.5e-05 0 0 3e-05 1e-05 6e-05 0.00114 2.5e-05 0 0.00455 0.001595 6.5e-05 9.5e-05 0 0.000455 0.00029 0.002565 2.5e-05 0 0 3.5e-05 3e-05 0.014325 0 5e-05 4e-05 0 0 0 0 0.000145 3e-05 0.000125 0 0.000495 0 5e-05 3.5e-05 4.5e-05 0.00041 0.00028 1e-05 0 2e-05 0 1.5e-05 3.5e-05 0.005465 0 0 4e-05 0.00321
0.007075 0.004965 0 6e-05 0.0008 0 0.00669 0.00334 0 5.5e-05 2.5e-05 4e-05 3.5e-05 4.5e-05 4e-05 1e-05 4e-05 0.000425 9e-05 3e-05 4.5e-05 2e-05 3.5e-05 4.5e-05 0.004175 0.00417 0.000365 0.00038 0 0 6.5e-05 0 0 4e-05 0.000175 0.003145 3.5e-05 4.5e-05 0 0 3e-05 2.5e-05 0.00236 3e-05 3.5e-05 0 0.000855 0 3.5e-05 0 0.001955 0.000715 0.002215 0 2.5e-05 5e-06 1.5e-05 4.5e-05 0 0.00651 0 0.000205 0.000185 2e-05 2e-05 0 2.5e-05 0 0 0 4e-05 0 0.01054 0 0 0 3e-05 0 0 0 0 2.5e-05 0 5e-05 4e-05 2.5e-05 0 4e-05 0 0.01172 0 4e-05 0 0 4.5e-05 2.5e-05 3e-05 0.005995 2.5e-05 0
2.5e-05 0 0.000745 0 0 2.5e-05 0.00259 0.000225 0.00011 0 0.011735 3.5e-05 4e-05 3e-05 0 0.00015 4e-05 0.005405 0.013525 4e-05 0 0.000245 0.000205 0.00059 0 0 0 0 0.006485 0 0.00072 0 3e-05 0 0.004035 0.0001 3e-05 0.004805 4e-05 0 5e-06 0 0 5e-05 6e-05 2.5e-05 0.00539 0.00025 0.007875 2.5e-05 0 0 0 5e-05 0 0.006 0 2.5e-05 0.003995 2.5e-05 0.009845 0.009735 0.001265 0.00231 0 0.0002 0 2.5e-05 2.5e-05 3.5e-05 1e-05 0 0.008285 3.5e-05 6e-05 1.5e-05 0 2.5e-05 0 0 0.00442 0 0 2.5e-05 0 0 0.009685 2e-05 0 0.000695 4e-05 0 3.5e-05 0 0.004925 0.00072 4e-05 0 3.5e-05 1e-05
1e-05 1.5e-05 0 3e-05 3e-05 0.002675 0.001635 4e-05 2.5e-05 0 0 5e-06 0.002285 6e-05 0 0.001805 0.003405 0 3e-05 0 0 1e-05 3.5e-05 0.000775 0 0.00337 0.00933 0 0.0024 0 3.5e-05 0 0.003425 0 0.002445 3e-05 0.00078 0 2e-05 0 0 3.5e-05 0.00066 0 0.007545 0 0.002145 4.5e-05 3.5e-05 0.005435 0.003305 0 0 0.000125 4e-05 2e-05 0.009655 3.5e-05 4e-05 7.5e-05 4e-05 1.5e-05 0.005375 5e-05 3e-05 0 1.5e-05 0.00032 0 0 4e-05 0 2.5e-05 0 0.006545 3e-05 0.00015 0.00723 3.5e-05 0 0.00204 0 2.5e-05 0.00478 0.009455 0 2.5e-05 0 2.5e-05 4e-05 0 2.5e-05 0 0 0 2e-05 6e-05 5e-06 9.5e-05 0
0 0.00275 0 3e-05 3e-05 0 0.00609 0 3.5e-05 0 3e-05 0 2.5e-05 0 5e-05 1.5e-05 2.5e-05 3.5e-05 0 0.001885 0 4e-05 3.5e-05 0 0.000135 0 4.5e-05 3.5e-05 2.5e-05 0.00845 3e-05 1.5e-05 2e-05 1.5e-05 0 0 0.001545 4e-05 0.000795 3.5e-05 5e-05 0.0002 0.00563 0 0 0 3.5e-05 2.5e-05 1.5e-05 0.00315 5.5e-05 1.5e-05 5e-05 0.00995 2.5e-05 0.002165 0.000165 0.00519 0.00534 0 0 0 0.00021 0 0 0 3e-05 5e-06 0 4.5e-05 4.5e-05 6e-05 2.5e-05 0.0028 0 0.004865 0.004655 0.004845 0 0.004395 0 0 2e-05 0.01258 0.000195 2.5e-05 4.5e-05 0 0 4e-05 0 0.002835 0.00024 0.005465 0 2.5e-05 0 0 2e-05 0
0.0003 3e-05 4.5e-05 0 0.000105 0.007755 0.000325 3.5e-05 0.00317 0 3.5e-05 0 0 0.00394 0 0.00685 0 4.5e-05 0 0 8.5e-05 0 2e-05 0 2e-05 0 0 3e-05 0 0 0.000995 0 0 3e-05 4e-05 2e-05 5e-05 0.009035 0.00081 0 3.5e-05 7e-05 0.0002 0 0 0.00163 0.003435 5.5e-05 0 0.00699 0.00249 1.5e-05 0 0 3e-05 2.5e-05 0.000225 5e-05 2.5e-05 5e-05 2e-05 0 3e-05 0 0.0116 2e-05 0 0 3.5e-05 2e-05 0 0 2e-05 0 0.011955 3e-05 0 5e-06 0.002725 0.001325 4e-05 0.008145 0 0.008095 0 0.00379 5.5e-05 0.01158 0.000375 4e-05 0.00364 0 0.00049 1.5e-05 2.5e-05 0.00079 0 2.5e-05 2.5e-05 0
0 5e-05 0 0.008635 4.5e-05 0.007205 0.00068 2e-05 4e-05 4.5e-05 0 3e-05 0.006085 0.0023 0.00513 0.00019 0.00138 3e-05 0 0 0 6e-05 0.000415 8.5e-05 5.5e-05 0 0.003065 1e-05 0.000495 0.003945 5e-05 3e-05 3e-05 0 0.001375 0 2.5e-05 0 0.00636 2.5e-05 3e-05 0 0.00359 1.5e-05 0.007845 0 0.007275 0 0 0.00012 0.00529 0 0 0.001535 4.5e-05 5.5e-05 0.003715 0.00163 3e-05 2.5e-05 0 0.00373 0 0 0 2.5e-05 0 0.00013 0 3.5e-05 2e-05 0 0.000435 2.5e-05 0 2e-05 0.00537 0.008665 0 0 0 0 0 8e-05 0 0 4e-05 0.0098 0.006185 0 3e-05 0 0.00169 0.00023 2e-05 0.002985 5e-05 0 0 5e-05
0 4.5e-05 0 0 0 4.5e-05 4e-05 4e-05 6.5e-05 0 3e-05 3e-05 0 3.5e-05 0 0 0 0 0 0.006865 0.00029 0 1e-05 1.5e-05 4e-05 4e-05 3e-05 0 1.5e-05 0 0.00331 5.5e-05 0.01126 0.00608 4e-05 3e-05 0 0 7e-05 4e-05 0.011085 0.00133 0.000335 0.00785 0.011025 0.00073 5e-06 5.5e-05 2e-05 0.00748 2e-05 6.5e-05 5e-05 0 0 0 2.5e-05 0 0.004965 0 3e-05 0 0.00101 0 2.5e-05 4e-05 0 0 0 0 5e-06 5.5e-05 4e-05 0.000155 0.00442 0 0.008735 0.001095 0 0.007165 0.002175 0.009465 3.5e-05 3e-05 0.005645 0 6e-05 1.5e-05 0 0 0.01425 1e-05 2.5e-05 3.5e-05 3.5e-05 0 2e-05 2.5e-05 0.01203 0
0 0.0019 0 0 5e-05 3.5e-05 0.006195 6e-05 3e-05 1e-05 6e-05 0 0.000555 0.001535 0.000575 5e-05 3e-05 3e-05 1e-05 0 3e-05 0 5e-06 6.5e-05 0 0.00629 0.00021 0 0.001815 0.00232 0 3.5e-05 0 2e-05 0.006715 6e-05 0 3.5e-05 0.002845 0 0 0 0 0 0.01358 0 0.00027 2e-05 4.5e-05 0.00579 0.014135 2.5e-05 3e-05 0.000195 1e-05 0 0 2.5e-05 0 2.5e-05 1.5e-05 0.000555 5e-05 4e-05 0.00451 0.001185 0 0 0.002115 0 4e-05 2.5e-05 0.000315 5e-05 0 0.006195 0.002725 0 0 0 0 0 4e-05 0.00226 0.01465 2e-05 0 0.00034 0.00049 4e-05 0.00117 0.00868 0.00076 0.008485 0.001195 0 4e-05 0 1.5e-05 5.5e-05
0.00066 4e-05 0 0 4.5e-05 3.5e-05 4e-05 0 2e-05 0 3.5e-05 4e-05 2.5e-05 0.004095 0.00149 3e-05 0 0 3e-05 0.004785 0 0 3e-05 3.5e-05 0 0.00707 0 0.000995 0.00035 0.00293 0 0 0.00182 4e-05 0.002245 0 0 0 0.0074 0 0 5.5e-05 0.005615 0.000155 0.007095 0 0 0 3e-05 0.00081 0.00074 0.00546 3e-05 0 5.5e-05 0 0.005215 0 3e-05 4.5e-05 0 1.5e-05 0 3e-05 0.003765 0 2.5e-05 0.00806 0.0001 4.5e-05 3.5e-05 0.00705 0 0 0.00017 2.5e-05 0.00039 0.01029 0 0.01154 4.5e-05 0 3.5e-05 0.00088 0.0084 0.00093 4.5e-05 3.5e-05 0 0 1e-05 0.00257 0.005785 0.00167 0 4e-05 3e-05 0 0 0
0.002995 3.5e-05 4.5e-05 0.005205 0 0 0.00558 2e-05 1e-05 5.5e-05 0 2.5e-05 0.003085 0.00719 0.003345 2.5e-05 3.5e-05 4e-05 0 0.00012 0.00062 5.5e-05 0 2e-05 0 0 0 0 4.5e-05 0 3.5e-05 0 0.00082 3.5e-05 6e-05 2e-05 0.00295 0.00301 0.00455 0 0.002345 0 0.000155 0 0.001135 0.009115 3e-05 0 2.5e-05 0 0 2e-05 4e-05 5e-05 2e-05 2.5e-05 0 0.000105 0.00077 0.001165 4.5e-05 3e-05 0.002435 2e-05 0.00127 1.5e-05 0 3.5e-05 0.00015 0 0 0 1.5e-05 0 0 4.5e-05 0.01076 0 2e-05 0 3e-05 0.01479 1.5e-05 0.000155 0 0.000535 0 0 0 4e-05 0.009885 0 0.010835 5e-05 2.5e-05 0 0 3.5e-05 2.5e-05 3e-05
0.003665 0 1e-05 0.00568 0 1.5e-05 0.000315 0.001505 0 2e-05 0 3e-05 3e-05 0 5e-05 0 0 8.5e-05 0.00362 0 0 3e-05 2.5e-05 5e-06 0.002905 4.5e-05 1.5e-05 5e-06 0 3.5e-05 0 0.00022 2e-05 0 0.00862 0.000655 0 0.000415 2.5e-05 0.00205 3e-05 3e-05 3.5e-05 0.000455 3e-05 0 0 0.00594 3.5e-05 0.00057 0.01498 0 3e-05 2.5e-05 4e-05 0.00354 0 0 0 0 1.5e-05 0.002465 3e-05 0 0 0.01139 1.5e-05 5e-05 0 0.000335 5e-05 2e-05 0 2e-05 1e-05 0.007645 2.5e-05 0.005345 0 0.003725 5.5e-05 0 0 0.016015 0.009985 4.5e-05 0 0.007855 0.00545 0.001105 0 0.0073 0.000205 0.01036 0 4e-05 0 2.5e-05 0 0.003965
0 2.5e-05 5e-05 0 0 0.0013 0.00096 3e-05 0 0.00332 0 0 0 0 0 0.00378 0.00086 0 2e-05 0.002335 8.5e-05 0 0 0 0 0.013225 0.00619 5e-05 0 3.5e-05 0 5e-05 0 0 0.0047 0 2.5e-05 5e-05 0.004195 4e-05 4e-05 4e-05 0.00275 1.5e-05 0 3.5e-05 0 0.005495 0 3.5e-05 0.00173 0.00181 0 7e-05 4e-05 7e-05 0 3.5e-05 4e-05 1.5e-05 2e-05 0.00184 5e-05 2.5e-05 0.000955 0.000275 4e-05 0.000135 0 0.00573 2.5e-05 0.00635 0.00069 0 0.00125 0.005845 5.5e-05 0.011155 2.5e-05 0.01389 0 0.003435 1e-05 0 5e-06 2e-05 0.00034 0 0 0.00164 0 0.001615 0.008985 0.010255 0 3e-05 0 0 5e-05 0.0001
0.00662 0 5e-05 0.005625 3.5e-05 0 0 0.006785 0 0 4e-05 4.5e-05 0.00263 0 0.00318 0 0.004715 0.002285 0 0 2.5e-05 3.5e-05 0.01008 0.000215 0 0.00132 0 5.5e-05 0.002175 0 0 0 0 3e-05 4.5e-05 0.000545 2.5e-05 0.00011 0.000525 1.5e-05 2.5e-05 4.5e-05 0 5.5e-05 5e-05 0 0.012915 3e-05 5.5e-05 0 0.002145 0 0.01089 2.5e-05 2e-05 0 5e-06 0 0 3.5e-05 2.5e-05 0.009705 2.5e-05 4e-05 0 0.00142 0.00771 0.011245 0.000165 0 0.003795 0.00444 0.005135 0 2.5e-05 0.00326 3e-05 0 0.00572 0.003295 0 0 0.004225 0 2e-05 0 5e-06 0.00402 2.5e-05 0.00011 0 0.001985 0.00216 0.000285 0 0.004675 0 0 3.5e-05 4e-05
0.006595 0 0.00264 0 0 0 0.00413 6.5e-05 2.5e-05 0.001195 3.5e-05 5e-05 0 0.00023 0 2.5e-05 0 0 0 0.009355 6e-05 0 0.00016 0 2e-05 0.00419 0.0082 3e-05 0 0 0.00202 4.5e-05 0.00044 0.00063 2e-05 0 4e-05 0.002045 0.0081 0 3e-05 5e-05 0.007845 3e-05 0 0.00785 6e-05 0.000255 0.00071 0 3.5e-05 0 0 3.5e-05 4e-05 4e-05 0 5e-05 2.5e-05 4e-05 2e-05 0.00013 0.00389 0 0.01126 4e-05 4e-05 0.006935 0.00468 5e-06 0 3e-05 0 5.5e-05 8e-05 0 3.5e-05 0.00039 0.001955 0.010835 0.00089 0 0 0 0.00363 0.00776 2.5e-05 0.00074 0 5.5e-05 0 0 0.00834 1e-05 4e-05 0.008015 4.5e-05 2e-05 7.5e-05 0
0.00922 0.00582 0 2.5e-05 2.5e-05 3e-05 5e-06 0 2e-05 0 3.5e-05 0 5.5e-05 0.003585 4e-05 3e-05 2e-05 0.000545 1e-05 3e-05 0.00013 4.5e-05 5e-05 0.003755 0 5e-06 0.007405 1.5e-05 0.00118 9.5e-05 2.5e-05 0 1.5e-05 2e-05 6e-05 0 5.5e-05 0 6.5e-05 3.5e-05 0 2.5e-05 0 0.005695 0 0.00711 4.5e-05 0 0 0.00817 0 3e-05 3.5e-05 0.00301 4.5e-05 0.00461 2e-05 3e-05 0.010995 0 0 0 0.009455 1.5e-05 0 0 2e-05 0 0 0.00489 2.5e-05 0 0.007835 2.5e-05 0.0014 0 1.5e-05 3e-05 1.5e-05 0.006545 0 0 1e-05 0 0 0 0 0.004065 0.00012 0 0.000525 0 0.01 0.004435 0 3e-05 0 0 5e-05 3.5e-05
0 4e-05 0.011865 0.00067 0.009015 0 0 0 0 0 5e-05 0 0.006005 0.007765 2e-05 4e-05 5.5e-05 3e-05 0 5e-05 3e-05 1.5e-05 2e-05 0 0.00513 0 0.0085 4.5e-05 0.00708 0.000485 0.002245 2e-05 0.002585 0 0.00102 0 3e-05 7.5e-05 4e-05 2e-05 0.00018 0 0 0 0 0.003935 6e-05 0.002035 0 0 0 5e-05 0.000155 3e-05 0 0 0 0.000175 0.004875 0 0 5e-05 0 0.000275 2.5e-05 6.5e-05 0 0 4.5e-05 0 0 3.5e-05 0.00332 3e-05 0.001045 2.5e-05 2.5e-05 1e-05 0.00416 4e-05 0 6.5e-05 0.005775 3e-05 2e-05 0.004475 0.00432 0.00074 0.00637 0.00315 0 0 0.00682 2e-05 0.003515 0 4e-05 0 3.5e-05 6e-05
0.000605 0 3.5e-05 0 0.00483 0.002495 0.010165 0 0 3.5e-05 1e-05 2e-05 0.000565 0.00988 0 0.005575 0 0 0 0.002885 3e-05 2e-05 0.00038 0.01432 0 0 0.001885 4.5e-05 3.5e-05 4.5e-05 2.5e-05 0 0 3e-05 0 0 3e-05 0.00114 0 0 3.5e-05 0 0.00107 5e-05 0.003405 0.00334 0.00974 0.000865 0.006575 0.00266 0.004365 3.5e-05 0.00034 3.5e-05 0 4.5e-05 0 3.5e-05 2.5e-05 4e-05 0 5e-05 0 0 0 0.00015 0.00159 0 0 3e-05 0 5.5e-05 0.003555 6e-05 0 0 0 0 0.00287 0.000235 0.001335 0 5.5e-05 0.00077 0 0.00101 0 0.012035 0.010035 0.00172 3.5e-05 0 0 5.5e-05 4e-05 0.00688 0 0.00358 3e-05 0
0 4e-05 0 1.5e-05 0 3.5e-05 5.5e-05 3.5e-05 0 0 0.00375 0 3e-05 3e-05 2.5e-05 0 3.5e-05 0.00017 0.000335 0 4e-05 0.00464 0 5e-05 4.5e-05 0.01106 0 0.01118 0.000185 3.5e-05 0 0 3.5e-05 3.5e-05 0.006725 0.00115 0.00949 4e-05 4e-05 0 3.5e-05 0.002045 3e-05 0.00012 3e-05 3e-05 0 0 4.5e-05 2.5e-05 0.00139 0 6e-05 0.00199 1e-05 0.0001 0 3.5e-05 0.007185 0 2e-05 4.5e-05 0 5e-05 2.5e-05 0 4e-05 0.003225 0 0.000115 3e-05 0 0 0 5e-05 0 0 0.00206 5.5e-05 0.000485 3.5e-05 4.5e-05 4e-05 0.000275 0 0 0 3e-05 5.5e-05 0.00035 0 0 0 0.01399 0.011555 0 0.00621 5.5e-05 7e-05 0.00119
0 3e-05 0.002575 0 0 0 0.00712 2.5e-05 1e-05 2e-05 0.00659 0 2.5e-05 3e-05 0 5e-05 0 0 3e-05 5e-05 2.5e-05 0.014635 5e-05 4e-05 0.01004 3e-05 0.00123 0.004375 0 0 0.00013 0 0.012465 0.000295 0 0 0.00357 0.000655 5.5e-05 0.00107 0.000425 0 8e-05 0 0.00537 3e-05 0 2e-05 0 0.01061 0 0 0 0.002295 0.003415 0.005225 2.5e-05 0.00448 0.01435 0.01379 0 3e-05 0.00025 0 4e-05 5e-05 0 3.5e-05 3e-05 4e-05 6.5e-05 1e-05 1.5e-05 0 0.00126 0 3e-05 4.5e-05 5.5e-05 2.5e-05 0.003765 2.5e-05 0 3e-05 0 0 0.00595 4e-05 0 0 2e-05 4.5e-05 2.5e-05 3e-05 0 0 4e-05 0.00036 4.5e-05 2.5e-05
0.00782 0.00363 3.5e-05 0.007665 0.00406 0 0.007515 0 0.00068 0 1.5e-05 5.5e-05 0.001 0.00024 2e-05 3.5e-05 6e-05 3.5e-05 0 0 0 2e-05 2e-05 0.00801 0 0 5.5e-05 1e-05 3.5e-05 0.005765 4.5e-05 0.00372 1.5e-05 0 0 0 4.5e-05 0 0.000395 0 3.5e-05 0.00569 0.00056 0 0.010085 0.00234 4e-05 3.5e-05 4e-05 0.0078 0 0 4.5e-05 0.00079 0 0.00093 0 0.00797 0.00013 0 5.5e-05 0 0 4.5e-05 0.000855 5e-06 0.002495 4e-05 8e-05 0 4e-05 1e-05 0 3.5e-05 2e-05 0.004205 0.000135 0 0 0.000285 0 0.01402 0 0.007215 3e-05 0 0.000615 0.001155 0.01259 4e-05 0 0 0 0 0 3.5e-05 2e-05 2e-05 4.5e-05 0
3e-05 2e-05 0 0 0.003095 5e-06 0 0.00228 0.00191 2.5e-05 4.5e-05 0 0.0094 0.00141 0 0 0.000125 4.5e-05 0.000415 0.006815 0.004265 0 0 0 0 0 2.5e-05 0 4e-05 0 0.000285 3.5e-05 0 3.5e-05 7.5e-05 0 0 0 7.5e-05 0 0.000945 0.004405 5e-05 0.000795 0.00471 2e-05 4e-05 4e-05 0.005795 0.005525 0 2e-05 0 3.5e-05 0.000165 1.5e-05 0.005715 0.01453 0 5e-05 0 0 5.5e-05 0.000205 0 2e-05 0.000545 0.00032 2e-05 3.5e-05 0 3e-05 0 3.5e-05 0.00015 4.5e-05 0.01048 0 0.00458 2e-05 0 0.003815 5.5e-05 2e-05 3.5e-05 0.001865 0 0.01181 0.013315 4e-05 2.5e-05 5e-05 2.5e-05 3e-05 4e-05 0 0 0 0 0.001155
2.5e-05 0.002685 4.5e-05 0.00834 0.008395 2e-05 5e-05 0 0.00102 0.00023 0.004955 0 0 0 0 0.00596 0.00166 0 4e-05 4e-05 5.5e-05 2.5e-05 0.013125 0 0.004365 0.00266 2.5e-05 1.5e-05 0 0 0.000375 0.012615 2e-05 3.5e-05 0 2e-05 2.5e-05 0.000905 0 0.00035 0 0.00088 4.5e-05 2e-05 0 4e-05 2.5e-05 0 0 2e-05 0 3.5e-05 0 0 0 3.5e-05 0 0.002195 0 4e-05 0 0.00914 3.5e-05 0.003475 4e-05 0 0 0 3.5e-05 4e-05 0.00364 3.5e-05 0 0 5e-06 0.00045 0.000815 0.002935 0.00725 3e-05 1e-05 5e-05 0 0 0 0 2.5e-05 0.00302 0 0.005725 0 0.00727 0 0.000435 2e-05 0.003935 0 0.001715 0 0.01572
4e-05 0.000425 2.5e-05 3e-05 0.01383 0 0.00056 5e-06 0 4.5e-05 0.006095 0.008375 3e-05 5.5e-05 2e-05 2e-05 5.5e-05 3.5e-05 4e-05 0 9.5e-05 0 5.5e-05 0 0.018135 0 3e-05 0.00013 2.5e-05 0.009175 1e-05 0.010245 0.001745 3e-05 0 1.5e-05 5e-06 0 0 0 0 0.020105 0 0 0.01054 1.5e-05 2e-05 2e-05 4.5e-05 0.00521 0 0 2.5e-05 0.00162 4.5e-05 0 2e-05 0.006815 0 0 0.00086 0 2e-05 0.004585 5e-05 0.00059 0 4e-05 0 0.000175 0 2.5e-05 0 0 0.008705 0.00444 5e-06 3e-05 3.5e-05 1.5e-05 0.00228 0.00062 0 0.001095 0 0 0 0.00124 0.000685 0 0 1.5e-05 3e-05 2.5e-05 1.5e-05 2e-05 0.001965 5e-05 0 0
3e-05 0 0 4.5e-05 4e-05 0 0 0 2.5e-05 0.00011 0.00744 0 0.004105 0.0013 0 0.00025 0 0.00584 0.00377 0.00029 4.5e-05 4e-05 0.002175 3e-05 0 0 0 0 0 0 0.00304 5e-05 0 0.003595 0 0.003755 0 2.5e-05 1.5e-05 4e-05 0 2.5e-05 0 2e-05 5.5e-05 3e-05 0 0.000955 6.5e-05 0 0 0.00474 0 2.5e-05 0.011865 6.5e-05 7e-05 3e-05 4.5e-05 0.0049 0.012605 0.000195 0.002695 0 1e-05 0 0.00023 5.5e-05 0.00083 5e-06 0.00508 0.008865 0.001255 0.002745 4.5e-05 3.5e-05 3e-05 2e-05 2.5e-05 0 0.0065 0 0 5e-05 0 0.004025 0.002235 0 5.5e-05 0.00017 5e-05 3.5e-05 5e-05 0 0.0009 0.01206 4.5e-05 0 0.000215 0
5.5e-05 0 0 2e-05 3.5e-05 0 0.004665 6.5e-05 3e-05 0.004545 2.5e-05 4e-05 0.003835 0.000135 0.002325 0.000845 0.002435 0 0.003345 0 4e-05 2.5e-05 0 0.002295 4.5e-05 1e-05 0.000365 0 0.00017 3.5e-05 0.00154 0 0.00165 0.002875 0.00494 1.5e-05 3.5e-05 1e-05 2e-05 4.5e-05 2e-05 1e-05 0.00417 0 0 0 0 0.01085 0 4e-05 0 0 0.00093 2.5e-05 0.0001 0 0 0 0 0.00202 0.0029 0 0.00832 2e-05 1.5e-05 0.004015 5e-05 0.004745 0.0011 2.5e-05 5.5e-05 0.000105 0.00875 3e-05 3e-05 2e-05 0 3.5e-05 0.001015 0.004665 0.00712 0 0 0 1.5e-05 0.004465 0.00784 0 0 0.008155 4e-05 0 4.5e-05 0 0 0 2e-05 0 4e-05 0
0.0053 2.5e-05 0.01173 4.5e-05 3.5e-05 0 0.00194 0 3.5e-05 0 0 0 0.003745 0 0 0.007645 0.006435 0 0 0 0 0 4e-05 5e-06 5e-06 0.00126 0 0.003245 0 2.5e-05 0 3e-05 0.00615 0 0.001845 0 0 2e-05 0.000525 5.5e-05 0 5e-05 0.008665 2.5e-05 5e-05 0 0.00025 0.00062 0.001965 0 4e-05 0 0.009755 0.002815 0 0.0003 0.00414 5.5e-05 0 0.003945 4e-05 1.5e-05 0.008805 6.5e-05 0 1.5e-05 3.5e-05 0 0.001385 0 0 0 0 0.006555 5e-05 3.5e-05 0 0 2e-05 0.007015 0 3e-05 0.007665 3e-05 0 0 0.00019 3.5e-05 2.5e-05 0.00025 0.00254 1.5e-05 0.001145 1.5e-05 0.005425 0.001175 6.5e-05 0.001665 0 3.5e-05
0 0.000795 0.004845 5.5e-05 2.5e-05 1.5e-05 0.01814 5e-06 0.000135 1e-05 2.5e-05 0.004225 9.5e-05 3e-05 0 0 0.018955 0.000545 2e-05 4.5e-05 2.5e-05 5e-06 0 0 0 0 4.5e-05 3e-05 3e-05 0.000175 3e-05 0.0114 0 0 3e-05 5.5e-05 0 0 3e-05 0.003895 0 0.00484 4e-05 0.00154 0.00194 3.5e-05 5e-06 0 0.000825 4e-05 0 0 0.008125 0 4e-05 4.5e-05 4.5e-05 0 3.5e-05 3e-05 0 1e-05 0.002955 1.5e-05 0.011505 0 1.5e-05 4.5e-05 0.00028 4.5e-05 0.00041 0 1e-05 0 0 0 0 0 4.5e-05 4.5e-05 3e-05 2.5e-05 0 4e-05 0.00617 3.5e-05 0 0 2e-05 3.5e-05 3e-05 4e-05 0.00546 2e-05 0.000405 5e-05 0.000705 0 0.000885 0
4.5e-05 3.5e-05 0.00663 0.002485 3e-05 0 7.5e-05 0 0 0 1.5e-05 0 8e-05 0 3e-05 0.003195 0 0.002625 3.5e-05 0.00267 0 0 1.5e-05 3e-05 0.01171 2e-05 1.5e-05 0.00176 0.00203 1e-05 0 0 0.0005 2e-05 7e-05 2e-05 0.004385 0.00666 0 0.003245 0.00834 0.000155 0.00341 5e-05 5.5e-05 5.5e-05 0.0021 0 1e-05 0 1.5e-05 0 0.001715 0.000685 0.003115 0 1.5e-05 5e-05 2e-05 4.5e-05 0 0.00149 0 0 1.5e-05 0.003495 0.000375 1.5e-05 3.5e-05 0 5e-06 2e-05 0 0 0 0.00842 0 2.5e-05 0.00406 0.003 0 0 0.01139 5e-05 2.5e-05 0.006885 0 0.00112 0 0.00166 0.00977 0 4.5e-05 0.00059 5.5e-05 0 0.000805 0 0 0.003415
0.00106 0 0 0 0.006225 5.5e-05 0.00188 0 0 0.002645 0 3e-05 2.5e-05 0.00256 0.00037 0 0 0.000155 1e-05 0 2e-05 0 5.5e-05 1.5e-05 5e-05 0 0.00291 1.5e-05 4e-05 4.5e-05 1e-05 1.5e-05 0 0.001345 5e-05 2e-05 0.000725 3e-05 0 2.5e-05 2.5e-05 4.5e-05 0 3e-05 0.00411 0.00312 0 7e-05 0.000725 0 0.00176 0.000365 5.5e-05 0 3.5e-05 2e-05 0.001105 0 1e-05 0.011195 0 0 0 4.5e-05 0.002845 0 2.5e-05 0 1.5e-05 3.5e-05 4.5e-05 0.01321 0 0 4e-05 0 0.01024 0.00803 1.5e-05 0 6e-05 0 5.5e-05 4.5e-05 0 4e-05 0 3e-05 2.5e-05 5.5e-05 0 3e-05 3.5e-05 4e-05 2.5e-05 0 2.5e-05 0 0 0.000165
0 0 0 2.5e-05 2e-05 0.004535 1e-05 0.00211 0.00389 0 0.000725 0.00277 0.00166 0.00037 0 0 0 6.5e-05 0.001475 7.5e-05 3e-05 0 0.01047 0 0 0 0.004495 0.001845 0 3.5e-05 3.5e-05 0 3.5e-05 0.00226 2.5e-05 3.5e-05 4.5e-05 4e-05 0.007745 1.5e-05 3.5e-05 1.5e-05 2e-05 4.5e-05 4e-05 0 0.009965 0.00719 0.00036 5e-05 5.5e-05 5e-05 0 0 0.00395 4e-05 0 0 3e-05 3e-05 2.5e-05 0.003255 2e-05 2.5e-05 0.003215 2e-05 0.00102 0.000485 2e-05 0.000655 3e-05 0 0.00341 0.001715 0 0 4.5e-05 0 0.000965 0.002715 5e-06 0 0.00557 0 3.5e-05 0 2e-05 0 0 0 0.0029 0 2e-05 0 0.002015 0.002575 6.5e-05 3e-05 0.00109 0
6.5e-05 0 0.003745 2e-05 7e-05 3e-05 2e-05 0.00125 0 0.00738 0.00059 0 0 3e-05 0 0 0.00211 0.0021 2.5e-05 1e-05 0 0.004125 0.008405 0 0.000245 2.5e-05 0.0004 0.007865 0.001375 0 0 2e-05 0.00835 3.5e-05 0.000265 0.00973 0.004605 0 4.5e-05 2.5e-05 0 0.00298 0 1e-05 0.006555 2.5e-05 0.00889 0.000355 0 0 0.006495 0 0 2.5e-05 0 0 4.5e-05 0 0.002445 3.5e-05 2e-05 3e-05 0 0.00971 1.5e-05 0.00171 0 0 5.5e-05 0.009345 3.5e-05 0 0 0.000255 0.008 4.5e-05 3.5e-05 0 0.00094 2e-05 2e-05 5.5e-05 0.00308 0 1e-05 0.00857 0 0 5.5e-05 0 0.00176 0.007415 0 0 0 0.010635 0 0.00012 0 0.00306
3e-05 0 0 0 0 5.5e-05 0 0.01158 0.006015 0 1.5e-05 0 0 2.5e-05 0.004995 0 0 4.5e-05 0 4.5e-05 0.001385 5e-05 6e-05 0.00026 3e-05 3e-05 2e-05 4e-05 0 0.017185 1.5e-05 0 1.5e-05 0 3.5e-05 1e-05 5.5e-05 0 0 3.5e-05 4e-05 7e-05 2.5e-05 0.00379 1.5e-05 0 1e-05 0.00487 0.002205 0 0.000875 0 0 0 0 0 0.000865 5e-06 3e-05 0.00313 4e-05 5.5e-05 5.5e-05 0.004255 2.5e-05 2.5e-05 2.5e-05 0 3.5e-05 0 0.00192 0.00043 0 0.007835 2e-05 3.5e-05 0.001655 0.012935 0.001695 0 0.00778 2e-05 4.5e-05 0 5.5e-05 4e-05 3e-05 0.00982 0 4e-05 6e-05 0.00115 0 0.01117 0.00032 0 0 5.5e-05 0 0
5e-06 0.01078 0.009325 0 0 0.000205 6e-05 0.004985 2.5e-05 0 0.00177 0 0 0 0 2.5e-05 3.5e-05 1.5e-05 0.001 0 9.5e-05 7e-05 5e-05 4.5e-05 0.002245 4.5e-05 3.5e-05 0.00379 0 1e-05 0 5e-05 0 2e-05 0.001955 0 4e-05 5e-05 0.00508 0 0.00438 0 0.007625 0 0 0.00414 3e-05 0 0 3.5e-05 1e-05 0 0 3.5e-05 0 3.5e-05 0 5e-05 3e-05 0.002155 0 0.00882 0 0.008455 2.5e-05 0 0.000515 5e-05 0 5e-06 0 0.00503 0.007055 2e-05 4.5e-05 3.5e-05 0 0.00188 0.000415 0.009425 0.01384 0 6.5e-05 0.003185 0 0.00261 2.5e-05 0.00219 0.00022 0 0.00134 0 0.00106 0.007025 0 0 0.00185 0 3e-05 3.5e-05
0 0 0 0 0 0.00466 0 5e-05 2.5e-05 0 0 1.5e-05 0.00923 0 6e-05 7e-05 0 0 0.00343 0.004395 0 0 2.5e-05 3e-05 0.000555 0.001565 4e-05 0 4e-05 5e-05 4e-05 0.000585 2.5e-05 0.0006 0 3e-05 0.00807 4e-05 5e-06 0 3e-05 4e-05 0 0.00426 0.00018 2e-05 0 3e-05 0.00192 0.010405 0 0 4e-05 2.5e-05 3e-05 0.00022 0 0.000235 0 0.004045 0 3e-05 0.004195 5.5e-05 0 4.5e-05 0.002435 0.00037 0.0046 3.5e-05 3e-05 0.010125 0 0.00033 0.00919 0 0 4e-05 0 0 3e-05 0.008215 0 3.5e-05 3.5e-05 0.0049 3.5e-05 6e-05 0 0.006945 0.00105 4e-05 1e-05 0 2e-05 0.00057 4e-05 0 0.00015 0.00187
0 0.00931 0.000145 0 0.00013 6e-05 5.5e-05 2.5e-05 5e-05 4.5e-05 0 0 0 0 0.00068 0 4e-05 5e-06 0 0.00483 0 0 0.009245 0.000185 0.00058 0 0 0.00733 0.00027 3.5e-05 0.000645 0 0.000275 3.5e-05 0 0.00284 0 0 5e-06 0.00321 0 0.000185 0.000405 2e-05 1e-05 0 0 0 3e-05 0.00247 0.00014 9.5e-05 0 0.006385 0.000145 5e-05 0 4e-05 4e-05 0.00707 0 0 3e-05 0 0 0.006265 5.5e-05 3.5e-05 5e-06 0.00995 0.012915 0.00185 0 0 3.5e-05 0.003145 0 1.5e-05 0.01267 0 0.000315 0.00491 0.00117 0.0011 0.00036 0 0.007995 0 3e-05 5e-06 0.003055 0.00199 0.001275 0.00419 6e-05 0.00056 0.00517 0 3e-05 0.00015
3.5e-05 0 0.000555 0 4.5e-05 2.5e-05 0.00357 0.000945 4e-05 0 0.00516 4e-05 1e-05 7e-05 0.007525 0 0 2e-05 0.010115 0.002155 0 3e-05 2e-05 0 4.5e-05 0 3e-05 3e-05 0 4e-05 0 2e-05 4.5e-05 4e-05 2.5e-05 2.5e-05 2.5e-05 4e-05 0.000175 0.00087 0 2.5e-05 0.00231 0.00298 3e-05 0.001525 0 0.000545 4.5e-05 2.5e-05 0 0 2.5e-05 0 0 0 0 0 3.5e-05 0 1.5e-05 0 3e-05 0.002695 0 4e-05 0 0.003245 1.5e-05 0 0.00013 0.003975 0 0 0 0 2.5e-05 0 0.00159 0.005555 0.013025 2.5e-05 3.5e-05 0.001725 6e-05 4e-05 4.5e-05 0.000105 0 3.5e-05 3.5e-05 0 0 0.01066 0.00445 0 3e-05 5.5e-05 3e-05 2e-05
3.5e-05 0.00417 0.01064 0.008795 3.5e-05 0.00093 3e-05 0.00033 5e-05 0.00216 0 0.00827 3.5e-05 4.5e-05 0.001105 0 0 0 0 0 0 0 0.001185 0 0.002445 3.5e-05 0.00253 0 0.0011 4e-05 0.000485 0 0.0081 0 0 0.00063 0 5e-06 0.001505 4e-05 0.0044 0 0.004685 0.00175 1.5e-05 0 4.5e-05 5.5e-05 0 0.00244 0 0 0 0.00447 0.006135 2.5e-05 5e-05 0 3.5e-05 0 0 0.00109 2e-05 9.5e-05 2.5e-05 1.5e-05 0.00076 2.5e-05 2.5e-05 0.0032 8.5e-05 3.5e-05 0.01125 0 0.002775 4e-05 0 0.005535 0 0.00466 0.00464 2e-05 0 0.00367 3.5e-05 0 0 0.0073 0.00623 4.5e-05 0.003455 2.5e-05 0 0 0 0.01033 2.5e-05 0.00591 0 0
0 0.00202 0 4.5e-05 0 2.5e-05 0.005375 9e-05 0 0 0.00291 0 0.001745 0 0.001995 0.00018 0.000105 0 2.5e-05 0 5e-05 2e-05 4e-05 2.5e-05 4e-05 0.00017 3.5e-05 6.5e-05 0 0 2.5e-05 0.003515 3e-05 0 3e-05 3e-05 4e-05 0.00198 1.5e-05 0.00435 0 2.5e-05 0 0.007315 5e-05 0 0 0.01882 0 0 5e-06 4e-05 0.007615 3e-05 0 3e-05 0.007935 0.001155 0.013935 4.5e-05 0.00417 5e-05 0 3e-05 0.00036 0.00828 0 8.5e-05 0 2.5e-05 3e-05 2.5e-05 8e-05 0 5e-06 0 0 3e-05 2e-05 7e-05 4e-05 0 0 0.000485 0.00148 4.5e-05 0 6e-05 0.001875 4.5e-05 0 5.5e-05 0.00219 1.5e-05 0.00055 0 0 0 0.005145 3.5e-05
