0.000495 4e-05 3.5e-05 2.5e-05 0.00212 0 0.000225 0 0.00022 0.00202 0.000475 1e-05 1.5e-05 6e-05 0 0 2e-05 0.00556 0 5e-06 3.5e-05 0.005785 0 2.5e-05 0 0.002125 0 0 4.5e-05 2.5e-05 5.5e-05 0 0.004085 3.5e-05 0.007135 8.5e-05 0.00018 2e-05 0 0.00237 0 1.5e-05 0 5.5e-05 0.005995 1e-05 6e-05 0 0.00443 4.5e-05 2e-05 0 7e-05 2e-05 0.00028 0 5e-05 2.5e-05 0.014345 3e-05 0 0 0.00012 0.008885 5.5e-05 0.008725 0.00649 4.5e-05 3e-05 0 4e-05 0.0008 0.00053 0 1.5e-05 6.5e-05 4.5e-05 0 0 6.5e-05 4.5e-05 0 0 1.5e-05 0.00175 0.00698 0 5.5e-05 3e-05 3.5e-05 0 0 0.01386 5e-05 1.5e-05 0 0 0 4e-05 5e-05
0 4e-05 0 0 0.000145 0 0.007695 1e-05 0 0.00957 0.007495 3e-05 0 0 0 0 4.5e-05 0.00472 3.5e-05 0.002855 0 0 0.00055 0.00022 0 0.000875 0 0.0077 0.003605 0.000425 3e-05 5e-05 3e-05 3.5e-05 3.5e-05 0.00168 0.006945 0 0 0 0 0 0 4e-05 0.00237 6e-05 1.5e-05 0 3e-05 0 3.5e-05 0 6.5e-05 2.5e-05 0 4e-05 1.5e-05 0 0.01047 0.000765 2e-05 3e-05 0.013745 0.00058 2.5e-05 0.00245 2.5e-05 4.5e-05 2.5e-05 0.001075 0 5e-05 2.5e-05 0 0 4.5e-05 2.5e-05 0.00066 0 3e-05 2e-05 1.5e-05 5e-05 7e-05 4e-05 0.005055 4.5e-05 4e-05 2e-05 0 2.5e-05 0 0.002645 2.5e-05 8.5e-05 2.5e-05 3e-05 0 0.001985 4e-05
0.00468 0 0 4e-05 0 0 1.5e-05 4.5e-05 0.0086 4e-05 1.5e-05 3e-05 5e-05 4.5e-05 1e-05 0.004095 3e-05 5e-05 0 0.003665 0 0 0.014295 2.5e-05 0.00581 0 0 3e-05 0 2e-05 0 3.5e-05 0.0001 0 4e-05 0 0 0 4.5e-05 2e-05 3e-05 0.00702 2.5e-05 0 6e-05 1e-05 1.5e-05 0.01141 1e-05 0 3e-05 4.5e-05 3.5e-05 0.006785 4.5e-05 0 0 2.5e-05 3e-05 0.003575 0 0.01535 2.5e-05 6.5e-05 2.5e-05 0.00072 2.5e-05 4.5e-05 0 0.006375 0 0 1.5e-05 0 0 5e-05 2.5e-05 1.5e-05 0 4e-05 2.5e-05 0 4.5e-05 0 0.002785 1.5e-05 1e-05 0.00179 0 0.0091 0.001795 4e-05 5.5e-05 0.018315 0 0 0 0 0 0.01297
0.00465 4.5e-05 2.5e-05 0.005615 0.01445 0.00192 0 0 0 0 1e-05 4e-05 0 2e-05 0.00675 0 2e-05 0 0 4.5e-05 0 2.5e-05 5.5e-05 0.004835 0 0 0.01259 0.012655 5e-05 0 3.5e-05 5e-05 0 4.5e-05 6e-05 1.5e-05 0 5e-05 0 5.5e-05 3e-05 3.5e-05 0 0 0 0 0.002175 0.003195 0 0.005 0.00092 0 0 0 0.004985 0 2.5e-05 0 0.006365 4.5e-05 1.5e-05 0 0.006995 0.01083 0.001365 0.00427 0 0 4e-05 0 2e-05 0.009235 0.00455 2e-05 2e-05 0.01344 0.003315 3.5e-05 0 0 0 0.00349 0.008975 4.5e-05 2.5e-05 0.002025 4.5e-05 0.010585 3e-05 5.5e-05 3e-05 2e-05 0 2e-05 0.0001 0.000635 0.0003 3.5e-05 6e-05 1e-05
0 1e-05 0.005625 0 0.00263 0.001965 7e-05 0 0 0.002695 0 3.5e-05 0 0 5e-05 5e-06 4e-05 5e-05 1e-05 5e-05 3e-05 0.00153 4.5e-05 0.00025 0 0 4.5e-05 0 2.5e-05 1e-05 0.00461 2.5e-05 4e-05 0.020135 9.5e-05 0 2e-05 0 0.00013 4e-05 0 0.00608 0.00218 2e-05 0 0.002825 4.5e-05 3.5e-05 0 5.5e-05 0 0.010415 0 4e-05 0 3.5e-05 0 0.000425 0.010405 0.00052 0 5e-05 0.009335 0.00042 0 0.010805 0.01092 3.5e-05 0 3.5e-05 3.5e-05 0 4.5e-05 0.0005 0.004065 0.00318 5e-06 0.012055 3.5e-05 0 4e-05 0 0.003335 0 0 1e-05 4e-05 3e-05 0 2.5e-05 0 2e-05 0 3.5e-05 0.00805 3.5e-05 0 3.5e-05 0 4.5e-05
0 1.5e-05 0 0.009555 3.5e-05 0.00689 0.012305 3e-05 0 0 3e-05 0.005935 0 3.5e-05 0 3e-05 2.5e-05 4e-05 0.00267 0.002885 3e-05 6.5e-05 0 2.5e-05 3.5e-05 5e-05 0 2e-05 4e-05 2e-05 4e-05 1e-05 0 0 0 5e-05 0 3e-05 0 0 4e-05 1e-05 3e-05 0 0.003385 0.02059 3.5e-05 0.00052 0.00105 2.5e-05 0 2.5e-05 3.5e-05 0.018355 6e-05 0 0.00071 0 1e-05 3.5e-05 0 0 7e-05 0 0.0103 0 4.5e-05 0.00375 0 0.0008 0 0.005995 0.00056 0 0 2.5e-05 4.5e-05 0.00403 0.004765 0 0 3e-05 0 0.000255 3.5e-05 1.5e-05 3e-05 5e-06 0 0.01669 0.015245 0.010235 3e-05 0 2.5e-05 0.00206 2.5e-05 0 1e-05 2e-05
0.000675 0 0 0 3e-05 0.002955 3.5e-05 0.00012 0.009585 0 2e-05 0.00138 6e-05 4.5e-05 4e-05 0.00457 0 3.5e-05 0 3.5e-05 0.000735 0 0.006965 0.00196 3.5e-05 0 0.004575 1.5e-05 0 1e-05 3e-05 1e-05 8.5e-05 0.004685 0.01904 0.00028 3e-05 0.001905 6e-05 0 1e-05 0 0 0 0 0.00134 0.00033 5.5e-05 0.00052 0 5.5e-05 3.5e-05 0.00268 0.00126 0 8e-05 0 0 2.5e-05 0.000355 0.004825 2.5e-05 0 0.00034 3e-05 3.5e-05 0 0.007985 0.000965 0 2.5e-05 5e-05 0.00445 0 0.00588 0 0 4e-05 0 4e-05 0 2e-05 0 0.00145 0.007025 0 0.002215 2e-05 4e-05 0 0.012985 0.00056 0 2e-05 0 5.5e-05 0 0.01213 0 4e-05
1e-05 3e-05 0 0.004605 1e-05 0.00036 2e-05 0.000515 3e-05 9e-05 0.000775 4.5e-05 0 4e-05 0 2.5e-05 0.013095 0.004005 3e-05 0.005255 0 0.009845 2e-05 0.00463 0.000335 0.00806 4e-05 4.5e-05 0 0.011675 2.5e-05 4.5e-05 3.5e-05 0 0 0 2.5e-05 0 3.5e-05 3.5e-05 0 0 0.00104 0 0.00023 0 0 0.01305 0 4e-05 0 8e-05 3e-05 1.5e-05 0 1e-05 2.5e-05 3e-05 0.001075 0.00162 0 0.001965 0.003225 0.00763 2e-05 0.007565 0 0.00114 1e-05 2e-05 0.006575 0 0 0 0 0 0.00018 0 0.009955 0 0 0 4e-05 0 6e-05 1e-05 0.000535 5e-05 0.001385 0 4.5e-05 0 0 0.005 0 1e-05 6e-05 0 0.004965 0.0027
4e-05 0 0 0 0.00029 0 0 2e-05 1.5e-05 0.00171 3.5e-05 0 5e-05 0.002245 2e-05 1.5e-05 0.007025 0.00459 0 3e-05 6.5e-05 0 0.00028 0 0.005125 1e-05 4e-05 4.5e-05 0.01481 0.004625 0.0034 7.5e-05 2e-05 4e-05 0.00313 5e-05 5.5e-05 0.0009 0.001595 0 0 0.00483 0.005325 0 0.001335 0 1e-05 5e-05 0 0.009825 0 0.00033 0 0.000185 2e-05 3e-05 0 0 0.000195 0.002105 0 0 0 0 0 0 0 4.5e-05 0.00542 0 0 0 2.5e-05 0.001465 0.006675 0.008345 3.5e-05 0.00538 0 0.00091 5e-05 0 3.5e-05 3e-05 2.5e-05 0 4.5e-05 4e-05 5e-05 0.00372 0 0 0.011905 0.001065 1.5e-05 0.00059 0.002245 3e-05 0.00152 1.5e-05
0.00791 5e-05 7.5e-05 5.5e-05 4.5e-05 0 4e-05 2.5e-05 0.00679 5e-05 1.5e-05 3.5e-05 5e-05 0 0 2.5e-05 0.001995 3.5e-05 4e-05 0.00357 0 0.00043 0.00029 0 5e-06 0 4e-05 1.5e-05 5e-05 0 0.002315 0 2.5e-05 0 0 0.00263 0 0 0 0 1.5e-05 0 0 3e-05 0.001145 5.5e-05 7.5e-05 0 0.011165 0 0 5e-05 5e-05 4e-05 0.008785 4e-05 0.00866 2e-05 0 4e-05 3.5e-05 4e-05 0.00314 3.5e-05 0 3e-05 3.5e-05 0 0.018255 5e-05 0.00355 0 4.5e-05 4.5e-05 0 0.0017 2.5e-05 6e-05 0 0 0 0 0 2.5e-05 5.5e-05 0 2e-05 4e-05 2e-05 4.5e-05 0.00195 0.000375 0 0.00085 0.000155 0 0 0.002665 0.00187 0
4.5e-05 0.000195 2.5e-05 0.00516 0 0 0.00896 0.013865 3e-05 3.5e-05 0.00035 0.006455 2.5e-05 5.5e-05 0 0 4.5e-05 0.000205 7.5e-05 0 0.00615 0.001975 0 0.00736 0 0 5e-06 2.5e-05 3.5e-05 0 0 3e-05 0.010445 5e-05 0.01198 3.5e-05 4e-05 0.00248 3.5e-05 0.00366 4.5e-05 0 0.00303 0 0 2e-05 1e-05 2e-05 0.00315 0 0 3.5e-05 0.00126 0.0083 0 0 5.5e-05 0.00402 3e-05 0.0003 0 2.5e-05 0 0.014 0 0 0.000775 0 0 1e-05 2.5e-05 1e-05 0.00019 0 0.00474 4.5e-05 0 0 0 0 2.5e-05 1e-05 1.5e-05 0 2.5e-05 0.005425 0.00093 3.5e-05 1.5e-05 3.5e-05 0.002245 0 2.5e-05 3e-05 0 2.5e-05 0 0 0.00469 4.5e-05
0 0 2.5e-05 3.5e-05 0 2e-05 0.003655 0 1e-05 0.006795 1.5e-05 4e-05 0 2.5e-05 3e-05 0 0.01069 3e-05 0 0.00051 0 0 0.002245 0 0.001815 0.00189 0 4.5e-05 4e-05 0 0.00849 2.5e-05 4.5e-05 0 2.5e-05 0.0082 0 0 5.5e-05 0.000885 0 0 0 1.5e-05 1.5e-05 3e-05 4.5e-05 3.5e-05 0 0.002355 3.5e-05 3.5e-05 0.014255 4e-05 4.5e-05 5e-05 3.5e-05 0.006345 0.007505 0 4e-05 0 0.009015 5.5e-05 0.000205 0 0 3e-05 0 0 0 0.003895 3e-05 7e-05 0 3.5e-05 0.009395 0.002915 0 0 0 1.5e-05 0.010585 3.5e-05 0 0 0 4e-05 5e-05 3.5e-05 6e-05 0.000755 0 0 2.5e-05 0.008355 3e-05 0.00223 1e-05 5.5e-05
0.001585 0 0.00301 0.005315 0.000655 0 0 0 0.00986 0.015695 5.5e-05 0 3.5e-05 0.001665 0 2.5e-05 2e-05 0 0 0.015575 3.5e-05 0 0.012315 0 3e-05 0.00082 5e-05 0.0001 5e-06 3e-05 3e-05 0.013795 0 2.5e-05 0 0 1.5e-05 0 3.5e-05 1.5e-05 0.006735 0 5.5e-05 4e-05 0 1.5e-05 3.5e-05 0.000155 4e-05 4e-05 0.004315 5.5e-05 0 4.5e-05 2.5e-05 0 4.5e-05 2e-05 4.5e-05 0 0 0.000245 0.004075 4.5e-05 1.5e-05 2.5e-05 0 3.5e-05 3e-05 0.012165 0.004905 0 0 0 5e-05 0 0 2e-05 0 3e-05 4e-05 0 2e-05 0 0.00288 4.5e-05 0 4e-05 0.00063 0 5.5e-05 3e-05 4e-05 0.005075 0 0 3e-05 7e-05 4.5e-05 0
0 5e-05 0.004975 0 0.006765 0 0.00046 0 3e-05 3.5e-05 0.00028 3.5e-05 0 0 0.00618 4.5e-05 0.0051 0 3e-05 0 3e-05 0 0.00807 0 3e-05 0 4.5e-05 0.000145 0.00134 1.5e-05 9e-05 0 0 0.000445 1.5e-05 0.004015 0 0.00805 0 2e-05 0.00011 0 6.5e-05 0.006065 0.002345 3.5e-05 0 0.004045 3.5e-05 0.00018 0 0.00086 2e-05 2.5e-05 4.5e-05 4.5e-05 0 0.000105 0 0.000215 0 2.5e-05 0 0 0 0 2.5e-05 0 2e-05 0 0.011705 0 0.000555 4e-05 0.001115 0 0.00881 2.5e-05 0 0.00038 0 0.01053 3e-05 3.5e-05 0.00061 0.00348 0.000815 5.5e-05 0 2e-05 1.5e-05 4e-05 0.008365 0.00046 0 0 1.5e-05 3.5e-05 0.002785 3e-05
0 2.5e-05 4e-05 0.0105 0 0 0 0.002715 4.5e-05 0 9.5e-05 0 0.000205 2.5e-05 0 0.00298 0 3.5e-05 0.00045 0 0.00122 3.5e-05 0 5e-05 0.001635 0.0007 0 0 0 0 0 4.5e-05 0 3.5e-05 0.010675 0 0.007075 2.5e-05 0.004785 0.01617 5.5e-05 0.000155 2.5e-05 0 0.002565 0.011555 0 0.00198 0.002625 0 0 0.004975 0.004615 0 4.5e-05 0 2.5e-05 0.000205 2e-05 4e-05 0 0 5e-05 1e-05 4e-05 0.009195 0 0 0.000765 0 2.5e-05 2.5e-05 0.000225 0 4e-05 0.00145 0.004205 0 0 1.5e-05 0 0 4e-05 0.001985 0 6e-05 5.5e-05 4e-05 0 0.005685 0.01295 2.5e-05 0.007515 0.003615 1.5e-05 0.00263 0.01353 3e-05 0 3e-05
5.5e-05 0 2e-05 0 0 0 6e-05 0.000465 0.005845 0 0 0 0.00059 5.5e-05 0.000635 0.00059 0.00021 0 3.5e-05 3.5e-05 0 0.00654 0 0.00981 0.00139 2.5e-05 0 2e-05 0 3.5e-05 2.5e-05 4.5e-05 4.5e-05 0.00173 0.00096 0.002315 0 0 0 0 4e-05 0 3.5e-05 0.003625 0.00584 0.00511 0.00182 3.5e-05 0 0.006135 0 0.010465 3e-05 0.00092 0.00018 0 4.5e-05 5.5e-05 0.000975 3.5e-05 0 3.5e-05 0 0 0.002845 0.005215 9e-05 3.5e-05 0 0 0 4e-05 0.00748 0.00037 0.01035 3e-05 5.5e-05 0.005345 0 0 0.002945 5.5e-05 3.5e-05 0.006585 4e-05 3e-05 2.5e-05 0.00475 9e-05 1.5e-05 0 0.008895 3e-05 0 0 0 0.00478 0 0.005945 0
0.00401 8.5e-05 0.00195 0 2.5e-05 5e-06 3e-05 0.00476 0.00511 5.5e-05 0.00808 5e-06 0 0.005655 0 0.003025 3.5e-05 5e-05 0 0.0007 0 4e-05 0.00167 0 0.001225 0.001395 5e-05 3.5e-05 3.5e-05 0.00053 0.007775 3.5e-05 0 0.00104 0.00615 2.5e-05 0.00418 0 0 0 0 0.00987 0 2.5e-05 0.00135 3.5e-05 0 1e-05 0 3.5e-05 5.5e-05 3e-05 0.00404 3e-05 0 1.5e-05 1e-05 6e-05 0 0.004725 3e-05 0 0.000845 0 3.5e-05 3.5e-05 0 2.5e-05 0 3e-05 0.00015 0.00175 4e-05 0.00042 0.00039 0.009815 4e-05 7e-05 4e-05 0 4.5e-05 2e-05 0 0 5e-05 0 0.00193 0 0 0.005315 0.001855 0.000305 3.5e-05 0 0 4e-05 0 3e-05 0 3.5e-05
0.01249 0.00012 0.00404 0 0.007455 0.00506 1.5e-05 0.003625 0.00744 3e-05 0 3e-05 3e-05 0.00292 0 2e-05 4.5e-05 0 0 0.000405 0.00596 0 0.00387 0.001205 0.009475 0.004 0 0.004685 4.5e-05 2.5e-05 0 0.00023 4e-05 0 0.001745 0 0.0103 3.5e-05 0.007765 2e-05 4e-05 0 0 0 0 3e-05 0 2.5e-05 0 0 0.004915 3e-05 4.5e-05 3.5e-05 0 0.00319 0 0 2e-05 0 3e-05 3e-05 5e-06 3.5e-05 1.5e-05 0.001605 0 2e-05 0 2e-05 3e-05 0 0 0 0 0 0.00128 0 3.5e-05 0.00011 0.00014 0.000445 0 0 2e-05 3.5e-05 6e-05 0.013645 0 3.5e-05 6e-05 0 4e-05 0.000335 2.5e-05 4e-05 0 0 0.001905 0
0 0 0.01799 4e-05 0.000235 3.5e-05 2e-05 1.5e-05 0.004715 3.5e-05 0 3e-05 0 0 3e-05 0 0 0 0 0.00052 3.5e-05 3e-05 0.000135 0 0.000565 0 2e-05 0.00018 0.00718 0.00585 0.003285 0.00322 1e-05 0.01975 0 3.5e-05 0 0 3e-05 1.5e-05 6e-05 4.5e-05 0.003015 3.5e-05 4e-05 2.5e-05 2.5e-05 3.5e-05 0 1.5e-05 0.000855 0.000115 1.5e-05 1e-05 0 3.5e-05 4.5e-05 0.002875 5e-05 0 0.010585 4e-05 0.000215 0.00872 0.00022 0 0 2.5e-05 3e-05 0 0 5e-05 4e-05 4.5e-05 0 0.001955 0 3.5e-05 0 0 0 4.5e-05 0 0 5.5e-05 0 0 0 0.01746 3.5e-05 5e-05 0.00071 0 0 0.00466 2.5e-05 0 0 0.005375 0.0026
0.000405 2e-05 0 0 0 0.0001 0.000335 0 0 0.000195 3e-05 0 3.5e-05 0 0 0.00095 2.5e-05 0.005205 1.5e-05 0.00164 0.005825 0.002575 0 4e-05 3e-05 0 4.5e-05 0 0.009895 4.5e-05 0.002405 0.004125 3e-05 0.00269 0 0.0057 0 3.5e-05 0 2e-05 0.01622 0.00392 0.008175 3.5e-05 6.5e-05 0 2.5e-05 1.5e-05 0.006205 3.5e-05 2.5e-05 0 0.00258 0.00083 0 0 0 0 0.00464 0 0 0.001915 3e-05 0 0.00019 0.01242 0.003715 0 0.00088 0.001085 2e-05 3e-05 0 0.000155 4e-05 4e-05 4.5e-05 0.005895 0 5.5e-05 0.003995 4.5e-05 2e-05 0.00028 0.00013 0 2.5e-05 0 0 5e-05 4e-05 0 0 0 0 2.5e-05 2.5e-05 0 0.000275 2.5e-05
0 0.00457 0 0 0 0 0.000105 0.001575 0.000495 3e-05 2e-05 0.00138 0 0.00809 7.5e-05 3e-05 3.5e-05 0 3e-05 0.01063 0.00413 0 3.5e-05 4e-05 0 2.5e-05 4e-05 4.5e-05 0.003775 0 5e-06 0 1e-05 0 0 2.5e-05 0 0.010045 2e-05 0.005065 7.5e-05 3.5e-05 0 0 2e-05 0 0.00043 4e-05 0.001155 0.00315 0.00939 2.5e-05 0 0 4e-05 3.5e-05 4e-05 0 0 1e-05 0 0.005395 2e-05 2.5e-05 0.00013 0 0.00353 0.00695 0.009525 4.5e-05 0.00187 0.00021 0.0004 0.01083 5.5e-05 3.5e-05 0 0.00435 0 0 0.01007 6.5e-05 5e-06 0.007755 4e-05 0 0 0 0 0.00852 0.00019 0 5e-06 5e-05 4.5e-05 2.5e-05 0 0 6.5e-05 0.00018
5e-05 0.00043 0 0.00508 0.001675 0 0 0.00067 5e-05 5e-05 5e-05 2e-05 0.007265 0 0.00133 0 0 0 0.021305 0 0 0 0.00794 0.00013 0.00747 4e-05 0.022215 0.00934 4.5e-05 0 5e-05 3e-05 0.005335 6e-05 2.5e-05 3.5e-05 3.5e-05 0.00015 0 0.002125 4e-05 0 3e-05 4e-05 0.0019 5.5e-05 0.00348 0.000455 0.00212 0.004805 3e-05 0 0 0 0 0.000225 0.00079 0 0 0 0 0.000775 3.5e-05 2e-05 5e-05 1.5e-05 0 2.5e-05 0.000975 0 2.5e-05 0.000125 0 0 0 0 0.00011 3.5e-05 0 0 0.006955 0.00484 3.5e-05 5e-05 0 0.000195 0 0.0131 5e-05 0.0011 0 0 4e-05 0.00708 0.002165 0.00392 0.0062 5e-05 2e-05 5e-05
2e-05 4.5e-05 0 7e-05 3e-05 0 0.00027 0 0 0.006005 1.5e-05 2.5e-05 0.00264 2.5e-05 0.000165 0 0.001985 5e-05 2.5e-05 3e-05 0 0 0 0 0 2.5e-05 4.5e-05 3.5e-05 0.00023 0 5e-05 3e-05 3e-05 0 2e-05 0.002265 1e-05 0.00095 0 3.5e-05 0 0 0 0.006945 0 0.002635 0 0.007475 0.009805 2.5e-05 4.5e-05 1e-05 0.000135 0.00142 0 0.01354 0 2.5e-05 0.004415 0 0.002485 0 0 0.00795 9.5e-05 0 0.000365 0.001155 0.00054 9.5e-05 4.5e-05 3e-05 0.00829 0 0.010335 3e-05 2.5e-05 0.002075 3e-05 0 5e-05 4e-05 3.5e-05 0.001185 0.00073 2.5e-05 0 0 0.000515 0 0.001095 0 3e-05 0.000765 3e-05 2e-05 3.5e-05 0 0 0
2.5e-05 3.5e-05 0 0 0.00037 0 0 0 0.00541 0.00369 0.002165 5e-05 3e-05 0 0 0 2.5e-05 3e-05 0 2e-05 4e-05 0 1.5e-05 0 0 0.001285 2e-05 4e-05 5.5e-05 3.5e-05 0.003115 4.5e-05 0.002985 0.00394 5e-05 0 0 4e-05 0.000185 2.5e-05 0.00472 0.002635 2e-05 2.5e-05 4.5e-05 3.5e-05 3.5e-05 0 0 0 4.5e-05 0.000125 0.013655 1.5e-05 0 0 5e-06 4.5e-05 3.5e-05 4e-05 3e-05 8e-05 0 0.000285 0 0.01027 0.01509 6e-05 4e-05 0 0 1e-05 2.5e-05 0.00114 4.5e-05 0 5e-05 0 1.5e-05 0.00804 3e-05 5e-06 0 0.00657 0.00061 4.5e-05 4e-05 0 3e-05 0 5e-05 0 0.00629 3.5e-05 0 0 4.5e-05 0.004155 6.5e-05 0
2.5e-05 0 0.00114 0.00476 0 0 0.006695 4.5e-05 1.5e-05 0 0.00055 0.000115 0 5e-05 2e-05 0 0 0 2e-05 0 4e-05 0.00945 1e-05 1.5e-05 0 0 0 7e-05 0.014915 0.005585 0 0 0 0.005155 0 0 6e-05 0 0 0 0.00188 0 0.00264 0.000575 0.00041 1e-05 0.000235 0 4.5e-05 4e-05 0 0 0.00592 0.00144 0.0035 6e-05 1.5e-05 1.5e-05 0.003255 4e-05 0.010775 4e-05 0 0.000895 0.000725 1.5e-05 2.5e-05 4e-05 0 0.000135 0 0.00606 3.5e-05 0.000685 0.000645 0.000915 2.5e-05 0 0.012345 0.00496 2e-05 1.5e-05 0 6.5e-05 5.5e-05 0 0.00047 3e-05 0.011115 0 0 4e-05 0.002305 5e-05 0 0 3.5e-05 0 0.004675 0.00026
0.0001 0.00528 0 0 2e-05 2e-05 4.5e-05 3.5e-05 0.00074 0 0 0 0.00527 0.001475 2e-05 0.003045 3.5e-05 2.5e-05 1.5e-05 0.00054 0 0.009665 0.001345 0.0031 0 0 3.5e-05 0 0.00058 0.00021 0 1.5e-05 2.5e-05 0.005555 0 0 0 0.002135 0 0 3.5e-05 0.002555 0 0 0.00201 3.5e-05 0 1.5e-05 0 0.00519 0 0 2.5e-05 2.5e-05 1.5e-05 0.001925 0 0 0.001305 1e-05 0 3e-05 0 2.5e-05 0 8e-05 0 0 0 0.00459 0.014885 3e-05 0.008205 5e-05 0 4.5e-05 0 3.5e-05 0 3.5e-05 0.00522 0 0.00775 0.010925 0 0 0 4e-05 0.007195 0 0 0.00014 2.5e-05 0.004895 5e-05 3e-05 0 0.000475 4.5e-05 2.5e-05
0 0 2.5e-05 0.00915 5e-05 0.00011 4e-05 0.00789 0 0 0.004235 0.00769 0 0 3e-05 5.5e-05 0 0.005315 0 1.5e-05 0.000865 0 3.5e-05 5e-05 9.5e-05 2.5e-05 0.00048 0 3e-05 3e-05 0.01008 3.5e-05 0.000655 0 2.5e-05 5.5e-05 2e-05 0 0 5.5e-05 0 0.00663 0.006215 3.5e-05 0.001675 0 0.00329 4.5e-05 0.00108 4e-05 6e-05 0.00064 0 0 0.00063 1e-05 0.00161 3e-05 0 0 0 0 0.01051 0 0.00245 0 0 0.0066 6.5e-05 0 3.5e-05 7.5e-05 0 0 2.5e-05 0.00032 3.5e-05 0 0 0.019855 4e-05 0.003385 0.000275 0 0.004745 0 0 0.00252 1e-05 0 4e-05 4e-05 0.00928 1.5e-05 0.00082 0 0 1.5e-05 0.005835 0
0.007155 0.00601 0.00574 3e-05 4.5e-05 0.0004 3e-05 0 0 0.00182 5e-05 0 0 0.001175 0.00758 0 0 0.00812 7.5e-05 2.5e-05 0 2e-05 0 0 5.5e-05 2.5e-05 0 3.5e-05 2.5e-05 0 7e-05 0.00036 0 0.003775 0 0.007085 0.000245 0.007835 1.5e-05 2e-05 2.5e-05 0 2.5e-05 2e-05 0.001205 0 0.00013 0 0 0.005375 0 0.009755 5.5e-05 0 0.002655 0 0 1.5e-05 0 0 0.00129 0 1.5e-05 0 4.5e-05 0 6.5e-05 0 0.012535 3.5e-05 0 0 1.5e-05 7.5e-05 2e-05 0 2.5e-05 4e-05 0 0.00151 0.008125 0.004755 5e-05 0 0 4e-05 2.5e-05 0.000845 4e-05 0.000155 0.004025 0.015795 0 0.000245 0.000445 4.5e-05 2.5e-05 0 0 5.5e-05
0 0.000665 0.00028 0 0.00044 5e-05 0.00011 3.5e-05 0.003515 2.5e-05 0 2.5e-05 0.005735 0.000355 0 0 5.5e-05 0.004885 3e-05 0 3e-05 0 5e-05 0 0.0002 3.5e-05 0.005095 0 0 0 4.5e-05 0.003565 0 3e-05 4e-05 0 0.008975 0 0 0 0.011085 2e-05 4e-05 0 4.5e-05 5.5e-05 0.002045 6e-05 2.5e-05 5e-05 0.00291 4.5e-05 2.5e-05 0.000295 2.5e-05 3e-05 0.013705 0.002775 0.007245 0 2.5e-05 3e-05 2.5e-05 0 4.5e-05 4e-05 0 0.000155 0.007285 0 3.5e-05 0.004115 0 4.5e-05 0.000835 6.5e-05 1.5e-05 0 0.00221 0.00138 0 0.00027 0.000245 0 0 0 0 0.007775 0.005925 0 0.00782 0.00165 6.5e-05 5.5e-05 0 0 5e-05 0 0 2e-05
0.002755 3.5e-05 5e-05 2.5e-05 0.00163 0.008365 0 5e-05 0.011835 0 0 0 4.5e-05 4e-05 0 2e-05 1e-05 3e-05 0 0 4e-05 0.010145 0 2e-05 0.00245 0 0.009725 0.000505 0 0.00046 4e-05 3.5e-05 0.00464 0 0.00133 5e-06 2.5e-05 0 3e-05 0 0.000325 4e-05 0 3.5e-05 0.000855 0 3e-05 0.001495 3.5e-05 0 0 3e-05 0 1e-05 0.007155 0 0.00175 6e-05 0 0.004945 0 3e-05 5.5e-05 0 0 3e-05 0 0.000335 4.5e-05 3e-05 0 3e-05 0.0001 0.0005 0 0.011925 0 0.001125 0.012325 9.5e-05 7e-05 5.5e-05 0 0 3.5e-05 1e-05 0 2.5e-05 0 0.00833 3.5e-05 0 0.007865 3e-05 0.004795 0.000325 0 5e-05 0.0001 0
0.00056 0 6.5e-05 0 0 2e-05 0 0 0 0 1.5e-05 0 4.5e-05 2.5e-05 6e-05 3.5e-05 4.5e-05 0 0 0.01039 4.5e-05 0 5e-05 0 3.5e-05 0 0 0 3e-05 4e-05 3e-05 0.01102 0.001915 0.003205 0 4.5e-05 0 0.00268 4e-05 0.000575 0.00204 4.5e-05 0 0 0.00043 0 5.5e-05 4.5e-05 0 3e-05 0.000525 0 2e-05 0 3.5e-05 5e-05 0 3.5e-05 0.014425 0 0.003685 0 0 0.003195 0.00398 0.000815 0.005105 0.000125 0.00411 2.5e-05 0.000255 0.00849 0 1e-05 5e-05 2e-05 0 0 0.015315 3e-05 1.5e-05 2.5e-05 3.5e-05 3.5e-05 0.00148 0.00455 6e-05 2.5e-05 4.5e-05 0.00021 0.002305 2.5e-05 0 2e-05 3e-05 2e-05 0 0.000855 0 3e-05
0 5.5e-05 0.006135 5e-05 0 0 2.5e-05 2.5e-05 0 2e-05 3e-05 0 4e-05 0.000315 0 0 0.00016 0.002885 0.000865 0 0 0 0 2e-05 0 2.5e-05 2e-05 0.003765 0.000295 0.003425 0.000605 0 0 0 2.5e-05 3e-05 0.004065 0.00462 3e-05 4e-05 0 0.008045 0.00022 0 0.00664 0.010285 0.004215 1.5e-05 0 0 0.00442 0.01228 0 0.002245 0.00289 1e-05 0 4.5e-05 0 6e-05 0 0 2.5e-05 0.00398 5e-05 7.5e-05 0.00928 5e-06 0.001815 0 1.5e-05 4.5e-05 2e-05 0 0.001195 0 0 0 0.002785 3e-05 0.00853 0 1.5e-05 4e-05 6e-05 0.00021 0.008555 0.010475 5e-06 0 5e-06 0 0 0.0042 0.002415 1.5e-05 0 5.5e-05 0 0.00331
4e-05 0 5e-05 0.000635 0 0.0027 2e-05 0.006305 5e-05 4.5e-05 0.009865 0.000415 0 0.00035 0 5.5e-05 0 0 0 0 0.005825 2.5e-05 0.00578 0 3e-05 0 0 0 3e-05 0.000645 4e-05 0 4e-05 0.00588 0.003705 3e-05 4e-05 1.5e-05 2.5e-05 3.5e-05 2.5e-05 0 5e-05 5e-05 0.010545 4e-05 0 0 0.00594 0.008925 0 0 0.000115 2e-05 3e-05 0 2.5e-05 0.00248 4e-05 4.5e-05 0.000715 0.00137 0 0.003285 0.000105 0 0 0.005075 0 0.003985 0.006265 1.5e-05 0 0.00029 0 0 2.5e-05 0 4e-05 0 0 0.00553 5.5e-05 0.00556 2e-05 0.010305 0 3e-05 3e-05 3e-05 0 0.002535 7e-05 0.00181 4e-05 2.5e-05 0 0.003055 0 0.00521
0 0 0 0 0.0008 5e-05 9e-05 3e-05 3.5e-05 5e-05 3.5e-05 0 0 0.00307 0.008025 3.5e-05 3e-05 0.00105 0.0016 0 4.5e-05 3e-05 0 2.5e-05 2.5e-05 0 0 0.00043 0.000445 0.00039 6.5e-05 7.5e-05 0.007515 0 0.002635 0.012075 0.008425 0 3.5e-05 0.00512 0 0 4e-05 0.00019 0 0 0 0 3e-05 2.5e-05 0.018365 5e-05 0 0.00681 2e-05 3.5e-05 0.004355 0.000365 4e-05 2e-05 2e-05 0 5e-06 3e-05 0 0 2.5e-05 5.5e-05 0.009505 4e-05 0 0 0.01346 0 2.5e-05 3.5e-05 0.007855 0 0.01083 3e-05 0 0.00263 0 0.005275 3e-05 2.5e-05 0.000885 0 0 0 9.5e-05 0 0.0041 0.000785 1e-05 0.003215 0.011895 0 5e-05 3.5e-05
0.002115 0 1.5e-05 0 3.5e-05 0.00546 0.00894 0.00039 3e-05 2e-05 3.5e-05 0 2e-05 3e-05 0 3.5e-05 3.5e-05 2e-05 0.005965 0 0.00046 0.00726 0 0.0032 4e-05 0.00368 0.001245 0 0 2e-05 5.5e-05 1.5e-05 0 0 0.00719 0 3e-05 5e-06 4e-05 0.01016 0 6.5e-05 2e-05 0 0.000865 0 4.5e-05 1.5e-05 0.003355 0 0 1.5e-05 0 0.01146 0 0.000595 2e-05 0.002305 0 0.002645 0 0 0 0 0 0 0.00011 0.00673 2e-05 0 0.00342 0.00018 7e-05 0.012725 0 1e-05 3.5e-05 4e-05 4e-05 0 4e-05 3e-05 4e-05 0 0 0 0.003775 3e-05 3e-05 0 0.003005 5e-05 3.5e-05 0 4e-05 3e-05 0.000455 0 2.5e-05 2.5e-05
0 1.5e-05 4.5e-05 0.00247 0.000545 4e-05 0 5e-05 4e-05 0 0 0 2.5e-05 0.008685 0 0.003075 0 4.5e-05 0 1.5e-05 6.5e-05 0 0 2e-05 0 2.5e-05 6.5e-05 0.00805 3.5e-05 0 0.01014 0 3.5e-05 2e-05 2.5e-05 3.5e-05 0.00279 0.001995 0 5e-05 0 0.001895 6e-05 0.011845 4e-05 0 4e-05 3e-05 0.00292 0 7e-05 0.00062 0.000895 0.000125 2.5e-05 4e-05 0 0 1e-05 0 0 4.5e-05 4e-05 0 0 0.005975 0.0066 5.5e-05 0.00604 0 3e-05 0.000875 5e-05 2.5e-05 0.0001 3.5e-05 4e-05 0.00853 0 0.003195 0.00155 0 1.5e-05 0.001125 0.002065 0.007605 0 0.000345 0 0.001045 0.00223 0 9.5e-05 0 0 0 0 1.5e-05 2e-05 2.5e-05
1.5e-05 5e-06 2e-05 6e-05 0.006285 0 0.002895 0 1.5e-05 0 0 4e-05 0 6.5e-05 0.000135 0.00114 0.011035 3.5e-05 0 0 5.5e-05 0 0.003005 0.003655 0 0 0.002935 0 2e-05 5.5e-05 4e-05 2.5e-05 0 2.5e-05 4e-05 3e-05 0 3e-05 0.000965 0 1e-05 8e-05 0 0.001745 0 0.000895 0 3e-05 0.009685 2e-05 0 5.5e-05 0 4.5e-05 0 2.5e-05 5e-06 0 0.001025 0 0.00324 0.00318 3.5e-05 0 3e-05 0.00572 5e-05 5e-05 0 0 0 0.001535 2.5e-05 0 2e-05 0.00564 2.5e-05 0 0.00011 3.5e-05 0 0.01385 4e-05 0.000825 0.00028 0.00236 0.00352 4e-05 0.006825 0.00067 0.0052 2.5e-05 0 2.5e-05 0.004535 0 0 0 2.5e-05 0
5.5e-05 0 0.001785 0 4e-05 3.5e-05 2.5e-05 3.5e-05 0.00013 0 0.018605 3.5e-05 0.000765 2.5e-05 0 0 2.5e-05 6.5e-05 0 2.5e-05 0 0.01167 3.5e-05 0.00036 0 0.001525 0.00936 4e-05 0 4e-05 0.00061 0.000355 0 0 0 0.00287 0 4.5e-05 0 4e-05 3e-05 2.5e-05 0.0002 0 0.01053 0 0.00695 9e-05 2.5e-05 0.00595 3e-05 3e-05 2.5e-05 0 0 0 0.00187 0.003215 0 0.002 0 0 0.00617 0 0 0.00036 0.004745 0 2e-05 0.000715 0 0 0 0 0 0.004965 0 0.000955 0.007085 1.5e-05 0 0 2.5e-05 0.00375 4.5e-05 2e-05 3.5e-05 0 5.5e-05 0 3e-05 0.002955 3.5e-05 2e-05 2e-05 2.5e-05 4.5e-05 3.5e-05 0.009315 3e-05
0.013615 1.5e-05 0 4e-05 0 5e-05 0 2.5e-05 0 3.5e-05 0.001595 2e-05 4e-05 1e-05 0 4e-05 0 0 3.5e-05 0.015545 0.000115 0.000105 0.001855 0 1.5e-05 0.00106 0 0.004065 0.010155 0 0.00058 3.5e-05 0 1.5e-05 0 3e-05 0.000985 0.00045 5.5e-05 0.005785 5e-05 2e-05 0.00033 0 0.000205 0 6e-05 0 0.00518 0 0.00633 1.5e-05 5.5e-05 0.005495 5e-06 0 0 0 2.5e-05 0 2.5e-05 5e-05 0.00988 2.5e-05 0.005005 0 0 6e-05 0 3.5e-05 4e-05 7e-05 5e-05 0.00133 3.5e-05 0.00156 9e-05 0 0 0.00111 0.008485 0 0.000345 3e-05 2.5e-05 2.5e-05 3.5e-05 0 0.00478 0 2e-05 0.000985 2.5e-05 0.00164 3.5e-05 0 0 3e-05 0 2e-05
0 2e-05 3.5e-05 2.5e-05 0 7e-05 4.5e-05 0 0.00073 0.000275 0.00805 0 0.00377 2e-05 0.002675 0 0 0.00187 0 2.5e-05 0 6e-05 0 4.5e-05 4e-05 1.5e-05 0 0.00019 0 2.5e-05 0.00084 0 0.01237 4e-05 0 0.00426 2e-05 0 0.00024 3e-05 0 0 2.5e-05 0.002605 0 0 0.001125 4.5e-05 0 0.00125 0.012225 0 5.5e-05 0 0 5.5e-05 0.006595 0 0 3.5e-05 0 2e-05 4e-05 5.5e-05 0 7e-05 7e-05 0.000655 0.00343 0.003375 2.5e-05 2.5e-05 0.012715 0.00516 0.000265 0.003085 0.001875 0.00627 0 0.002335 4.5e-05 0 4.5e-05 0 1.5e-05 3.5e-05 3.5e-05 3e-05 1e-05 0.003 0 0 0.0009 0 3.5e-05 0 5e-06 1.5e-05 4e-05 0
0 3.5e-05 4e-05 0 0.003485 0.0164 0 3.5e-05 0 0 4e-05 0 2e-05 0 0 3.5e-05 5e-05 7e-05 0.000285 0 0.00354 0.000305 4e-05 0.00532 3e-05 0 0.006795 5e-06 0.00059 1.5e-05 0 3e-05 2.5e-05 0 0 0.007015 1e-05 2.5e-05 0 0 3.5e-05 4e-05 6e-05 0.00012 0 0.00019 6e-05 3e-05 0 0 0.01102 0.00069 0 0 0 0.01098 1e-05 3.5e-05 0.002185 4.5e-05 0 4e-05 3e-05 0.000185 0 0.01629 0.005315 0.00092 0.00141 0.0009 2.5e-05 1.5e-05 0 0 0 5.5e-05 5e-05 0.00429 0 0 0.00523 3.5e-05 4e-05 0 4.5e-05 0 0 5e-05 4e-05 1.5e-05 3e-05 3e-05 3.5e-05 2e-05 0 2e-05 0 0 2e-05 3e-05
0.01363 2e-05 0 5.5e-05 0 0.00148 0.01226 1.5e-05 0 3e-05 0.003335 5.5e-05 2e-05 3.5e-05 0.00411 0 0.00858 2e-05 0 0 0 0 0 0.003185 3e-05 0.001965 5e-05 0 8.5e-05 0.00126 0 2.5e-05 5.5e-05 6.5e-05 0 3e-05 0.006195 0.00077 0 0 0 0.001855 8e-05 6e-05 3.5e-05 4.5e-05 0 0.0037 0.00593 0.0049 0.005495 4e-05 6.5e-05 2.5e-05 0.001885 2.5e-05 0 0.00848 4.5e-05 0 3e-05 2.5e-05 0.00051 0 1.5e-05 0.00231 0 0 0 2.5e-05 0 5e-05 0.00054 4.5e-05 3.5e-05 0 2.5e-05 0 0 0 0 2.5e-05 0 0.0016 0 3.5e-05 0 0 0 0.00321 0.006975 5.5e-05 3e-05 0 3e-05 0 2e-05 0 0.00437 0.00039
4e-05 1.5e-05 0.000555 0 5e-06 0.00577 3e-05 0.00064 0 3.5e-05 0.00564 0 0.000285 9e-05 0 3.5e-05 0 3e-05 0.004595 0 0.00024 0.00746 0 0 4e-05 0 3e-05 0 4e-05 0.006405 8.5e-05 0.01349 3.5e-05 1.5e-05 0 0.000215 3e-05 0 0 0 0 2.5e-05 2.5e-05 0 0.010385 0 0 4.5e-05 4.5e-05 0 0.003015 0.00298 0 3e-05 0.00017 0 4.5e-05 0.012845 3e-05 7.5e-05 4.5e-05 4e-05 0.001925 2.5e-05 0 2.5e-05 0 3.5e-05 0 5e-05 0.00155 1.5e-05 1.5e-05 0 0 3.5e-05 0 2.5e-05 8.5e-05 4.5e-05 0.0085 0.00508 0 0 7.5e-05 3e-05 6e-05 0 0 3.5e-05 0.004325 0 0.009195 4.5e-05 6e-05 0 0.00456 0 0.001185 0
0 4e-05 3.5e-05 3.5e-05 0 0.00406 2.5e-05 0 0 7e-05 4e-05 0 2.5e-05 4e-05 2.5e-05 2.5e-05 4e-05 4e-05 0.009755 3.5e-05 5.5e-05 4.5e-05 0.000465 0.006755 5.5e-05 0 0 7e-05 0.01257 0 4.5e-05 2.5e-05 0.001805 0 0.00014 0.006825 0.0035 0.010645 4e-05 3.5e-05 0.00028 0 2e-05 0.008395 1e-05 0 1.5e-05 4e-05 0.00146 0.00675 0 2e-05 2.5e-05 0 4e-05 0 0 0 0.004365 0.00306 6.5e-05 2e-05 2.5e-05 2.5e-05 0.00014 0.010375 0 0 0 4e-05 0.00197 0 0.00504 1.5e-05 0 0 0 0 4e-05 3.5e-05 3.5e-05 0 0 1e-05 0 3e-05 0 3e-05 0 4e-05 4e-05 5e-06 0 0 0.00289 0.0005 0 2e-05 6e-05 4e-05
0 5e-05 0 4e-05 0 0 4e-05 4e-05 5e-05 3.5e-05 0.01315 0.005385 3.5e-05 2e-05 0 0 0.00306 3.5e-05 0.00454 0 0.016075 0 0.0007 6e-05 0.000145 4e-05 0 4.5e-05 3.5e-05 0.001505 3e-05 0.00162 0.001435 0.005 0 0 2e-05 0.000865 1.5e-05 0.001745 0 0.0021 0.00016 0 3e-05 4e-05 6.5e-05 0 3e-05 0.01511 0 0.00087 1.5e-05 0.001745 0.00745 0.00109 0 0.00329 0.00038 0 5.5e-05 0 2e-05 0.00438 0 0 0 4.5e-05 0 0 0 0 5.5e-05 0.008855 5.5e-05 0 4.5e-05 2e-05 3e-05 0 1e-05 3.5e-05 1.5e-05 0.00706 3.5e-05 0.001845 0.002845 0.00519 3.5e-05 0 1.5e-05 0 0 0.000215 0 0.00018 0.002465 0.001 0 0
0.003355 0.00327 0 0.006475 3e-05 0 0 0.00418 0 0.00414 5e-05 3e-05 0 0 0 0.00685 0 0 0 0 0.00581 2e-05 0.00013 5e-05 2.5e-05 0 0 0 4e-05 2.5e-05 5e-05 3.5e-05 6e-05 0.000445 5e-05 0.000345 2.5e-05 0.000745 3.5e-05 0 0.010055 0.01044 1.5e-05 0 3e-05 0 5e-05 0.001685 0 0.00016 5e-06 0.004325 0.003675 0 0 0.008395 0 4e-05 0 0 0.00022 0.001805 0 0.00702 0.000485 0 4.5e-05 2.5e-05 0.005325 3e-05 0.00016 0 2e-05 3e-05 0.00085 3e-05 3e-05 0.002065 0 0.00129 0 0 0.00555 3e-05 1.5e-05 0.00346 0 3.5e-05 0 3.5e-05 0.005465 0.001505 0 0 9.5e-05 0 0.001105 5e-05 0 0
0 2.5e-05 0.00856 4e-05 0 0 5e-05 2.5e-05 0 4.5e-05 0.010905 4.5e-05 0.00122 3e-05 0 0.00208 4e-05 8e-05 2.5e-05 3.5e-05 0 0 0.00174 0 0.006585 0 4e-05 0.0061 0 0.00376 6.5e-05 0 0.00017 0.00975 2.5e-05 0.00554 0.000725 4.5e-05 0 3.5e-05 5e-06 3e-05 0 0.00055 0.003495 0 3.5e-05 0 3e-05 0 3e-05 0 6e-05 3e-05 0 4.5e-05 0 1e-05 0 9e-05 0.006105 0 0.011655 0.016945 0 0 1e-05 0 3e-05 0.005 5e-05 5e-05 0 2.5e-05 0.000185 0.002435 0 4.5e-05 0.005055 0 2e-05 3e-05 3e-05 0 2e-05 0 0.00015 2e-05 0.00283 0.00444 0.000555 5e-05 0.004015 0 0.00047 0.001635 0 0.002815 2e-05 0
0 0 0 0.00961 2.5e-05 4.5e-05 1e-05 0 6e-05 0 1e-05 0 0.01225 0 2e-05 0.002755 3e-05 0.00456 1.5e-05 0 0.000205 0.0032 2.5e-05 1.5e-05 2e-05 0 0 4.5e-05 0 0.003555 3e-05 1.5e-05 0.0002 0.0001 1e-05 0.00223 0.000455 0.007285 4.5e-05 0 0.000325 0 3e-05 5e-05 0 0.005415 6e-05 0.00344 4e-05 3.5e-05 3.5e-05 0 0 5e-05 0 0 0 0 0.000745 0.003565 0.003965 0 0.00021 9e-05 0 0 0 0.002485 0 4.5e-05 0 0 3e-05 0.01038 0.002965 0.002965 0 0 0 0.00178 2.5e-05 0.001215 2e-05 3.5e-05 0 0.01092 0.00258 0 3.5e-05 0.000145 0.00658 0 0.000585 2e-05 0 0.000515 0 0.00119 5e-05 0
0.000525 0.00369 2.5e-05 0 0.000205 0 3.5e-05 3e-05 0 0.01202 0 1.5e-05 2e-05 0 0.0017 0 0 3e-05 0 4.5e-05 3e-05 0.001555 0.00336 0.00608 0.00065 5.5e-05 0 0.014345 0 3.5e-05 0 0.007025 4.5e-05 4.5e-05 1e-05 5e-05 4.5e-05 5e-05 0.006295 0 0 0 3.5e-05 3.5e-05 0 2.5e-05 3e-05 0.003415 0.006745 0.00463 2e-05 3.5e-05 3.5e-05 1e-05 0 0 5e-06 3e-05 1.5e-05 0 5e-05 0 0 3e-05 4.5e-05 3e-05 0.000215 2e-05 2.5e-05 1.5e-05 3e-05 0.001635 3e-05 0 3.5e-05 2.5e-05 0 7e-05 3e-05 0 0 3.5e-05 0 3.5e-05 0 0 0 0.017985 3.5e-05 0 2.5e-05 0 4e-05 0 0.00018 0.000155 0 0 0 0
2e-05 2e-05 5e-06 0 0 0.008895 0.00041 0 0 0.00032 1e-05 0.00286 0 0.008275 0.001715 5.5e-05 0.004665 0.000135 2.5e-05 0 0 3e-05 0 0.00502 0.003995 3e-05 0.00837 0.004185 5e-06 0 0.000645 3e-05 3e-05 2.5e-05 0 4.5e-05 0 0 0 0 3.5e-05 0 3.5e-05 3e-05 0 3e-05 0.012845 0 0.000135 0 0 4e-05 0.00184 0 0.007555 0.010865 2.5e-05 4.5e-05 3.5e-05 0 0 5e-05 0 3e-05 0 3e-05 0.01138 0 3.5e-05 1.5e-05 0.001975 0.004975 0 0.01181 9.5e-05 3e-05 0 0 0 0 0 0.00447 0 3.5e-05 0 0.00041 5e-06 0.014005 3e-05 2.5e-05 3.5e-05 2e-05 3.5e-05 0.000505 0.004955 0.003785 2e-05 4e-05 0.00404 0.000585
0 0 0 0.00805 0 0 0.00917 4.5e-05 0 0.002625 4e-05 0.00049 1.5e-05 0.000865 0.00152 2.5e-05 5e-05 0 0.011275 0.00464 0 0.004875 0.004245 6e-05 0 2e-05 0.00132 0.00015 0 0.000785 3.5e-05 3.5e-05 2.5e-05 3.5e-05 0 0.00058 0.000275 0.010345 0 0.00852 0 0 2e-05 4e-05 0.000225 0 2e-05 0 1.5e-05 0.00225 0.000235 0 0 4e-05 2.5e-05 3e-05 0 0.00149 0 0 0 3e-05 1e-05 2e-05 0 7e-05 0.013805 3e-05 0.0001 3.5e-05 0.00212 2e-05 0 0.006265 0 4e-05 0.002635 0 0 3.5e-05 0 0 4.5e-05 7e-05 2e-05 0.002305 6e-05 2.5e-05 0 0.003575 0 3e-05 0 2e-05 3e-05 0.00022 0.00214 0 0 5e-05
0.00548 0.0051 1e-05 0 0.007245 0 0.001895 0.000115 0 4.5e-05 0.00174 0.00043 0.005525 0.00865 0.00386 0 0 0 0.002455 3e-05 0.00213 0.00166 0 0 0.00205 0 0.00114 0.000365 5e-06 0.01323 2e-05 0 2.5e-05 0.00035 0 3.5e-05 0.00198 0.0001 0 2.5e-05 0 2.5e-05 2.5e-05 3e-05 7e-05 0.007795 0 2.5e-05 0 0.016395 0.000155 0 0 0.011435 0 5e-05 0.007675 0 0 1.5e-05 5e-05 0 2.5e-05 0.00323 0.00298 0 2.5e-05 0.00052 5e-05 8.5e-05 0 0 0.000705 6.5e-05 0 8e-05 0 0.0016 0.000125 4.5e-05 6.5e-05 2.5e-05 0 0.000795 2e-05 4.5e-05 4e-05 0 0.005975 0 3.5e-05 0.00979 3e-05 5e-06 2.5e-05 0.00613 0 0 0 0.000105
0 0.00049 0.01175 0.00029 0 3e-05 0 0 2.5e-05 2e-05 0 0 5e-05 0.00665 0.00138 8e-05 3.5e-05 0.009535 4.5e-05 0.00017 0 0.00509 0 2.5e-05 0 0.009085 0 0.00662 0.000305 0 4e-05 0.00677 4.5e-05 0.00752 0.00085 0.008555 0.00245 0.002095 0 0 0.00065 4e-05 0.003455 0 0.008285 2.5e-05 0 4.5e-05 2.5e-05 0 3.5e-05 0.00162 4.5e-05 3e-05 1.5e-05 0 5e-06 0.000515 0.008105 1e-05 0 3e-05 0 0.005305 0 4.5e-05 0 0 2e-05 0 0 3.5e-05 0 0 0.00232 0.00836 0.000995 1.5e-05 0.00035 1e-05 0 0 0.004475 0 3.5e-05 3.5e-05 3e-05 4e-05 0.001225 0.0018 2.5e-05 0 0.00259 3.5e-05 4e-05 5.5e-05 0 0.004665 0 4e-05
5.5e-05 0.00145 0 0 2e-05 0.00659 6e-05 4.5e-05 0 4e-05 0 0 2.5e-05 0 5.5e-05 0.008265 0.000495 5.5e-05 0 3.5e-05 0.00219 0 1.5e-05 0.00555 0 2.5e-05 0.000355 2e-05 5e-05 0.00037 0 0.00439 0 0.00014 3.5e-05 0.000265 0 0 0 0 3e-05 0.00072 0.005045 2e-05 2.5e-05 3.5e-05 3e-05 0.000375 1.5e-05 0 0.00349 0 3e-05 2e-05 7e-05 0.0042 5e-06 0.0071 4.5e-05 1.5e-05 0 0.00327 0.009255 2.5e-05 2e-05 0.0014 0 1e-05 0.003495 0.009215 0.006235 0.004175 4.5e-05 0.00511 2e-05 0 0 0 0.00052 1e-05 3e-05 4e-05 6.5e-05 0 0 0.0018 0 0.000905 2.5e-05 0 0 0 3e-05 0 0 0 0.003075 3e-05 0.000345 1e-05
6.5e-05 0 3e-05 0.00018 0.001305 4e-05 0.001115 3.5e-05 4e-05 0 0 0 0.02067 0 0 3e-05 0.002965 0 0 0.000105 0.002435 4.5e-05 0 2e-05 0.00956 0 4e-05 6.5e-05 0.002095 3e-05 0 0 0 0.009215 2e-05 6e-05 4.5e-05 5.5e-05 0.005025 0.00013 0 0 0 2.5e-05 0 0 8e-05 2.5e-05 3e-05 0.0138 0.00221 0.00076 0 0 1e-05 0 3.5e-05 3.5e-05 0 0.00942 0.001305 1e-05 2.5e-05 0 0.00932 9.5e-05 3e-05 3e-05 2.5e-05 2.5e-05 4.5e-05 0 5e-05 0 1.5e-05 1.5e-05 0 0 4e-05 0.00394 0.000795 6e-05 0 3.5e-05 3.5e-05 0 0 0 0 2e-05 1e-05 5.5e-05 3e-05 6.5e-05 0.0028 0 3.5e-05 0.00857 0 0
3.5e-05 2e-05 0 0 0.00344 4e-05 6e-05 0 0 0.001085 0.0024 0.00836 0 0 0 0 4e-05 0.006555 0 0 2.5e-05 3.5e-05 0.0003 0 3e-05 4e-05 0 5e-05 0 0 6.5e-05 4e-05 0 0 0.00719 0.005385 0 3.5e-05 0.0042 0 0.00095 0 0 0 0.00188 5e-06 0.006075 3.5e-05 0 0.004265 0.00325 0 0.00595 0.002425 3e-05 0 1.5e-05 3e-05 0.0037 0.0166 0 0 0 0.003725 0.006825 0.00878 0 0.00929 0.00033 3.5e-05 4.5e-05 0 0 0.000985 0 3e-05 3.5e-05 2e-05 0 0 3e-05 0 1e-05 0 3.5e-05 0 2.5e-05 0.003625 0.0001 4.5e-05 2.5e-05 3.5e-05 0 0.003465 6e-05 0 1e-05 0.00719 2.5e-05 3.5e-05
0 0 0.00163 0.00366 3.5e-05 3.5e-05 4.5e-05 3.5e-05 0 3.5e-05 0 2.5e-05 0 0 2e-05 0.00411 0.002335 4.5e-05 0.001475 0 0.009285 0.01604 0.000645 3.5e-05 0.00039 0 0 4e-05 2.5e-05 0.00726 0 0.01057 0.000355 0.00091 0 0 0 0.001085 4e-05 0.000575 0.000595 0 0 0 2e-05 0 2e-05 0.006765 3.5e-05 3e-05 2e-05 3e-05 0 0 0.00574 0 0.008085 0.002285 0.000105 0 0 0 1.5e-05 0 0 0.0102 0 0 0.00325 0 0 0.000315 3.5e-05 0.00652 3.5e-05 0.003935 3.5e-05 0 0.002855 0 2e-05 5e-05 0 0.00115 0.002055 0.00023 0.005835 0 2e-05 0.00091 4.5e-05 0 0 2.5e-05 3.5e-05 3e-05 0.00489 0.004465 3.5e-05 0
0.01338 0 0.003715 4.5e-05 0.00072 4e-05 0 0 0.00332 3.5e-05 5.5e-05 2e-05 0 1.5e-05 0.000665 0 0 0 0.00032 0 3e-05 4e-05 0 0.00037 1.5e-05 4.5e-05 2e-05 0 0 0.00061 0 2.5e-05 0 3e-05 0.007025 0 1.5e-05 0 1.5e-05 0 4e-05 0.00088 2.5e-05 0 0.003265 0 1.5e-05 3.5e-05 3e-05 0 2.5e-05 0 3e-05 3e-05 0 2.5e-05 1.5e-05 0 2.5e-05 0 0 0 0 1.5e-05 5e-05 0 0 0.00303 5e-06 2e-05 0 0.008645 0 2e-05 2.5e-05 0 0 2e-05 0.009415 0.00026 5e-06 0.00199 0.00117 0.002775 0 0.0088 0.00664 3e-05 0.00519 3e-05 2e-05 0 0.00927 0 3.5e-05 0.004525 5e-05 3.5e-05 3e-05 1e-05
0 0.001015 0 0 1e-05 0.0024 0.00817 0 0.004695 0.000625 0.000395 0.01922 2e-05 0.000725 0.00841 4e-05 0 0 2.5e-05 0.0068 4.5e-05 0 0 0 0 0.00381 0 5.5e-05 3.5e-05 0.005 0 5e-06 3.5e-05 0.010895 4e-05 0 2e-05 2e-05 0 4.5e-05 0 9e-05 5e-06 2.5e-05 0 0 0.00666 0 3e-05 0.00163 0 5e-06 4e-05 0 0.00065 1.5e-05 0 1.5e-05 0 0.00578 3e-05 1.5e-05 0.00673 4.5e-05 5.5e-05 4e-05 2.5e-05 3e-05 0 0 0 3.5e-05 0 0.003065 0 0.006825 0.002225 0 0.00084 0 5e-05 3e-05 2.5e-05 0.00768 0 5e-06 4.5e-05 3.5e-05 0.000305 0.00271 1.5e-05 3e-05 0 0 4e-05 5.5e-05 0 0.004495 0 1.5e-05
5e-06 0.004745 0 0 4e-05 3e-05 0.00268 0 3e-05 0.000155 2e-05 4e-05 0 0 0.00117 0.001485 0 0.00159 3e-05 0 3e-05 2.5e-05 0.00054 0.00109 2e-05 0 0.002135 0.00106 4e-05 2.5e-05 1e-05 1.5e-05 0.000185 0.008615 2.5e-05 0 0 3e-05 0 0 0 1.5e-05 2e-05 0 2.5e-05 1.5e-05 1e-05 0 2.5e-05 0.001275 0.00438 3.5e-05 0 6e-05 0 0.000635 3e-05 1e-05 3e-05 0.006995 0.005185 0.009985 0 0 0.004705 0 2.5e-05 0.00499 7e-05 0 0 2e-05 9.5e-05 2e-05 0.006015 3.5e-05 0 0 3.5e-05 0 2.5e-05 0 0.00323 9e-05 6e-05 0 5e-06 0.0012 0.00023 3.5e-05 0.002225 0 3.5e-05 0 0.005715 3e-05 0.00084 3.5e-05 0.00399 1.5e-05
0 0.000855 0 0.01309 0 5e-05 5e-05 3.5e-05 0 0 5e-05 0 3.5e-05 0.011415 2.5e-05 0 4.5e-05 0.00742 0.000855 0.00394 7.5e-05 2e-05 0 0 0.002215 0.00018 0.004155 0 4e-05 1e-05 6e-05 0 4.5e-05 0 0.004445 0 0 0.002115 0.000345 0.001485 0.00631 1e-05 3e-05 1.5e-05 2e-05 0.002895 4e-05 0 1.5e-05 0.001985 5e-05 0 0 5e-05 0.000185 5e-06 1.5e-05 3e-05 0 1.5e-05 0 1e-05 0 0 1.5e-05 1.5e-05 0.000135 4.5e-05 0.0017 5e-05 0.000275 6e-05 0 1.5e-05 0.00759 0 0 0.00968 0 2e-05 0 4e-05 0.012205 0 0 2.5e-05 0.00539 0.000545 1.5e-05 3.5e-05 0.00099 0 0 0 0 0.00053 3e-05 0.001875 8.5e-05 0
0 0 0.0142 0.010135 0.00456 2.5e-05 7e-05 1.5e-05 3.5e-05 0 0.008675 0 0 0 5e-05 0.00058 3.5e-05 0 0 0.002445 1.5e-05 0.003475 0.000155 3.5e-05 5e-05 0 0 0.003555 3e-05 4e-05 3.5e-05 0.005065 0 0.00656 0 0.000325 0.012385 3e-05 3.5e-05 0 0.00759 0.00028 0 0 0 0 4.5e-05 4e-05 2e-05 0 0 7.5e-05 1e-05 6e-05 3.5e-05 2.5e-05 0 0.00455 0.002945 0.00369 9.5e-05 0 0.014075 0.00029 4.5e-05 5e-05 0 0 3.5e-05 3e-05 0.00274 0 0.00278 4e-05 0 0 0 0 0.000145 3e-05 4.5e-05 0 0.001955 0 0.002925 0.00351 0.00018 3.5e-05 4.5e-05 0.001235 0 2e-05 0 1.5e-05 3.5e-05 3e-05 0 0 4e-05 8e-05
2e-05 0.00031 0 6e-05 3.5e-05 0 4e-05 5e-05 0 5.5e-05 0.0004 4e-05 0.01787 0.00105 4e-05 1e-05 4e-05 4.5e-05 9e-05 3e-05 0.003775 2e-05 0.007655 4.5e-05 0.00286 3e-05 4e-05 3.5e-05 0 0 6.5e-05 0 0 4e-05 3.5e-05 3e-05 0.000955 0.00148 0 0 3e-05 2.5e-05 4e-05 3e-05 9e-05 0 4e-05 0 3.5e-05 0 2.5e-05 0.0065 0.012735 0 2.5e-05 5e-06 1.5e-05 7.5e-05 0 0.014535 0 0.000205 4.5e-05 2e-05 0.000645 0 0.00034 0 0 0 4e-05 0 2e-05 0 0 0 0.000725 0 0 0 0 2.5e-05 0 0.002045 4e-05 0.00949 0 4e-05 0 0.013915 0 0.00811 0 0 4.5e-05 2.5e-05 3e-05 0.006695 2.5e-05 0
0.000315 0 0.004525 0 0 2.5e-05 0.0034 3e-05 5e-05 0 1.5e-05 3.5e-05 4e-05 3e-05 0 2.5e-05 4e-05 0.007425 0.013525 0.005945 0 3.5e-05 3e-05 5.5e-05 0 0 0 0 4.5e-05 0 0.001645 0 0.013635 0 2e-05 2e-05 3e-05 2e-05 0.002825 0 5e-06 0 0 5e-05 6e-05 2.5e-05 3e-05 0.00025 4e-05 2.5e-05 0 0 0 0.00011 0 4e-05 0 0.00091 3e-05 0.00358 0.0104 2.5e-05 0.00127 0.00691 0 6e-05 0 2.5e-05 2.5e-05 3.5e-05 1e-05 0 4e-05 3.5e-05 6e-05 0.00531 0 2.5e-05 0 0 4e-05 0 0 2.5e-05 0 0 0.000185 2e-05 0 0.000695 4e-05 0 0.01011 0 0.0014 0.00072 0.00022 0 3.5e-05 1e-05
5e-06 1.5e-05 0 3e-05 3e-05 0.004655 3e-05 0.00265 0.00043 0 0 5e-06 0.011865 6e-05 0 0.00691 0.002815 0 3e-05 0 0 0.003685 0.00336 0.000775 0 3.5e-05 0.00674 0 4e-05 0 3.5e-05 0 0.00269 0 0.006365 0.009435 0.006315 0 2e-05 0 0 0.000115 4.5e-05 0 0.00849 0 3.5e-05 4.5e-05 0.00025 2.5e-05 3.5e-05 0 0 4e-05 0.002145 0.00895 4e-05 0.004325 0.007615 5e-05 4e-05 1.5e-05 0.002105 0.00043 3e-05 0 0.003075 1.5e-05 0 0 0.00184 0 8.5e-05 0 0.01025 3e-05 5e-05 3.5e-05 3.5e-05 0 0.001115 0 0.00152 0.010155 6e-05 0 0.001205 0 2.5e-05 4e-05 0 2.5e-05 0 0 0 2e-05 0.000255 5e-06 0.004835 0
0 2.5e-05 0 0.00029 9.5e-05 0 0.00916 0 3.5e-05 0 3e-05 0 2.5e-05 0 0.00013 1.5e-05 2.5e-05 0.00485 0 3e-05 0 4e-05 3.5e-05 0 0.000135 0 0.00034 0.000745 2.5e-05 0.002365 3e-05 1.5e-05 0.01519 1.5e-05 0 0 0.001545 4e-05 0.0066 0.005235 5e-05 5.5e-05 3e-05 0 0 0 3.5e-05 0.008945 1.5e-05 4e-05 5.5e-05 0.002155 5e-05 2.5e-05 2.5e-05 2.5e-05 0.000165 0.002355 0.005385 0 0 0 0.00116 0 0 0 3e-05 5e-06 0 2e-05 4.5e-05 0.000105 0.00617 2e-05 0 0.005345 0.009455 6.5e-05 0 1.5e-05 0 0 2e-05 2.5e-05 2e-05 0.00167 3e-05 0 0 0.007635 0 3e-05 0.00024 3.5e-05 0 0.002045 0 0 2e-05 0
1.5e-05 0.001545 4.5e-05 0 0.002145 3.5e-05 0.000665 3.5e-05 0.00317 0 3.5e-05 0 0 1.5e-05 0 1e-05 0 0.00963 0 0 5e-05 0 2e-05 0 2e-05 0 0 0.011575 0 0 3e-05 0 0 3e-05 7e-05 8e-05 5e-05 4e-05 0.00081 0 0.011495 0.003485 3e-05 0 0 3e-05 6.5e-05 0.000485 0 5.5e-05 0.00162 1.5e-05 0 0 3e-05 2.5e-05 1.5e-05 5e-05 2.5e-05 0.00336 2e-05 0 0.000145 0 2.5e-05 2e-05 0 0 3.5e-05 2e-05 0 0 2e-05 0 4e-05 3e-05 0 5e-06 0.00491 0.001325 4e-05 0.00837 0 4e-05 0 0.018635 5.5e-05 0.004535 3.5e-05 4e-05 4.5e-05 0 0.00049 1.5e-05 0.014055 3e-05 0 0.00646 2.5e-05 0
0 0.00124 0 2.5e-05 4.5e-05 0.00311 3.5e-05 2e-05 4e-05 4.5e-05 0 3e-05 2e-05 0.0013 3.5e-05 5.5e-05 0.004625 0.001075 0 0 0 6e-05 0.000415 8.5e-05 0.00212 0 1e-05 1e-05 0.015435 4.5e-05 0.00237 0.0005 0.005845 0 0.000455 0 2.5e-05 0 4e-05 2.5e-05 0.00089 0 0.00359 0.013875 5.5e-05 0 0.001635 0 0 3.5e-05 3e-05 0 0 0.00428 4.5e-05 0.008885 0.00269 2.5e-05 3e-05 0.001175 0 0.010515 0 0 0 2.5e-05 0 0.00013 0 0.000175 0.00254 0 0.009195 2.5e-05 0 2e-05 0.008315 3e-05 0 0 0 0 0 8e-05 0 0 0.01143 4e-05 0.006095 0 3e-05 0 3e-05 0.00023 2e-05 3.5e-05 0.006315 0 0 0.001275
0 0.000195 0 0 0 0.00231 0.00093 4e-05 0.007875 0 3e-05 3e-05 0 0.00029 0 0 0 0 0 0.00459 2.5e-05 0 0.009235 0.0037 4e-05 0.009295 0.00709 0 1.5e-05 0 3.5e-05 0.000605 6e-05 2e-05 0.001255 0.00223 0 0 7e-05 4e-05 2.5e-05 1.5e-05 2e-05 5e-05 0.00095 0.00073 5e-06 5.5e-05 2e-05 0.00766 0.00475 6.5e-05 5e-05 0 0 0 2.5e-05 0 2e-05 0 3e-05 0 4e-05 0 2.5e-05 0.015405 0 0 0 0 5e-06 5.5e-05 0.01418 4.5e-05 2e-05 0 0.004 2e-05 0 3e-05 0.014955 2e-05 6e-05 0.00267 3.5e-05 0 6e-05 0.00262 0 0 0.00072 1e-05 2.5e-05 0.00487 3.5e-05 0 0.022375 0.001535 3.5e-05 0
0 3.5e-05 0 0 0.00982 3.5e-05 0.00167 6e-05 3e-05 1e-05 6e-05 0 3e-05 3e-05 4e-05 0.000925 3e-05 3e-05 1e-05 0 3e-05 0 5e-06 4e-05 0 0.00661 4e-05 0 0.00617 4.5e-05 0 3.5e-05 0 0.00189 4e-05 0.000205 0 3.5e-05 0.001665 0 0 0 0 0 0.000905 0 1.5e-05 2e-05 4.5e-05 1e-05 3.5e-05 0.00621 0.00217 0.000195 0.00085 0 0 2.5e-05 0 0.00711 0.01567 0.004405 5e-05 0.0154 0.01289 0.001185 0 0 0.002115 0 4e-05 2.5e-05 0.000315 5e-05 0 5.5e-05 3e-05 0 0 0 0 0 4e-05 0.00226 0.005095 2e-05 0 3e-05 0.00049 0.008915 0.00117 4.5e-05 0.00076 0.00285 2.5e-05 0 0.000515 0 1.5e-05 0.000495
0.00066 0.00302 0 0 0.00045 0.00521 5e-05 0 2e-05 0 3.5e-05 0.00148 2.5e-05 0.008525 0.00149 3e-05 0 0 0.00579 2e-05 0 0 0.000495 0.002375 0 3e-05 0 0.00289 3e-05 6e-05 0 0 3e-05 4e-05 4e-05 0 0 0 0.00314 0 0 5.5e-05 0.002545 0.000155 2.5e-05 0 0 0 0.012085 0.01362 4.5e-05 2.5e-05 3e-05 0 0.001865 0 0.005355 0 3e-05 3e-05 0 0.00015 0 3e-05 1e-05 0 2.5e-05 0.007005 2e-05 4.5e-05 3.5e-05 0.003565 0 0 5e-05 2.5e-05 0.00039 4.5e-05 0 4e-05 0.003585 0 0.001435 4.5e-05 0.006125 2.5e-05 4.5e-05 0.003935 0 0 5e-06 1.5e-05 4e-05 0.00167 0 0.000165 0.011625 0 0 0
0.00358 3.5e-05 0.01192 0.00098 0 0 3e-05 2e-05 1e-05 5.5e-05 0 2.5e-05 3e-05 2e-05 0.00455 0.000365 0.001675 4e-05 0 0.00012 4e-05 5.5e-05 0 2e-05 0 0 0 0 4.5e-05 0 7e-05 0 0.00831 3.5e-05 0.003125 0.008625 0.009405 3e-05 2e-05 0 3.5e-05 0 0.000155 0 3e-05 0.009935 3e-05 0 0.000345 0 0 2e-05 4e-05 5e-05 2e-05 2.5e-05 0 0.000105 2.5e-05 3.5e-05 0.00066 3e-05 4.5e-05 0.002695 2.5e-05 0.004465 0 0.001455 5e-05 0 0 0 0.017085 0 0 0.000305 0.006055 0 2e-05 0 3e-05 0.003385 0.01014 0.000155 0 2.5e-05 0 0 0 0.007615 0.008285 0 0.006755 0.00776 2.5e-05 0 0 3.5e-05 2.5e-05 3e-05
0.001945 0 1e-05 0.00194 0 1.5e-05 0.000315 0.001505 0 6.5e-05 0 0.006695 3e-05 0 0.000765 0 0 0.006425 0.00208 0 0 0.00371 2.5e-05 5e-06 3.5e-05 4.5e-05 0.0016 5e-06 0 7e-05 0 4e-05 2e-05 0 0.00839 0.000655 0 0.000415 0.00504 0.001215 0.004105 3e-05 0.00136 0.000455 3e-05 0 0 2e-05 0.01264 0.00352 0.0049 0 3e-05 2.5e-05 0.007565 0.00715 0 0 0 0 1.5e-05 4.5e-05 0.000895 0 0 0.00107 1.5e-05 0.01391 0 3e-05 0.003645 0.007415 0 0.002135 1e-05 0.00111 2.5e-05 0.008895 0 0.00919 0.01525 0 0 0.00384 0.004495 0.003665 0 0.00297 2.5e-05 1.5e-05 0 3.5e-05 0.000205 1.5e-05 0 4e-05 0 2.5e-05 0 6.5e-05
0 2.5e-05 2e-05 0 0 0.00279 4e-05 0.008705 0 5e-05 0 0 0 0 0 3e-05 0.00155 0 0.006425 3e-05 1.5e-05 0 0 0 0 2e-05 0.00619 0.00242 0 3.5e-05 0 5e-05 0 0 3e-05 0 0.001575 5e-05 0.00961 0.005535 4e-05 4e-05 3e-05 1.5e-05 0 3.5e-05 0 0.013075 0 3.5e-05 3e-05 0.00181 0 7e-05 0.00037 0.00445 0 3.5e-05 0.0057 1.5e-05 2e-05 2.5e-05 7.5e-05 0.000765 0.000955 0.000275 4e-05 0.000135 0 3.5e-05 2.5e-05 0.003945 0.00069 0 2.5e-05 0.00609 0.000145 2.5e-05 0.0013 0.001685 0 0.00265 1e-05 0 5e-06 2e-05 0.00034 0 0 0.008895 0 3.5e-05 0.007165 0.000945 0 0.014615 0 0 5e-05 1.5e-05
3e-05 0 5e-05 3.5e-05 0.00794 0 0 5.5e-05 0 0 4e-05 4.5e-05 4e-05 0 0.009575 0 2.5e-05 4.5e-05 0 0 2.5e-05 0.002845 4.5e-05 0.000215 0 3e-05 0 5.5e-05 0.010495 0 0 0 0 0.00162 4.5e-05 5.5e-05 2.5e-05 3e-05 0.000525 1.5e-05 2.5e-05 4.5e-05 0 5.5e-05 0.00148 0 1e-05 3e-05 5.5e-05 0 3.5e-05 0 0.000405 0.006875 0.00342 0 5e-06 0 0 0.007795 0.00079 2e-05 0.0057 0.016035 0 0.001585 2.5e-05 2.5e-05 0.000165 0 2.5e-05 1.5e-05 0.004865 0 0.0023 3e-05 3e-05 0 5.5e-05 3.5e-05 0 0 2.5e-05 0 0.0007 0 5e-06 0.001515 0.001415 3e-05 0 2.5e-05 4.5e-05 0.000285 0 0.006855 0 0 0.005305 4e-05
4.5e-05 0 0.00235 0 0 0 3.5e-05 6.5e-05 0.00984 8e-05 0.008145 5e-05 0 0.00023 0 1e-05 0 0 0 5e-05 5.5e-05 0 0.00016 0 0.006575 0.00212 0.006005 0.00637 0 0 2e-05 4.5e-05 0.006055 0.000495 2e-05 0 0.006795 3.5e-05 0.01565 0 3e-05 0.00028 4.5e-05 3e-05 0 2e-05 3e-05 0.013 2.5e-05 0 3.5e-05 0 0 3.5e-05 4e-05 4e-05 0 0.005285 2.5e-05 0.011165 0.000465 0.00013 0.00389 0 3.5e-05 4e-05 4e-05 4.5e-05 4e-05 5e-06 0 3e-05 0 5.5e-05 8e-05 0 3.5e-05 2e-05 3e-05 4.5e-05 5.5e-05 0 0 0 2.5e-05 0.00486 0.001375 0.00074 0 5.5e-05 0 0 3.5e-05 6.5e-05 0.0093 0.002445 0.00052 0.00021 0.00537 0
1.5e-05 0.012705 0 2.5e-05 1e-05 0.0004 5e-06 0 0.00037 0 0.00074 0 0.00024 0.00481 4e-05 0.00165 0.00013 0.000545 1e-05 3e-05 0.00013 0.00306 0.001395 4e-05 0 5e-06 0.013525 1.5e-05 3e-05 9.5e-05 0.000435 0 5.5e-05 0.0002 2.5e-05 0 5.5e-05 0 6.5e-05 0.00035 0 0.004625 0 0.0017 0 0.00718 0.002855 0 0 3.5e-05 0 0.0103 3.5e-05 0.004265 4.5e-05 6e-05 2e-05 3e-05 0.007925 0 0 0 0.005545 1.5e-05 0 0 2e-05 0 0 0.00998 2.5e-05 0 0.006255 0.001605 0.0014 0 0.001445 3e-05 1.5e-05 0.00275 0 0 0.00012 0 0 0 0 4e-05 1e-05 0 6e-05 0 0.00259 1.5e-05 0 3e-05 0 0 0.00215 3.5e-05
0 0.002685 0.006325 3e-05 4e-05 0 0 0 0 0 0.00445 0 1.5e-05 4e-05 2e-05 4e-05 0.000195 2.5e-05 0 5e-05 0.00363 0.012325 5.5e-05 0 0.005445 0 0.00985 0.010085 0.00825 4e-05 0.002245 2e-05 0.010335 0 4.5e-05 0 0.006435 7.5e-05 0.000515 2e-05 0.00255 0 0 0 0 0.011605 6e-05 0.004235 0 0 0 5e-05 4e-05 0.0001 0 0 0 1.5e-05 0.002435 0 0 4.5e-05 0 3e-05 2.5e-05 5e-05 0 0 4.5e-05 0 0 3.5e-05 0.00403 0.009445 0.001045 0.005205 2.5e-05 2.5e-05 5.5e-05 0.00172 0 0.001275 4e-05 0.00011 2e-05 0.00894 5e-05 4e-05 0.005595 0.007535 0 0 3e-05 2e-05 0.001505 0 0.0145 0 3.5e-05 6e-05
4.5e-05 0 3.5e-05 0 2.5e-05 0.00026 2e-05 0 0 3.5e-05 9.5e-05 2e-05 0.000565 0.000715 0 0.00182 0 0 0 3.5e-05 0.007675 0.00035 2.5e-05 0.00245 0 0 2.5e-05 4.5e-05 3.5e-05 0.005955 0.001245 0 0 0.00525 0 0 0.004155 0.00114 0 0 3.5e-05 0 2.5e-05 0.000335 0.00452 0.007085 0.00124 0.000865 2e-05 0.00052 1.5e-05 0.015545 0.00034 3.5e-05 0 0.006645 0 3.5e-05 0.010025 0.0004 0 5e-05 0 0 0 3.5e-05 0.001265 0 0 0.00018 0 5.5e-05 0.000405 0.000715 0 0 0 0 0.00063 0.000235 4e-05 0 3.5e-05 0.00077 0 0.00647 0 2.5e-05 0.00769 0.002955 0.00334 0 0 5.5e-05 0.003405 4e-05 0 4e-05 0.005805 0
0 4e-05 0 1.5e-05 0 0.006405 5.5e-05 3.5e-05 0 0 0.008105 0 3e-05 3e-05 2.5e-05 0 3.5e-05 0.00017 0.000335 0 4e-05 2.5e-05 0 0.01514 4.5e-05 3.5e-05 0 0.00504 4e-05 0.0003 0 0 0.00316 3.5e-05 0.007575 0.00174 3.5e-05 4e-05 0.006675 0 0.00294 3e-05 3e-05 0.00012 0.00479 3e-05 0 0 0.003085 2.5e-05 0.00139 0 6e-05 3e-05 1e-05 0.0001 0 0.00028 0.011725 0 0.00039 0.01186 0 0.010655 2.5e-05 0 0.000215 0.00549 0 0.000115 0.00328 0 0 0 0.002415 0 0 0.010735 0.01232 0.000485 3.5e-05 4.5e-05 4e-05 3.5e-05 0 0 0 3e-05 5.5e-05 3e-05 0 0 0 0.00514 2e-05 0 3.5e-05 5.5e-05 7e-05 0.00889
0 3e-05 2e-05 0 0 0 0.00738 2.5e-05 1e-05 0.000735 2e-05 0 2.5e-05 0.001585 0 5e-05 0 0 9e-05 5e-05 2.5e-05 0.005135 5e-05 4e-05 0.00242 3e-05 0.00159 0.00788 0 0 4.5e-05 0 3e-05 7e-05 0 0 2.5e-05 0.000655 0.008795 2.5e-05 3.5e-05 0 8e-05 0 0.0029 3e-05 0 0.01387 0 0.00772 0 0 0 0.009655 0.005945 3.5e-05 0.00633 3e-05 0.001575 0.00267 0 3e-05 0.00025 0 0.0141 5e-05 0 0.001595 3e-05 0.008395 6.5e-05 0.00329 1.5e-05 0 0.00171 0 0.003535 0.00051 0.012325 9.5e-05 3e-05 2.5e-05 0 3e-05 0 0 0.000495 0.00736 0 0 2e-05 4.5e-05 2.5e-05 3e-05 0 0 4e-05 3.5e-05 4.5e-05 0.001655
2.5e-05 3.5e-05 3.5e-05 5.5e-05 3e-05 0 0.00194 0 2.5e-05 0 1.5e-05 0.00974 2e-05 3.5e-05 0.001515 0.000465 0.001155 0.00581 0 0 0 0.00671 2e-05 0.00138 0 0 5.5e-05 1e-05 0.00102 2e-05 0.000435 0.007065 1.5e-05 0 0 0 4.5e-05 0 6e-05 0 0.000135 2.5e-05 0.018625 0 4.5e-05 0.00234 0.0061 3.5e-05 4e-05 5e-05 0 0 0.00437 0.00079 0 0.00771 0 3.5e-05 0.00013 0 0.000965 0 0 0.004585 0.000855 5e-06 0.001225 0.001695 8e-05 0 4e-05 0.006475 0 0.003845 2e-05 3e-05 5e-05 0 0 0.000285 0 2.5e-05 0 0.006985 3e-05 0 2e-05 1.5e-05 0.007785 4e-05 0 0 0 0 0 3.5e-05 2e-05 0.001515 0.000205 0
0.002755 2e-05 0 0 3.5e-05 5e-06 0 0.004285 4.5e-05 2.5e-05 4.5e-05 0 3e-05 4e-05 0 0 0.000125 4.5e-05 3e-05 3e-05 3.5e-05 0 0 0 0 0 0.000315 0 0.000815 0 6e-05 3.5e-05 0 3.5e-05 0.006775 0 0 0 3.5e-05 0 4e-05 2.5e-05 5e-05 0.01148 0.005 0.001885 4e-05 0.000135 0.00557 2e-05 0 2e-05 0 0.00102 2e-05 0.000125 0.003605 6.5e-05 0 5e-05 0 0 5.5e-05 0.000205 0 0.01249 4.5e-05 0.00678 0.0105 0.00452 0 3e-05 0 3.5e-05 0.00015 4.5e-05 0.00271 0 0.002175 2e-05 0 0.003815 5.5e-05 2e-05 0.00447 4e-05 0 1.5e-05 5.5e-05 0.002505 0.008125 2e-05 2.5e-05 0.00481 4e-05 0 0 0 0 3.5e-05
0.00679 0.002715 0.013455 5.5e-05 0.00028 2e-05 5e-05 0 0.00102 4e-05 0.003875 0 0 0 0 0.008315 0.0095 0 4e-05 0.00307 0.00089 2.5e-05 0.01029 0 0.00903 0.002805 0.004335 1.5e-05 0 0 0.000375 0.004295 2e-05 0.00463 0 5e-06 5.5e-05 4e-05 0 4e-05 0 0.015585 0.000135 2e-05 0 4e-05 2.5e-05 0 0 0.00051 0 3.5e-05 0 0 0 0.002195 0 0.00672 0 0.00013 0 0.00503 3.5e-05 3e-05 4e-05 0 0 0 3.5e-05 4e-05 0.002645 0.000125 0 0 5e-06 0.00045 0.00465 5e-05 2.5e-05 3e-05 0.0028 5e-05 0 0 0 0 0.000715 0.003045 0 2e-05 0 0.00141 0 0.011975 0.00473 4e-05 0 2e-05 0 0.002805
4e-05 0.000425 2.5e-05 0.001495 3e-05 0 0.001895 5e-06 0 4.5e-05 6e-05 0.00126 0.00022 0.000205 2e-05 2e-05 0.000185 0.00263 0.00022 0 3.5e-05 0 0.011045 0 0.00501 0 0.000125 0.00013 0.00367 0.011115 1e-05 3e-05 0.00996 3e-05 0 0.00362 5e-06 0 0 0 0 2e-05 0 0 0.00593 1.5e-05 2e-05 0.00138 4.5e-05 0.005105 0 0 0.003645 0.00162 4.5e-05 0 0.000355 0.00663 0 0 0.00086 0 0.002835 0.00125 5e-05 3e-05 0 4e-05 0 0.000175 0 2.5e-05 0 0 0.005495 0.00125 5e-06 3e-05 0.00118 8.5e-05 3.5e-05 0.00062 0 3.5e-05 0 0 0 0.000865 4e-05 0 0 1.5e-05 3e-05 0.001395 0.00413 0.00025 2e-05 0.00409 0 0
0.00126 0 0 4.5e-05 0.001095 0 0 0 0.003985 5e-05 0.00529 0 0.00473 0.00131 0 0.00025 0 3.5e-05 1e-05 0.00029 0.01078 0.00017 4.5e-05 0.000725 0 0 0 0 0 0 4e-05 5e-05 0 0.003595 0 3.5e-05 0 0.0005 0.000185 4e-05 0 2.5e-05 0 2e-05 0.000485 0.002015 0 3.5e-05 6.5e-05 0 0 4e-05 0 0.00223 0.00845 6.5e-05 0.000415 0.00456 0.00556 4.5e-05 4e-05 1.5e-05 2e-05 0 0.003975 0 0.00765 5.5e-05 3.5e-05 5e-06 0.00705 0.011075 4e-05 0.00671 0.00849 0.005435 3e-05 2e-05 2.5e-05 0 0.00668 0 0 5e-05 0 0.00257 2.5e-05 0 5.5e-05 5.5e-05 5e-05 0.006725 5e-05 0 0.00092 2e-05 4.5e-05 0 0.00036 0
3e-05 0 0 2e-05 3.5e-05 0 4e-05 3.5e-05 3e-05 0.003955 2.5e-05 4e-05 0.00342 2.5e-05 0.00152 2.5e-05 0.004725 0 1.5e-05 0 0.00222 0.006755 0 0.005255 4.5e-05 1e-05 3.5e-05 0 0.00017 3.5e-05 5e-05 0 0.006415 4.5e-05 0.003905 1.5e-05 0.00463 0.00265 0.003105 0.006995 0.000375 0.00228 2e-05 0 0 0 0 0.011375 0 4e-05 0 0 0.00093 2.5e-05 0.0001 0 0 0 0 0.00251 0.005745 0 4e-05 2e-05 1.5e-05 0.00684 8e-05 4e-05 0.0011 0.0031 0.00026 5e-05 0.00777 0.002745 0.001585 2e-05 0 3.5e-05 2.5e-05 3e-05 3.5e-05 0 0 0 0.00166 0.00814 0.008075 0 0 0.001025 0.000475 0 4.5e-05 0 0 0 0.00407 0 4e-05 0
0.0009 0.001045 0.00411 0.013615 3.5e-05 0 3e-05 0 3.5e-05 0 0 0 0.0112 0 0 0.01356 3e-05 0 0 0 0 0 4e-05 5e-06 0.000105 0.00126 0 5e-05 0 0.00037 0 3e-05 0.006285 0 0.004505 0 0 0.001605 3e-05 0.00136 0 5e-05 7e-05 2.5e-05 0.00797 0 0.00025 4e-05 2.5e-05 0 8.5e-05 0 0.008645 4e-05 0 3.5e-05 0.006835 0.00052 0 0.003755 4e-05 1.5e-05 0.0073 6.5e-05 0 0.000645 0.000105 0 0.00093 0 0 0 0 0.00549 5e-05 0.00909 0 0 2e-05 0.004285 0 3e-05 0.00448 3e-05 0 0 0.00019 3.5e-05 0.00304 0.00025 0.004645 0.00096 0.002445 1.5e-05 0.008685 4e-05 6.5e-05 2e-05 0 3.5e-05
0 2.5e-05 3e-05 0.004945 2.5e-05 1.5e-05 0.02073 5e-06 0.000135 1e-05 2.5e-05 0.00397 4e-05 1e-05 0 0 5e-05 9e-05 0.00109 0.004795 0.0004 5e-06 0 0 0 0 4.5e-05 3e-05 3e-05 4e-05 3e-05 0.011705 0 0 0.00672 5.5e-05 0 0 3e-05 0.003895 0 3.5e-05 4e-05 2.5e-05 4e-05 0.002175 5e-06 0 2e-05 4e-05 0 0 5e-05 0 4e-05 2.5e-05 0.000135 0 3.5e-05 0.000625 0 0.006495 0.00166 1.5e-05 3e-05 0 0.00036 4.5e-05 0.00028 4.5e-05 3e-05 0 1e-05 0 0 0 0 0 0.003865 4.5e-05 0.00268 2.5e-05 0 0.00637 4e-05 3.5e-05 0 0 2e-05 3.5e-05 0.012905 4e-05 0.000395 2e-05 1.5e-05 5e-05 0.000705 0 2e-05 0
0.0033 3.5e-05 0.006065 2e-05 3e-05 0 0.004055 0 0 0 1.5e-05 0 8e-05 0 0.01518 2e-05 0 0.00463 3.5e-05 0.00229 0 0 1.5e-05 7.5e-05 2.5e-05 2e-05 1.5e-05 0.00176 0.0174 1e-05 0 0 5.5e-05 0.003045 2e-05 0.00247 2e-05 0.008945 0 4.5e-05 4e-05 2.5e-05 0.008335 0.013045 0.000205 5.5e-05 0.00241 0 1e-05 0 0.006395 0 3e-05 0.000685 0.00036 0 1.5e-05 5e-05 2e-05 0.00075 0 3e-05 0 0 1.5e-05 3e-05 3e-05 0.00077 3.5e-05 0 5e-06 2e-05 0 0 0 3.5e-05 0 0.000945 0.00544 6e-05 0 0 3e-05 0.00082 0.00454 3.5e-05 0 0.000265 0 3.5e-05 5e-05 0 4.5e-05 0.00059 5.5e-05 0 0.000115 0 0 0.003415
5.5e-05 0 0 0 5e-05 0.003585 0.00409 0 0 0.000575 0 0.000155 0.001035 2e-05 0.00037 0 0 0.000155 1e-05 0 2e-05 0 0.00517 0.00019 5e-05 0 4e-05 1.5e-05 0.000165 2.5e-05 1e-05 1.5e-05 0 1e-05 5e-05 0.00091 3.5e-05 0.009935 0 2.5e-05 0.000985 4.5e-05 0 0.012675 0.003165 0.001285 0 7e-05 0.000725 0 4.5e-05 0.000365 0.005115 0 3.5e-05 2e-05 4.5e-05 0 1e-05 0.001895 0 0 0 0.001475 0.00468 0 2.5e-05 0 0.004515 0.01746 4.5e-05 2e-05 0 0 0.000185 0 0.007125 3e-05 0.00684 0 6e-05 0 5.5e-05 0.002525 0 4e-05 0 3e-05 0.003315 5.5e-05 0 0.00172 3.5e-05 4e-05 2.5e-05 0 2.5e-05 0 0 0.000165
0 0 0 2.5e-05 0.000545 0.00119 1e-05 3e-05 0.002865 0 3.5e-05 3e-05 6.5e-05 0.00037 0 0 0 4e-05 6e-05 7.5e-05 3e-05 0 0.00908 0 0 0 3e-05 0.001845 0 8.5e-05 3.5e-05 0 3.5e-05 0.004675 2.5e-05 0.006165 0.001585 0.001165 5e-05 1.5e-05 3.5e-05 1.5e-05 0.006085 0.00069 4e-05 0 4e-05 2.5e-05 0.00036 0.00071 0.003115 5e-05 0 0 0.00395 0.001755 0 0 3e-05 0.001 4.5e-05 5e-05 2e-05 0.00083 2.5e-05 0.00261 3.5e-05 2.5e-05 2e-05 0.000655 0.00901 0 0.00541 2.5e-05 0 0 4.5e-05 0 1e-05 4.5e-05 0.00449 0 0.000255 0 0.007845 0 2e-05 0 0 0 3e-05 0 2e-05 0 2e-05 0.00327 6.5e-05 3e-05 0.00118 0
0.000145 0 0.010025 1.5e-05 0.00122 3e-05 2e-05 2.5e-05 0 3e-05 0.00059 0 0 0.003415 0 0 0.005595 0.00259 2.5e-05 0.003295 0 0.00766 0.000235 0 0.000245 0.00546 4e-05 0.01654 0.001375 0 0 2e-05 3e-05 0.005585 5.5e-05 0.003395 0.002415 0 0.000415 2.5e-05 0 4e-05 0 3.5e-05 0.00241 2.5e-05 0.00061 2.5e-05 0 0 0.00465 0 0 2.5e-05 0 0 4.5e-05 0 0.002445 3.5e-05 0.006225 3e-05 0 0.012155 1.5e-05 2.5e-05 0 0 5.5e-05 0.007845 0.000385 0 0 2.5e-05 0.00638 4.5e-05 0.00416 0 0.00094 0.00166 2e-05 0.00581 0.007475 0 0.00464 2.5e-05 0 0 5.5e-05 0 4.5e-05 5e-05 0 0 0 0.01185 0 4e-05 0 7.5e-05
0.002325 0 0 0 0 0.01154 0 0.00797 3.5e-05 0 1.5e-05 0 0 0.00275 0.004945 0 0 4.5e-05 0 4.5e-05 0.006335 5e-05 6e-05 3.5e-05 3e-05 3e-05 2e-05 4e-05 0 0.006935 5.5e-05 0 1.5e-05 0 0.00224 1e-05 5.5e-05 0 0 3.5e-05 4e-05 7e-05 0.008595 5e-05 1.5e-05 0 0.012085 4e-05 0.002205 0 0.001975 0 0 0 0 0 0.000865 5e-06 0.0009 4e-05 4e-05 5.5e-05 5.5e-05 0.001685 0.017215 0.00151 0.00338 0 3.5e-05 0 3.5e-05 0.00043 0 0.0061 0.003215 0.00154 3e-05 0.019285 2.5e-05 0 0.00845 2e-05 4.5e-05 0 5.5e-05 4e-05 3e-05 0.00169 0 0.00012 6e-05 0.00115 0 2.5e-05 5e-05 0 0 5.5e-05 0 0
5e-06 1.5e-05 0.0069 0 0 4.5e-05 6e-05 0.00073 0.007465 0 0.00151 0 0 0 0 2.5e-05 0.006655 1.5e-05 0.001 0 9.5e-05 7e-05 0.000275 3.5e-05 0.000355 4.5e-05 3.5e-05 2e-05 0 0.000495 0 0.00146 0 2e-05 4e-05 0 4e-05 0.00014 0.003395 0 0.00122 0 0.00406 0 0 3.5e-05 3e-05 0 0 3.5e-05 1e-05 0 0 3.5e-05 0 0.000755 0 5e-05 0.002955 3.5e-05 0 2.5e-05 0 5e-05 0.000645 0 0.000515 5e-05 0 5e-06 0 0.009715 0.00704 0.0061 0.00304 3.5e-05 0 0.00162 1.5e-05 0.01257 5e-05 0 0.00665 0.004565 0 0.00261 0.000185 5e-05 2.5e-05 0 4e-05 0 0.001935 3.5e-05 0 0 0.014155 0 3e-05 3.5e-05
0 0 0 0 0 3e-05 0 5e-05 2.5e-05 0 0 1.5e-05 0.001615 0 6e-05 7e-05 0 0 0.004215 0.00023 0 0 0.005185 3e-05 0.000555 0.00428 4e-05 0 0.003425 5e-05 0.000235 3.5e-05 3.5e-05 3e-05 0 9.5e-05 0.00073 0.001165 5e-06 0 0.00912 4e-05 0 0.007085 4e-05 2e-05 0 3e-05 0.011415 0.00996 0 0 0.0003 2.5e-05 3e-05 2.5e-05 0 0.000235 0 0.016435 0 3e-05 1.5e-05 0.00135 0 0.002015 0.00948 0.00037 4.5e-05 3.5e-05 3e-05 2.5e-05 0 4e-05 0.00588 0 0 0.000185 0 0 3e-05 0.002185 0 0.001235 3.5e-05 1.5e-05 3.5e-05 0.006805 0 0.00394 0.00105 4e-05 1e-05 0 2e-05 0.003355 4e-05 0 4.5e-05 0.00013
0 2e-05 4e-05 0 0.00019 0.012545 0.003415 0.004625 5e-05 0.00385 0 0 0 0 3.5e-05 0 0.003375 5e-06 0 5.5e-05 0 0 0.0101 0.000185 0.00058 0 0 0.00504 2e-05 0.001925 3e-05 0 0.000275 0.002815 0 4.5e-05 0 0 5e-06 2e-05 0 0.000185 4.5e-05 0.000405 0.005375 0 0 0 3e-05 0.00059 0.00014 9.5e-05 0 3e-05 4.5e-05 0.000195 0 0.00066 0.013145 0.008445 0 0 3e-05 0 0 0.008545 1.5e-05 0.00451 0.019035 3.5e-05 3.5e-05 0.003035 0 0 3.5e-05 0.00457 0 1.5e-05 0.009665 0 1.5e-05 3e-05 2e-05 0.0011 3e-05 0 5e-05 0 3e-05 5e-06 1e-05 0.00263 3e-05 0.00656 6e-05 3e-05 4e-05 0 0.003705 2.5e-05
3.5e-05 0 0.000555 0 4.5e-05 2.5e-05 3.5e-05 0.000945 6e-05 0 0.002835 0.009475 1e-05 0.000805 0.009405 0 0 0.010215 4e-05 0.0027 0 3e-05 2e-05 0 4.5e-05 0 3e-05 3e-05 0 3e-05 0 2e-05 4.5e-05 4e-05 2.5e-05 2.5e-05 2.5e-05 4e-05 0.000175 0.004995 0 2.5e-05 0.00049 3.5e-05 0.00539 2.5e-05 0 2.5e-05 4.5e-05 0.0001 0 0 2.5e-05 0 0 0 0 0 3.5e-05 0 1.5e-05 0 0.002315 0.002035 0 4e-05 0 8e-05 1.5e-05 0 0.00013 6e-05 0 0 0 0 0.0003 0 0.000835 0.01269 0.002815 0.007525 3.5e-05 7e-05 6e-05 4e-05 4.5e-05 2.5e-05 0 0.007605 3.5e-05 0 0 3e-05 3.5e-05 0 3e-05 5.5e-05 3e-05 2e-05
3.5e-05 0.00417 3.5e-05 3.5e-05 0.002215 5e-06 0.006135 3.5e-05 5e-05 0.00169 0 3e-05 3.5e-05 4.5e-05 1e-05 0 0 0 0 0 0 0 0.001185 0 0.0008 8e-05 0.00608 0 0.0011 0.00018 4.5e-05 0 5e-05 0 0 5e-05 0 5e-06 6e-05 0.005395 2.5e-05 0 4e-05 0.006185 1.5e-05 0 1e-05 0.000565 0 0.002495 0 0 0 0.0002 2e-05 2.5e-05 0.00103 0 3.5e-05 0 0 2.5e-05 0.001565 2e-05 2.5e-05 1.5e-05 3e-05 0.00125 0.00306 4.5e-05 8.5e-05 0.000405 0.0088 0 0.001885 0.00025 0 3.5e-05 0 3.5e-05 5.5e-05 2e-05 0 0.00367 0.000905 0 0 5e-06 0.0101 0.000765 2e-05 2.5e-05 0 0 0 0.005925 2.5e-05 4.5e-05 0 0
0 0.00807 0 4.5e-05 0 0.002975 0.00492 4e-05 0 0 1.5e-05 0 0.00978 0 0.000225 2.5e-05 1.5e-05 0 0.00316 0 0.00021 0.000125 0.00679 2.5e-05 0.00114 1e-05 0.00481 6.5e-05 0 0 2.5e-05 2.5e-05 3e-05 0 3e-05 3e-05 4e-05 0.00428 0.0087 5e-05 0 2.5e-05 0 3.5e-05 2.5e-05 0 0 0.005295 0 0 5e-06 4e-05 0.00047 0.00105 0 0.008825 3.5e-05 4e-05 7e-05 7.5e-05 2.5e-05 0.00501 0 3e-05 0.00036 4.5e-05 0 4e-05 0 0.00152 3e-05 0.000565 8e-05 0 5e-06 0 0 0.00417 2e-05 7e-05 4e-05 0 0 0.000485 3.5e-05 4.5e-05 0 0.016725 0.001875 4.5e-05 0 0.00015 3.5e-05 0.00637 3.5e-05 0 0 0 0.007485 0.01854
