0.000495 4e-05 0.00509 2.5e-05 1e-05 0 4e-05 0 0.00022 0.00161 0.00614 1e-05 1.5e-05 6e-05 0 0 0.00811 0.002075 0 5e-06 3.5e-05 0.00791 0 0.00027 0 0.002095 0 0 4.5e-05 2.5e-05 0.00129 0 4e-05 0.0063 3e-05 5e-06 1.5e-05 0.00404 0 0.00913 0 0.003695 0.00033 5.5e-05 2.5e-05 1e-05 6e-05 0 0.004075 4.5e-05 1e-05 0 7e-05 0.005455 0.00028 0 5e-05 0.00278 0.00474 0.00233 0 0 1.5e-05 4.5e-05 5.5e-05 3e-05 2.5e-05 4.5e-05 3e-05 0 0.00241 3e-05 2.5e-05 0 1.5e-05 6.5e-05 0.01069 0 0 0.00553 4.5e-05 0 0 0.00025 5.5e-05 4e-05 0 5.5e-05 0.005345 3.5e-05 0 0 3e-05 0.001035 1.5e-05 0 0 0 4e-05 5e-05
0 4e-05 0 0 4.5e-05 0 4.5e-05 1e-05 0 1.5e-05 2e-05 9e-05 0 0 0 0 0.00732 5e-05 0.002265 0.00308 0 0 2.5e-05 2e-05 0 0.00243 0 0.004335 3.5e-05 0.000425 3e-05 5e-05 0.005815 3.5e-05 0.001855 0.000245 0.006945 0 0 0 0 0 0 0.004935 1.5e-05 7.5e-05 1.5e-05 0 0.001165 0 3.5e-05 0 0.00019 2.5e-05 0 0.004935 1.5e-05 0 0.00583 7e-05 0.003245 3e-05 1e-05 1e-05 0.002165 0.005475 2.5e-05 0.010575 2.5e-05 4e-05 0 0.009865 0.000135 0 0 6e-05 0.000285 0.00066 0 3e-05 2e-05 1.5e-05 0.003265 7e-05 4e-05 0.005445 0.00019 4e-05 2e-05 0 0.00349 0 0.001335 0.00184 8.5e-05 0.005175 0.00063 0 2.5e-05 4e-05
0.00171 0 0 0.00017 0 0 1.5e-05 0.00141 0.00262 0.006515 1.5e-05 3e-05 0.00508 4.5e-05 1e-05 4.5e-05 3e-05 0.006345 0 0.000145 0 0 1e-05 0.00558 3e-05 0 0 3e-05 0 2e-05 0 2e-05 4e-05 0 0.00036 0 0 0 0.00244 2e-05 3e-05 2e-05 0.0004 0 6e-05 4.5e-05 0.00117 0.00862 0.01332 0 0.002745 4.5e-05 3.5e-05 0.010485 0.008495 0 0 2.5e-05 0.00061 0.003575 0 3e-05 2.5e-05 6.5e-05 0.002405 0.00051 2.5e-05 4.5e-05 0 3e-05 0 0 0.007995 0 0 0.005145 2.5e-05 1.5e-05 0 0.00103 0.000715 0 4.5e-05 0 5e-05 1.5e-05 0 3.5e-05 0 2.5e-05 0.001795 0.00395 5.5e-05 0.000465 0 0 0 0 0 2e-05
4e-05 7e-05 0.000805 0.01387 5e-05 0.00192 0 0 0 0 5e-06 4e-05 0 0.000815 3.5e-05 0 2e-05 0 0 0.00382 0 0.00099 5.5e-05 0.005335 0 0 0.007195 6e-05 0.000605 0 0.00065 5e-05 0 4.5e-05 6e-05 1.5e-05 0 0.000275 0 5.5e-05 0.006165 3.5e-05 0 0 0 0 0.00203 0.0063 0 0.006455 4e-05 0 0 0 0.00864 0 2.5e-05 0 0.007705 4.5e-05 0.000245 0 2e-05 3.5e-05 0.001365 2e-05 0 0 0.00249 0 0.00014 4e-05 0.00398 0.00371 2e-05 0.003265 0.003465 0.000525 0 0 0 2.5e-05 4e-05 0.004165 2.5e-05 1.5e-05 0.00236 2.5e-05 5e-05 5.5e-05 3e-05 2e-05 0 0.002895 4.5e-05 2.5e-05 1.5e-05 3.5e-05 6e-05 1e-05
0 1e-05 3e-05 0 3e-05 8e-05 7e-05 0 0 2e-05 0 3.5e-05 0 0 0.00026 5e-06 4e-05 0.0012 1e-05 5e-05 2.5e-05 4.5e-05 0.002425 4e-05 0 0 4.5e-05 0 2.5e-05 4e-05 0.007125 0.014405 0.011975 2e-05 9.5e-05 0 2e-05 0 2.5e-05 4e-05 0 4e-05 0.00971 2e-05 0 5.5e-05 4.5e-05 3.5e-05 0 0.007425 0 4.5e-05 0 4e-05 0 0.00109 0 1.5e-05 3e-05 0.00052 0 5e-05 0.01592 0.00042 0 3e-05 0.000425 3.5e-05 0 0.00608 0.0014 0 0.003085 2.5e-05 0.004065 4.5e-05 5e-06 1e-05 0.000345 0 0.004435 0 2.5e-05 0 0 1e-05 4e-05 0.00188 0 2.5e-05 0 2e-05 0 3.5e-05 2.5e-05 0.00164 0 3.5e-05 0 4.5e-05
0 0.00737 0 0.00804 0.004145 0.00689 2.5e-05 3e-05 0 0 3e-05 3.5e-05 0 3.5e-05 0 3e-05 2.5e-05 0.000525 0.00115 0.006985 0.00035 6.5e-05 0 2.5e-05 3.5e-05 0.001185 0 2e-05 0.00104 2e-05 0.000315 5e-06 0 0 0 5e-05 0 0.002625 0 0 4e-05 0.00352 0.005115 0 2e-05 5e-05 3.5e-05 0.00052 0.00105 2.5e-05 0 2.5e-05 0.00352 0.00212 0.004745 0 3e-05 0 1e-05 0.00193 0 0 7e-05 0 4e-05 0 0.00147 0.001695 0 3e-05 0 0.001935 0.00056 0 0 2.5e-05 4.5e-05 4e-05 5.5e-05 0 0 3e-05 0 4e-05 3.5e-05 1.5e-05 3e-05 5e-06 0 0.00964 0.002015 3e-05 3e-05 0 0.008435 0.00474 2.5e-05 0 1e-05 2e-05
2.5e-05 0 0 0 3e-05 0.00763 3.5e-05 5e-05 0.00691 0 2e-05 2e-05 0.00011 0.012865 4e-05 5e-06 0 0.001285 0 0.000985 0.000735 0 0.011955 0.001885 3.5e-05 0 0.00454 1.5e-05 0 1e-05 0.000805 1e-05 6e-05 3e-05 0.003645 0.00028 3e-05 0.00512 7.5e-05 0 1e-05 0 0 0 0 2e-05 6e-05 0.00924 0.00469 0 5.5e-05 3.5e-05 2.5e-05 0.000965 0 8e-05 0 0 2.5e-05 0.000355 0.006015 0.00071 0 3e-05 3e-05 0.00038 0 5.5e-05 0.000995 0 0.01161 5e-05 0.003345 0 3e-05 0 0 4e-05 0 0.00018 0 2e-05 0 4e-05 6.5e-05 0 3e-05 2e-05 0.00084 0 5e-05 3.5e-05 0 0.000655 0 0.01363 0 3e-05 0 4e-05
0.001655 3e-05 0 4e-05 0.003535 5.5e-05 0 5.5e-05 3e-05 2.5e-05 6e-05 4.5e-05 0 4e-05 0 0.001175 0.003885 3e-05 0.002515 0.00369 0 0.004375 2e-05 3e-05 4e-05 5e-05 4e-05 0.00525 0 0.00743 2.5e-05 4.5e-05 0.00693 0 0 0 0.00679 0 3.5e-05 3.5e-05 0 0 0 0 0.00023 0 0 2.5e-05 0 4e-05 0 8.5e-05 0.007395 1.5e-05 0 1e-05 0.00623 0.00935 0.001075 2.5e-05 0 4e-05 0.00321 1.5e-05 0.0054 0.00305 0 0.00114 1e-05 2e-05 4.5e-05 0 0 0 0 0 0.00063 0 0.002975 0 0 0 4e-05 0 0.00046 1e-05 0.000535 0.00152 0.004555 0 0.013055 0 0 3.5e-05 0 1e-05 0.011575 0 0.005975 0.0025
4e-05 0 0 0 0.00029 0 0 2e-05 1.5e-05 3e-05 3.5e-05 0 0.000465 2.5e-05 2e-05 1.5e-05 2.5e-05 4e-05 0 0.00245 0.01206 0 3.5e-05 0 1.5e-05 1e-05 4e-05 0.000185 1.5e-05 3e-05 3.5e-05 5e-05 0.001495 6e-05 0.005795 5e-05 5.5e-05 2.5e-05 1.5e-05 0 0 4.5e-05 0.007735 0 3e-05 0 1e-05 0.001145 0 3.5e-05 0 5.5e-05 0 2.5e-05 2e-05 0.00475 0 0 0.000195 3.5e-05 0 0 0 0 0 0 0 4.5e-05 0.004015 0 0 0 0.001625 2e-05 0.010305 4e-05 3.5e-05 5e-05 0 4e-05 5e-05 0 0.003445 0.00368 2.5e-05 0 0.00176 4e-05 5e-05 0.00065 0 0 0.004775 0.00123 0.000595 0.00339 0.002245 0.00031 1.5e-05 1.5e-05
3e-05 5e-05 7.5e-05 0.00063 0.01761 0 0.0014 2.5e-05 2.5e-05 5e-05 1.5e-05 0.004215 0.01179 0 0 0.00098 2.5e-05 3.5e-05 0.00314 0.001445 0 4e-05 2e-05 0 5e-06 0 4e-05 1.5e-05 0.00293 0 4e-05 0 2.5e-05 0 0 0.00263 0 0 0 0 0.000275 0 0 0.012875 0.001155 5.5e-05 0.01349 0 0.00091 0 0 5e-05 5e-05 4e-05 4.5e-05 4e-05 0.008475 9.5e-05 0 4e-05 0.005335 0.00025 0.0031 0.01256 0 3e-05 0.000355 0 0.00783 5e-05 0.00068 0 0.004545 0.007055 0 2e-05 0.00076 0.000395 0 0 0 0 0 0.00026 5.5e-05 0 0.00728 0.003395 2e-05 0.005235 0.00563 4e-05 0 0.00085 0.001515 0 0 0.004125 0.00187 0
4.5e-05 2.5e-05 2.5e-05 1e-05 0 0 2.5e-05 5e-05 0.011765 3.5e-05 0.00035 0.00886 2.5e-05 5.5e-05 0 0 0.0001 6e-05 4.5e-05 0 3.5e-05 0.001975 0 0.002485 0 0 5e-06 0.001195 3.5e-05 0 0 3e-05 0.01243 5e-05 0.00622 3.5e-05 0.000555 0.009955 3.5e-05 0.00513 0.015025 0 6e-05 0 0 2e-05 1e-05 2e-05 3.5e-05 0 0 0.01002 6.5e-05 0.00679 0 0 5.5e-05 0.01151 0.00159 0.0003 0 2.5e-05 0 3e-05 0 0 3e-05 0 0 1e-05 2.5e-05 1e-05 4.5e-05 0 2.5e-05 0.009605 0 0 0 0 2.5e-05 2.5e-05 1.5e-05 0 2.5e-05 0.006805 0.00093 0.0061 0.003035 3.5e-05 3.5e-05 0 2.5e-05 3e-05 0 5.5e-05 0 0 1.5e-05 4.5e-05
0 0 0.00517 0.00592 0 4e-05 0.005625 0 1e-05 0.00828 1.5e-05 4e-05 0 2.5e-05 3e-05 0 1e-05 0.00261 0 0.00051 0 0 2e-05 0 2.5e-05 0.00189 0 4.5e-05 0.00066 0 3e-05 0.00071 4.5e-05 0 2.5e-05 4e-05 0 0 0.01131 5e-05 0 0 0 0.000695 1.5e-05 0.009265 0.00253 3.5e-05 0 0.00222 0.00284 3.5e-05 0.004085 0.00299 0.008065 0.00016 3.5e-05 2e-05 4.5e-05 0 0.001965 0 1e-05 5.5e-05 0.000205 0 0 0.01079 0 0 0 0.00144 0.00272 2.5e-05 0 3.5e-05 6.5e-05 4e-05 0 0 0 1.5e-05 4e-05 3.5e-05 0 0 0 4e-05 2e-05 3.5e-05 6e-05 3e-05 0 0 2.5e-05 3.5e-05 0.006015 0.00327 0.00435 0.000155
0.001275 0 0.00401 4.5e-05 0.000655 0 0 0 0.00866 0.001935 0.000125 0 3.5e-05 4.5e-05 0 2.5e-05 0.001135 0 0 0.0143 0.00269 0 0.00781 0 0.00188 0.00082 0.005015 2e-05 5e-06 3e-05 0.000665 3e-05 0 0.00452 0 0 1.5e-05 0 0.00163 0.00309 0.00088 0 3e-05 4e-05 0 0.00507 0.000955 3e-05 0.0071 4e-05 4e-05 0.00026 0 0.00108 0.0085 0 4.5e-05 0.00307 4.5e-05 0 0 0.000245 5e-05 4.5e-05 3e-05 2.5e-05 0 0.010205 3e-05 3.5e-05 0.002405 0 0 0 5e-05 0 0 2e-05 0 0.002385 0.00366 0 0.002985 0 4e-05 4.5e-05 0 4e-05 0.00078 0 0.003775 0.00131 0.000225 0.007335 0 0 0.0131 7e-05 0.002915 0
0 5e-05 0.000905 0 4e-05 0 0.002545 0 3e-05 2e-05 4e-05 0.0001 0 0 4.5e-05 4.5e-05 0.0049 0 0.0001 0 0.002615 0 5e-05 0 8e-05 0 4.5e-05 0.000145 0.00134 1.5e-05 9e-05 0 0 0.00034 0.00396 0.004015 0 0.011295 0 0.000855 0.00011 0 6.5e-05 0.00592 0.0022 0.001645 0 0.00153 3.5e-05 0.00018 0 0.00053 2e-05 0.006285 4.5e-05 4.5e-05 0 0.000105 0 2e-05 0 2.5e-05 0 0 0 0 2.5e-05 0 2e-05 0 0.010155 0 2e-05 0.000305 3.5e-05 0 0.00868 0.003065 0 4.5e-05 0 3.5e-05 0.00178 3.5e-05 2.5e-05 3e-05 0.000815 5.5e-05 0 0.004595 1.5e-05 0.005785 4e-05 0.00155 0 0 1.5e-05 2.5e-05 0.00595 3e-05
0 0.01584 0.00856 2e-05 0 0 0 0.000115 0.0001 0 9.5e-05 0 0.002065 2.5e-05 0 0.002345 0 0.00766 2.5e-05 0 0.009115 3.5e-05 0 5e-05 0.001635 4e-05 0 0 0 0 0 0.008305 0 3.5e-05 1.5e-05 0 5.5e-05 2.5e-05 0.00839 3e-05 5.5e-05 0.000155 0.00023 0 2.5e-05 4.5e-05 0 2.5e-05 0.00371 0 0 3e-05 0.01123 0 0.00652 0 2e-05 4e-05 2e-05 0.00172 0 0 0.00447 0.00108 4e-05 2.5e-05 0 0 0.00023 0 2.5e-05 0.00165 0.000225 0 0.000575 2.5e-05 0.00325 0 0 0.00442 0 0 2e-05 4e-05 0 3e-05 5.5e-05 0.00128 0 0.005125 2.5e-05 2.5e-05 0.009595 0.006065 1.5e-05 0.00276 0.01051 3e-05 0 0.007725
5.5e-05 0 2e-05 0 0 0 6e-05 2.5e-05 3e-05 0 0 0 0.00059 0.00377 0.000635 3e-05 3e-05 0 3.5e-05 0.00243 0 2e-05 0 1.5e-05 0.002885 2.5e-05 0 2e-05 0 0.00085 0.01144 4.5e-05 4.5e-05 3.5e-05 2.5e-05 0.002315 0 0 0 0 4e-05 0 3.5e-05 4.5e-05 0.006845 2e-05 0.004255 3.5e-05 0 0.009495 0 4e-05 3e-05 2.5e-05 5.5e-05 0 4.5e-05 5.5e-05 4e-05 0.001605 0 0.000175 0 0 2e-05 2.5e-05 1.5e-05 0.00015 0 0 0 4e-05 0.008755 6e-05 0.00167 3e-05 5.5e-05 4.5e-05 0 0 0.0012 0.00743 3.5e-05 1.5e-05 4e-05 3e-05 2.5e-05 0.003945 4.5e-05 3.5e-05 0 1.5e-05 3e-05 0 0 0 0.001045 0 0.00548 0
4.5e-05 8.5e-05 0.001945 0 0.003275 5e-06 0.005545 2.5e-05 0.00627 0.00141 0.006875 5e-06 0 1.5e-05 0 0.003025 3.5e-05 5e-05 0 0.0007 0 7e-05 0.00083 0 0.00972 2e-05 0.00025 3.5e-05 0.00118 2.5e-05 3.5e-05 3.5e-05 0 0.00104 2e-05 2.5e-05 0.002575 0 0 0 0 0.00507 0 0.001335 0.000965 0.005985 0 1e-05 0 3.5e-05 5.5e-05 0.00863 2e-05 0.008035 0 2e-05 1e-05 6e-05 0 3e-05 3e-05 0 2.5e-05 0 0.00577 3.5e-05 0 0.00493 0 3e-05 1.5e-05 0.006705 4e-05 0.00042 1e-05 0.00494 4e-05 7e-05 0.00912 0 4.5e-05 2e-05 0 0 0.00211 0 0.00193 0 0 4.5e-05 0.002195 0.00012 0.000155 0 0 4e-05 0 3e-05 0 0.00402
0.00452 0.00012 0.004255 0 0.0054 0.011565 1.5e-05 0.003065 1.5e-05 0.00696 0 3e-05 4.5e-05 1.5e-05 0 2e-05 1.5e-05 0 0 1.5e-05 0.005415 0 5.5e-05 4e-05 0.001605 0.002935 0 4e-05 4.5e-05 0.00035 0 0.007715 0.00043 0 0.001745 0 0.002125 3.5e-05 4e-05 2e-05 4e-05 0 0 0 0 3e-05 0 2.5e-05 0 0 0.01635 3e-05 0.012325 3.5e-05 0 0.00121 0 0 2e-05 0 3e-05 3e-05 1e-05 0.002015 1.5e-05 0.001605 0 0.0004 0 0.00043 3e-05 0 0 0 0 0 1.5e-05 0 0.017105 0.00194 0.00014 5e-05 0 0 6e-05 3.5e-05 6e-05 0.00659 0 3.5e-05 6e-05 0 0.000545 5.5e-05 5e-06 4e-05 0 0 1.5e-05 0
0 0 6e-05 0.00349 2.5e-05 0.00019 0.001105 0.016065 2.5e-05 0.01113 0 3e-05 0 0 3e-05 0 0 0 0 4e-05 3.5e-05 3e-05 2e-05 0 2e-05 0 0.001155 0.00018 4e-05 4e-05 2e-05 0.02121 0.004065 2.5e-05 0 0.000325 0 0 3e-05 1.5e-05 6e-05 4.5e-05 0.006205 0.002355 0.007325 2.5e-05 0.00074 3.5e-05 0 0.001695 0.001735 2.5e-05 1.5e-05 0.006845 0 3.5e-05 0.000115 2.5e-05 5e-05 0 0.005985 4e-05 2e-05 0.003365 2e-05 0 0 2.5e-05 3e-05 0 0 5e-05 4e-05 4.5e-05 0 0.001955 0 0.005035 0 0 0 4.5e-05 0 0 0.006045 0 0 0 2e-05 3.5e-05 5e-05 3e-05 0 0 0.00032 2.5e-05 0 0 4e-05 5.5e-05
0.017225 2e-05 0 0 0 0.0001 2.5e-05 0 0 0.000195 3e-05 0 0.006985 0 0 3e-05 0.00138 0.005345 5e-05 5e-06 5e-05 6.5e-05 0 4e-05 3e-05 0 4.5e-05 0 2.5e-05 4.5e-05 0.000925 0.003865 0.010615 0.000275 0 4e-05 0 3.5e-05 0 2e-05 5e-05 1.5e-05 0.008175 3e-05 6.5e-05 0 2.5e-05 0.014625 0.004315 3.5e-05 0.000705 0 0.00838 4e-05 0 0 0 0 0.006025 0 0 3.5e-05 3e-05 0 0.00019 2.5e-05 0.004445 0 0.00088 0.011625 7.5e-05 3e-05 0 2.5e-05 0.012185 4e-05 4.5e-05 3e-05 0 0.001795 0.004225 0.003145 2e-05 0.00028 3e-05 0 2.5e-05 0 0 5e-05 0.005095 0 0 0 0 0.009115 2.5e-05 0 2e-05 2.5e-05
0 0.00454 0 0 0 0 0.000105 4e-05 7e-05 0.00645 0.00261 4.5e-05 0 3.5e-05 7.5e-05 3e-05 0.005715 0 0.00134 0.005485 0.00413 0 0.00105 4e-05 0 2.5e-05 0.002245 4.5e-05 0.00683 0 5e-06 0 1e-05 0 0 0.00077 0 3.5e-05 0.002955 0.005065 4.5e-05 0.00988 0 0 2e-05 0 2e-05 0.00514 0.001155 1.5e-05 3.5e-05 2.5e-05 0 0 4e-05 0.00087 2e-05 0 0 1e-05 0 0.011195 2e-05 0.005455 6e-05 0 0.01189 0.004935 0.00419 0.006465 0.00245 0.00021 4.5e-05 1.5e-05 5.5e-05 3.5e-05 0 3e-05 0 0 2.5e-05 6.5e-05 1.5e-05 3e-05 4e-05 0 0 0 0 0.01248 0.00019 0 5e-06 0.009925 7.5e-05 0.002445 0 0 6.5e-05 0.00018
9.5e-05 4e-05 0 0.00799 0.001575 0 0 4e-05 5e-05 5e-05 5e-05 0.004365 0.00374 0 4e-05 0 0 0 0.00732 0 0 0 2e-05 0.00013 4e-05 0.00172 5.5e-05 7e-05 0.004905 0 0.00375 3e-05 5e-05 0.002645 2.5e-05 3.5e-05 0.00047 0.00015 0 5e-05 0.00641 0 0.00078 0.004085 6.5e-05 0.011325 5.5e-05 0.000455 0.00452 0.00059 3e-05 0 0 0 0 0.000225 0.00437 0 0 0 0 5e-05 3.5e-05 2e-05 0.008305 1.5e-05 0 0.0012 4.5e-05 0 0.00925 3e-05 0 0 0 0 0.00011 3.5e-05 0 0 0.001835 0.00484 3.5e-05 0.00254 0 0.000195 0 4e-05 5e-05 3.5e-05 0 0 4e-05 0.008605 1.5e-05 0.003845 0.005175 0.000405 2.5e-05 5e-05
2e-05 4.5e-05 0 0.005545 0.002085 0 0.00784 0 0 2e-05 1.5e-05 0.000105 0.006705 0.00669 3e-05 0 0.01213 5e-05 0.016075 3e-05 0 0 0 0 0 2.5e-05 4.5e-05 0.00026 2e-05 0 5e-05 3e-05 3e-05 0 2e-05 0.002265 3e-05 4e-05 0 0.001425 0 0 0 0.006945 0 2e-05 0 0.005395 3.5e-05 2.5e-05 4.5e-05 1e-05 1e-05 3e-05 0 3e-05 0 2.5e-05 0.00738 0 0.01533 0 0 0.008225 9.5e-05 0 0.000365 3e-05 0.00054 9.5e-05 0.002255 0.00081 5e-05 0 3e-05 0.000205 0.000925 0.007595 3e-05 0 5e-05 0.002305 0.001965 0.001185 0.00073 0.01025 0 0 0.000515 0 0.001095 0 3e-05 0.00151 0.008235 2e-05 3.5e-05 0 0 0
2.5e-05 3.5e-05 0 0 3e-05 0 0 0 0.006715 5e-05 0.002165 0.000905 3e-05 0 0 0 3e-05 3e-05 0 0.00994 4e-05 0 0.00618 0 0 3.5e-05 2e-05 4e-05 5.5e-05 0.007775 3e-05 4.5e-05 3e-05 0.008355 5e-05 0 0 0.000515 0.000185 0.008325 0.00472 0.002635 2e-05 2.5e-05 0.0038 0.004715 3.5e-05 0 0 0 4.5e-05 0.000125 2e-05 1.5e-05 0 0 5e-06 0.00069 3.5e-05 4e-05 3e-05 3.5e-05 0 1.5e-05 0 2.5e-05 4e-05 0.00882 4e-05 0 0 0.00697 2.5e-05 0.009305 4.5e-05 0 0.008985 0 1.5e-05 2e-05 3e-05 0.006145 0 5e-06 0.00061 4.5e-05 0.000105 0 0.000785 0 0.00081 0 2.5e-05 0.001045 0 0 0.010025 0.00031 6.5e-05 0
0.01307 0 0.004115 4.5e-05 0 0 2e-05 4.5e-05 9.5e-05 0 0.00376 2e-05 0 5e-05 0.000135 0 0 0 0.000105 0 0.003605 0.001655 0.001635 1.5e-05 0 0 0 0.000985 3.5e-05 0.002005 0 0 0 0.005155 0 0 0.007205 0 0 0 2.5e-05 0 0.00264 1.5e-05 2e-05 1e-05 6e-05 0 0.000975 4e-05 0 0 0.01441 5e-06 4.5e-05 0.00056 0.00651 1.5e-05 0.00217 4e-05 3e-05 4e-05 0 0.000895 0.000725 1.5e-05 0.011615 0.00857 0 0.000135 0 0.00606 0.0024 5.5e-05 0.00266 2e-05 2.5e-05 0 0.000705 5e-05 2e-05 0.00721 0 0.00016 5.5e-05 0 0.00047 3e-05 0.003425 0 0 4e-05 0.00514 0.00596 0 0 0.00012 0 5e-05 4.5e-05
3e-05 0.01214 0 0 2e-05 0.01277 4.5e-05 0.001275 0.00074 0 0 0 3e-05 3.5e-05 2e-05 3.5e-05 3.5e-05 0.00574 0.000185 0.00054 0 0.009575 4e-05 0.003065 0 0 0.00224 0 0.010955 4.5e-05 0 1.5e-05 2.5e-05 1e-05 0 0 0 0.002135 0 0 0.001025 4.5e-05 0 0 3.5e-05 0.01482 0 1.5e-05 0 0.0103 0 0 2.5e-05 0.00036 0.000135 0.00656 0 0 0.00299 0.013045 0 3e-05 0 2.5e-05 0 2.5e-05 0 0 0 3.5e-05 0.003045 3e-05 0.01245 0.003295 0 0.005615 0 0.00262 0 0.008285 0.00374 0 2e-05 1.5e-05 0 0 0 4e-05 4.5e-05 0 0 0.00014 2.5e-05 0.000905 5e-05 3e-05 0 5e-05 0.001295 2.5e-05
0 0 2.5e-05 2.5e-05 8.5e-05 5e-06 8e-05 1e-05 0 0 0.004235 0.00596 0 0 0.003185 5.5e-05 0 5e-05 0 0.009765 0.00331 0 0.00238 5e-05 9.5e-05 2.5e-05 4.5e-05 0 0.00019 3e-05 1.5e-05 3.5e-05 2.5e-05 0 2.5e-05 0.004255 2e-05 0 0 0.00044 0 3e-05 5e-05 3.5e-05 0.005195 0 0.00904 4.5e-05 2e-05 0.00244 6e-05 0.00064 0 0 5.5e-05 1e-05 3.5e-05 0.01169 0 0 0 0 0.00776 0 0.00245 0 0 0.006335 6.5e-05 0 0.00047 1.5e-05 0 0 2.5e-05 3e-05 0.012975 0 0 5e-05 0.0005 0.01821 3.5e-05 0 4.5e-05 0 0 0.00305 1e-05 0 4e-05 4e-05 0.005065 0.000135 5e-05 0 0 0.002095 0.005835 0
0.001015 0.00567 0.006425 6e-05 4.5e-05 0.0147 3e-05 0 0 5e-05 5e-05 0 0 0.000175 0.000545 0 0 0.00526 7.5e-05 0.007935 0 0.00995 0 0 0.000255 0.01763 0 3.5e-05 0.010895 6e-05 0.009395 2.5e-05 0 2.5e-05 0 3e-05 5.5e-05 0.0101 1.5e-05 2e-05 0.00047 0 0.002485 2e-05 3e-05 0 3e-05 0 0 0.00917 0 2e-05 5.5e-05 0 0.002655 0 0 1.5e-05 0 0 3.5e-05 0 0.008245 0 4.5e-05 0 6.5e-05 0 2e-05 3.5e-05 0 0 0.015215 0.003965 2e-05 0 0.00065 4e-05 0 0.01156 0.00481 0.0014 5e-05 0 0 4e-05 0.000745 3.5e-05 4e-05 4e-05 3.5e-05 0.01217 0 0.000245 2.5e-05 0.006345 0.000585 0 0 5.5e-05
0 0.000665 2e-05 0 2.5e-05 0.00592 6e-05 0.00333 0.006425 5e-05 0 2.5e-05 0.000405 0.000355 0 0 5.5e-05 0.012 3e-05 0 1.5e-05 0 0.00104 0 0.000195 0.002305 0.00599 0 0 0 8.5e-05 0.005245 0 3e-05 0.000895 0 3.5e-05 0 0 0 0.0061 2e-05 0.0008 0 4.5e-05 5.5e-05 0.001855 0.00553 0.006105 0.00046 0.0096 0.005885 2.5e-05 0.000295 0.01044 3e-05 4.5e-05 6.5e-05 0.001525 0 2.5e-05 0.00059 2.5e-05 0 0.00225 4e-05 0 1.5e-05 0.007715 0 3.5e-05 4.5e-05 0 4.5e-05 0.000835 6.5e-05 1.5e-05 0 0.004845 0.01663 0 3e-05 4.5e-05 0 0 0 0 0.00296 4.5e-05 0 2.5e-05 2.5e-05 3.5e-05 5.5e-05 0 0 5e-05 0 0 2e-05
0.01271 3.5e-05 5e-05 2.5e-05 2.5e-05 0.00898 0 5e-05 0.00757 0 0 0 4.5e-05 4e-05 0 2e-05 0.005865 3e-05 0 0 4e-05 0.003935 0 2e-05 3.5e-05 0 1e-05 0.000505 0 0.0119 4e-05 0.00259 0.00464 0 0.015215 5e-06 0.008405 0 3e-05 0 5e-06 4e-05 0 3.5e-05 4.5e-05 0 3e-05 0.001495 3.5e-05 0 0 3e-05 0 1e-05 0.00234 0 0.00319 6e-05 0 1.5e-05 0 3e-05 4.5e-05 0 0 0.009035 0 3e-05 4.5e-05 0.002635 0 0.00597 2.5e-05 3.5e-05 0 0.011465 0 0.000995 5.5e-05 4e-05 7e-05 5.5e-05 0 0 0.00199 0.00368 0 2.5e-05 0 3.5e-05 0.00542 0 2.5e-05 3e-05 4.5e-05 0.000325 0 5e-05 5.5e-05 0
0.00056 0 0.00023 0 0 0.005685 0 0 0 0 0.00184 0 4.5e-05 2.5e-05 0.00616 0.001245 0.002265 0 0 0.009265 0.001175 0 0.008365 0 3.5e-05 0 0 0 0.00431 0.0002 0.00578 4e-05 0.000685 2.5e-05 0 4.5e-05 0 0.002725 4e-05 2e-05 0.00204 4.5e-05 0 0 1.5e-05 0 5.5e-05 0.003255 0 0.00453 0.000525 0 3e-05 0 0.00984 0.008485 0 3.5e-05 0.004255 0 2e-05 0 0 3.5e-05 0.002225 4.5e-05 3e-05 0.000125 4.5e-05 2.5e-05 0.005785 2.5e-05 0 1e-05 0.000265 2e-05 0 0 0.00565 0.000185 0.01146 0.00832 0.0026 0.000175 4e-05 3e-05 6e-05 2.5e-05 4.5e-05 4e-05 4e-05 2.5e-05 0 2.5e-05 3e-05 6e-05 0 0.000855 0 3e-05
0 5.5e-05 0.00401 0.002755 0 0 2.5e-05 0.0005 0 2e-05 3e-05 0 4e-05 4e-05 0 0 0.00016 5e-05 0.000865 0 0 0 0 0.011085 0 0.00926 2e-05 0.00046 0.000295 0.00455 0.000605 0 0 0 0.000315 3e-05 2.5e-05 0.00508 2e-05 0.00182 0 0.00069 3.5e-05 0 2e-05 0.00935 4.5e-05 0.00602 0 0 2.5e-05 0.007705 0 0.014375 0.00759 0.00561 0 0.00968 0 0.000135 0 0 2.5e-05 4.5e-05 5e-05 7.5e-05 4e-05 5e-06 3.5e-05 0 0.002335 4.5e-05 2e-05 0 2.5e-05 0 0 0 3.5e-05 0.00121 2.5e-05 0 1.5e-05 0.004295 6e-05 0.00021 0.005695 4.5e-05 0.0115 0 5e-06 0 0 2e-05 4e-05 1.5e-05 0 5.5e-05 0 4.5e-05
4e-05 0 2.5e-05 0.00035 0 4.5e-05 0.00253 0.004425 5e-05 0.005765 3.5e-05 3e-05 0 3e-05 0 0.0087 0 0 0 0 5e-05 2.5e-05 2.5e-05 0 3e-05 0 0 0 3e-05 5e-05 2.5e-05 0 4e-05 0.01658 2e-05 0.001555 0.00674 1.5e-05 0.00016 9.5e-05 2.5e-05 0 3.5e-05 0.01411 0.004615 4e-05 0 0 1.5e-05 2e-05 0 0 3e-05 0.00117 0.000385 0 0.00921 0.01199 0.00136 4.5e-05 0.000715 0.00137 0 5e-05 0.01014 0 0 0.00119 0 0.00599 2e-05 6.5e-05 0 0.00029 0 0 0.002455 0 4e-05 0 0 4.5e-05 5.5e-05 0.00556 0.00874 0.01031 0 0.00133 0.0148 3e-05 0 4.5e-05 0.00137 4.5e-05 4e-05 2.5e-05 0 0.003585 0 1.5e-05
0 0 0 0 3e-05 0.00402 3.5e-05 0.00685 0.00022 0.002845 3.5e-05 0 0 4e-05 0.002715 0.00048 0.000485 0.005695 0.0016 0 4.5e-05 3e-05 0 2.5e-05 2.5e-05 0 0 0.00043 1.5e-05 3e-05 6.5e-05 7.5e-05 0.012525 0 0.002635 3.5e-05 3e-05 0 0.00176 0.001335 0 0 0.015595 5e-05 0 0 0 0 0.000315 2.5e-05 0.010585 5e-05 0 0.0026 0.006865 0.0019 3e-05 5e-05 4e-05 0.0003 5e-06 0 5e-06 3e-05 0 0 0.00024 5.5e-05 0.00387 4e-05 0 0 4.5e-05 0 0.008605 0.0001 2e-05 0 0.006625 0.00014 0 1.5e-05 0 0.0045 0.00322 0.00114 2e-05 0 0 0 9.5e-05 0 0.0069 1e-05 1e-05 0.00439 0.00022 0 5e-05 3.5e-05
0.002955 0 1.5e-05 0 0.000425 0.0069 4e-05 3e-05 3e-05 2e-05 3.5e-05 0 2e-05 3e-05 0 3.5e-05 3.5e-05 2e-05 0.00152 0 0.00158 0.008475 0 3e-05 2e-05 0.00999 4.5e-05 0 0 2e-05 5.5e-05 1.5e-05 0 0 0.00154 0 5.5e-05 5e-06 4e-05 1.5e-05 0 6.5e-05 2e-05 0 0.000865 0 0.00934 1.5e-05 0.00176 0 0 1.5e-05 0 0.00109 0 0.000595 2e-05 0.002305 0 2e-05 0 0 0 0 0 0 2e-05 0.01477 2e-05 0 0.00285 0.001745 7e-05 0.01229 0 0 0.004685 0.008625 4e-05 0 4e-05 0.00514 4e-05 0 0 0 0.013555 3e-05 3e-05 0 0.003005 0.010015 3.5e-05 0 4e-05 3e-05 0.000455 0 0.002105 0.00465
0 0.00191 4.5e-05 2.5e-05 0.000545 4e-05 0 5e-05 4e-05 0 0 0 0.010095 0.002625 0 0.002495 0 0.000325 0 1.5e-05 0.00143 0 0 2e-05 0 2.5e-05 0.00128 4e-05 3.5e-05 0 1.5e-05 0 3.5e-05 2e-05 2.5e-05 0.00841 0.000595 4.5e-05 0 5e-05 0 3.5e-05 6e-05 0.000695 0.000125 0 0.00414 3e-05 2e-05 0 7e-05 3.5e-05 0.000895 3.5e-05 2.5e-05 4e-05 0 0 1e-05 0 0 0.005305 0.011615 0 0 5.5e-05 0.006395 0.00015 0.00689 0 3e-05 3.5e-05 0.004215 2.5e-05 0.0001 3.5e-05 4e-05 4.5e-05 0 5.5e-05 0.007115 0 1.5e-05 4e-05 0.002065 3.5e-05 0 0.000345 0 0.001045 3.5e-05 0 9.5e-05 0 0 0 0 1.5e-05 0.00865 0.00061
1.5e-05 5e-06 0.009825 0.00536 4.5e-05 0 2.5e-05 0 0.00921 0 0 0.007675 0 0.001715 0.000135 1e-05 0.008855 3.5e-05 0 0 5.5e-05 0 0.003005 0.00412 0 0 0.003155 0 0.007225 5.5e-05 0.00917 2.5e-05 0 0.00012 4e-05 0.001445 0 0.000115 0.005365 0 0.000535 8e-05 0 2.5e-05 0 0.00106 0 0.0026 0.002015 2e-05 0 0.00886 0 0.000555 0 0.008805 0 0 0.00282 0 0.003205 0.001945 3.5e-05 0 0.000305 5.5e-05 5e-05 5e-05 0 0 0 0.000295 0.00026 0 2e-05 0.000135 0.011635 0 6e-05 0.00696 0 0.00507 6e-05 5.5e-05 5e-05 3e-05 0.004125 4e-05 0.0027 0.006545 2.5e-05 0.000575 0 2.5e-05 0.00395 0 0 0 0.00118 0
5.5e-05 0 3.5e-05 0 0.004595 3e-05 0.000175 0.00112 3e-05 0 0.000665 3.5e-05 0.000855 2.5e-05 0 0 2.5e-05 3e-05 0 2.5e-05 0 3e-05 3.5e-05 2.5e-05 0 5.5e-05 0.004 4e-05 0 4e-05 3.5e-05 0.000355 0 0 0 0.0057 0 4.5e-05 0 4e-05 3e-05 2.5e-05 4.5e-05 0 0.005905 0 0.019685 3.5e-05 2.5e-05 0.001435 0.00194 3e-05 0.004705 0 0 0 0.00187 0.004195 0 1.5e-05 0 0 0.00079 0 0 0.00036 0.004395 0 0.0082 0.000715 0 0 0 0 0 4e-05 0 0.003615 0.00644 1.5e-05 0 0 2.5e-05 2e-05 0.001125 2e-05 0.003145 0 5.5e-05 0 0.010865 2e-05 0.009535 0.001295 0.001005 2.5e-05 0.005665 0.0014 0.01586 0.014785
0.00395 0.000355 0 4e-05 0 5e-05 0 0.01431 0 0.006485 4.5e-05 2e-05 0.011865 0.004345 0 4e-05 0 0 0.009265 4e-05 1e-05 2e-05 2e-05 0 1.5e-05 0.00563 0 0.005685 0.004835 0 0.00058 0.00181 0 1.5e-05 0 3e-05 4e-05 2.5e-05 0.002495 0.000285 5e-05 2e-05 0.00033 0 7.5e-05 0 6e-05 0 0.00601 0 0.004275 1.5e-05 5.5e-05 0.00054 5e-06 0 0 0 2.5e-05 0 0.0038 0.005425 4.5e-05 2.5e-05 2.5e-05 0 0 6e-05 0 3.5e-05 0.001965 7e-05 5e-05 3e-05 0.002635 1.5e-05 4e-05 0 0 0.0116 0.00407 0 0.000345 0.007115 2.5e-05 2.5e-05 3.5e-05 0 0.00093 0 2e-05 1e-05 2.5e-05 3.5e-05 0.00301 0 0 3e-05 0 2e-05
0 0.001245 0.000405 2.5e-05 0 0.00885 4.5e-05 0 2.5e-05 0.000275 4.5e-05 0 4.5e-05 2e-05 2.5e-05 0 0 4e-05 0 0.001095 0 0.004635 0 2.5e-05 0.001685 9.5e-05 0 2e-05 0 0.003515 3e-05 0 0.007705 0.000835 0 5e-05 0.01445 0 0.00024 3e-05 0 0 2.5e-05 0.003715 0 0 0.001125 4.5e-05 0 3.5e-05 0.00828 0 0.00012 0 0 5.5e-05 2e-05 0 0 3.5e-05 0 2e-05 0.00423 5.5e-05 0 7e-05 0.000515 0.000655 2e-05 2e-05 2.5e-05 0.015885 0.00227 4e-05 0.000265 0.00632 0.00039 0.006515 0 5e-05 4.5e-05 0 4.5e-05 0 0.006375 3.5e-05 0.000155 0.004755 1e-05 1.5e-05 0 0 0.006765 0 3.5e-05 0 5e-06 1.5e-05 0.00076 0
0 0.002995 4e-05 0 0.000385 0.014625 0 0.00127 0 0 4e-05 0 2e-05 0 0 0.0002 5e-05 8.5e-05 0.002065 0 0.006235 0.000305 4e-05 1.5e-05 3e-05 0 6e-05 5e-06 2.5e-05 0.000215 0 0.000225 0.00801 0 0 3e-05 1e-05 0.00161 0 0 3.5e-05 4e-05 0.01087 0.00497 0 0.00019 0.00126 3e-05 0 0 0.01414 3e-05 0 0 0 0.007495 0.00461 3.5e-05 0.00813 0.00473 0 4e-05 3e-05 2e-05 0 3.5e-05 5.5e-05 0.00092 0.00141 3e-05 2.5e-05 2.5e-05 0 0 0 0.002565 5e-05 3.5e-05 0 0 0.00516 0.00044 4e-05 0 4.5e-05 0 0 5e-05 4e-05 1.5e-05 0.00048 0.00173 3.5e-05 2e-05 0 2e-05 0 0 2e-05 3e-05
2e-05 2e-05 0 5.5e-05 0 3.5e-05 2.5e-05 1.5e-05 0 3e-05 0.012645 9.5e-05 0.002275 0.00024 0.015155 0 0.007145 2e-05 0 0 0 0 0 2.5e-05 0.005165 4.5e-05 5e-05 0 8.5e-05 0.00126 0 2.5e-05 5.5e-05 6.5e-05 0 0.007615 0.001635 0.00077 0 0 0 0.001855 8e-05 6e-05 0.0013 4.5e-05 0 3e-05 5.5e-05 4e-05 4e-05 0.00022 0.004385 2.5e-05 5.5e-05 0.000575 0 0.00062 0.00332 0 3e-05 2.5e-05 0.013485 0 1.5e-05 4.5e-05 0 0 0 2.5e-05 0 0.001835 0.00652 0.004155 3.5e-05 0 0.000495 0 0 0 0 2.5e-05 0 2e-05 0 3.5e-05 0 0 0 0.00321 2.5e-05 0.00025 0.000115 0 0.00018 0 0.00857 0 0.004155 0.006565
4e-05 1.5e-05 3.5e-05 0 5e-06 5e-05 0.00427 3e-05 0 3.5e-05 0.00461 0 4.5e-05 9e-05 0 3.5e-05 0 3e-05 4e-05 0 4e-05 4e-05 0 0 0.02065 0 0.00345 0 0.00755 0.011285 0.00228 4e-05 3.5e-05 1.5e-05 0 0.000215 3e-05 0 0 0 0 0.010685 2.5e-05 0 0.010625 0 0 4.5e-05 4.5e-05 0 1.5e-05 3.5e-05 0 0.00181 4.5e-05 0 4.5e-05 2.5e-05 3e-05 0.00141 4.5e-05 0.00068 0.01353 0.00925 0 2.5e-05 0 3.5e-05 0 5e-05 0.00155 1.5e-05 1.5e-05 0 0 3.5e-05 0 0.00104 8.5e-05 0.004845 4.5e-05 2.5e-05 0 0 7.5e-05 3e-05 3.5e-05 0 0 0.0005 3e-05 0 4.5e-05 4.5e-05 0.00805 0 3e-05 0 4.5e-05 0
0 0.012415 0.00044 3.5e-05 0 0.00077 0.009795 0 0 0.00085 0.007965 0 0.00567 4e-05 2.5e-05 0.000855 4e-05 0.00407 4.5e-05 0.00384 0.004715 4.5e-05 4.5e-05 2.5e-05 2.5e-05 0 0 1e-05 0.00031 0 4.5e-05 0.00418 4e-05 0 3.5e-05 3.5e-05 0.00059 3e-05 4e-05 3.5e-05 2.5e-05 0 2e-05 0.00739 1e-05 0 0.01635 4e-05 0.00876 0.000755 0 2e-05 0.01056 0 0.000225 0 0 0 3.5e-05 4e-05 6.5e-05 0.002765 0.00034 0.001305 0.00014 5e-05 0 0 0 0.005585 2.5e-05 0 0.00225 1.5e-05 0 0 0 0 0.015165 3.5e-05 0.00641 0 0 1e-05 0 5e-06 0 0.006735 0 4e-05 8.5e-05 5e-06 0 0 4.5e-05 2e-05 0 7.5e-05 0.008 0.011275
0 0.007765 0 0.006595 0 0 4e-05 0.002545 0.0082 0.003945 0.00064 0.00016 3.5e-05 2e-05 0 0 3.5e-05 3.5e-05 3e-05 0 0.01013 0 3e-05 0.000135 2.5e-05 0.00925 0 4.5e-05 0.00038 5e-05 0.00551 2e-05 4e-05 6e-05 0 0 2e-05 0.002215 5e-05 7e-05 0 0.002095 0.00016 0 3e-05 0.01177 6.5e-05 0 0.010895 0.0069 0 0.00087 1.5e-05 0.009105 0.00978 0.00953 0 0.00071 0.00038 0 5.5e-05 0 2e-05 5e-06 0 0 0 0.003795 0 0 0 0 0.003975 0.00386 5.5e-05 0 0.00073 2e-05 0.000375 0 0.006325 3.5e-05 1.5e-05 4.5e-05 3.5e-05 2e-05 0.00448 3e-05 3.5e-05 0 0.00077 0 0 0.000215 0 0.00018 0.002845 0.000835 0 0
4e-05 0.0037 0 0.00603 3e-05 0 0 4.5e-05 0 0.00204 5e-05 0.00262 0 0 0 5e-05 0 0 0 0 4e-05 0.011475 5e-05 5e-05 0.000605 0 0 0 4.5e-05 2.5e-05 0.013825 0.0008 0.00029 3.5e-05 5e-05 5.5e-05 0.00332 0.004045 3.5e-05 0 2e-05 0.00703 4.5e-05 0 3e-05 0 5e-05 0.001685 0 3.5e-05 5e-06 3e-05 2.5e-05 0 0 4.5e-05 0 4e-05 0 0 0.002425 4e-05 0 1.5e-05 4e-05 0 0.0008 2.5e-05 0.00085 3e-05 0.00652 0 2e-05 3e-05 4.5e-05 0.00098 3e-05 0.002105 0 0.008335 0 0 0.003235 3e-05 1.5e-05 0.00077 0 3.5e-05 0 0.00018 2e-05 0.011065 0 0 9.5e-05 0 4.5e-05 4.5e-05 0 0
0 2.5e-05 0.001195 4e-05 0 0 0.003905 2.5e-05 0 0.001625 0.00685 4.5e-05 3.5e-05 3e-05 0 0.00208 0.001085 8e-05 0.00491 0.00146 0 0 0.003965 0 0.001335 0 0.003675 0.006085 0 0.00049 6.5e-05 0 0.00017 0.01306 2.5e-05 2.5e-05 0.000725 4.5e-05 0 0.01078 5e-06 0.005475 0 3e-05 4e-05 0 3.5e-05 0 3e-05 0 3e-05 0 0.01233 3e-05 0 4.5e-05 0 1e-05 0 5e-05 0.002445 0 4e-05 0.00177 0 0 0.002145 0 3e-05 0.007435 5e-05 0.000225 0 2.5e-05 4.5e-05 0.00109 0 4.5e-05 0.00664 0 2e-05 3e-05 4e-05 0 0.015005 0 0.00015 2e-05 0.00955 0.00327 0.000555 5e-05 0.004015 0 6.5e-05 0.001635 0 0.007895 2e-05 0
0 0 0 3.5e-05 2.5e-05 4.5e-05 1e-05 0 6e-05 0 5e-06 0 0.003075 0 0.002195 0.00754 0.000205 0.002805 0.00077 0 1e-05 3e-05 2.5e-05 1.5e-05 2e-05 0 0 0.010635 0 4e-05 3e-05 0.011775 0.0002 0.0001 1e-05 1.5e-05 0.000455 2e-05 4.5e-05 0 4.5e-05 0 0.004735 5e-05 0 2.5e-05 0.00303 0.00669 4e-05 3.5e-05 0.0003 0 0 5e-05 0 0 0 0 0.000745 5e-05 3e-05 0 3.5e-05 9e-05 0 0 0 6.5e-05 0 0.01731 0 0 3e-05 3.5e-05 0.00872 6e-05 0 0 0 3.5e-05 8e-05 0.00129 0.002035 0.0128 0 0.01407 4e-05 0 3.5e-05 1e-05 0.0088 0 0.000585 2e-05 0 0.000525 0 0.00119 5e-05 0
0.003415 3.5e-05 2.5e-05 0 4.5e-05 0 3.5e-05 3e-05 0 4e-05 0 0.0084 2e-05 0 0.0017 0 0 1.5e-05 0 0.004665 3e-05 0.00154 0.00336 4e-05 0.009695 5.5e-05 0 0.006805 0 0.013415 0 5.5e-05 0.004915 4.5e-05 1e-05 9e-05 0.005715 0.0008 1.5e-05 0 0 0 3.5e-05 3.5e-05 0 2.5e-05 3e-05 3.5e-05 5.5e-05 3.5e-05 2e-05 0.00184 0.000955 1e-05 0 0 5e-06 0.00615 0.00264 0 5e-05 0 0 0.005795 4.5e-05 3e-05 0.000215 0.000265 2.5e-05 1.5e-05 0.00144 0.005445 0.00179 0 0.00021 2.5e-05 0 7e-05 0.0005 0 0 0.00056 0 3.5e-05 0 0 0 0.002505 3.5e-05 0 2.5e-05 0 0.00012 0 0.00017 0.000155 0 0 0 0
2e-05 2e-05 5e-06 0 0 0.00793 4e-05 0 0 0.00032 1e-05 2e-05 0 0.017075 0.001955 5.5e-05 3e-05 0.000135 2.5e-05 0 0 3e-05 0 0.00737 5.5e-05 0.01129 0.000925 0.00516 0.00116 0 0.001015 0.00354 3e-05 2.5e-05 0 4.5e-05 0 0 0 0 3.5e-05 0 0.00234 3e-05 0 3e-05 3.5e-05 0 0.000135 0 0 4e-05 4.5e-05 0 3e-05 0.00058 2.5e-05 4.5e-05 0.00576 0 0 5e-05 0 0.00553 0 3e-05 1.5e-05 0 0.006835 0.00105 0.00664 3e-05 0 2e-05 9.5e-05 3e-05 0 0 0 0 0 2e-05 0 0.000185 0 0.00041 5e-06 6e-05 3e-05 2.5e-05 3.5e-05 2e-05 3.5e-05 1.5e-05 0.00328 0.00154 2e-05 4e-05 4e-05 6.5e-05
0 0 0 2.5e-05 0 0 2.5e-05 0.009095 0 0.001795 0.000805 0 1.5e-05 6.5e-05 3e-05 0.0067 5e-05 0 0.001675 1.5e-05 0 2.5e-05 5e-05 6e-05 0 0.00281 1.5e-05 0.00015 0 2.5e-05 3.5e-05 0.004445 2.5e-05 3.5e-05 0 2.5e-05 3.5e-05 3.5e-05 0 2.5e-05 0 0 2e-05 0.004235 0.000225 0 0.01192 0 3e-05 0.005655 0.000235 0 0 4e-05 0.000695 0.00256 0 3e-05 0 0 0 3e-05 1e-05 0.00734 0 4.5e-05 3e-05 0.001585 0.0001 8.5e-05 2.5e-05 2e-05 0 0.007825 0 4e-05 5e-05 0 0 3.5e-05 0 0 4.5e-05 7e-05 0.000125 0.002305 0.00013 0.004255 0 7.5e-05 0 0.000115 0 0.00069 3e-05 1e-05 2.5e-05 0 0 0.00862
0.00239 4e-05 1e-05 0 2.5e-05 0 1e-05 0.000115 0 4.5e-05 0.01209 3.5e-05 2.5e-05 4e-05 0.00386 0 0 0 3.5e-05 3e-05 5e-05 4e-05 0 0 0.009825 0 3.5e-05 0.000365 5e-06 0.006655 2e-05 0 0.009505 4e-05 0 3.5e-05 2.5e-05 2e-05 0 2.5e-05 0 2.5e-05 0.007705 3e-05 7e-05 2e-05 0 2.5e-05 0 0.003795 0.000155 0 0 0.0042 0 5e-05 1e-05 0 0 0.00746 5e-05 0 0.003185 1.5e-05 0.000295 0 2.5e-05 1.5e-05 5e-05 8.5e-05 0 0 1.5e-05 0.00026 0 8e-05 0 2e-05 0.01341 0.005155 6.5e-05 0.00258 0 0.000795 0.015415 4.5e-05 0.000315 0 4.5e-05 0 3.5e-05 3.5e-05 0.00497 5e-06 2.5e-05 4e-05 0 0 0 3e-05
0 3e-05 4e-05 0.00029 0 0.001435 0 0 2.5e-05 2e-05 0 0 5e-05 0.01264 2.5e-05 1.5e-05 0.003695 3.5e-05 0.001065 7e-05 0 0.003725 0 0.009155 0 0.01008 0 0.01035 0.00013 0 0.01158 2e-05 4.5e-05 3.5e-05 0.00085 0.00744 4e-05 0.002095 0 0 0.00065 4e-05 0.001165 0 0.00603 0.004955 0 0.00954 2.5e-05 0 3.5e-05 4.5e-05 4.5e-05 0.00383 1.5e-05 0 3.5e-05 0.000515 0.015945 1e-05 0 3e-05 0 0.001625 0 0.00188 0 0 0.0004 0 0 3.5e-05 0 0 2.5e-05 0.00545 3e-05 1.5e-05 3.5e-05 1e-05 0 0 0.001205 0 3.5e-05 3.5e-05 3e-05 4e-05 4e-05 3.5e-05 2.5e-05 0 7e-05 3.5e-05 4e-05 5e-05 0 3e-05 0 4e-05
0.000795 5e-05 0 0 2e-05 4.5e-05 6e-05 0.010245 0 0.00014 0 0 0.00013 0 0.007455 0.00432 0.000495 0.001675 0 3.5e-05 2.5e-05 0 0.001435 0.002555 0 2.5e-05 3e-05 4e-05 5e-05 2.5e-05 0 0.00353 0 4.5e-05 3.5e-05 3.5e-05 0 0 0 0 0.0019 2.5e-05 0.00516 2e-05 2.5e-05 2.5e-05 3e-05 0.000375 0.002625 0 0.008485 0 6e-05 2e-05 7e-05 0.00582 2e-05 2e-05 0.003995 0.00611 0 0.005275 4e-05 0.009765 0.005955 2e-05 0 1e-05 0.00839 0.014865 0.0024 3e-05 8.5e-05 2.5e-05 2e-05 0 0 0 0.000115 1e-05 0.00347 0.00993 0.00825 0 0 0.008885 0 3e-05 2.5e-05 0 0 0 0.00546 0 0 0 3.5e-05 3e-05 2e-05 0.00233
6.5e-05 0 3e-05 0.00018 0.009205 0.00146 3e-05 3.5e-05 4e-05 0 0 0 0.009425 0 0 3e-05 0.001635 0 0 0.000105 0.009205 0.001205 0 2e-05 3e-05 0 4e-05 3e-05 0.00251 3e-05 0 0 0 0.00152 2e-05 0.00027 0.00183 0.00195 3.5e-05 3.5e-05 0 0 0 2.5e-05 0 0 0.000895 0.00177 0.00484 0.00132 1e-05 0.002195 0 0 1e-05 0 0.005235 0.00456 0 2.5e-05 3e-05 1e-05 2.5e-05 0 0.009375 4e-05 9e-05 0.00119 3.5e-05 2.5e-05 0.004725 0 0.01119 0 0.00013 1.5e-05 0 0 4e-05 3e-05 0.002535 0.00172 0 0.00024 3.5e-05 0 0 0 0 2e-05 0.01139 0.003845 0.001575 6.5e-05 0.00162 0 3.5e-05 0.01344 0 0
3.5e-05 0.00866 0 0 0.004155 4e-05 6e-05 0 0 4.5e-05 0.01564 0.007355 0 0 0 0 4e-05 0.00635 0 0 2.5e-05 3.5e-05 0.0003 0 0.00017 4e-05 0 5e-05 0 0 0.00171 0.016155 0 0 0.009825 0.003315 0 3.5e-05 3e-05 0 4.5e-05 0 0 0 0.00188 5e-06 0.00072 3.5e-05 0 0.00017 0.005965 0 0.00985 6e-05 3e-05 0 1.5e-05 3e-05 3e-05 0.005095 0 0 0 0.005335 3e-05 0.006055 0 0.002875 3.5e-05 3.5e-05 4.5e-05 0 0 4e-05 0 3e-05 0.00081 2e-05 0 0 0.0004 0 1e-05 0 0.01562 0 2.5e-05 0.005895 3e-05 0.00408 2.5e-05 0.00042 0 2e-05 0.000355 0 0.002835 5e-06 2.5e-05 5e-05
0 0 0.00064 2.5e-05 0.014155 3.5e-05 0.000785 3.5e-05 0 3.5e-05 0 2.5e-05 0 0 0.000675 3.5e-05 3e-05 4.5e-05 3e-05 0 0.00796 0.007625 5e-05 3.5e-05 0.00039 0 0 4e-05 7.5e-05 0.00709 0 5e-05 4e-05 2.5e-05 0 0 0 2.5e-05 0.002795 0.004185 4e-05 0 0 0 0.00963 0 0.000705 4.5e-05 3.5e-05 3e-05 2e-05 3e-05 0 0 1e-05 0 0.001685 0.002285 1.5e-05 0 0 0 0.011145 0 0 0.012985 0 0 5.5e-05 0 0 0.000315 3.5e-05 4e-05 3.5e-05 1.5e-05 0.007855 0 6e-05 0 2e-05 5e-05 0 2.5e-05 0.003345 5.5e-05 0.000525 0 0.001075 0.013555 0.002595 0 0 0.001855 0.01411 3e-05 0.007745 1.5e-05 0.007605 0
0.01019 0 3.5e-05 4.5e-05 0.00412 4e-05 0 0 2.5e-05 3.5e-05 5.5e-05 2e-05 0 0.00221 0.000665 0 0 0 0.00032 0 0.00461 4e-05 0 0.00037 1.5e-05 4.5e-05 2e-05 0 0 4e-05 0 2.5e-05 0 0.0001 3e-05 0 1.5e-05 0 1.5e-05 0 0.00407 3.5e-05 0.003345 0 2.5e-05 0 0.00145 0.006935 0.00122 0 2.5e-05 0 0.00333 3e-05 0 0.002415 1.5e-05 0 0.01781 0 0 0 0 1.5e-05 0.000235 0 0 0.00121 5e-06 0.00119 0 3e-05 0 0.006955 2.5e-05 0 0 2e-05 4e-05 4e-05 2.5e-05 0.00199 0.00117 0.002775 0 0.00711 0.00537 3e-05 4e-05 0.004335 0.00012 0 0.003785 0 0.000375 0.00384 0.00287 0.01061 0.00768 1e-05
0 4e-05 0 0 0.00022 4.5e-05 4e-05 0 2.5e-05 4.5e-05 0.000395 0.00333 2e-05 0.017655 0.00595 4e-05 0 0 2.5e-05 2.5e-05 4.5e-05 0 0 0 0 0.00275 0 5.5e-05 9.5e-05 0.000715 0 5e-06 3.5e-05 2e-05 4e-05 0 2e-05 2e-05 0 3e-05 0 2e-05 5e-06 2.5e-05 0 0 2.5e-05 0 3e-05 0.00163 0 0.00129 4e-05 0 2.5e-05 1.5e-05 0 1.5e-05 0 0.01023 3e-05 1.5e-05 0.00983 0.0001 0.000395 4e-05 2.5e-05 3e-05 0 0 0 3.5e-05 0 0.003065 0 4e-05 4.5e-05 0 2e-05 0 0.00104 0.016535 0.000825 0.007095 0 0.004895 4.5e-05 0.000255 4e-05 0.00116 1.5e-05 2.5e-05 0 0 4e-05 5.5e-05 0 4e-05 0 0.01217
5e-06 2e-05 0 0 4e-05 3e-05 0.00121 0 0.00944 2e-05 0.00689 0.00815 0 0 0.002285 4e-05 0 2.5e-05 3e-05 0 3e-05 0.00998 0.00054 0.009755 2e-05 0 0.002135 5.5e-05 6.5e-05 0.00163 0.00696 1.5e-05 4.5e-05 0.00307 2.5e-05 0 0 0.000905 0 0 0 1.5e-05 2e-05 0 2.5e-05 1.5e-05 1e-05 0 2.5e-05 0.001275 3.5e-05 0.00344 0 0.00444 0 0.000635 3e-05 0.012755 0.00031 0.001745 0.00535 0.00527 0 0 0.003905 0 2.5e-05 1.5e-05 3.5e-05 0 0 2e-05 3.5e-05 0.000185 2.5e-05 0.001505 0 0 3.5e-05 0 2.5e-05 0 0.003135 2.5e-05 6e-05 0 5e-06 3.5e-05 0.00023 0.003075 5.5e-05 0 3.5e-05 0 0.000845 0.0016 0.00245 3.5e-05 0.00399 1.5e-05
0 4e-05 0 2e-05 0 5e-05 5e-05 3.5e-05 0 0 0.000475 0 3.5e-05 0.000905 0.00109 0 0.015595 3e-05 4e-05 0.0031 7.5e-05 2e-05 0 0 0.002215 2e-05 3e-05 0 4e-05 0.00841 6e-05 0 0.00975 0 3.5e-05 0 0 0.001425 2e-05 0.001485 4e-05 1e-05 0.001065 1.5e-05 2e-05 4e-05 4e-05 0 1.5e-05 3e-05 5e-05 0 0 5e-05 4.5e-05 5e-06 0.000345 3e-05 0 1.5e-05 0 3e-05 0 0 1.5e-05 1.5e-05 0.000135 0.00166 3.5e-05 0.002005 0.000275 0.00624 0 1.5e-05 0.00259 0 0 5e-05 0 0.00198 0 0.0004 0.01349 0 0 2.5e-05 3.5e-05 6e-05 1.5e-05 0.006405 4e-05 0 0 0 0 0.00053 0.000335 0.002935 4.5e-05 0
0 0 3e-05 0.017865 0.002515 2.5e-05 0.009505 1.5e-05 3.5e-05 0 4e-05 0 0 0 5e-05 3e-05 0.010795 0 0 6.5e-05 0.00035 0.00461 0.000155 0.00104 5e-05 0 0 0.002625 0.010705 4e-05 0.004555 1e-05 0 0.00077 0 0.000325 2e-05 0.000655 0.0072 0 0.00593 0.00028 0 0 0 0 4.5e-05 0.00815 2e-05 0 0 7.5e-05 1e-05 6e-05 3.5e-05 2.5e-05 0 0.00455 0.002945 6.5e-05 9.5e-05 0 2.5e-05 0.00029 0.005215 5e-05 0 0 0.003175 3e-05 0.00906 0 5e-05 0.001405 0 0 0 0 2.5e-05 3e-05 4.5e-05 0 0.001955 0 5e-05 3.5e-05 4.5e-05 3.5e-05 0.00028 0.001235 0 2e-05 0 0.00998 3.5e-05 0.000225 0 0 0.00601 0.0034
0.003775 0.0028 0 6e-05 3.5e-05 0 4e-05 0.00949 0 0.000125 0.0004 4e-05 3.5e-05 4.5e-05 4.5e-05 1.5e-05 4e-05 0.000425 3.5e-05 0.002315 4.5e-05 2e-05 0.002505 0.000845 0.00543 3e-05 0.000365 3.5e-05 0 0 6.5e-05 0 0 0.00298 3.5e-05 3e-05 3.5e-05 4.5e-05 0 0 0.00717 2.5e-05 0.003865 3e-05 9e-05 0 0.000855 0 3.5e-05 0 0.001955 0.00827 0.00598 0 0.01125 5e-06 1.5e-05 7.5e-05 0 0.00291 0 0.000205 0.000185 2e-05 0.000645 0 2.5e-05 0 0 0 4e-05 0 2e-05 0 0 0 0.000725 0 0 0 0 0.005695 0 0.002045 4e-05 0.00287 0 0.001325 0 2.5e-05 0 4e-05 0 0 2.5e-05 2.5e-05 0.0019 5e-05 0.000585 0
2.5e-05 0 5e-06 0 0 2.5e-05 0.000905 3e-05 0.00011 0 0.017405 3.5e-05 4e-05 3e-05 0 0.00668 4e-05 0.00582 4.5e-05 0.006775 0 3.5e-05 0.00328 5.5e-05 0 0 0 0 4.5e-05 0 3e-05 0 0.00015 0 2e-05 2e-05 3.5e-05 2e-05 4e-05 0 5e-06 0 0 5e-05 0.00568 0.00126 0.009985 3.5e-05 4e-05 0.00112 0 0 0 0.00011 0 4e-05 0 0.00091 3e-05 0.000635 1e-05 0.000675 0.00127 3e-05 0 6e-05 0 0.001635 2.5e-05 3.5e-05 1e-05 0 0.002945 0.005195 0.00209 1.5e-05 0 0.00222 0 0 0.00566 0 0 2.5e-05 0 0 0.007555 0.014105 0 2e-05 4e-05 0 0.00601 0 3.5e-05 3e-05 0.006735 0 6e-05 1e-05
5e-06 1.5e-05 0 0.000745 0.01391 0.00019 0.00159 4e-05 2.5e-05 0 0 5e-06 0.0022 6e-05 0 3e-05 2e-05 0 0.00387 0 0 0.012095 3.5e-05 2.5e-05 0 3.5e-05 5e-05 0 0.004255 0 3.5e-05 0 3e-05 0 0.00285 0.01559 0.006315 0 2e-05 0 0 0.000115 4.5e-05 0 0.00544 0 0.000505 4.5e-05 3.5e-05 2.5e-05 3.5e-05 0 0 4e-05 4e-05 2e-05 0.00312 0.004635 0.00161 5e-05 0.001065 1.5e-05 0.00958 0.00043 3e-05 0 0.003075 0.00032 0 0 0.008155 0 8.5e-05 0 4e-05 3e-05 0.00015 0.008725 3.5e-05 0 3.5e-05 0 2.5e-05 3.5e-05 6e-05 0 0.00395 0 0.002065 0.01189 0 0.007295 0 0 0 2e-05 0.000255 5e-06 0.00713 0
0 0.00946 0 3e-05 3e-05 0 4.5e-05 0 0.011095 0 3e-05 0 2.5e-05 0 5e-05 0.000725 2.5e-05 0.000545 0 0.00825 0 0.00936 3.5e-05 0 0.000135 0 4.5e-05 3.5e-05 2.5e-05 0.007995 3e-05 0.00155 0.01077 0.009425 0 0 0.001545 0.009505 2e-05 3.5e-05 0.001475 0.0002 3e-05 0 0 0 3.5e-05 2.5e-05 1.5e-05 4e-05 5.5e-05 0.00241 0.003335 0.011105 0.01258 0.002165 2.5e-05 0.00447 2e-05 0 0 0 0.00116 0 0 0 3e-05 5e-06 0 2e-05 4.5e-05 0.000105 0.001985 0.004 0 0.00698 0.00539 0.006795 0 1.5e-05 0 0 2e-05 2.5e-05 0.000195 0.00072 4.5e-05 0 0 4e-05 0 0.003335 2.5e-05 3.5e-05 0 0.000625 0 0 2e-05 0
1.5e-05 0.00272 0.000865 0 0.002145 0.005925 0.000665 0.00139 0.000825 0 3.5e-05 0 0 1.5e-05 0 0.002875 0 0.003345 0 0 8.5e-05 0 2e-05 0 2e-05 0 0 3e-05 0 0 3e-05 0 0 0.00362 4e-05 2e-05 5e-05 0.00219 0.00081 0 3.5e-05 0.00417 3e-05 0 0 0.00163 0.009415 0.000485 0 0.004625 6.5e-05 0.0034 0 0 0.007165 0.00166 1.5e-05 5e-05 2.5e-05 5e-05 0.00664 0 3e-05 0 0.00698 2e-05 0 0 0.001065 2e-05 0 0 3e-05 0 4e-05 3e-05 0 5e-06 0.00395 0.001325 0.003665 1.5e-05 0 4e-05 0 3.5e-05 0.00115 2e-05 0.000375 0.001685 0.00742 0 0.00049 0.00821 2.5e-05 3e-05 0 0.00285 0.00292 0
0 5e-05 0 0.008905 9e-05 2.5e-05 0.00068 0.00048 0.000495 4.5e-05 0 3e-05 0.005095 0.000185 3.5e-05 0.00019 0.004625 3e-05 0 0 0 0.00092 0.000335 8.5e-05 5.5e-05 0 1e-05 8.5e-05 0.00298 4.5e-05 5e-05 3e-05 3e-05 0 3.5e-05 0 2.5e-05 0 0.00443 0.001185 0.00089 0 3e-05 0.00578 5.5e-05 0 3.5e-05 0 0 3.5e-05 3e-05 0 0 5.5e-05 4.5e-05 0.003225 0.003715 0.011095 0.000185 2.5e-05 0 0.00698 0 0 0 2.5e-05 0 4.5e-05 0 0.000175 0.00243 0 3e-05 0.001245 0 2e-05 0.005175 3e-05 0 0 0 0 0 8e-05 0 0 0.009415 4e-05 0.001225 0 3e-05 0 0.00169 0.00023 0.000205 0.003455 0.002715 0 0 0.001275
0 4.5e-05 0 0 0 0.006395 4e-05 4e-05 0.004165 0 3e-05 0.00085 0 0.00029 0 0 0 0 0 0.001635 0.00029 0 0.00628 1.5e-05 4e-05 0.01443 3e-05 0 3e-05 0 0.017755 5.5e-05 0.003735 2e-05 0.001255 3e-05 0 0 4.5e-05 4e-05 2.5e-05 0.00133 0.000335 5e-05 3.5e-05 0.00073 5e-06 0.00045 2e-05 0.00155 2e-05 6.5e-05 0.00016 0 0 0 2.5e-05 0 0.005595 0 3e-05 0 0.007185 0 2.5e-05 0.000685 0 0 0 0 0.004845 5.5e-05 0.01397 4.5e-05 0.004395 0 3.5e-05 2e-05 0 0.010135 2e-05 0.001695 6e-05 3e-05 3.5e-05 0 6e-05 1.5e-05 0 0 4.5e-05 1e-05 2.5e-05 0.005445 0.007005 0 2e-05 0.000975 3.5e-05 0
0 0.01586 0 0 0.01421 0.00507 0.001565 6e-05 3e-05 2e-05 6e-05 0 0.006035 3e-05 4e-05 5e-05 3e-05 0.00528 1e-05 0 3e-05 0 5e-06 4e-05 0 0.00661 0.00021 0 0.01112 4.5e-05 0 0.00299 0 2e-05 0.004165 0.000205 0 3.5e-05 0.003075 0 0 0 0 0 3.5e-05 0 0.00027 2e-05 0.000545 0.009055 0.00328 2.5e-05 0.00525 0.000195 0.00332 0 0 2.5e-05 0 0.00688 1.5e-05 3.5e-05 5e-05 0.000875 4e-05 0.001095 0 0 0.002115 0 0.00396 0.000735 0.000315 5e-05 0 5.5e-05 3e-05 0 0 0 0 0 4e-05 3e-05 2e-05 2e-05 0 3e-05 3.5e-05 0.005705 0.000515 0.00283 3e-05 0.00491 0.001195 0 0.000515 0 0.00062 0.000495
5e-05 0.00302 0 0 0.00064 0.00521 0.008035 0 0.003215 0 0.00318 4e-05 0.00418 4e-05 4e-05 3e-05 0 0 3e-05 0.007795 0 0 0.000495 0.00025 0 0.00196 0 3e-05 0.00035 3e-05 0 0 3e-05 0.00244 4e-05 0 0 0 0.017085 0 0 5.5e-05 0.000655 0.000155 2.5e-05 0 0 0 0.014155 4e-05 8.5e-05 2.5e-05 0.00418 0 0.009215 0 3e-05 0 3e-05 3e-05 0 0.00015 0 3e-05 1e-05 0 0.000995 0.00528 0.0001 4.5e-05 3.5e-05 0.0035 0 0 0.00017 2.5e-05 0.00039 4.5e-05 0 0.008245 0.00056 0 3.5e-05 4.5e-05 4e-05 2.5e-05 4.5e-05 3.5e-05 0 0 1e-05 1.5e-05 0.00539 0.00167 0 0.000165 0.004965 0 0 0
3.5e-05 0.00719 0.002475 0.005665 0 0 0.007605 0.00109 0.00986 0.00017 0 0.000115 3e-05 2e-05 4.5e-05 0.000365 3.5e-05 0.000165 0 4e-05 4e-05 0.00999 0 2e-05 0 0 0 0 0.0002 0 7e-05 0 0.00121 0.01022 0.003125 2e-05 0.00014 0.006035 0.004615 0 0.002345 0 2e-05 0 0.00083 0.003145 3e-05 0 0.000345 0 0 0.002995 4e-05 5e-05 0.002285 2.5e-05 0 0.000105 2.5e-05 0.000435 0.00066 3e-05 4.5e-05 2e-05 0.00127 0.004465 0 3.5e-05 0.000205 0 0 0 1.5e-05 0 0 0.000305 0.009095 0 2e-05 0 3e-05 2.5e-05 1.5e-05 0.000155 0 0.00047 0 0 0 4e-05 2.5e-05 0 6e-05 5e-05 2.5e-05 0 0 3.5e-05 2.5e-05 3e-05
2e-05 0 1.5e-05 3e-05 0 1.5e-05 0.000315 1.5e-05 0 6.5e-05 0 3e-05 3e-05 0 5e-05 0 0 5.5e-05 0.00492 0 0 0.00612 2.5e-05 5e-06 0.00047 4.5e-05 0.0016 5e-06 0 3.5e-05 0 0.00022 0.000705 0 2e-05 4e-05 0 0.000415 0.01075 0.004215 0.001335 0.00373 3.5e-05 0.000455 1.5e-05 0 0 2e-05 0.00479 3e-05 0.000435 0 0.002245 0.00031 0.007505 1.5e-05 0 0 0 0 0.004575 0.002465 3e-05 0 0 0.004175 1.5e-05 0.01208 0 0.000665 5e-05 0.01033 0 0.00174 1e-05 0.00875 0.007515 0.009225 0 3e-05 5.5e-05 0 0 0.000485 0.00504 0.00105 0 0.00156 0.012185 1.5e-05 0 0.000305 0.000205 1.5e-05 0 4e-05 0 0.00144 0 6.5e-05
0 4e-05 0.009645 0 0 0.00266 0.000265 3e-05 0 0.003525 0 0 0 0 0 3e-05 0.007565 0 0.01811 3e-05 1.5e-05 0 0 0 0 2e-05 0.00305 0.004775 0 0.002465 0 5e-05 0 0 0.00662 0 0.008865 0.000305 0.006455 0.012235 4e-05 0.00786 3e-05 0.00695 0 1e-05 0 0.00981 0 3.5e-05 3e-05 5e-06 0 7e-05 4e-05 7e-05 0 0.001275 4e-05 1.5e-05 4.5e-05 0.00036 5e-05 2.5e-05 4.5e-05 0.000275 0.00859 3e-05 0 3.5e-05 0.000815 0.007475 3.5e-05 0 2.5e-05 0.015735 5.5e-05 0.006455 2.5e-05 4.5e-05 0 2.5e-05 0.009485 0 5e-06 0.00197 2.5e-05 0 0 0.00557 0 0.000955 2.5e-05 1e-05 0 0.00257 0 0 5e-05 1.5e-05
3e-05 0 0.005545 0.005665 0.00378 0 0 5.5e-05 0 0 0.009025 0.00058 0.00263 0 0.00953 0 0.00028 0.0038 0 0 0.00048 0.002295 0.01166 0.000215 0 0.001275 0 5.5e-05 0.01616 0 0 0 0 3e-05 4.5e-05 0.005605 2.5e-05 0.00011 0.000525 1.5e-05 8.5e-05 0.011675 0 5.5e-05 5e-05 0 1e-05 3e-05 5.5e-05 0 3.5e-05 0 2.5e-05 2.5e-05 2e-05 0 5e-06 0 0 0.01053 0.00079 0.00645 0.00312 0.00332 0 7e-05 2.5e-05 2.5e-05 6.5e-05 0 0.009165 1.5e-05 0.0042 0 2.5e-05 3e-05 8e-05 0 5.5e-05 0.015295 0 0 0.002775 0 2e-05 0 5e-06 3.5e-05 2.5e-05 0.00011 0 2.5e-05 4.5e-05 0.000285 0 0.00612 0 0 0.00059 4e-05
4.5e-05 0 3.5e-05 0 0 0 0.004885 0.00016 0.00378 8e-05 3.5e-05 8e-05 0 0.00023 0 2.5e-05 0 0 0 5e-05 5.5e-05 0 0.00016 0 0.006575 4e-05 0.003975 0.005195 0 0 0.002695 4.5e-05 4e-05 3e-05 2e-05 0 4e-05 0.005705 4e-05 0 0.00025 5e-05 4.5e-05 3e-05 0 2e-05 3e-05 0.00249 2.5e-05 0 3.5e-05 0 0 0.00287 4e-05 4e-05 0 0.005285 0.002145 0.00572 0.000465 0.00013 2e-05 0 0.00776 4e-05 4e-05 4.5e-05 4e-05 5e-06 0 3e-05 0 0.0106 2e-05 0 3.5e-05 0.00039 3e-05 0.00299 5.5e-05 0 0 0 0.000235 0.0022 0.001375 0.00074 0 5.5e-05 0 0 3.5e-05 1e-05 4e-05 2.5e-05 4.5e-05 2e-05 0.00814 0
1.5e-05 0.00864 0 0.002035 2.5e-05 0.003875 5e-06 0 2e-05 0 3.5e-05 0 0.00024 4e-05 4e-05 0.00465 2e-05 0.000545 0.00052 0.0009 0.00013 4.5e-05 5e-05 0.004095 0 5e-06 0.012775 1.5e-05 0.00118 4.5e-05 2.5e-05 0 1.5e-05 0.0002 2.5e-05 0 5.5e-05 0 7e-05 0.001385 0 2.5e-05 0 0.012905 0 3.5e-05 0.002855 0 0 0.00394 0 0.00241 3.5e-05 0.001665 0.006335 6e-05 2e-05 3e-05 3.5e-05 0 0 0 4e-05 1.5e-05 0 0 2e-05 0 0 0.009675 2.5e-05 0 4.5e-05 2.5e-05 2.5e-05 0 1.5e-05 3e-05 0.00113 0.004025 0 0 0.00012 0 0 0 0 4e-05 0.00012 0 0.006725 0 0.0043 0.00458 0 3e-05 0 0 0.000315 3.5e-05
0 0.00157 0.001195 3e-05 0.00992 0 0 0 0 0 0.004765 0 0.005725 4e-05 0.00654 4e-05 0.000195 2.5e-05 0 5e-05 0.003325 1.5e-05 2e-05 0 2.5e-05 0 4.5e-05 0.005355 4e-05 4e-05 5e-05 0.000455 0.008285 0 4.5e-05 0 0.006435 7.5e-05 0.000515 0.00184 1.5e-05 0 0 0 0 4.5e-05 6e-05 5e-05 0 0 0 5e-05 0.000155 3e-05 0 0 0 1.5e-05 5e-05 0 0 5e-05 0 0.000275 2.5e-05 6.5e-05 0 0 0.00142 0 0 0.00018 4.5e-05 3e-05 0.001045 2.5e-05 2.5e-05 1e-05 0.00416 4e-05 0 0.00179 0.005515 3e-05 2e-05 0.00361 5e-05 0.000265 3.5e-05 0.00719 0 0 0.007885 0.00092 0.003695 0 0.011965 0 3.5e-05 0.000925
0.000605 0 0.00413 0 2.5e-05 4e-05 2e-05 0 0 0.0033 9.5e-05 2e-05 0.000565 0.00524 0 5.5e-05 0 0 0 3.5e-05 0.0007 2e-05 0.00038 2.5e-05 0 0 0.000515 0.00797 3.5e-05 0.00351 2.5e-05 0 0 3e-05 0 0 0.00298 3e-05 0 0 3.5e-05 0 0.00864 5e-05 3e-05 4e-05 4.5e-05 0.000865 2e-05 3.5e-05 1.5e-05 3.5e-05 0.00034 3.5e-05 0 0.00328 0 2e-05 2.5e-05 4e-05 0 5e-05 0 0 0 0.00015 0.00159 0 0 0.00018 0 0.000485 4e-05 6e-05 0 0 0 0 0.000465 0.000235 4e-05 0 5.5e-05 2.5e-05 0 3e-05 0 2.5e-05 3.5e-05 0.013 3.5e-05 0 0 0.003955 0.00997 0.01221 0 0.00379 3e-05 0
0 4e-05 0 1.5e-05 0 3.5e-05 8.5e-05 0.004755 0 0 0.009185 0 3e-05 3e-05 2.5e-05 0 3.5e-05 0.00017 5e-05 0 4e-05 2.5e-05 0 0.008195 0.00494 0.00013 0 5e-05 4e-05 3.5e-05 0 0 3.5e-05 3.5e-05 5e-05 2.5e-05 3.5e-05 0.00141 4e-05 0 0.014225 3e-05 3e-05 0.00012 0.00479 0.00862 0 0 4.5e-05 0.0113 0.00139 0 6e-05 0.00199 1e-05 4e-05 0 0.00028 0.005885 0 2e-05 0.002035 0 5e-05 2.5e-05 0 4e-05 4e-05 0 0.000115 3e-05 0 0 0 0.002415 0 0 0.00504 0.011325 4e-05 0.00132 0.00092 4e-05 0.00047 0 0 0 0.00539 5.5e-05 3e-05 0 0 0 3.5e-05 2e-05 0 3.5e-05 5.5e-05 7e-05 0.01049
0 3e-05 2e-05 0 0 0 4.5e-05 2.5e-05 1e-05 2e-05 2e-05 0 2.5e-05 0.004945 0 5e-05 0 0 9e-05 5e-05 2.5e-05 0.000425 5e-05 4e-05 0.000795 0.003025 3.5e-05 0.0079 0 0 0.00013 0 0.019125 7e-05 0 0 0.00357 0.000655 5.5e-05 2.5e-05 0.000425 0 8e-05 0 0.010655 0.000215 0 0.005545 0 3e-05 0 0 0 0.004085 1.5e-05 0.00246 0.013845 3e-05 0.00927 0.006685 0 3e-05 0.00025 0 4e-05 5e-05 0 3.5e-05 3e-05 4e-05 0.003665 0.001475 1.5e-05 0 0.00262 0 3e-05 0.00051 5.5e-05 2.5e-05 3e-05 2.5e-05 0 0.016295 0 0 0.00091 0.00274 0 0 2e-05 0.016775 2.5e-05 3e-05 0 0 4e-05 3.5e-05 3.5e-05 2.5e-05
0.006255 0.00463 3.5e-05 0.0027 3e-05 0 3.5e-05 0 0.00068 0 1.5e-05 0.0001 2e-05 3.5e-05 2e-05 0.001595 6e-05 0.00815 0 0 0 0.00289 2e-05 2e-05 0 0 5.5e-05 1e-05 3.5e-05 0.002325 0.000435 0.00193 0.007 0 0 0 0.00074 0 6e-05 0 0.000135 2.5e-05 0.007455 0 0.00358 0.00234 0.003985 3.5e-05 4e-05 0.007905 0 0 4.5e-05 0.00079 0 0.003715 0 3.5e-05 0.00013 0 5.5e-05 0 0 4.5e-05 5.5e-05 5e-06 5.5e-05 4e-05 0.000445 0 4e-05 1e-05 0 0.003845 2e-05 0.00604 5e-05 0 0 0.000285 0 2.5e-05 0 0.007215 1.5e-05 0 0.002475 0.00109 5e-05 4e-05 0 0 0 0 0 3.5e-05 2e-05 0.00232 4.5e-05 0
0.00538 0.004465 0 0 0.00073 5e-06 0 2.5e-05 0.00191 0.000905 0.00182 0 0.002985 4e-05 0 0 0.000125 0.002865 3e-05 0.011145 0.00664 0 0 0 0 0 0.000315 0 0.0013 0 0.000285 3.5e-05 0 0.00274 7.5e-05 0 0 0 7.5e-05 0 4e-05 0.00633 0.000295 2e-05 4.5e-05 2e-05 4e-05 0.000135 0.008135 2e-05 0 2e-05 0 3.5e-05 0.00604 0.000125 4.5e-05 6.5e-05 0 0.00041 0 0 5.5e-05 2e-05 0 2e-05 0.000545 0.00356 2e-05 0.00363 0 3e-05 0 3.5e-05 0.00015 4.5e-05 0.002255 0 0.004305 0.000475 0 0.003815 0.00198 1.5e-05 3.5e-05 4e-05 0 1.5e-05 5.5e-05 0.004935 0.001405 2e-05 2.5e-05 0.011645 0.00019 0 0 0 0 0.001155
0.006795 2.5e-05 4.5e-05 5.5e-05 2e-05 2e-05 5e-05 0 0.00102 4e-05 0.004955 0 0 0 0 1.5e-05 0.01655 0 4e-05 0.00301 5.5e-05 2.5e-05 0.013635 0 3.5e-05 6e-05 2.5e-05 0.007745 0 0 0.000375 2e-05 2e-05 0.00011 0 5e-06 2.5e-05 0.000905 0 0.00035 0 0.00088 0.000135 2e-05 0 4e-05 2.5e-05 0 0 2e-05 0 3.5e-05 0 0 0 0.002195 0 2.5e-05 0 4e-05 0 0.00804 3.5e-05 0.00491 0.00017 0 0 0 3.5e-05 0.00076 0.00364 3.5e-05 0 0 5e-06 2e-05 5e-05 5e-05 2.5e-05 0.001735 0.006125 0.015385 0 0 0 0 2.5e-05 4e-05 0 0.00601 0 4e-05 0 0.01179 0.0038 0.004265 0 0.001715 0 0.00549
0.00015 0.000425 0.009025 0.005885 0.005165 0 4.5e-05 5e-06 0 4.5e-05 6e-05 5.5e-05 0.00022 5.5e-05 2e-05 2e-05 5.5e-05 3.5e-05 0.00022 0 9.5e-05 0 5.5e-05 0 3e-05 0 3e-05 4.5e-05 0.00392 1.5e-05 8e-05 3e-05 0.001245 0.000445 0 1.5e-05 5e-06 0 0 0 0 0.002145 0 0 2.5e-05 0.00331 2e-05 0.00138 0.01123 5.5e-05 0 0 0.007235 3.5e-05 0.00284 0 0.000405 3.5e-05 0 0 4e-05 0 2e-05 4e-05 5e-05 0.002395 0 8e-05 0 4e-05 0 0.00234 0 0 0.00729 2.5e-05 5e-06 3e-05 3.5e-05 0.001085 3.5e-05 2.5e-05 0 3.5e-05 0 0 0 4e-05 0.000295 0 0 0.008485 3e-05 0.001395 0.004215 0.00025 0.001965 0.011615 0 0
0.00126 0 0 4.5e-05 4e-05 0 0 0 0.012735 5e-05 0.003905 0 4e-05 4.5e-05 0 2e-05 0 3.5e-05 1e-05 0.00029 4.5e-05 0.00017 0.010385 0.000725 0 0 0 0 0 0 0.00304 5e-05 0 0.003595 0 3.5e-05 0 0.0005 1.5e-05 0.0001 0 0.00423 0 2e-05 5.5e-05 0.00227 0 0.000955 2.5e-05 0 0 0.00483 0 0.00223 0.005695 6.5e-05 7e-05 0.01123 0.00702 0.00134 4e-05 1.5e-05 2e-05 0 0.00484 0 1e-05 5.5e-05 3.5e-05 5e-06 0.00614 0.001415 0.00227 0.0106 4.5e-05 0.00621 0.00124 2e-05 2.5e-05 0 3e-05 0 0 0.00148 0 4.5e-05 0.002265 0 5.5e-05 5.5e-05 5e-05 0.006195 5e-05 0 2.5e-05 0.008955 0.00029 0 0.00036 0
3e-05 0 0 0.00019 3.5e-05 0 0.005005 3.5e-05 3e-05 1.5e-05 2.5e-05 0.001625 2e-05 0.000135 3e-05 2.5e-05 1.5e-05 0 0.005665 0 4e-05 0.00482 0 3.5e-05 0.00799 1e-05 3.5e-05 0 5e-05 6.5e-05 0.00117 0 0.00519 4.5e-05 0.00975 1.5e-05 0.013855 1e-05 2e-05 0.00302 2e-05 0.00684 2e-05 0 0 0 0 4e-05 0 4e-05 0 0 2.5e-05 0.00042 0.0001 0 0 0 0 2.5e-05 0.00843 0 0.00503 0.002085 1.5e-05 0.025155 8e-05 4e-05 0.00068 2.5e-05 0.003425 0.000105 2.5e-05 3e-05 3e-05 0.00959 0 0.00015 2.5e-05 3e-05 3.5e-05 0 0 0 0.00652 0.0001 3.5e-05 0 0 0.00937 4e-05 0 4.5e-05 0 0 0 2e-05 0 4e-05 0
0.00851 0.000535 0.009955 4.5e-05 3.5e-05 0 3e-05 0 3.5e-05 0 0 0 0.006155 0 0 5.5e-05 0.00289 0 0 0 0 0 0.00644 5e-06 5e-06 4e-05 0 0.010075 0 0.00037 0 0.00724 0.006405 0 0.0109 0 0 2e-05 3e-05 0.000385 0 0.00027 0.01226 2.5e-05 5e-05 0 3.5e-05 0.00062 2.5e-05 0 8.5e-05 0 0.01154 4e-05 0 0.002535 0.005555 5.5e-05 0 6e-05 4e-05 1.5e-05 0.003375 0.00643 0 0.010725 0.000105 0 0.00093 0 0 0 0 3.5e-05 0.00525 3.5e-05 0 0 2e-05 0.004255 0 3e-05 0.011375 3e-05 0 0 6e-05 3.5e-05 0.00086 0.00025 0.00147 0.00096 0.005 1.5e-05 0.010905 0.001175 0.00133 0.004465 0 3.5e-05
0 2.5e-05 3e-05 5.5e-05 2.5e-05 1.5e-05 5e-05 5e-06 0.000135 1e-05 0.010195 0.003595 4e-05 3e-05 0 0 0.003385 0.000545 2e-05 4.5e-05 2.5e-05 5e-06 0 0 0 0 4.5e-05 0.00028 3e-05 0.000175 0.001345 0.00133 0 0 0.005985 5.5e-05 0 0 3e-05 2e-05 0 3.5e-05 0.002615 2.5e-05 0.006675 0.00145 5e-06 0 2e-05 0.00114 0 0 5e-05 0 0.000875 4.5e-05 4.5e-05 0 3.5e-05 0.01225 0 1e-05 0.010725 1.5e-05 3e-05 0 1.5e-05 4.5e-05 3e-05 4.5e-05 0.001145 0 1e-05 0 0 0 0 0 0.00568 0.00797 0.009505 0.006615 0 0.003145 0.00599 0.000495 0 0 2e-05 2e-05 3e-05 4e-05 4e-05 2e-05 1.5e-05 0.00364 5.5e-05 0 2e-05 0
4.5e-05 3.5e-05 5.5e-05 0.002095 3e-05 0 0.01052 0 0 0 0.00676 0 0.001015 0 3e-05 0.00878 0 0.01131 3.5e-05 2e-05 0 0 1.5e-05 7.5e-05 0.00982 0.00208 1.5e-05 3.5e-05 0.004595 1e-05 0 0 5.5e-05 2e-05 2e-05 0.00247 2e-05 4.5e-05 0 4.5e-05 0.00294 2.5e-05 3.5e-05 0.00365 0.000205 0.00578 0.0165 0 1e-05 0 0.0038 0 3e-05 0.000685 0.001765 0 1.5e-05 5e-05 2e-05 0.01252 0 0.00037 0 0 1.5e-05 3e-05 3e-05 1.5e-05 0.00046 0 5e-06 2e-05 0 0 0 3.5e-05 0 0.00368 0.007865 0.00612 0 0 3e-05 5e-05 2.5e-05 3.5e-05 0 0.00634 0 3.5e-05 5e-05 0 4.5e-05 3e-05 5.5e-05 0 3e-05 0 0 0.003415
0.00106 0 0 0 5e-05 0.00089 3e-05 0 0 0.00732 0 3e-05 2.5e-05 2e-05 2e-05 0 0 0.000155 0.00129 0 2e-05 0 0.003995 0.00019 0.000555 0 0.002315 0.00097 4e-05 4.5e-05 1e-05 0.001495 0 0.01477 5e-05 2e-05 0.000725 0.0081 0 0.006885 0.00431 0.001745 0 3e-05 3e-05 0.002855 0 7e-05 0.000725 0 0.00176 0.000365 0.00461 0 0.011875 2e-05 4.5e-05 0 1e-05 2.5e-05 0 0 0 4.5e-05 0.00627 0 2.5e-05 0 1.5e-05 0.00345 4.5e-05 0.00645 0 0 0.000185 0 0.00538 0.001935 0.008525 0 0.000365 0 0.002305 0.002525 0 4e-05 0 3e-05 0.004625 5.5e-05 0 0.00317 0.00637 4e-05 2.5e-05 0 0.00893 0 0 2.5e-05
0 0 0 2.5e-05 2e-05 1e-05 1e-05 3e-05 0.00025 0 0.0104 0.01207 6.5e-05 0.00037 0 0 0 6.5e-05 6e-05 7.5e-05 3e-05 0 0.012465 0 0 0 3e-05 3e-05 0 8.5e-05 0.005935 0 0.007205 4e-05 0.01369 0.00493 0.00707 4e-05 5e-05 1.5e-05 3.5e-05 0.000125 2e-05 4.5e-05 0.00278 0 4e-05 2.5e-05 2.5e-05 0.000455 0.00048 2.5e-05 0 0 1.5e-05 4e-05 0 0 3e-05 0.007195 2.5e-05 5e-05 0.003485 2.5e-05 2.5e-05 0.003125 0.002025 0.000485 2e-05 5e-05 0.001805 0 2e-05 2.5e-05 0 0 4.5e-05 0 0.006475 0.002715 5e-06 0 1.5e-05 0 0.01311 0 2e-05 0 0 0 3e-05 0 2e-05 0 0.003255 6.5e-05 6.5e-05 3e-05 3.5e-05 0
0.000145 0 2e-05 1.5e-05 7e-05 3e-05 2e-05 0.00125 0 0.00437 0.00059 0 0 0.007055 0 0 0.012035 3.5e-05 0.00518 1e-05 0 3.5e-05 0.01377 0 0.000245 2.5e-05 4e-05 0.01952 4.5e-05 0 0 2e-05 0.00972 0.009355 5.5e-05 3e-05 3.5e-05 0 4.5e-05 0.00032 0 0.00089 0 1e-05 4.5e-05 2.5e-05 4e-05 0.01337 0 0 4e-05 0 0 2.5e-05 0 0 0.009235 0 0.000695 3.5e-05 0.00472 0.013375 0 0.003655 3.5e-05 2.5e-05 0 0 5.5e-05 0.015295 3.5e-05 0 0 2.5e-05 3e-05 4.5e-05 3.5e-05 0 2.5e-05 2e-05 2e-05 0.000925 0.01423 0 0.011565 0.00911 0 0 0.0018 0 4.5e-05 5e-05 0 0 0 0.007775 0 4e-05 0 7.5e-05
0.00025 0 0 0 0 0.00196 0 0.0109 0.00719 0 1e-05 0 0 2.5e-05 4e-05 0 0 0.003285 0 4.5e-05 2e-05 5e-05 6e-05 0.00026 3e-05 3e-05 0.000745 0.00087 0 2e-05 1.5e-05 0 0.0016 0 3.5e-05 1e-05 5.5e-05 0 0 0.009035 4e-05 0.00038 0.007365 0.007115 1.5e-05 0 1e-05 0.00487 0.002205 0 0.00265 0 0 0 0 0 2e-05 5e-06 3e-05 4e-05 4e-05 0.010865 5.5e-05 4.5e-05 0.00738 0.00162 0.0011 0 0.000275 0 3.5e-05 3.5e-05 0 3e-05 2e-05 0.00698 3e-05 3.5e-05 0.001695 0 4.5e-05 2e-05 0.00067 0 0.000405 0.00134 3e-05 2.5e-05 0 4e-05 0.002045 4.5e-05 0 2.5e-05 5e-05 0 0 0.0001 0 0
5e-06 1.5e-05 3.5e-05 0 0 4.5e-05 0.00997 0.013415 0.003995 0 3.5e-05 0 0 0 0 0.00445 0.003635 0.003155 0.001 0 5e-05 2.5e-05 5e-05 4.5e-05 5e-05 4.5e-05 6.5e-05 0.00229 0 1e-05 0 0.001835 0 2e-05 4e-05 0 4e-05 5e-05 0.00635 0 0.0105 0 0.00158 0 0 3.5e-05 0.000155 0 0 3.5e-05 0.00143 0 0 0.004595 0 3.5e-05 0 0.001415 0.00336 3.5e-05 0 0.01031 0 5e-05 0.00922 0 3.5e-05 5e-05 0 0.01097 0 2.5e-05 2e-05 0.00407 4.5e-05 0.005145 0 0.00479 0.000415 3e-05 0.00257 0 6.5e-05 0.010455 0 0.00261 0.000185 0.00354 0.00022 0 0.00406 0 0.001935 3.5e-05 0 0 3e-05 0 0.00034 3.5e-05
0 0 0 0 0 3e-05 0 5e-05 2.5e-05 0 0 0.001425 0.00349 0 6e-05 7e-05 0 0 0.00756 3e-05 0 0 2.5e-05 3e-05 1.5e-05 0.00114 4e-05 0 4e-05 9.5e-05 4e-05 3.5e-05 3.5e-05 0.0006 0 9.5e-05 0.00633 4e-05 5e-06 0 0.006 4e-05 0 0.001295 0.003805 0.00787 0 3e-05 4.5e-05 5.5e-05 0 0 0.0003 2.5e-05 3e-05 0.00022 0 0.000235 0 1.5e-05 0 3e-05 0.00376 0.004675 0 4.5e-05 0.004255 0.00037 4.5e-05 0.00077 0.00014 2.5e-05 0 0.00233 0.002885 0 0 4e-05 0 0 0.002255 0.01333 0 0.01192 0.00117 0.00758 0.010065 6e-05 0 3e-05 0.00105 0.005785 0.000125 0 2e-05 0.00067 0.001545 0 0.00015 0.00187
0 2e-05 4e-05 0 0.00019 6e-05 0.01093 0.00499 5e-05 0.00098 0 0 0 0 3.5e-05 0 4e-05 5e-06 0 5.5e-05 0 0 3.5e-05 0.000185 3e-05 0 0 4.5e-05 0.000415 3.5e-05 0.000645 0 4.5e-05 3.5e-05 0 0.013105 0 0 5e-06 0.001365 0 0.000185 4.5e-05 0.000405 1e-05 0 0 0 0.004655 0.010565 2e-05 3.5e-05 0 3e-05 4.5e-05 5e-05 0 4e-05 0.006175 0.00254 0 0 3e-05 0 0 3.5e-05 1.5e-05 3.5e-05 0.01589 0.00083 0.00723 5e-05 0 0 3.5e-05 2.5e-05 0 1.5e-05 5.5e-05 0 1.5e-05 0.00088 0.00117 2e-05 3e-05 0 5e-05 0 3e-05 1e-05 1e-05 2.5e-05 3e-05 0.010145 0.01377 3e-05 4e-05 0 0.003705 0.00015
3.5e-05 0 3e-05 0 0.00035 2.5e-05 0.01039 0.000945 4e-05 0 0.00516 4e-05 1e-05 7e-05 0.00726 0 0 0.00532 4e-05 0.00095 0 3e-05 0.00917 0 0.001795 0 0.00991 3e-05 0 4e-05 0 0.000645 4.5e-05 4e-05 2.5e-05 2.5e-05 2.5e-05 4e-05 0.000175 0.00822 0 0.00131 2.5e-05 3.5e-05 0.00802 2.5e-05 0 2.5e-05 4.5e-05 2.5e-05 0 0 0.003355 0 0 0 0 0 3.5e-05 0 1.5e-05 0 0.005425 0.002405 0 4e-05 0 0.002075 1.5e-05 0 3.5e-05 0.00532 0 0 0 0 0.0003 0 0.00159 0.000405 0.00354 0.002655 3.5e-05 7e-05 0.017035 4e-05 0.00149 0.000105 0 0.00212 3.5e-05 0 0 3e-05 3.5e-05 0 0.004915 5.5e-05 8e-05 0.00078
3.5e-05 4.5e-05 0.008225 0.006985 3.5e-05 5e-06 0.00506 3.5e-05 0.00018 0.00216 0 0.00236 3.5e-05 0.00858 0.000455 0 0 0 0 0 0 0 0.001185 0 0.00963 3.5e-05 0.008235 0 0.0011 0.00018 0.000485 0 0.00157 0 0 0.00063 0 5e-06 0.009855 0.009685 2.5e-05 0 4e-05 2e-05 1.5e-05 0 1e-05 0.006725 0 5e-05 0 0 0 0.00447 2e-05 2.5e-05 5e-05 0 3.5e-05 0 0 0.00699 2e-05 2e-05 2.5e-05 0.000845 0.00425 2.5e-05 2.5e-05 0.000135 8.5e-05 0.000405 2.5e-05 0 4e-05 0.00025 0 0.005905 0 0.00451 5.5e-05 2e-05 0 3e-05 0.000905 0 0 5e-06 0.015945 0.000765 2e-05 2.5e-05 0 0 0 0.00033 2.5e-05 4.5e-05 0 0
0 0.005535 0 0.001015 0 0.00221 0.005375 4e-05 0 0 0.00023 0 0.00918 0 4e-05 2.5e-05 1.5e-05 0 2.5e-05 0 0.00021 2e-05 4e-05 2.5e-05 4e-05 1e-05 3.5e-05 6.5e-05 0 0 2.5e-05 0.00226 3e-05 0 3e-05 0.000555 0.0081 4e-05 0.00134 5e-05 0 2.5e-05 0 0.011235 5e-05 0 0 4.5e-05 0 0 0.000195 4e-05 0.007125 3e-05 0 3e-05 0.00397 4e-05 7e-05 4.5e-05 2.5e-05 5e-05 0 0.010655 4e-05 0.004695 0 8.5e-05 0 2.5e-05 3e-05 0.00484 0.008805 0 5e-06 0 0 0.002755 0.004045 7e-05 4e-05 0 0 2.5e-05 3.5e-05 4.5e-05 0 0.006755 4e-05 0.00644 0 5.5e-05 0.00219 0.0044 0.00055 0 0 0 0.00895 0.0157
