0.02695283517
0.02431619006
0.04266609995
0.04428993206
0.004213778716
0.007146827866
0.02009239056
0
0.006757915426
0.01699943195
0.0309297966
0
0
0.03102205345
0
0.006039505058
0
0
0
0
0.002235993102
0.02798326177
0
0.00E+00
0.0234489013
0.02517650939
0.00E+00
0
0
0
0.006702383457
0
0
0
0.002601616101
0
0.02228107783
0
0
0.0216184127
0.001613060111
0.0128071658
0.002812168806
0
0.004214992353
0.03325472828
0.0184011649
0.03916184345
0
0.02019780841
0.01812917097
0.002271120707
0.02037301631
0
0
0.04368369502
0.001776959257
0
0
0.02462274682
0
0.05321712615
0
0.01785305253
0
0.02791264873
0.007460329449
0.005101793961
0.01722027203
0.02815441351
0.002966549402
0
0
0.003052892211
0
0.005208202949
1.33E-05
0.004290854691
0
0.02279798223
0.02221872339
0
0
0
0
0.0309316996
0.001074167832
0.01571956024
0.0507279028
0.002843704547
0.002849842962
0.01879912681
0
0
0
0.02279132449
0
0
0
0
0
0.02152129259
0.001537570841
0
0.004771107506
0.005901965911
0
0.01409496232
0.01655494976
0.03143327623
0
0.0125678479
0.005011816758
0.007960698655
0
0.02786877777
0.03475525402
0
0.004166412912
0
0.005238669344
0.01052133671
0.0332835061
0.01842063354
0.002259095868
0.001135570553
0.03335627226
0.002420244681
0.003672967321
0.01128568322
0
0.008872003596
0
0.02037844547
0
0
0.03468010443
0.01479721417
0.008530446656
0.0005360170438
0.00E+00
0.00829235005
0
0
0
0.01565410888
0.03323625031
0.01084432977
0.02106161017
0.01520191176
0.01078451585
0.007800521415
0.02079076838
0
0.00486690726
0
0.02426756951
0.03319277191
0.00881961586
0.001904629723
0.03727248317
0.02068482505
0.0118298778
0
0
0
0.009509910106
0.01782959077
0.01590944801
0
0
0.02381240503
0.01188736326
0
0.03150130458
0
0
0.007837306401
0.02234733652
0.02078715901
0
0.02491796983
0.006239058329
0
0
0
0
0
0
0
0.01972024351
0
0.01557873941
0.02975166207
0.02397926998
0
0.00679034305
0
0
0.02756169913
0.001250647895
0
0.01293340321
0.04649796297
0.0007221360916
0
0.0328781259
0
0.01229325713
0
0.04066797932
0
0.05222105834
0
0.01711267362
0.02561095901
0
0
0.006753821121
0.01311237165
0.008009289451
0
0
0.01409557177
0
0.01216663732
0
0.002984628942
0.005409379265
0.006506257133
0
0
0.01072606998
0
0
0.03202465454
0
0.006227606674
0.01931684728
0.003324213392
0.004118658174
0
0
0.04532510646
0.03691394919
0
0
0
0
0
0.0245461149
0
0
0.01937371074
0
0.01332240162
0.01275006449
0
0
0.04715246212
0
0
0.006020650427
0.0241175727
0
3.76E-02
0.03883325377
0
0
0.01531202828
0.02856642357
0
0
0
0
0.05434639097
0
0
0.02362235081
0
0.008880543487
0.009058972616
0
0
0
0
0.05740018228
0
0.01606264265
2.49E-02
0
0.0287891197
0.02188179747
0
0
0
0
0.0172927882
0.0009365203276
0
0
0
0
0
0
0.00362561133
0
0
0.01120306316
0
0
0
0.02124429942
0
0.01887508786
0.0180353165
0.026073678
0.03206421322
0.04416425204
0
0
0
0.001185484374
0
0.01485765779
0.02078057265
0
0.0109633157
0.05898318873
0
0
0
0
0.02964039837
0
0
0
0.01325317433
0
0
0
0.02968831105
0
0.0308582231
0.02722410446
0
0
0.002624987768
0.002607818576
0
0
0
0.003359958774
0
0
0
0
0.03192233791
0.08194757667
0.0050313163
0.006939547663
0
0.05655535832
0
0.000924409977
0
0.001878227418
0
0
0
0
0.05609313413
0
0
0.02362301669
0.001893981309
3.84E-02
0
0
0
0.002000449812
0
0.03977223195
0.0403590607
0
0.02551032039
0
0.02017962639
0
0
0
0
0.05820856677
0.03718954117
0.02312849591
0
0
0.007204807066
0
0.01991002129
0.02665768258
0
0
0
0.03591975721
0.05061793252
0.00706212453
0.01234927909
0
0
0.02505918098
0
0.01757201406
0.02318799488
0
0
0
0.001221607975
0
0
0
0
0
0
0
0.01963287989
0.001103448708
0
0
0.01431710432
0.06828374394
0
0.007326019691
0
0.02102233509
0.01336533962
0
0
0
0.01119486479
0
0.01985499742
0.01233646597
0.002815259287
0
0
0.03608672674
0.01669935709
0
0.01824252919
0.001592600177
0
0
0.02458401263
0.001602653644
0.01617357078
0.0002060674767
0
0.03418984841
0.01746573959
0
0
0
0.05604090207
0.01111095478
0.005366137408
0.005058276095
0
0.00570403687
0.02077111429
0
0.02075498315
0.04385480272
0.03284082308
0
0.02931232584
0
0.02237782698
0
0
0.004934215961
0
0
0
0.035568067
0.0521809228
0.01342933921
0
0
0
0
0.006507644463
0.01148494569
0.02795538944
0.006889770705
0
0
0.03011438317
0
0
0
0.06934247457
0.01156467353
0.04362227184
0
0
0
0.04230579178
0
0.01516697979
0
0.009782043433
0
0.02010603673
0.02471069788
0.007469061529
0
0
0.02012553126
0
0.01148614774
0.0138833805
0.03116798476
0
0
0.01159167993
0.01621392151
0
0
0
0.0007226433098
0.002741068618
0
0.02074198059
0.009161882894
0
0
0.02199582826
0
0
0
0
0
0
0
0.002571661295
0
0.01995219273
0
0.01031764351
0.01011672614
0
0
0
0
0
0.02210316858
0
0.001307378591
0
0.007105481042
0.04613232849
0
0
0
0
0.02003790977
0.04295674149
0.05217621904
0
0.03342574225
0.02272243606
0
0.006319454622
0.03533532829
0
0
0.02795921289
0
0.01269691122
0.002039742849
0
0
0.01069101529
0
0
0
0.04069400819
0.01167889411
0.02730048573
0.02119329128
0.02999138865
0
0
0
0.03111981743
0.02431152993
0.005738260782
0
0.01810294933
0
0
0
0
0
0.05289956225
0
0
0
0.04770832821
0
0
0.01935736104
0
0
0
0.001667534171
0.01230712337
0.002077791264
0
0
0.02730459713
0
0
0
0.0260703885
0.0307435319
0.01368744732
0
0
0.06642315525
0
0.01400669649
0.04102411813
0.0002175866981
0
0.02242362119
0
0.004906598943
0.02168620128
0.00E+00
0
0
0.007352969707
0
0
0.0398365852
0.000855454696
0.02896765615
0
0
0.01899842754
0
0.01406093147
0.01765939643
0.01350516529
0.02057728332
0.006481675079
0.007712615327
0.01739596961
0.007924564308
0.007105794193
0.02775293097
0
0.02469586126
0
0.02304534112
0.006642250429
0.0063459517
0.03741321246
0
0
0.02489390072
0.009611356889
0
0.02016282048
0
0.02047265568
0
0
0
0.05061985654
0
0.01920381483
0
0.02869155602
0
0
0
0
0.001047208665
0.00383047359
0.01948698791
0.007633606158
0.02833771843
0.002246669548
0
0.01669517103
0
0.008224524114
0.02528934228
0.001685095821
0
0.02154679008
0.01257626936
0.006524015549
0
0.02794500973
0
0
0.04692810888
0.0171694796
0.01923850757
0.01694148074
0.00808777944
0
0
0
0.02037605352
0.008562690342
0
0
0
0
0
0
0
0
0
0.03356189542
0
0.006611490554
0
0
0.005794652282
0
0
0
0
0
0.02850465377
0
0.05051103518
0
0.02728315438
0
0.004522333192
0.02046256451
0
0.02237706046
0.00110516292
0
0
0.01908523461
0.02806468705
0
0
0
0
0.00576322663
0
0
0
0
0.04258185619
0.03899524069
0
0.005020441873
0.002985717755
0
0.05838012218
0
0
0.02400536021
0
0.0471283508
0.02827985868
0.0255906487
0.04564870493
0
0.02508898811
0
0
0
0.02284577618
0.002993133688
0.03487996916
0
0.01025482969
0
0
0.02654796114
0
0.01011147295
0
0.01791937045
0.02650283526
0
0
0.01772158749
0
0.01422012596
0.00301946326
0
0
0.05212383309
0
0.00E+00
0
0
0
0.00E+00
0.003246045049
0
0
0
0
0.04560384056
0.005844014712
0
0.02283607756
0
0.03407978761
0
0
0
0.01036196735
0
0
0
0.0008560739271
0.004402262722
0
0.001867018519
0.06455062349
0
0.0598590152
0
0
0.003574086921
0
0
0
0
0
0
0.05815809635
0
0.04803419215
0
0.05602832193
0
0
0
0
0
0
0.01346225723
0
0
0.008333934418
0.004678515965
0.01562930323
0
0
0
0
0.04066528701
0.01518880523
0.0349977899
0
0
0
0.03731355356
0.01955515802
0.01050278991
0.01950269051
0.02286759251
0
0.02702757884
0.04314295238
0.05593354969
0
0
0
0.02833372014
0
0
0.002108780317
0
0
0.03098888279
0.03556857648
0
0.01785794429
0.000911590057
0
0.02676390118
0
0
0.0260931181
0
0.03916707515
0.01470740204
0
0
0.02186926801
0
0.05078812979
0
0.04587052888
0
0
0
0.02966580515
0.02088962482
0.01753116906
0.02269186861
0
0
0
0
0.00E+00
0.009354892325
0.04906237536
0
0
0
0.01539755618
0.009604527034
0
0
0.04740145497
0
0
0.009285821619
0.003377450239
0
0
0.03484435121
0
0.02041639878
0.03997154865
0
0.0532216568
0.04347139278
0
0
0
0
0.0139436696
0
0.02038835526
0.009060924035
0.008415310119
0
0
0
0
0.04160040035
0
0
0
0.04869942414
0
0.05461297903
0
0
0
0.01754634364
0
0.01416871163
0
0
0
0
0.01574885209
0
0
0.02875174244
0.01263177819
0
0.005157201713
0
0
0.01046162636
0.01512156087
0
0.03296047601
0
0
0
0.005398246297
0
0.002293034528
0
0
0
0.01835594812
0
0.03244525424
0
0
0
0
0
0
0.02092950108
0.01780189633
0.02735923651
0.0262295255
0
0.03442327043
0
0.005072327287
0.02748846555
0.03288221127
0.007912804255
0
0.02736341902
0
0.02772241464
0
0.01049369021
0.02971885685
0.01215293977
0
0.001312607887
0
0.01365250672
0
0
0.02572528656
0
0
0.01422706531
0.01443759155
0
0.02383590631
0
0.02861241281
0.009833813392
0.02847713321
0
0.01069103417
0
0.02028756705
0.009685582827
0
0
0
0.002901265622
0
1.67E-02
0
0
0.02288523795
0.04077752103
0.00E+00
0.03729839532
0.013909941
0.02342880551
0
0
0.03162010628
0.009850786005
0
0.01310023867
0
0.0009540484941
0
0.01582101323
0.008809154765
0.03795397802
0
0
0.01673869033
0.009118750793
0.01674305117
0.006850059659
0
0
0.01512339586
0
0
0.01306018552
0.002538523791
0
0.03048215245
0
0.01859706959
0
0
0.01087116422
0.007622255887
0.02486442385
0.004661227911
0
0
0.00597904555
0
0
0.02515516615
0
0
0.0665253205
0.03095599981
0
0.01965912273
0
0
0
0
0.019627617
0
0
0.01367217004
0.02488139813
0
0.01219272528
0
0
0
0
0
0
0.02804839777
0
0
0
0.02730568916
0
0.03217273054
0
0.005229069968
0.0274059619
0.02420601083
0
0
0.00623730754
0
0.01034103367
0.01843514596
0
0.009738232516
0.01508208813
0.02415954872
0
0.01619967001
0.04372641963
0.0134976037
0.01708434095
0.0009276612212
0
0.01789234243
0.0514906887
0
0
0
0.0184718853
0
0
0.008204628918
0.02916571068
0.01730901643
0.01120301308
0
0.005370655661
0
0.05201872476
0
0
0.03459026863
0.004141134283
0
0.02182165792
0.01478603604
0.00662398525
0
0.00191301665
0
0
0
0
0.005213207432
0.03918103486
0.00737289687
0
0.02234967637
0
0
0
0
0.003672974566
0.04261479341
0.004361012026
0
0.01422532712
0.02897599745
0.004563883331
0
0.02152335919
0.01860826903
0.03982340126
0
0
0.01423433484
0.05656128609
0
0.01009552455
0
0.00574199521
0
0
0.005084814005
0
0
0.00627345683
0
0
0
0.00783396679
0
0.01953700647
0
0.006157291868
0.03598144671
0
0
0
0.04442711723
0.03417885613
0.02977168686
0
0.001320822363
0
0
0
0
0
0
0
0.03634433369
0
0.001233311888
0.001881393922
0
0
0
0.00603407624
0
0.004241557566
0
0.05137627482
0.03329191097
0
0
0
0
0
0.008850758997
0.01127064348
0
0.01549715651
0.02761941719
0
0
0.01736070951
0.04098380838
0.05054408919
0.01632144444
0.02068214996
0.02985585071
0.01527112974
0.001388678186
0
0.005431393884
0.02638061835
0
0.004281888615
0.00E+00
0
0
0.02197601134
0.02681336213
0
0.02435345221
0.003386581212
0.002676684527
0.01438889022
0
0.03548317152
0
0
0
0.005880849521
0.05062385932
0.005912762254
0.02002029134
0.005186852758
0.01362361138
0
0.04037375542
0.02547411014
0
0
0.01325144207
0.007758445621
0.03370836993
0.004380814433
0.03196303829
0.003211517619
0.004823865631
0
0.001872923122
0.02336104216
0.02412760277
0
0
0.008821355422
0.0003098267623
0.008869234683
0.006129336599
0.02725365925
0.007556672317
0
0.02003933556
0
0
0.009612359747
0
0.01240513949
0.02998145391
0
0
0.008028761228
0.02077834388
0
0
0.0144500199
0
0
0.02784278467
0
0.02986404517
0.04394209063
0.005436856877
0
0.01422871017
0.03675333552
0.02213529247
0.01841874065
0.01299894058
0.01135989036
0.02483438897
0
6.36E-05
0
0
0.0273037019
0.005551886942
0.006418456415
0
0.01119469337
0
0.03322274642
0.0004116136224
0
0.005698969928
0.0302732663
0.01534643981
0
0.01303180798
0.002140128275
0
0
0
0.01081313888
0.03342871173
0.03345573191
0
0.006364728771
0
0
0.001925118512
0
0.02014015832
0
0.01929556871
0.01588724372
0
0.02580119019
0.0004980279469
0
0
0
0.008860393263
0
0.02289155889
0
0.002677884407
0.01773175614
0
0.009267250628
0
0
0.02267484176
0
0
0.04412206908
0
0.001353279226
0
0.03252902972
0
0.003550667306
0
0
0
0.04218340998
0.03772561679
0.05048861443
0
0.03100168914
0.001952904905
0
0.00424849301
0.00838877213
0.01226044978
0.0001255600881
0.01141097355
0
0
0
0.001104017107
0.01688458032
0.008881268905
0.04100306837
0.007087262794
0.03742081103
0.05184094544
0
0
0
0
0
0
0
0.0106449568
0
0
0.07412059615
0.01456803622
0
0.009314390722
0.05626674767
0
0
0
0
0
0.01714130296
0.01310714986
0
0
0.01803606162
0
0.001456669764
0
0.01681209806
0
0
0
0
0
0
0
0
0.0167367798
0
0.004260606637
0.03357121751
0
0
0
0
0.001984848486
0.02740269816
0
0.0388160688
0.05388470236
0
0
0.002352751464
0.0275543107
0.02047489756
0
0.0007481404738
0.03506248501
0.007767267186
0
0
0.01612760553
0.0041385069
0.05447594237
0.01058663415
0
0
0.004835234398
0.0004554989252
0.03989691454
0.02723071275
0.02409586116
0
0.006508561746
0.005850844422
0
0
0
0.009084564123
0
0
0.000707992943
0
0
0.01149366008
0
0.02891619843
0.01386297243
0
0.007342808096
0.02031145349
0.01331201953
0.03757807039
0
0.01034310518
0
0
0.004710742656
0
0
0
0
1.31E-02
0
0.02695706778
0.005641601231
0.008889216816
0.01230772579
0.02344117062
0.03943732438
0
2.95E-02
0.004984969523
0.01141588273
0
0.009282920217
0
0.0103683106
0.03908792029
0
0
0.007117905035
0.01663375006
0
0.006039377099
0.03434594987
0
0.003674307368
0.00E+00
0.02170887633
0
0.02096088807
0
0.01735416817
0.02217828541
0
0.04030741462
0.008069732029
0.03345212233
0.009504474181
0.01597845203
0.0146785265
0
0.04111343439
0.005343160346
0.02741426847
0
0.01601316586
0
0
0.01938232825
0.02890584177
0
0
0.003150540989
0
0
0.0003485352398
0
0.01179241914
0.01048370863
0
0
0
0.03208047191
0.005874699218
0
0.03117620425
0
0
0
0.00133489075
0.01881072779
0
0
0.00118290476
0.06102588327
0.01689843701
0
0
0
0
0.00E+00
0.05676103419
0.008413604327
0.005018696782
0
0
0
0.003035178595
0
0.02242196593
0
0
0
0.03145316207
0
0.03407329497
0
0
0.008596183049
0
0.005276179291
0.005521449264
0
0.02909536918
4.86E-02
0
0
0
0
0.01691600769
0.00E+00
0
0
0.01011780306
0.05043548005
0.04530210256
0.01925750501
4.87E-03
0.03149116782
0.005329496082
0.009500472059
0
0
0
0.005821857537
0
0
0
0.03952538505
0
0.007525164008
0
0
0.04053465276
0
0
7.32E-03
0.00767830803
0
0.04318082747
0
0
0.0490582805
0
0
0.02933925386
0
0.01849456082
0
0
0.01682173154
0.04793122518
0.006008010641
0.003860452743
0.03061383882
0
0.004133032767
0.01217054673
0.03503695606
0.0002114067184
0.02377469563
0
0.004604218922
0
0.03011267375
0
0.04738297276
0.0105574882
0
0
0.00880737774
0
0.01219604849
0.02907226188
0
0
8.77E-05
0
0.05597541633
0
0.01473907322
0
0
0.03135743305
0
0
0.008646033041
0.004588425356
0
0.01936950385
0
0
0
0.01261270889
0
0.005154651705
0.02731455448
0.02263987174
0.02643456615
0.04099621424
0
0
0
0.02804598362
0.01142157752
0
0.01232330473
0
0.02735493729
1.07E-05
0
0.01847419087
0.013877716
0.004668578144
0.003188360576
0
0
0
0.04187956674
0.004622091053
0
0
0
0
0.04135376455
0.0008398592973
0.03503216879
0
0
0.007562758831
0.004111426004
0
0
0.02076821091
0.01560068172
0.002183676305
0.02446363166
0
0
4.13E-05
0
0
0.01781331819
0
0.01395928805
0.04164659569
0.008299354088
0.03921855005
0
0
0
0.01087255566
0.03038564555
0
0
0.008593080122
0.02754428701
0.03076635801
0.02458288868
0.02229688768
0
0.008414092911
0.01238569206
0
0
0
0.00229403388
0.003620134438
0
0.01919449197
0.03810159822
0
0.005384133374
0
0
0.005389889941
0
0.002898068057
0
0
0
0.001791556065
0.03066111355
0
0
0.006033360952
0
0.00649647073
0
0
0
0.06349117875
0
0.02972121417
0
0
0.007517853918
0.003140022066
0.01502831589
0
0
0
0.02057995707
0.05594857615
0.03535287535
0.01161047359
0
0.02866456217
0.004331157038
0
0
0
0
0
0
0.02206751191
0.00246920467
0
0.03441147736
0
0
0
0.001272454247
0
0.03175952781
0.05165353587
0
0.006575469143
0.006479249934
0
0.05635499888
0.01042964967
0.01812667828
0.01122384119
0.02744569186
0
0
0.03729009556
0.0146596337
0
0
0
0.03739582408
0
0.02101382398
0
0
0
0.05267321986
0.03507958059
0.01083448757
0
0
0
0.005525672802
0
0.00956141436
0
0
0.0370810928
0
0.03920507491
0
0.0007562415568
0
0.01473378401
0
0
0.02379385056
0
0.03103978738
0
0
0.005952844574
0
0
0.01172205659
0.006027401665
0
0.01368308826
0
0.004907245787
0
0.009798616967
0.01884852626
0
0
0
0.04672114053
0
0
0.0258558795
0
0
0
0
0
0
0.003121388783
0.01144003816
0
0.02231662057
0.06644085291
0.01350781527
0
0.02329582447
0.03532090519
0.01112931996
0
0.03185105282
0.006172101627
0.02926152612
0
0
0.00382311063
0.01331599044
0
0.001035692016
0
0
0.003295072102
0
0.02412874277
0
0.02278649574
0.01557196768
0
0.01376590476
0
0.02732690639
0
0.01975062953
0
0.03170399533
0.01713146093
0.007342125124
0.02097399053
0.01858614435
0
0.01974404929
0
0.03320362366
0.01606632504
0.01497039674
0
0
0
0
0.01638465659
0.004632120902
0.02337492235
0.03645434408
0
0.0008751705508
0
0.03093442724
0.018837658
0
0.02992121851
0
0.002267281596
0.002464267295
0.02000179636
0
0.03006148466
0
0.001530699494
0.01620478117
0.007278681715
0.01603927706
0
0.04007544387
0.01699038246
0
0.003709681516
0.08528751605
0
0
0
0
0.00E+00
0
0
0
0
0.004909475332
0.040829469
0.006881113748
0
0
0.04693213951
0
0
0
0
0.02238203899
0
0.01362943247
0.03409152027
0.01715042883
0.01733951753
0
0
0
0.01826418916
0
0
0
0
0
0
0
0
0.02684597783
0
0.004870187429
0
0
0
0.02308741658
0
0.02737615899
0
0.03810055797
0.01190946449
0
0
0.03668763719
0.03320879158
0
0
0.02829405675
0.046388633
0.02130184359
0.01456011326
0
0
0.02829003909
0
0
0.04886738842
0.004067560316
0.01571935204
0
0.00759346755
0
0
0.03226229081
0
0
0
0
0.01914923109
0
0.009819930468
0
0.02735806496
0.009947687097
0
0.06278522365
0.0238979052
0
0
0
0
0.01970834111
0
0
0
0.01812847004
0
0.007437838987
0.02468815089
0.006308015677
0.02165290839
0
0.005037393572
0
0
0
0
0.02982295081
0.03538924046
0.004947679139
0
0.01877699511
0
0
0
0
0
0.06800881237
0.00938676755
0.02922017124
0.0403307953
0
0.005909804696
0.01680012829
0
0.004838740881
0
0.08005314901
0.007488978021
0
0
0.02433468454
0
0.01584998068
0.02430403165
0
0.006356191621
0
0
0
0
0
0.02395565354
0
0.004624891116
0.01899479368
0
0
7.88E-03
0
0
0
0.01689070555
0
0
0
0.06045061959
0
0.00638356097
0.00725273402
0.0004386007588
0
0
0.006768522484
0.005287274072
0
0
0
0.006613986507
0
0.07251391048
0.005628514023
0.01653442226
0
0.06091605334
0.05745673046
0
0
0
0
0
0
0
0.04862648355
0.02540284504
0.007756822321
0.02295270249
0
0
0.02744317023
0.01771005273
0.03950776623
0.006059625424
0
0
0.01301139074
0.036298493
0
0.03710755471
0.01242813823
0
0.01137063645
0.01944543353
0.02809001138
0.01354799493
0
0.03116669597
0.03165339497
0
0.01358842807
0
0
0.02084619494
0
0
0
0
0
0.01663257696
0.02054230123
0.02677410371
0.003075631021
0.009900350403
0.0452839815
0
0.01895915365
0
0.04622100706
0.01048254648
0
0
0
0.002853346033
0
0.06045793413
0
0
0
0.0003988339326
0.007353650769
0
0
0
0
0.02449344187
0
0
0
0.04737091913
0
0
0
0
8.12E-03
0
0
0.01123856526
0
0
0
0
0.04489654742
0
0
0
0
0
0
0
0.004300740689
0.02811096501
0
0.01674408422
0.01792951469
0
0
0.01166398947
0
0
0.0327025608
0
0.01415838468
0.005316860189
0
0
0
0
0
0.01192973849
0
0.004683014902
0
0
0
0
0
0
0.0410100154
0.003134683146
0.02429747277
0.01620991176
0.01593325461
0
0
0.003242703236
0.04800225001
0
0
0
0
0.004387849387
0.01328758015
0
0
0.05549977259
0.01895341741
0.06178280595
0.02046050634
0.008610732791
0.003513464432
0.03583820057
0.004006094532
0
0
0.01367181524
0
0.03122190945
0
0
0.00E+00
0
3.00E-02
0
0.032265764
0
0
0
0
0
0.01143273197
0.02681842118
0.02004421651
0
0.05282469131
0
0.03396985225
0
0.02891867776
0
0.03164977039
0.01900127873
0
0
0
0.002690608046
0.006839505927
0
0.05899688764
0
0
0.02719654144
0
0.01661180072
0.001288246685
0.0332388992
0
0.04903425994
0.01752610549
0
0
0.009392810076
0
0.02125432205
0
0
0.02229237347
0
0
0
0
0.007026109123
0
0
0.02316040464
0.02050594768
0.0439239735
0.004196128046
0.008589434005
0
0.0402984937
0
0
0
0.005222995292
0.008280508995
0
0.04391485129
0
0.01352873901
0
0
0.02803694639
0
0.01389913876
0
0
0
0
0.01355298169
0.01756710568
0
0
0.01973708349
0
0
0
0
0
0
0
0
0
0.02183251507
0.02708598617
0.008696773567
0.03014690715
0
0.05256554323
0.03941669081
0
0.02013323781
0.03457117673
0
0
0.02558961325
0
0.004030046383
0.02894640499
0.003479682501
0
0
0.005281926687
0
0
0
0.002494576189
0.002383867535
0
0.03804157236
0
0
0.0584161431
0
0.028553621
0.02223617213
0
0
0
0.02636859826
0.02388608039
0
0.02561402839
0
0.0004443002017
0
0
0
0
0
0
0.006844505035
0
0.01896464204
0
0.02957684281
0.0028783862
0.04235483477
0
0
0.01857470771
0
0.01167112633
0.03450475901
0.0008435561456
0
0.04878669173
0
0
0
0
0
0.04332460413
0
0.01346381996
0.0001742744008
0.04757418134
0
0
0.05279658733
0.01582413825
0.01416582469
0
0
0
0
0
0.01510305441
0.03505203232
0.05177115324
0.003748090956
0.0263195673
0.04090155928
0
0
0.00E+00
0.02386610942
0
0
0
0.02651157111
0.02132714331
0
0.002608011729
0
0
0
0.02435444589
0.06427201637
0.02527568965
0
0
0.006058398893
0
0.01028829874
0
0
0.02914687462
0
0
0
0.02550481295
0
0.06043226009
0.01928560232
0.009558029278
0.01108789966
0.002437190494
0
0.006177292897
0.01669111625
0
0
0
0
0.02088828667
0
0.02305096113
0
0
0
0
0.003647278871
0.020699593
0
0.01823145876
0
0
0
0
0.00392798489
0.002313841414
0.003824335098
0
0
0.03777343346
0.07091092758
0
0
0
0
0
0
0
0
0
0
0
0
0
0
0
0
0
0
0.01923087048
0.0004619886763
0
0
0
0.02520113923
0
0
0.04843886202
0
0.01923251822
0
0.01093567286
0
0
0
0.04983145511
0
0
0
0.01249784356
0
0
0
0
0
0.02176283759
0.0075022854
0
0.05885747619
0
0
0
0.03006932648
0
0
0.001972188787
0.02565007183
0
0
0.0314117479
0
0.03379025483
0.04462946605
0.01594987023
0
0.009044810811
0
0.001971457337
0.01927476981
0
0.05091501183
0
0.05794632694
0
0
0.009000863947
0
0
0.01290168591
0
0
0
0
0.05111445567
0.02408726298
0
0.03454542475
0
0
0
0.04540525037
0
0
0
0.04649047595
0
0
0.03082246489
0.007044937603
0.01267483865
0
0.005356957474
0.01264288458
0.006397778049
0.008067794959
0
0.0593852681
0.03748340392
0.01049186449
0
0
0
0
0.01364898338
0.01107746534
0.02615457705
0
0
0.02530327414
0.001781348228
0
0
0
0
0
0.05386102052
0.0385177283
0
0
0
0
0.01365752242
0.0069737218
0
0
0
0
0.05278917938
0.01426708408
0.008538981644
0.02710787891
0
0
0
0
0
0
0.03695333925
0.0116588584
0.006685148654
0.08643845304
0
0.02640383382
0
0.01806858608
0.006557422107
0
0
0
0.00123749105
0
0.03951235092
0.05769236854
0
0
0
0
0.005358368613
0
0
0
0.02815995484
0.02504870322
0.01458593499
0
0
0
0.03967542772
0
0.04562371342
0
0.007617002594
0
0
0.06578418704
0
0
0
0.02036925769
0
0
0.009718902718
0.003344362635
0.04058844533
0.003629001137
0
0.003424736383
0
0
0
0
0.02285309786
0
0
0.04804635714
0
0.01505740499
0.005736660159
0.0147090136
0
0
0.02875795663
0
0
0.01842946127
0.04550228371
0
0
0
0
0
0.002425079105
0.03865351243
0.003187745985
0
0
0.04000405692
0.007434783611
0.01415350242
0
0.009990020176
0.01447593111
0
0
0
0
0.01128501996
0.04470213222
0.01582598253
0.01967675633
0
0
0.02593739093
0.03404261706
0
0
0
0.03228751965
0.01642186386
0.02393625945
0.01617518221
0.03282145034
0
0
0
0
0.02065823657
0
0
0.04149390326
0
0.004290866739
0.01446770817
0.02461271673
0.004082144897
0
0
0
0
0
0
0.02671597835
0.01876474623
0.01494860147
0.008737351361
0
0
0.007313189933
0.02418281783
0
0
0
0.0006243417454
0.02748581031
0
0
0.007646245338
0
0
0.01400588559
0
0.05935733923
0.02801622534
0
0.01946699327
0.02087168952
0
0.04965585667
0.01078342057
0
0
0
0
0
0.02239633091
0.01858607847
0
0
0
0.0794608933
0
0.001631984851
0
0.04003138636
0.0005409805968
0.0004726982785
0
0.01659674018
0
0
0.01426917292
0.02559393813
0
0
0
0.02960789392
0.0422500605
0
0
0.008660248794
0
0
0
0.01633306454
0
0
0
0
0.01594307064
0
0
0
0
0
0.02797858582
0
0.02650171331
0
0.007902057838
0
0
0
0.01270543512
0
0.02849831374
0.06952483984
0
0
0
0
0
0
0
0.02112037289
0.03668223123
0
0
0
0
0.04144759859
0.007063303862
0
0.01674321429
0
1.40E-03
4.39E-02
0.01018977967
0.001510504427
0
0
0
0.03386361909
0
0.03094275692
0.03031940363
0.01575784771
0.0009166335231
0
0.006889653572
0
0
0
0
0.02348258121
0
0.0120743621
0.03067208483
0
0.02101878794
0.0210039858
0
0
0.00E+00
0.05725160139
0.0008049880146
0.03710386288
0
0.03332997119
0.003559416351
0
0
0
0
0.02748123986
0
0.02983748034
0.005299718317
0.02799839602
0.02049614826
0
0.02286546115
0
0.008704229899
0.0222268872
0.02485040537
0.007208258261
0.01349585991
0.0003479466934
0
0
0.02214293337
0.02431255718
0.0009709939286
0
0.01622399867
0
0
0.0318258966
0
0.02134107961
0.0272492294
0.0163410184
0.008971387531
0.01405073853
0.03944252847
0
0.01003679821
0.02988177578
0
0.02063749061
0.02526681509
0
0
0
0.0401484153
0
0.01360869872
0.012087749
0.02321169257
0.001346295457
0
0
0.0150045047
0
0.02636441907
0.01882038167
0
0.0199549728
0.0229320663
0.01477525394
0
0.007643623424
0.01522635642
0
0.02347268338
0.0007520748227
0
0.02297838383
0
0.02086888066
0.009951543803
0.01557605529
0.02586622468
0
0
0.01245407618
0.01032463582
0.02203322766
0
0.04736482342
0
0
0.0008904473608
0.002036230261
0
0
0.001923986589
0
0
0
0.01886126596
0.00447497004
5.98E-03
0
0
0
0
0
0.03830874819
0
0.0168398371
0.0276099158
0.01618351286
0
0
0.03509876631
0.005189461803
0
0.03443370104
0.01679119453
0
0.01205672572
0.03176915194
0.004734147332
0
0
0
0.005817773592
0
0
0.007983827184
0
0.01815103217
0.0007055541119
0
0.002810519979
0.01604021622
0
0
0.03647582057
0
0
0.0571847585
0
0
0
0
0.002351108635
0
0.01943675664
0.03402113855
0
0.007294030256
0.03826566411
0.01830081501
0
0
0.02559121305
0.0185186526
0
0
0.0149171426
0
0
0
0
0
0
0
0.004399743833
0
0.01842807269
0
2.76E-02
0
0.02051698712
0.01483469685
0.006733968753
0.03677893213
0.01806673745
0.01062354927
0.05181770177
0.0394864777
0
0.002927948197
0.03322863521
0
0.01630326904
0.02402997619
0
0
0
0.02403178521
0.007321792418
0.0124472179
0.009384543038
0.005987705624
0
0
0.03430329432
0.01742217958
0
0
0
0.0004574764945
0.00E+00
0
0
0.01753392551
0
0
0.0003275044175
0
0
0
0.01936879402
0
0.01126863817
0
0
0.008684370091
0
0.005700447609
0
0
0.04429064213
0
0.02396009743
0
0.009737973239
0
0
0.03267673493
0.0171730108
0.009200291032
0.006007090905
0.02217711231
0
0.05098391741
0
0.02513285546
0
0.05503191614
0.008664196608
0.01550235156
0
0
0.03126086652
0.005009485058
0.0005996216203
0.02490437911
0.01864873709
0
0
0.02456409033
0
0
0
0
0.02160712372
0
0.04171108318
0
0
0
0.02866290827
0
0.009827491482
0
0.02418934818
0
0.03250192971
0.01761981659
0
0
0.007700021892
0
0.06109189487
0
0.003778459897
0
0.0744340214
0
0
0.00422468531
0
0
0
0.006293345088
0.01397194504
0
0.0220701293
0
0.0457182503
0.004971330402
0.02806625612
0
0
0
0
0.0099580362
0
0.01350493442
0.0002805812911
0
0.03940735784
0
0
0.01733006639
0
0
0.006409190992
0.03671355218
0
0
0
0
0
0.03252524034
0.02839803504
0.01555450086
0.01387853081
0.0369311024
0
0
0.001539994558
0.01209175112
0.0201771032
0
0
0.003803603833
0
0.006699291259
0
0
0.02083204106
0.03255498631
0
0
0.0001747421557
0
0.009627187935
0.04184391373
0.005004723375
0
0
0
0
0.01486247825
0.02802095809
0
0
0
0
0.001947578564
0.02925567303
0
0
0.01796966995
0
0
0
0
0.000563667057
0
0
0.02204243487
0
0
0
0
0
0
0.01782978077
0
0.03638218408
0
0
0.04760514908
0
0
0.02223967493
0.04801619426
0.03623000317
0.03516934636
0.0241961021
0
0
0.08016070235
0
0.02263541927
0
0.02334467602
0.03996887156
0.0006592053497
0.01210114908
0.02040564221
0
0.01931044493
0
0.007799192795
0
0
0.03684308643
0.00E+00
0.01194918297
0
0.0004019749421
0.02449885347
0.001499479977
0.009049237546
0
0.01429048293
0
0
0.003420044791
0.001136197057
0
0.01145118366
0.01538212152
0
0.02013874598
0.04206110922
0.00808061073
0
0.02162727258
0.01548964223
0
0.007019057531
0
0.01901762476
0
0.04102740238
0.01378854195
0
0
0.04668384276
0
0
0.006181020271
0
0.01236480989
0.02819264935
0
0
0
0
0
0
0.03585274495
0.001824466794
0.006562144456
0.003088473155
0.02623646353
0.002043845024
0.01346409234
0
0
0.01336936957
0
0.01229118801
0
0
0
0
0.01466317963
0.07007726091
0
0
0.02577445144
0
0.02304713569
0
0
0
0.01595045476
2.51E-02
0
1.13E-02
0.06815786189
0
0.01457173789
0.05014728744
0
0.02913865716
0.0001499660341
0
0.009865061595
0.0386085996
0
0.003296717458
0.03119998489
0
0.02815412419
0
0.03387002967
0.004213385598
0
0.004366499271
0
0.01417092162
0.002623496237
0
0
0
0.004400813646
0
0
0.0108052831
0.01558334875
0.02254721033
0
0.02251809001
0.00774784318
0.01765926616
0.02938160794
0.0006779129056
0.02185166652
0
0.01737975279
0.0008806919531
0.03919397233
0
0.003592394346
0.0001648063773
0
0
0
0.01889666766
0
0.008858812109
0.01694627486
0
0.002687944607
0.04333748776
0
0
0.02177097127
0.01963403485
0.005931864586
0
0
0.01265937693
0
0.01810738414
0
0
0.01832599836
0.01574410489
0
0.005905798067
0
0
0.03505762137
0.03547219664
0.002507130716
0.04263162218
0.02247910313
0
0.05189208556
0
0.003532286635
0.03614737051
0
0.003762220778
0
0
0
0
0
0
0
0
0.00832641119
0
0.0006088915318
0.05134821096
0.006274959854
0.003743393782
0.004885110707
0.02143003817
0.003931378643
0.003566228253
0.0001599198319
0
0
0.03648491144
0
0
0.02333859912
0
0
0
0
0
0
0
0.01287587135
0.007125333204
0.02597980946
0.01594135646
0.04544678445
0.004221748879
0
0.02358895102
0
0.01530447822
0.03314540918
0
0.02324641819
0.02350983396
0
0.0110088766
0
0.03587930539
0
0
0
0
0.0582732116
0
0
0
0
0
0.03847494231
0.02884517799
0
0.07598959256
0
0.005356214229
0.02437181082
0.0122499624
0
0
0.02813190717
0.0111664699
0
0
0
0
0
0.006731466071
0
0.008228375393
0.01734772593
0
0.005877559249
0
0
0
0
0.03134114202
0.03642660083
0.01490029451
0.04462915303
0.03361920383
0
0.03449061957
0
0
0
0.01959221303
0
0
0
0.001661292858
0.002225816656
0
0
0.01230470402
0
0
0
0.006265501585
0
0.06067877818
0.003379994905
0.0007243975373
0
0
0
0
0.01757797931
0.03475850404
0
0
0.03795776511
0.06304966867
0.03575834951
0
0
0
0
0
0
0.002969149767
0.006353493346
0
0.03722811833
0.02618329616
0
0
0
0
0.02123511346
0
0
0.03236416272
0.007734071745
0
0.0250740956
0.003196954739
0
0
0.01172984313
0
0.04721031126
0.009096291769
0.01064214907
0.005531468113
0.02508986885
0
0.01950718384
0
0
0
0.03050078081
0.03044799674
3.28E-02
0
0.02815700714
0.0306692125
0
0
0.003318700614
0.03073102907
0.001864308893
0.01087817417
0
0
0
0.03583460929
0.01294433566
0.02226596188
0.01793102086
0
0.0479005998
0.02371857479
0.01519456297
0.00263206034
0.003090217974
0
0.009019466088
0.02508416981
0.002773638811
0
0
0
0.03942861517
0.001437582868
0
0
0.01873324777
0.004911137912
0
0
0.004805088474
0
0.04657161212
0
0.003003377429
0
0.02612951068
0
0.008855121437
0.002063751557
0.02536789573
0
0
0
0.01351143412
0
0
0
0
0
0.003587965311
0.03505345514
0.04119690136
0
0
0
0.008124061382
0
0.01972812269
0.00739073595
0.002758725794
0.03977516509
0
0
0
0.004313724213
0.02828576705
0
0
0
0
0.02100497326
0.006472846231
0
0
0.01779966882
0.02344016614
0
0.01454374426
0.01504224559
0.03128287407
0.03034223017
0
0.04702324287
0
0.01279123729
0.03546694507
0.004280453117
0
0.01624468783
0.003694948905
0
0.00954402004
0.008338874596
0.01325488054
0
0.01392848419
0
0
0.009392255797
0.03299967689
0.01144360697
0
0.01048808875
0.02892858836
0
0.03610754511
0.02329876607
0
0.04061723815
7.76E-03
0
0.01629391816
0
0.03751664899
0
0
0.007870184401
0.00672253221
0
0.01858716937
0.01919801863
0
0.008882696466
0
0
0.003773966075
0.05872996319
0
0.008084800243
0.02398931538
0
0.02220448422
0
0.01343676518
0.001203741362
0.00815768325
0.05363282199
0
0
0
0.002977837807
0.01055584896
0.01550095672
0
0.005654877576
0.003609843507
0.00E+00
0.007192402288
0.02316918726
0
0
0.02829498749
0.00E+00
0.005063349765
0.01049955856
0
0
0
0
0
0.007362051184
0
0.01461983042
0.01060950933
0
0.0210682543
0
0
0
0
0
0.01755666992
0
0
0
0.02699552312
0.03679798554
0
0.003069396128
0
0.0357509279
0.004021566249
0.02502810701
0
0.006764195784
0.01336201145
0
0.04341159454
0.06586617068
0
0.00702494142
0
0
0.02344874294
0
0.0119990476
0
0
0
0.03987901662
0
0
0.04198247171
0.01323043427
0
0
0.00457781038
0
0.04983313353
0
0
0
0.01311942049
0.02696018905
0.03215073195
0
0
0.03567526217
0
0
0.01568683406
0
0.00E+00
0.01259639873
0.01347966589
0
0.03689508591
0
0
0.02349507232
0
0.002909163014
0.006534607401
0.02405076552
0.01049162669
0
0.05746544531
0
0.0116156709
0.004024337595
0
0.05332663151
0
0
0
0.01625314363
0.0148776602
0
0
0.01241600037
0
0
0.008822685031
0.008718853145
0
0
0
0
0.01699060262
0
0
0.002189901417
0.009046938826
0
0
0
0.03609182591
0.02351573356
0
0
0.03260355228
0.01974063937
0.01247724248
0.00876211382
0.0001701531126
0
0.04635486812
0.04282941323
0.02183002516
0
0.02100177682
0.01558183014
0
0.03019965633
0.01996182309
0.004695818876
0
0.0004789583533
0.04449366392
0
4.31E-02
0
0.01927128918
0.01428704279
0.01640014616
0
0.009130492528
0
0
0.03651816977
0
0.006837991955
0
0
0.01164507429
0
0.00705020322
0
0
0.001107449048
0.00E+00
0
0.03046391264
0.003512157811
0.03479388324
0.03609420274
0
0.0004563582861
0
0.01914821992
0.01833270004
0
0
0.005432854779
0.0007047994871
0
0.005178860759
0
0.003039477619
0
0
0.008270706441
0
0.03507704206
0
0.02372723342
0.008246007202
0
0.04087431585
0
0.02371873977
0.05513117386
0
0.01308525116
0.01213907111
0
0
0
0.006468733064
0
0.006797632075
0
0
0
0.004971872714
0
0
0
0
0
0
0.02108982518
0.009476284887
0.007197605666
0
0
0.06244575665
0.0176125977
0
0
0.005876671781
0.04137218245
0
0
0
0
0
0.02797211259
0.003861829334
0.006239882747
0.002403082188
0.02169879114
0
0
0.02969719614
0.052068715
0.03107285008
0
0.03719118935
0
0.01826034289
0.00180030094
0.05614814385
0.02163706517
0.006703070667
0
0.008435752886
0
0.008521833829
0.01682619834
0
0.01824275288
0
0.02207412848
0
0
0.01313142747
0.04050028273
0.004879806394
0
0
0.02276401243
0.007992313491
0
0.007594354901
0.00360284501
0
0
0.0141832473
0.0005358376247
0.02251673141
0
0.002983191243
0
0
0
0.01941045431
0.01670968128
0
0
0.03277261716
0.0217046181
0.009863589041
0
0
0
0.0176529716
0.01807837408
0.01751949447
0
0.02402199855
0.03569180995
0
0
0.05045403145
0
0.00315219099
0
0.01835810123
0.02363690541
0.001862880475
0.006743609332
0
0.01073255663
0
0
0
0.01673788083
0
0.02094810818
0.01715852007
0
0.002378023539
0
0
0
0.01810550715
0
0
0.01751793343
0
0
0.004031027963
0
0.01806723866
0
0.009066593113
0.002132202672
0
0.00E+00
0.01148961999
0.04861434874
0
0
0.007029759012
0.006854552033
0.007860734029
0.03495624914
0.02796925371
0
0.02480726086
0
0.01640648618
0.03497272212
0.01160824464
0
0.004765423312
0.01464279074
0.01971208619
0.0223852932
0
0.03889343256
0.02013344436
0.01835961507
0
0
0
0
0
0.01640380413
0
0
0.02231309726
0
0.01263943623
0.02610810824
0
0.00487007404
0.01326835808
0
0.005610661763
0
0.007712942738
0
0.03941146775
0
0
0.02115820678
0.0176984939
0
0.02617051291
0
0.006418092655
0.01274448736
0
0
0.007142638179
0
0.0285141124
0
0.002258289725
0.05898351456
0
0
0.0314095246
0
0.03736859536
0
0
0.03569269043
0.01864858328
0.006382217947
0.02611695083
0.03589042771
0.01039946706
0
0
0
0
0
0
0
0.005618613506
0.006053541901
0.00211801006
0
0.03332307558
0
0.0167936247
0
0.01677528089
0.004050032446
0.001076405891
0
0.01725295217
0.04710843513
0
0
0.02979000636
0
0.03394656629
0
0.03270518612
0.009755241741
0.002089790256
0.01902247801
0.01783985094
0.001538684238
0.003750455682
0
0
0
0.01809125064
0
0.01491138188
0.0001889267917
0
0
0
0.01195267304
0
0
0.001311887705
0.01361507002
0
0.03028801206
0.03760943609
0
0.02055981225
0.003985757963
0
0.03120755092
0
0
0
0.01218342161
0.02767563927
0.02811891785
0.01053585924
0.0261319697
0.04433227531
0
0.02214933627
0
0
0.01208058983
0.02227834489
0
0.01941623847
0.0438590909
0
0.01164697259
0.03152519497
0.002418013883
0
0.02174727123
0.02253022273
0
0
0
0
0
0
0
0
0.00641421695
0.004475790283
0.008354855931
0.02732215703
0.02150424881
0.01194098823
0.01803094483
0.01226325222
0
0
0.02255750619
0
0
0.02772724616
0
0
0
0.01477815751
0.01757369672
0.02276145437
0.003695549876
0
0
0
0.001547450621
0
0
0.008731598407
0
0.01779020937
0.01715276999
0.01794696405
0
0.02944797173
0
0
0
0.003557900001
0.01164997034
0.0005393992318
0
0.006263625301
0
0
0.03547709527
0.03993480032
0
0.05533356002
0
0
0
0.008379773543
0
0.01205529333
0
0
0.01336342232
0
0.01385150888
0.02553872738
0.04855350812
0.03426941478
0.04144379755
0.005474305163
0
0
0.005472864557
0
0.02652145825
0
0.01798813137
0
0
0.04113450995
0.03447406586
0.04349122376
0.01915266371
0.03352395622
0
0
0.03259955739
0.0151588913
0
0.03049884626
0
0.02632319736
0
0.01208384659
0.003032461485
0
0
0.01035719156
0
0
0
0
0
0.006798693492
0
0.0200769675
0
0
0
0.01745065904
0
0
4.28E-02
0
0
0.01298200564
0
0
0.002367407993
0
0.03291717849
0
0
0.01783605615
0
0.02114829313
1.03E-02
0
0.01389086293
0.002817289415
0
0
0.01688917871
0.02419801395
0
0
0.0318630746
0
0
0
0
0
0
0.0256847686
0
0
0.02408080416
0.05076489967
0.01290209654
0.0223992657
0
0
0
0.01948753041
0
0
0.02091642326
0.03246921033
0
0
0
0
0.005697365111
0
0.01009462486
0.02157137135
0
0.03924944778
0.001108502905
0
0
0
0.005089922729
0.0126408439
0
0.05071193973
0
0.02052292624
0
0.05248796729
0
0.03545733412
0
0
0
0
0
0.000438410588
0.002044840235
0
0.01101186077
0.0159537958
0
0.03970077567
0
0.04134971586
0
0.0008350236621
0.02277295084
0.01003801558
0
0
0.005567596145
0.002122173716
0.04349501638
0.00472877185
0.019099016
0.01955118234
0.05196302398
0.02132135105
0.006040894747
0
0.002880149001
0
0
0
0
0
0.01004012975
0
0.001537887029
0
0.05149582392
0.0525356663
0.003151629725
0
0
0
0.00E+00
0
0.02403678713
0.01332965467
0
0.003190232212
0.02923230172
0.005181310509
0
0
0
0
0
0.02746357057
0
0.007710298442
0
0.01638878302
0
0
0.004277829653
0
0.05506599365
0
0
0
0
0.0106061479
0
0
0.01586207308
0
0
0.01912630596
0.02597397627
0.01424378567
0
0.04652023441
0.02412267002
0
0
0
0
0.01144174691
0
0.02833401859
0
0.007080304015
0.007056742633
0.009413043899
0
0
0.02208645849
0.005079510647
0
0
0.03397310585
0.003136116895
0.007806665302
0
0
0
0.0314435837
0
0
0
0.0203864703
0.03081858279
0.02611586635
0
0.01416518303
0
0.04233525962
0.01194686462
0
0.01786439144
0.04772543979
0
0.01902035117
0.01001910656
0.03310323242
0
0.01237967767
0.02696276231
0
0
0
0.03496003456
0.03208038705
0.05570802113
0
0.03014515774
0
0
0.02409379289
0.0008199068225
0
0.002536359989
0.02053206106
0
0.001134625961
0
0
0.01303691155
0
0
0.01248081767
0.02286207271
0
0
0.01405195078
0
0
0
0
0
0.003388297186
0.04937747093
0
0
0
0
0.03562230923
0
0
0.02096045911
0
0
0
0
0.003988355672
0.02717508552
0
0.01647338648
0.05225267754
0
0.01668982242
0.06733909726
0.03391796674
0
0
0
0
0
0.04616443076
0
0.00871463193
0
0
0
0
0.000832087135
0.01452656115
0.008739331076
0
0.01113113955
0
0
0.02350659819
0
0
0.03573085085
0
0.0006736103609
0
0
0.02266181947
0.01833802141
0
0
0.0372666453
0
0
0.01229194706
0
0.04197122466
0.02955952644
0.04852518214
0.001614984804
0
0.03577180516
0
0
0.01151537317
0
0
0.03264946217
0.05061047662
0.01712698554
0.01497276887
0.04489505344
0
0.002370752652
0.002209572371
0
0.006750181953
0
0.01402398128
0.01353629272
0
0.001702020952
0
0
0
0.02343252819
0.04539101263
0.0274480291
0.007885727859
0.007192349322
0.02137632611
0
0.002145033395
0.008441606649
0.0001236753324
0
0.002947545982
0
0.004478520279
0.001843413573
0
0
0
0
0
0.009938737908
0
0
0
0.05423062428
0.02159700638
0
0
0
0.02992945361
0
0.02555988269
0.03772589053
0
0
0.0120892101
0.004379172721
0.01297687117
0
0
0
0
0.03171449127
0.0004676476725
0.01358312812
0
0.01825712514
0.001223458699
0.0168002923
0.02562227676
0
0.01668395673
0.01958533992
0
0.007618422269
0.03826266399
0
0.02034061467
0
0.008875292561
0.03009017704
0
0.01834116647
0
0
0.05292817576
0
0.03650483798
0.004914661085
0.006025765032
0.01120576439
0.03043495809
0.002367032816
0
0.0174915927
0
0.04402496236
0
0.01190944622
0
0
0
8.12E-03
0.009754640466
0
0.01281259789
0.004144273142
0.008664708733
0.01999032063
0
0.04780400974
0.008297638675
0
0
0.01054164608
0
0.02346892859
0
0
0
0
0.01651067634
0
0
0.007525377657
0
0.004823411462
0
0
0.01612200456
0.005961215077
0.005042733391
0
0.00764131918
0.04239314614
0.06002835992
0.005199249035
0.02037738428
0.00E+00
0
0.002430851046
0.008574609854
0.02782797422
0
0
0.02676545944
0
0
0.02414669589
0
0.03414184206
0.04268917924
0.02924853917
0
0
0.005710829438
0
0
0.01888570043
0
0.005700271744
0.03594732686
0
0.02829046081
0
0
0
0.04723619897
0
0.0145492912
0
0
0.01074295205
0.04489283435
0
0.001316135862
0
0
0.01776580749
0.02730557701
0
0.03705113234
0
0.02537090093
0
0.02222201422
0
0.009237965363
0.009600240281
0.005936833169
0.02544747869
0.01177863347
0
0.002865077211
0
0.01145555399
0.02182767127
0.02024782562
0.02690546509
0
0.01965058413
0
0.01626107572
0
0
0
0
0.00195488719
0.02482106132
0
0.01209149714
0.02352946137
0.006504022271
0
0
0.006841133747
0
0.006638050826
0.005968020499
0.04478678525
0.004377075626
0
0.00828125748
0
0
0.0003177104671
0.02355779416
0.03165959966
0.01180298562
0
0
0.02917552883
0.03762793925
0
0
0
0.0004548587367
0
0.04110821769
0.002413808604
0.001266739895
0
0
0.04916290173
0.03237619041
0
0.00554028352
0.01110311921
0
0.03480081749
0
0
0
0.02768559516
0.01911668607
0.02438565726
0
0.008398839203
0
0.009589927533
0
0
0.03074679966
0.001288768087
0
0.01279714709
0.01723738309
0
0.01515521875
0
0.009141883034
0
0.02364455526
0
0.002157183693
0.02486399615
0.03609663744
0.01116515103
0.002259696648
0.007411027881
0.04100658389
0
0.0003571864058
0.01269639245
0.0002347849412
0
0.01592913104
0
0
0
0.002419153727
0.008390751131
0.06942921074
0
0
0
0
0
0
0
0
0
0
0
0.005777979731
0.01883770603
0.02730924142
0
0
0.01966057183
0.007779212771
0.002688450512
0
0.001843910323
0.04756923557
0.01571805692
0.04939667389
0
0
0
0
0.05514167679
0
0.03331859822
0.03226119891
0.003589124057
0
0.01850626867
0
0
0
0.009354876867
0
0
0
0
0.004765377522
0
0
0
0
0
0
0.001713383739
0.02973080741
0.02488598435
0.01554789241
0.008816763142
0
0.01255383346
0
0.004433697871
0.01664103332
0.01293316256
0
0.03294928973
0
0
0.01331031722
0
0
0
0
0
0.0495557624
0.04597505724
0.01459166324
0.03839709002
0.009947500756
0.03117548911
0
0.02572454768
0
0.008483814178
0.004608224055
0
0.003049352058
0.0368982831
0.04463104224
0
0.0002723448752
0.01853850226
0.01518863131
0
0
0.0003925670914
0
0.02371430671
0.01247598628
0
0
0.01751954787
0.002628651458
0
0.0045199663
0.004341175599
0.02312067795
0
0.02481075212
0.0005845037757
0.03247835319
0
0
0
0.03622750475
0
0
0
0
0
0.02616764234
0.04343619026
0.02117745082
0.04423342593
0
0
0
0.00468070678
0
0.01079855843
0
0
0.01085173912
0.006455313212
0
0.0346333675
0
0.04098804359
0
0
0
0.0117887767
0.02732698935
0.04256472749
0
0
0
0.01780394629
0.007222907104
0.01547072208
0
0.02297506272
0
0.009480867145
0
0
0
0.0006437036055
0
0
0
0
0
0
0.04207130221
0
0.02772174816
0.03302547925
0
0
0
0
0.0570222585
0.04175580766
0.00E+00
0
0.003074317353
0
0.02142437991
0.02185471197
0
0.03658840594
0
0
0.03794097077
0.00967607916
0
0.05171837002
0
0
0
0.0145234771
0.007918097292
0.0164270737
0.02458051432
0.005443157003
0
0
0
0.03022945197
0
0.00166167383
0
0
0.04398068325
0
0
0.01143984405
0
0
0
0.04471968533
0
0.02113578716
0
0.03381804601
0.02319571359
0
0.003210110564
0
0.00E+00
0.001291912414
0
0
0.01436572888
0.005067363328
0.05411312495
0
0
0
0.01102042512
0.03505779415
0
0
0
0.02086484189
0
0.03533921411
0
0
0.01018377864
0
0.01414434167
0
0.002598192897
0.03052181593
0.006422411203
0.007608578608
0
0.03418566978
0
0.04637616055
0
0.009603146472
0
0.04162191746
0.001648547512
0.01600204966
0
0
0.0205222513
0
0.005385344274
0
0
0.02221560194
0.03304347472
0
0
0
0
0
0
0.02867093091
0.04083507407
0
0
0.04344160264
0
0.01545991776
0
0.03284407961
0
0
0
0
0.03131980756
0.05063749
0
0.04852290341
0
0.02266456075
0
0
0
0
0
0.02778291268
0
0
0.02622217431
0.002186619333
0
0.02653966461
0
0.004601743699
0
0.001683873307
0.007101441059
0
0.003800023046
0.01346473004
0.004426239638
0
0
0
0.008038586937
0
0.01224816845
0
0
0.03167630452
0.02691172646
0.02852711557
0
0.01566215323
0
0.01638356467
0.02398103387
0.03892067107
0.003937993378
0.01686410519
0.00E+00
0
0.01020683535
0.0326856174
0.02745926134
0.04205417599
0
0
0
0
0.05038946047
0
0
0.02128467529
0
0.00977510438
0
0
0
0
0
0.004661663867
0.02052066264
0.05710373297
0
0
0.02757297041
0.01720036556
0
0.01339209502
0
0
0.009204759932
0.01553231483
0
0
0.00503525762
0.001595625135
0.01989180054
0.004495918277
2.18E-03
0.008189384247
0.01797069268
4.80E-03
0
0
0.01580225097
0
0.0286434365
0.01767250501
0.0171743037
0
0.00474268181
0.005602756917
0
0.04232003311
0
0.002442175088
0.009971249079
0
0.02958305328
0.001995595362
0.01167144654
0
0
0.009241279262
0
0
0.04424866744
0.05016853324
0.004510860115
0
0
0
0
0.004459253171
0
0
0
0
0.01499689594
0
0
0
0.004468022268
0
0
0.01224273096
0
0.001344874318
0.06030128493
0.02159252657
0
0.04098268374
0.00556763508
0.02127863418
0.03405170982
0.01079189378
0
0.001533320655
0
0.02001585969
0.06979289389
0.03356657608
0
0.02440462911
0
0.01395937561
0
0
0.02750603779
0
0
0.006123449241
0.01229029444
0
0.0009326669772
0.01096924752
0
0.01824132379
0
0
0
0.01133917889
0
0
0.0290197159
0.01508219209
0
0.01843916008
0
0.006477885491
0.03698548474
0.02509689611
0
0.0006583784164
0.01846531741
0
0.02740043062
0.02007983433
0
0
0.02015131721
0.02554822615
0
0.02412442456
0.05152401192
0.03413304178
0.005442219725
0.0007139287568
0
0.02339237358
0.03270362033
0
0
0.005995436113
0.01196480828
0
0
0
0.0412893836
0.005683608189
0.02671790086
0
0
0
0.02870328167
0
0
0.02549444197
0
0
0.01692266243
0.002675876671
0
0.0157781054
0
0.01256441081
0.008178275531
0
0
0.02261086319
0.02454235407
0
0
0.003083955813
0
0
0
0
1.72E-02
0.03088047926
0
0
0.01091170098
0.011944003
0
0
0.01883318171
0
0
0
0.01514987474
0
0
0
0
0.02501356306
0.02917768984
0.01231512046
0
0
0.005366896294
0.0001542977543
0.04792435274
0.03064477956
0
0.005430463807
0.002035718223
0
0
0.0003710573961
0
0
0.02277640768
0
0
0
0
0
0.01180845103
0
0
0
0.0174691837
0.03425053769
0
0.01521305837
0
0
0
0.04861067153
0
0
0.07039909294
0.001638822309
0
0.009813508542
0
0
0
0.02061473827
0
0
0.003523510117
0
0.04223064086
0
0
0.07413821253
0
0
0
0.006757800898
0
0
0
0.0177581711
0
0
0
0
0.05023918287
0.07210559712
0.001502084088
0.01737624249
0.04323910233
0.0463831081
0
0.07079730477
0
0
0.02377394992
0
0
0.06148390124
0
0
0.001357957947
0
0
0
0.003203603302
0
0
0.0116185262
0.007499636473
0
0
0.02361610752
0.04741110527
0.01897925091
0.002125794785
0
0.006248079684
0
0
0.01681857949
0
0
0
0.06481630542
0.008786468264
0
0
0
0
0
0.007502188947
0.01288061989
0
0
0.02054706818
0
0
0
0
0.00936074418
0.02207799359
0.02631283117
0.05445968629
0.01686604844
6.89E-03
0
0.003894758739
0
0.000780105463
0
0.03465643544
0
0.02947424253
0
0
0
0
0.01037140608
0.005886272049
0.03150140142
0
0.008733694223
0.001732730657
0
0.02199279715
0.005812880643
0
0.02567782537
0
0
0.006283224024
0.005484525932
0.04207727463
0
0
0.04212623651
0.0005290502316
0.009520419004
0
0.02945305093
0.00533782582
0.02972640442
0
0.01856898048
0.0215174144
0
0.04605342196
0
0.002743909076
0
0
0
0.05009259467
0.03400746396
0
0.01156685371
0.03148150715
0.01219513195
0.03802328765
0
0.01680937882
0
0
0
0.0001888443518
0
0
0
0
0
0
0.02238755513
0.01045508221
0.02112457994
0.01347405049
0.002605888518
0.01690946866
0.01501180097
0.01853800985
0.007964737598
0
0
0.00109895029
0.009073741585
0.004780571538
0.03080446322
0.00E+00
0
0.01065811875
0
0.02159613959
0.02830526492
0.01207093948
0
0
0.03111450186
0
0
0.00932747306
0.007333229124
0.02792347188
0.02990686402
0.02004900719
0
0.01927516539
0.01411096138
0.002473729466
0.005375851002
0.0117142397
0
0.0170590219
0.0002072653445
0
0
0.02443826909
0.002922503226
0
0.02712576971
0.04490131048
0.02237655614
0.01367490415
0.03312185251
0
0.02290970427
1.72E-02
0.01304815919
0
0
0
0.01743170132
0.003412491869
0.001788120193
0.0147411336
0.004287920839
0.004971370976
0.01206714057
0.004022818994
0.003508414343
0.01746962361
0.004002321427
0
0.04382118823
0
0.01011772774
0
0
0.02186044307
0.01607127715
0.02103813099
0
0.01541026162
0
0.0007651963167
0.03075356054
0
0.006380057692
0
0.002973664801
0.03002656465
0
0
0
0.001920340838
0.009157760234
0.00889741329
0
0
0.02382147604
0.004806654462
0
0.005420523201
0
0
0
0
0.01604931928
0
0.004945310191
0.008148989643
0
0.007365158138
0
0
0
0
0
0.04115115085
0
0.0207907883
0.01381349847
0.02356966706
0
0.0175634495
0.01743611826
0.01339318265
0.002630088168
0.04455308116
0
0
0.02514065267
0.007934310532
0.0261209316
0.001177975388
0
0
0
0.03476198416
0.04314241122
0
0
0
0
0.02831723963
0.007360959875
0
0
0.02215235349
0
0
0
0
0.02580592215
0.02910537284
0
0
0.01069244354
0.06722900229
0.0112107675
0
0.06387876186
0
0.006586519782
0
0.02947357239
0
0
0.008829165041
0
0
0
0
0.006535929809
0
0
0
0.00818271866
0
0
0.01371759142
0
0
0.06181839953
0.00962261536
0.00708478731
0
0.02005649424
0.0001241910114
0.00775525467
0
0.0109811651
0
0
0
0.02322918062
0.0241240446
0.0277639312
0.04869195697
0.04456106867
0
0
3.47E-02
0.05240223725
0.03035462295
0
0
0
0.001226826842
0
0.01546114264
0.02512442396
0.0314719914
0
0
0
0.04205329247
0
0
0.005676753309
0
0
0.009145052457
0
0.01570317886
0
0.04914555672
0.01507179903
0.007586924474
0
0
0
0
0
0.0135143998
0
0
0
0.0002494718509
0
0
0.001554710411
0
0.01476672821
0
0.04497739271
0.03827749779
0.01291582808
0.04529699071
0.001932481207
0
0.004304333586
0
0
0.02017734411
0.008381631358
0
0.001411460797
0
0
0.01003212787
0
0.03506718716
0
0
0
0
0.01942332266
0.007962765252
0.06866768954
0
0.03814904063
0.03838260545
0
0.009071722731
0
0
0.0250331169
0.03289370992
0.001093174439
0.03447895934
0
0
0
0
0
0
0
0.00897050932
0.02345869479
0.01073203969
0
0.06256797385
0.01000860948
0
0
0
0.01004309424
0
0
0.01108112524
0.01527450847
0.01275157583
0
0
0.006518624554
0.04768925415
0
0
0.01975373705
0
0
0
0
0.02970190304
0.01548645181
0
0.03826289115
0.005844714375
0.002599206812
0
0
0.006891890459
0.03574012058
0
0.006167015446
0
2.68E-02
0
0
0.01495246133
0
0
0.01225978121
0.01844357664
0
0.02789139176
0.02716409336
0.004329502856
0.01094037994
0.02319967913
0
0.06567457379
0
0
0
0
0.01536479484
0
0.01673162157
0.01981445236
0.01551629531
0
0.0359621417
0
0
0.03829501483
0.001586458859
0.0009245812619
0.04943948044
0
0
0.01552258955
0.03833820407
0.01520307967
0
0.004775674713
0
0.01401704085
0
0
0
0.006467442113
0.01903112195
0
0.002476972459
0
0.005976634592
0
0
0
0
0.00886359576
0.01563001218
0.003730214351
0
0.0275301373
0
0.007194153702
0.007538167108
0
0.0299757926
0
0
0.0280489252
0.0523270403
0
0.00E+00
0
0
0.02934217708
0.01336925219
0
0
0
0
0.01262832873
0
0
0.01418040789
0.01769629376
0.03224111821
0
0.005157823292
0
0.02381911408
0.02526768234
0.05499843638
0.007101029833
0
0.008406095885
0
0.03542656891
0
0.007008742163
0.01119649929
0
0.00175334955
0
0.002102979219
0.02498135046
0
0.003059761596
0.05139891688
0.01988333087
0
0.02137470018
0
0
0.02856902899
0.02124561066
0.01316873649
0.04248487389
0.02646911155
0
0
0
0.003470496733
0
0
0
0
0
0.02522551478
0
0.009644673908
0
0.007187080905
0.02399122001
0
0.03345900287
0.008658062879
0.004338222928
0.03274656475
0.007456533547
0.01289888777
0.01277171255
0.005067167188
0
0
0
0
0.01470591935
0.02611577654
0
0
0
0.01607425312
0.005761342603
0.003949544153
0.01730729226
0
0
0.03657863429
0.01703205074
0.005529719486
0.02260592451
0
0
0.03445312313
0
0.02006582567
0
0
0.0159886208
0.03060524295
0.00181255567
0
0.00E+00
0.0109498363
0.00856005434
0
0
0
0
0
0
0
0
0
0
0
0.009222972867
0
0
0.007804329999
0
0.01683666358
0.06795930998
0
0
0
0
0
0.00E+00
0.01247312113
0
0
0.02133531862
0.03339273284
0
0
0.05279120538
0
0
0.04039150749
0
0
0
0
0.03666855717
0.01421931144
0.03333449632
0.05447183972
0
0.02902600029
0
0.002818547251
0
0.02961911117
0
0
0
0
0.003245643679
0.03648089151
0
0
0.02065633367
0.01733610544
0
0
0
0.03988641091
0.001757830188
0
0
0
0.02214543892
0
0.004855797815
0
0.01170840464
0
0
0.01296487655
0
0.0937118708
0
0
0.003692416791
0.05541539299
0
0.01673709943
0.03432402143
0
0.06159383352
0
0.0238406611
0
0
0
0
0.0131333793
0.00718154348
0.04807047336
0
0
0
0
0.00889654925
0.03644609615
0.005236806733
0.0159790756
0.01761373449
0.00800231596
0.0295109574
0.003581340213
0
0.00859804596
0.002345012179
0.02456672301
0
0.03175973934
0.01643721766
0.01084176377
0.02478216427
0.008947175713
0
0.006486134824
0
0
0.01129832757
0
0
0
0.05405459063
0.006032584242
0
0
0.0107076943
0.01680193845
0
0.01018217693
0.01983623075
0
0.02746237475
0
0
0.01274247876
0.00251725823
0.01733712839
0.03187010307
0
0.02278053538
0.0004688884809
0
0
0.01646958138
0
0.00102130765
0
0
0.009963127551
0.01278333817
0
0.04115783
0.02954609733
0
0.0243863918
0.02509945593
0
0.01742820672
0.01663394941
0.0237295119
0
0.01902903908
0.03223343576
0
0
0
0.00993561879
0.009142869099
0.03247125238
0.001501511992
0
0.03625097933
0
0.01743395065
0.0106677544
0
0
0
0
0.008756752909
0
0.01728106368
0.01384874018
0.01652396054
0.001382387214
0.006304763216
0
0.004664607599
0.001372175248
0.02906389029
0
0
0
0
0
0.01868983658
0
0
0
0
0
0
0.003757325286
0.05254447479
0
0
0
0.004408944598
0
0
0
0
0
0.02687918305
0.02669228367
0.007203317585
0.02669077883
0
0.02126559952
0.02101768026
0
0
0.03549420046
0.0119443361
0.009967623458
0
0.02521552437
0.07112625589
0
0
0.05191422806
0
0
0
0
0.007786122035
0
0
0.01408253451
0.001730591525
0
0
0
0
0.02839233266
0
0
0.03800434486
0
0.02381210549
0.02117995776
0
0
0.02589549221
0
0
0.05666616051
0
0
0
0.0492812311
0
0
0.01209299334
0.009984473847
0.0311561128
0
0.01089944711
0.0031357393
0.02673924814
0.0378235952
0
0
0
0
0
0
0.02357148423
0
0.04846100246
0.008996673934
0
0
0.01152842095
0
0.00881669299
0
0.00133553736
0.01770980317
0
0
0
0.04656592985
0.03823021675
0
0
0
0
0
0
0.0103779658
0.0501773248
0
0
0
0
0.007630405759
0.008103030093
0.04649324643
0
0.007834595373
0.00212016072
0.006489374738
0.009640317582
0.04421847049
0.02366784849
0.0196774105
0
0.0263520547
0.01536819919
0
0
0
0.001534018511
0.01042428267
0.04790047809
0
0.02323025904
0
0.01560193111
0.01376872641
0.04491613557
0.01430860334
0
0.02197752295
0.02225217236
0
0.009049188054
0.004657320957
0.02126843255
0
0
0.009439245104
0
0.03962153503
0
0.03515801924
0
0
0
0.02436732902
0
0.01886238448
0
0
0.01584570521
0.006950291408
0
0.02362959074
0.002819243977
0.03380371623
0
0.02595003662
0
0
0.004071866496
0
0
0
0
0.01909823417
0.02728398114
0
0
0.02953985376
0
0.02359868254
0.0629923111
0
0.003302413314
0.01486580465
0
0
0
0
0
0.00E+00
0
0.0384346457
0
0
0
0
0.01132563377
0
0
1.74E-02
0
0.02787289131
0
0
0
0
0.00463336982
0.03391117618
0
0
0
0
0.02482461812
0
0
0.03911496647
0.02098591146
0
0
0
0
0.005923191643
0
0.03105428897
0.01054162796
0.05589233699
0
0.01116399249
0
0
0.01932727022
0.01212883367
0
0.00873292525
0
0.01304566824
0
0
0
0.001701573881
0.02123747473
0.0178162461
0
0.02962879731
0.02923853849
2.06E-02
0
0.002062751931
0
0
0.01250654495
0.01774645784
0.01029993436
0
0
0
0.04325033511
0.03560509261
0
0.02794741024
0.001951691943
0
0.001596872789
0
0
0
0.02060665638
0.001859321644
0
0
0.04271606695
0.02988119121
0.02127023286
0.01095759714
0
0.03548126729
0
0
0
0
0
0.008027201318
0.003919148716
0
0.0206166547
0
0.02414161693
0
0
0.003611164166
0
0.01114801126
0.04506235474
0.04982461372
0
0.01550048184
0
0.01173822246
0.03397986672
0
0
0
0
0.04622643138
0
0.006902732311
0
0
0.02383912192
0.009352969766
0.04701633485
0.01298789919
0
0
0
0
0
0
0.01985580066
0.01565024687
0.004007263583
0
0.04605842767
0
0
0
0.05566127305
0.04286786281
0.01921561389
0.02868338729
0.01876200655
0.007027297666
0.01601370917
0
0
0
0
0.008795007558
0.03145564586
0.0103017913
0
0
0.009855572707
0
0.01385954239
0.01119275086
0.001170596641
0.01234030113
0
0
0.01000218492
0.01778738622
0.02332158434
0.04963532945
0
0
0.009229773622
0.007635024743
0.03090393403
0.006950271602
0
0.003475110524
0.01372429499
0
0.005015333663
0.008196720001
0
0.003524682619
0.01411129579
0
0
0.003888281358
0
0
0.0007744789762
0
0
0.001416636118
0.005764905385
0.006639722499
0.04070465727
0.01898856598
0.02510870744
0.03263351857
0.004212485727
0.02720096491
0
0.00E+00
0
0.005048538259
0
0.02036733515
0.01723410784
0.02678464179
0
0
0
0.04061993914
0
0.01579090788
0.01949822022
0
0.001998450907
0
0.008854804966
0
0.01782484542
0.02534665214
0
0
0
0.03890124331
0
0.02630748168
0.0212435964
0.02638582533
0.02116458378
0.02114575247
0.019702191
0
0
0.02760656856
0
0.02261694202
0.00233584335
0.01127254627
0
0
0
0
0
0.01275006274
0
0.03573494071
0.03248110342
0.05859043305
0.02604705254
0.001372959937
0.00E+00
0
0
0.004795752093
0.01944598897
0.02914626922
0
0.003542642663
0
0
0.003054425074
0.02477443031
0.003702682083
0
0
0
0
0.03148529037
0.02982043765
0
0.003109850696
0.03462286933
0.02875198173
0
0
0.04273304683
0
0.00510429163
0.01719716546
0
0.009419738424
0
0
0
0.06551621623
0.007067110871
0
0
0.01332133686
0.008084210531
0
0
0.007814906243
0
0
0
0
0
0.02349789769
0.009997778981
0
0
0.01772091292
0.02664914849
0
0
0.01886786762
0
0.0157827429
0
0
0
0
0.003513834998
0
0.02328953889
0.01748459524
0.001450276359
0
0.01001303645
0
0.01687290781
0.01995161819
0.03184597106
0
0
0
0
0.03094945487
0.01048371032
0
0
0
0
0.01398509612
0.008520240345
0.02043548268
0.003583245249
0.03548710072
0.03677564485
0.01814585512
0.01655739303
0.01031379294
0.02483844175
0.008048706916
0
0
0.003815198996
0
0
0.02233615314
0
0
0.01037441482
0.006634187255
0.008501360247
0.01116710133
0.03352518018
0.01075763757
0.00988686952
0
0
0
0
0.03342447884
0.0314712969
0
0
0.021304967
2.55E-02
0.04927963652
0.005141495263
0
0.002456115831
0.02766054152
0.002679628956
0
0.01087209953
0
0.007153841835
0.006508007002
0
0.04863508962
0.01027780093
0.003571166235
0
0
0.02242474217
0
0
0.00103527026
0
0.02814251302
0.003986645493
0.01695040813
0.002837970369
0.03042780634
0
0
0
0
0
0
0.05728535929
0.03636515537
0.02436121534
0
0.002982183783
0.001601480595
0.006135602329
0
0.03305382469
0.002555548724
0.01802943637
0.03689512089
0
0
0.003276900348
0.04535873261
0.01710308515
0.002178885336
0.04005537391
0
0
0
0.04173972205
0.01370013727
0.001071967666
0.007966060756
6.26E-05
0
0
0.0006192860275
0
0.009404515285
0.02042767368
1.91E-02
0.02238142832
0
0
0.01409785211
0.009453852674
0.007797552079
0.05356240057
0
0.002229415337
0
0.01168884678
0
0
0.01325432194
0
0.01524600697
0.04371680263
0.005213374161
0.01138859391
0.01098184492
0.002986220618
0
0
0.01897755162
0.003009258672
0
0
0.02939212762
0
0
0.01409916001
0
0
0.002763330215
0
0.03979090721
0
0.04648271347
0.003486857655
0.007481296332
0.01785122071
0
0.003800657834
0.03422474404
0.007851164243
0.04486007892
0.02457863206
0.03179779807
0
0
0
0.01792840764
0
0.01480063456
0
0
0
0.01125893858
0.01104799547
0.00343328099
0.008486865372
0
0.02662405952
0
0
0.01233998803
0
0
0
0
0.0269975665
0
0
0
0
0.01329570267
0.02193056101
0.01939648334
0.01838031646
0.002101853889
0.01437715727
0
0
0.008488140048
0
0.01005962269
0
0
0.004606353341
0
0
0.00780533228
0
0.01034652607
0.01796000378
0.02724597912
0.02834571073
0
0
0
0.01013130711
0.007710124734
0
0
0.02588045375
0.02920682025
0.02007235278
0.0267860468
0
0
0
0.02619353507
0.0111497764
0
0
0
0
0
0
1.92E-02
0
0.0002267315415
0.006278632865
0.02953270004
0.02211554075
0
0.04091950221
0
0.005128695058
0.0321493595
0
0.009937803516
0.01106814199
0
0.028823407
0.005149987539
0.004311325831
0.005058875873
0
0
0.005270838387
0.02932262371
0.01172838099
0.02264538084
0
0
0.01712968908
0
0.01813820203
0
0
0.02220510976
0
0.04163306226
0.007353929519
0
0.02738436215
0.005343276192
0.03817216574
0
0.009601525435
0.003898311509
0.02556968626
0.02896843437
0.004685102757
0.003542671576
0
0
0.01430258755
0.03376254894
0
0.01760040321
0.0304070195
0
0.03318990761
0.01077694738
0.007794746076
0.01668459474
0
0.005836875461
0
0.01043626685
0
0
0
0
0
0.01628887665
0.03953343161
0.008080236506
0.02152984355
0.001794428448
0.01161478771
0
0
0.01403052548
0
0
0
0.01715708344
0.02621311791
0
0
0
0
0
0
0.01424546533
0.02469990197
0
0
0
0
0.03870624838
0.02800819578
0.080917886
0.0419571018
0
0
0
0
0
0.006997261805
0
0
0.01281456722
0
0
0
0.03045557152
0
0
0.02596541758
0
0
0.01667930235
0.0262406627
0.0125676984
0
0
0
0.03315269683
0.004109754872
0
0.001840567828
0.02246305458
0.007667245376
0.01431147919
0
0.002273688269
0.03136692165
0.0113816278
0
0
0
0
0
0.04391936187
0
0.04889727857
0
0.07546338567
0.001299447075
0.01396788087
0.02238744087
0
0
0.01784114097
0.003013904757
0
0
0
0
0.0434261727
0
0
0
0
0.02152428568
0
0
0.02457361231
0.01005000292
0
0
0.02368108815
0
0.001289487959
0.002694163023
0
0.03250452307
0
0
0.03680577262
0
0
0.03533767732
0
0
0
0.008002202529
0.02611082451
0
0
0
0.0682668437
0
0.001235963121
0.01665002746
0.004706110034
0
0
0
0
0
0
0
0
0
0.01907647576
0.006195475621
0
0.01295295639
0.03818562598
0.009076185305
0
0.02029584387
0.00746410748
0.01419769724
0
0
0.0337785472
0
0
0.04806377862
0
0
0
0.04663722272
0
0
0.03385429372
0
0
0.01912983718
0
0.04506076754
0.0124192989
0.05601968786
0
0.00288903042
0.03697689731
0.02214726203
0.01805989606
0
0
0.02027444023
0
0.0441654505
0
0.01119380146
0
0
0
0
0.00576877456
0.01385757881
0.01446124683
0.01722500413
0.008887215555
0.01541116389
0
0.01010748111
0.02273437133
0
0.01494588146
0
0
0.004347843782
0.0197140922
0.02680607239
0.002150293802
0
0
0
0.02310363954
0
0
0.008769014083
0
0.02006999736
0.02426775239
0.02972058227
0
0.02833935561
0.0005289660582
0.03100772324
0.03616357889
0
0
0.01140748162
0
0
0.02992959716
0
0.04231732605
0.02419645259
0.02744841698
0
0
0
0.006502479589
0.01114794996
0.03156895762
0
0.0001101022338
0.02255785473
0
0
0
0
0
0.05498406094
0
0.0146713508
0
0
0
0.06879874745
0.003465131433
0
0
0
0
0.01596268214
0
0.0383016654
0.005802350786
0.002775664405
0
0.008105111912
0
0.01747779015
0.03018189758
0
0
0
0
0.003806270822
0.009807572154
1.37E-02
0
0.00E+00
0.02443433192
0.01306975612
0.02562624411
0.007469228791
0.03505980118
0.0187342135
0
0
0
0
0.05142674478
0
0
0
0
0
0
0.02036356613
0
0.03694609355
0.001873392334
0
0
0.04832441285
0.04622540068
0
0
0.00899590998
0
0.008221072435
0.009528469661
0.008309522717
0
0
0
0.001947897373
0.02639759343
0.009293138823
0.03215583176
0
0
0
0.05700066784
0
0.0221315266
0.02678992662
0.02657553786
0
0.009408982488
0
0
0
0
0.04107647469
0.004859249749
0
0
0.008560666503
0.05041037131
0.008065636651
0.005518008875
0
0
0
0.006412946884
0.04641049952
0.007805042565
0
0.002304630037
0
0
0.005740348055
0
0.01392089899
0.01141520702
0
0.005610128492
0
0.01140429654
0
0.04016179536
0.006688910237
0.02689768688
0.03411713074
0
0
0
0.01220577194
0
0
0.03622985657
0
0
0
0
0
0
0.01112546641
0.000166894818
0
0.05303868976
0.002374916746
0.001575138401
0.01957709442
0
0
0.0004926262234
0.01948541772
0.02286325341
0.06442297014
0.03129437879
0
0.02387347499
0
0
0
0
0
0
0.02258822946
0
0
0
0.03328273126
0.01773968038
0
0
0
0.02444496449
0.00900407404
0.006476232726
0.007130555362
0.02291299748
0
0
0
0.006058987044
0.004388034321
0.009264187619
0
0.001371551036
0
0.003618355105
0
3.80E-02
0.01065684758
0.01514566123
0.02299473789
0.02935693578
0.005049876912
0
0.004550611456
0.0496247034
0.04118044006
0
0.01180445355
0
0.001201115066
0
0
0
0
0
0.02313105846
0
0.02518019009
0.02774481537
0.003070367005
0
0
0
0
0
0
0.05344170053
0.02247469042
0
0
0.02688818976
0
0.01007767269
0.0418186768
0.002607036761
0
0.01227911766
0.01931828331
0
0
0
0.0171702348
0.03955677511
0.004893585861
0.02023479969
0.01736471092
0.02770422978
0.01425556536
0
0
0.02129491987
0
0.03359412179
0
0.002280283509
0
0.01003349926
0.01466642363
0
0.02714489519
0
0.003400234116
0
0
0.04049039845
0.02036186313
0
0
0
0.02632387902
0
0.01589556081
0
0.02185385657
0
0
0.014038284
0
0.009638409744
0.02013540054
4.47E-05
0.02889329497
0
0.01891317987
0
0
0.003228432407
0.05601939475
0
0
0.02787050527
0.005698153835
0.02516375178
0.04430285834
0
0.04101967133
0.001927232613
0.04857397233
0
0
0
0.001828379474
0.01676268541
0
0.001414693138
0.01626268809
0
0.03003306739
0.045701625
0.02474861079
0.01204305641
0.01807946692
0.02470176486
0
0.03109064082
0.01253218602
0.02474494146
0
0
0
0
0
0.02647187754
0.04111480423
0
0.0005892388533
0
0
0.01562684519
0
0
0.0003032281662
0
0
0.00939914803
0
0.04271317482
0
0.03175113116
0
0
0
0.02224638228
0
0
0
0
0.006922731504
0
0
0
0
0.01824510435
0.05008433621
0.01963177747
0
0
0.01327165277
0
0
0
0.02779127552
0
0
0
0
0
0
0.01985014484
0
0.02672227187
0
0
0
0.01863738767
0.02191657044
0
0
0
0.02308800619
0
0
0.005004500459
0
0.006128216061
0
0.00479813504
0
0
0
0.05373624294
0.009333546045
0
0.01562894411
0
0
0
0.02335623272
0.05006965166
0.01841892084
0.02485800668
0.01572153142
0
0.05569557269
0
0
0
0.01163956512
0
0
0
0
0
0
0
0
0.01199386979
0.004237358325
0
0.01203470627
0.04134330037
0
0
0
0
0
0.03930523151
0
0
0
0.02658905165
0.04515981761
0
0.001810711792
0.03964701363
0
0.009318704496
0
0
0
0.01457147838
0.05119836642
0.01893575932
0
0.04386981472
0
0.02988462908
0
0
0.02803935286
0
0
0
0.01020595265
0
0
0.02869551923
0
0.03433036972
0
0.03101957758
0
0
0.004429842666
0.02909317396
0
0
0
0
0.02096716441
0.06528820347
0
0
0
0.017420535
0.0005358067788
0
0
0.01380315872
0.024288495
0
0.0383152687
0
0
0
0
0.01891076603
0
0
0.02610992361
0.01884571638
0
0.006300560639
0
0
0
0
0.01268301752
0.01597334568
0.01975039307
0
0
0
0.01117653371
0
0.03570164735
0
0
0
0.0008144314254
0
0.04324018748
0
0
0
0
0.0003274406941
0.03934794226
0
0
0.03204053284
0
0.03380709005
0
0
0.02738122756
0.02949900664
0
0.005656416757
0.02044102477
0.03474104004
0
0.0009388173379
0.03204814647
0
0
0
0.05305405291
0
0
0.006129345515
0
0
0
0.008589147602
0.04620311444
0.00439049282
0
0
0.01302692587
0.009779343316
0.004139913581
0
0
0
0.05144018872
0
0.008325043503
0
0.02436773513
0
0.01635983193
0
0
0
0.00E+00
0.01283113498
0.0148447539
0.02603503595
0.04543894641
0.0275429754
0.04052166051
0.02688188502
0
0.01330804272
0.001777550337
0
0.009243994482
0
0
0.01979614078
0
0.02368236791
0.0009227258258
0.01886700467
0
1.58E-02
0
0
0
0.02162140735
0
0
0.007778244518
0
0
0
0.02620700961
0.02487720401
0.00193229631
0.02717114168
0
0
0.04840286744
0
0
0
0.02026033743
0
0.01256637207
0
0
0
0
0
0
0
0
0.01743003284
0.04556800181
0.05121033165
0
0.01316878954
0
0
0
0.01818669634
0
0
0.009406422922
0.03673906893
0.01169211865
0.0009378397747
0.01036948339
0.03605111331
0
0
0
0
0
0.03679027275
0.02940020458
0.01600042957
0
0.02294312188
0.00364317337
0.04641657484
0.02646200854
0
0.01688393767
0.02860456453
0
0.02312693012
0.01956679518
0
0.004546509354
0
0.01151285522
0.02949463209
0
0
0.01675385664
0
0.008748249382
0.02942386625
0.0003655373075
0
0.004247166776
0.03538870819
0.01334659577
0.03131749298
0
0
0
0.01753891662
0.02968706791
0.01379847174
0.009194468442
0
0.008922079587
0.00623615482
0
0.02794116233
0
0.02553290077
0.03721740056
0
0
0.03894931049
0
0
0.01702653575
0
0.005935180515
0
0
0.02383894308
0
0.04785489393
0.009974226889
0.02056163124
0.0132831226
0
0.01347811066
0
0
0.02626390034
0.004927547592
0
0.007795015307
0.003757269235
0
0
0.003861811132
0
0
0.01688759443
0.00837477763
0.008743146222
0.005782728635
0.01220888462
0.03019442723
0
0.008280707439
0.01249191714
0
0.02448959026
0.006920403858
0
0.03004651437
0
0
0.008627619941
0
0.0131241567
0
0
0
0
0.04387665147
0
0.05926086172
0
0.02335797861
0.01002943434
0
0.01243600387
0
0.02746748956
0
0.02070828262
0.0167607469
0
0
0.02830690466
0
0.005202032392
0
0
0.006692992652
0
0
0.02919927887
0
0.06416754418
0.04731639155
0.003195196846
0
0
0.00227361976
0
0
0
0.01297200052
0
0
0
0.0246873039
0
0
0.002263270869
0.0005570831516
0
0.02968771551
0.00416034871
0.03402088984
0
0.03639842162
0.04343762829
0.03348283043
0
0.005687421269
0
0
0
0.0138270522
0
0
0.01958870063
0
0.006748529359
0.02454236495
0.005570118464
0
0.01723444628
0
0.04964376535
0
0.02268504191
0
0.009556167983
0.006502162344
0
0.005793990679
0.03345216063
0
0.02089285666
0
0
0
0
0.005901701747
0.002692313703
0.01740196655
0
0.01523003012
0
0
0
0.02501969176
0
0.01719665016
0.01304176565
0.005687963686
0
0.02669309676
0
0.02317673243
0.005169760279
0.03338267187
0.003640428618
0
0
0.03833379587
0.01918420491
0.02750162587
0.002242323086
0.03786982801
0.01466104907
0
0.04425870272
0.02368764776
0
0
0
0.01291673987
0.0210362226
0.01751339447
0
0.001890635511
0.007996478738
0
0.004149315694
0
0
0.0324066961
0.01766852956
0
0.001776310025
0
0
0
1.73E-02
0.005524808099
0
0.01701257515
0
0.01249595254
0
0
0
0.02232087478
0
0
0.002522792415
0.001339655477
0
0
0
0.04314459141
0
0
0.0424419353
0
0
0.00457762445
0
0
0
0.01070604105
0.0268006331
0.01390350883
0
0
0.04824343633
0.002441264829
0
0.02666185768
0.01936183935
0
0
0
0
0.02437698507
0.01326841924
0.01273798067
0
0.01774995146
0.02701258588
0.01217226798
0
0.02453995749
0.01725419526
0
0.01769992405
0.01750869207
0.01742602776
0.01703570483
0
0
0.02241021455
0
0.01994954821
0.02124443104
0
0.01004357344
0
0.02993750502
0.02088125172
0
0.01799781199
0
0
0.004971777554
0
0.03800122995
0.02076114218
0.01816344325
0
0.01227752291
0.02561184285
0.02638170475
0.008410634428
0
0
0.008938887702
0
0.01650003101
0.005617323807
0.01822538812
0.0009256818726
0
0
0
0.009184951364
0.03099590707
0.02730119627
0.03677320569
0
0
0
0.01430129081
0.01591041989
0
0
0.01711736748
0.01450777385
0
0
0
0
0
0
0
0
0
0
0.01693123183
0
0.01753886861
0.03263607417
0.007305791912
0
0
0.03285322443
0
0
0
0.02848138096
0.01311667578
0.00174628141
0.00996931777
0
0.01747152323
0.002770190955
0.04521553472
0.04138861768
0
0
0
0
0
0.04043506519
0.01412043642
0.02207841469
0.02633729536
9.63E-05
0.0007054604749
0
0
0
0.006732616016
0
0
0
0
0.04485386251
0.03413771878
0.01794549557
0
0.00E+00
0.01987469398
0
0
0
0.0514460563
2.95E-02
0
0
0
0
0.00347106261
0.01746308014
0
0.02555032872
0.01067226513
0
0
0.01537463421
0.03633920597
0
0
0
0
0
0.01950408952
0.09088656814
0
0.04054009991
0.01172878678
0.03739023242
0.006864925572
0.03194968812
0
0
0
0
0.00605107773
0
0
0
0.02789260362
1.10E-02
0.01930468507
0.01584212537
0.001793176023
0.006514787272
0
0
0.01177621774
0.02856561122
0.04157802023
0.008499640718
0.01047344447
0.02100836582
0
0.01069724903
0.01537269109
0.03386192601
0.01818688374
0
0.008782261235
0
0.02703782387
0.006591354953
0.02682973222
0.04387724336
0.03693329626
0
0.01163939646
0
0.01617372885
0.02040182883
0
0.01181193555
0.01668603025
0
0
0
0.01067956975
0.02735133252
0.02551937253
0
0
0
0.002742257055
1.46E-02
0.01917625973
0.02482708214
0
0
0.00E+00
0.01593561129
0
0
0.03174916457
0
0
0
0.02203349076
0.03207677784
0
0
0.0408829731
0.02494477393
0
0
0
0.01518489774
8.34E-03
0
0.0001845031878
0
0.01204277087
0.03639192937
0
0
0.02259429611
0
0
0
0.01305551445
0.01862174506
0
0
0.01620911374
0.007818092851
0.0006622175578
0
0
0.001109958338
0.0009530772964
0.001794177016
0.01627416888
0
0
0.003402062095
0
0
0.04633655836
0
0.01625988463
0
0
0.02572394578
0
0.04065192113
8.20E-03
0
0
0.02597703881
0
0.02995132574
0.02809867406
0.022899237
0.005340450133
0
0.02310958408
0.01640997405
0.001962155995
0
0.007237147248
0.01708127145
0
0.02948658554
0.009714071123
0.01949268309
0
0
0
0.006461392589
0
0.008821177197
0.003254881327
0.01680571018
0.0007078069066
0.03398339551
0
0
0
0.01105855411
0.03083989258
0
0.003355107782
0
0.00535026642
0.00E+00
0
0
0
0.01164432771
0
0.01372225175
0.01249894505
0
0
0
0.01290283985
0
0.03321568055
0
0
0
0.005130550726
0.0003965149128
0.005766092602
0
0.02979873206
0
0.03295558421
0.02430620092
0.0005429310235
0.002947906955
0.04568447825
0
0
0
0.02324156521
0.0238397657
0
0.04282108322
0.01579972566
0.02586774056
0.008193086304
0
0.01123375095
0
0.02668493249
0
0.02039967195
0
0.03235951782
0.02328101679
0.01314322757
0.0127043015
0
0
0
0.05250027209
0.001299554019
0
0
0.003140640278
0
0
0.04444669638
0.04332323229
0
0
0
0
0
0
0.02193385906
0
0
0
0.05595107498
0.03675767249
0.004851224762
0.008219882909
0
0
0
0.01966846648
0.003435324842
0
0
0.01948113168
0.0004130967384
0
0.01731801913
0
0
0.007482031932
0.02757708774
0.04482644528
0.01211894026
0
0
0.02356681522
0
0.03597311353
0
0.03753260268
0.01377394056
0.01047858218
0.005661404621
0.01246471454
0
0
0.01610620038
0
0.02813978356
0
0.00715901715
0
0
0
0
0
0.01594580193
0
0
0.02213628805
0.02367769441
0.0345410045
0
0
0.02912806154
0
0.01584572332
0.009533597079
0.01667831846
0.01577407012
0
0
0.003113236422
0
0.001061052547
0.01749643152
0
0.03038954022
0.01639996963
0.008553220875
0
0.04704349638
0
0.01175502634
0
0.03967684077
0.03151378551
0.03930771437
0
0.01176876464
0
0
0
0
0
0
0
0
0.02535564797
0
0.01462106538
0.004349014065
0.04447350051
0
0
0
0.0004278766618
0.02477052019
0.02193053766
0.01481234457
0.02693977682
0.01797894775
0
0.02400140613
0
0
0
0.01401048976
0
0.01470305179
0
0
0
0.03961985168
0
0.02929145937
0.03588165285
0
0.01662523163
0
0
0.02183746728
0.005034095146
0.01033095929
0
0
0
0.004630147053
0.03595245664
0.01551619234
0
0
0
0.01903349645
0.01694408408
0.01439236211
0
0.004033586122
0
0.009688799727
0.02982116955
0.01866538154
0
0.01102821587
0.00352374369
0
0.02097537477
0.02910311707
0
0.0009910863749
0
0
0
0.02263126918
0.005906580004
0.00206332054
0.01156511359
0
0.02505400437
0.0004865695493
0.02856894551
0.01022988196
0.004986904203
0.01130211031
0
0.02591154358
0.01946685411
0
0
0.001426727623
0.001535350359
0.003435692659
0.01451444495
0.01451821583
0.02389585732
0.00888260907
0
0
0.01494841577
0.01443585391
0.02451631526
0.03735734532
0.01198352896
0.001545499875
0
0
0.00E+00
0.01753693634
0
0
0
0
0.003028765403
0.0006209049598
0
0
0
0.04516062038
0.002733689561
0.004624889904
0.02777194638
0
0
0.02658882076
0.02022780876
0.005346426667
0
0.0289955532
0
0.04219417335
0
0.01136253111
0.01007073505
0.01935596425
0
0.04086611686
0.03946759608
0
0.004039993571
0.005723497914
0.01345713489
0.03632794028
0.006988388788
0.008828220041
0.01717230031
0.01997176238
0
0.02239069686
0.01369559164
0.008569268924
0
0.00557326069
0
0
0.03381280627
0
0.001359448498
0
0
0.001142816163
0.01064658281
0.0002235328585
0
0
0.002846385583
0.0447805978
0.002785366882
0.04624704902
0.02285476227
0.01303477731
0.02914358968
0
0
0
0.009504045436
0.01435516927
0
0.006799105413
0
0
0.001741437114
0.01364093245
0.01409413075
0
0.004015206328
0.01769029952
0
0.02436346789
0.0002018939033
0.04459000468
0.01279222131
0.009852975422
0
0.0280834038
0
0.001113692435
0.01299005077
0
0.009956851442
0
0.03113758361
0.002393090626
0.03944445389
0.001207669804
0
0
0
0
0.06696009736
0
0
0.01443872522
0
0
0
0.005340584386
0.03907974532
0
0
0
0.0249954825
0.02857201587
0.03943498073
0
0
0
0
0.05315110017
0
0
0.00687284169
0
0.04995693764
0
0
0
0.02579502549
0
0
0.0004787687042
0
0
0.08567810708
0.05407454686
0.011614287
0
0
0
0.01847521978
0.02511651504
0.01155001425
0.01207384517
0.03317350793
0
0
0
0
0.0127973325
0.007007698666
0.0156971487
0
0
0
0
0
0.004773116375
0.00183502788
0
0
0
0
0.01208716277
0.01449553313
0.04548787594
0
0.01301073499
0
0
0.002654934245
0
0
0.08247683176
0.008249943298
0
0
0
0.006127262349
0
0.02343892034
0
0
0
0
0.006895199401
0.01355102463
0.04954834878
0
0
0
0.01048458458
0.02958150312
0
0
0.006912531629
0
0.02605493671
0
0
0
0.002519269273
0.03919690231
0
0
0.02794170765
0
0
0.01160846239
0
0
0
0
0
0
0
0.05234643425
0
0
0
0
0.01008108229
0.007380816223
0
0
0.04046963534
0.05514879095
0
0
0
0.00806969464
0.009979377998
0.01487300376
0.02501704469
0
0.01400087204
0.01023295775
0.01754895574
0.00E+00
0
0
0
0
0.003117882818
0.01479529617
0
0
0
0.04665095622
0.004024681514
0
0.01164831141
0.01418211921
0.01685935951
0
0.02650705522
0.003323359242
0.001603018866
0.02549320641
0
0.03131588221
0
0.04417213741
0
0.04514888857
0
0
0.01348611905
0.001998926752
0
0
0
0.06281908011
0.003278672796
0
0.02431580196
0
0.03808617959
0.001769530416
0
0
0
0
0.006373899131
0
0
0
0.03131924874
0
0.03187108371
0
0.02645607455
0.02377608054
0.02063933407
0.02000295188
0
0
0.002382473849
0.01400376055
0.04216362024
0.00391693753
0
0.02908764726
0
0
0.01548846929
0.01148591506
0.02291869081
0.0154928158
0.006972056823
0
0
0.003322393623
0
0
0.009521691959
0.02698973936
0
0
0.01074414684
0.00160369961
0.00367076196
0.02860386131
0
0
0.0001533039328
0.06099768926
0
0
0
0.008178674902
0.0221434217
0.004694234086
0
0.05110223802
0.0390556405
0.04576876107
0.01375649135
0
0.03245472386
0
0.01463381241
0
0.009830859193
0
0
0.002498992879
0
0.06255893078
0.006446098917
0.01344658185
0.0674368038
0
0
0
0.01183145956
0.00232300309
0
0
0
0.02179910444
0.003514142913
0
0.01463989593
0.01307119103
0
0
0
0.006430211777
0.03125490121
0
0
0.02719434501
0.02192670653
0
0
0
0
0.01049592346
0
0
0.05050818809
0
0.01512624824
0
0
0
2.49E-02
0
0.04526566829
0
0.01893855468
0.03234318789
0.003504821083
0
0
0
0
0
0
0.02929036795
0
0.0003070487512
0.003093031085
0
0
0.0221793033
0
0.03596705967
0
0
0
0.02219635259
0
0.01904081541
0.02442655263
0.03537421431
0.006427471282
0.01450449825
0
0
0.01408629339
0
0.004369659335
0.01055818236
0.02390954785
0.0109389435
0
0.02037585573
0.02727201883
0
0
0.05164707171
0
0
0.04080524292
0
0.001269707043
0.01682573851
0.03047305394
0.02686264306
0.02046677814
0.01698367241
0.04460824777
0.02904186504
0
0
0
0
0
0
0.02514401204
0
0.03810330961
0
0.01650966722
0
0
0.004410404602
0.0230200748
0
0
0.01938627163
0.04101039131
0.01162152407
0.02642197456
0.0008738866391
0
0
0.004886835844
0
0.01146734227
0.01530993041
0
0
0
0
0
0
0
0
0
0
0.04690023925
0
0
0.02620552933
0.02131876081
0
0.009933329034
0
0
0.003106050217
0.01776199308
0.002134187044
0
0.0033216473
0.004669092875
0.02318230928
0
0.01214197481
0
0.003317771315
0.03611521488
0
0
0
0
0
0.03746558909
0.02362232536
0.004719969235
0
0
0.01762545786
0.0469036568
0.02072153174
0
0
0.0006168684675
0
0.06018594039
0
0.007579722448
0.003981952411
0.01324020145
0
0.007853935204
0.01559640639
0
0
0
0
0.02317568756
0.006041503386
0
0
0.02257895508
0
0.03937685503
0.0461857757
0.03727318162
0.03708433198
0
0
0
0.010307551
0
0
0
0
0.01137042928
0
0
0.006214562379
0
0
0.002451119546
0
0.01680842566
0
0.02729122132
0.0276592581
0
0
0.009805297203
0
0.03353536923
0
0.009681116972
0.02145791329
0
0
0.007622584247
0
0
0.03179595654
0.01946032156
0
0.02553685358
0.01856032806
0.003452701352
0.003709270656
0.0140271509
0
0.03019428279
0
0.04451772683
0.04349291915
0.01679265436
0.02793909212
0
0
0
0.0005004934818
0.002739939476
0
0
0
0.009670652718
0.005053995611
0
0.001688587374
0.002923655396
0.008954919093
0
0
0.007511770106
0
0.0297930696
0
0.0397401086
0
0
0
0.008973405163
0
0.009517705647
0
0.01332228496
0
0.02282671415
0
0.02962631612
0.03621043681
0.02189300255
0.00E+00
0.05987324157
0.06921906478
0
0.01660080318
0.01782086351
0
0
0.02220877096
0
0
0.0065639898
0
0.0258004172
0.02440542742
0
0.006901319079
0.002356303405
0
0.01264047243
0.01570980941
0
0
0
0
0.005496960886
0.009369112257
0.0364957744
0.001462586232
0
0
0.04288479409
0.01445866765
0.00741290077
0.0123492116
0.01695281993
0
0.002349350035
0
0
0
0.01071068782
0.008426170168
0.008208402941
0
0.02691410046
0
0.02277130676
0.02228550744
0
0.01834472474
0
0
0.008994784405
0.0196344123
0.009129726554
0.0101418784
0.03794377516
0.004079143584
0.02471567787
0.01255157095
0.02490109294
0
0
0.02626849967
0
0.01330082982
0.001317270109
0.01906007746
0
0
0
0.002931728693
0
0
0.009509141493
0.002368424794
0
0
0.00767061391
0.01999706996
0.02583711441
0.02075492894
0
0
0
0.02955563458
0
0
0
0.0135268425
0.0145030801
0.0361280047
0
0
0
0
0
0
0.04520256653
0.04784354621
0
0
0
0.02457880404
0
0.02049339976
0
0.002869051357
0.003959555127
0.02625839676
0
0.0006240136522
0
0
0
0
0.04224522323
0.03395999565
0
0
0
0
0
0
0.01179878922
0
0.04859862998
0
0
0.02989317291
0.02101752287
0.009351114243
0
0.04299961319
0.003359084981
0
0.0001431591052
0.06563925652
0
0.00582218204
0
0
0
0
0.03147517991
0.03462083562
0.05129077244
0
0.0001236963576
0
0
0
0
0
0
0
0.01729109954
0
0
0
0.01732038693
0
0
0
0.02866846902
0.04236285709
0.009548617822
0
0
0.04033581016
5.41E-02
0
0.006320336502
0
0
0.05291848163
0.01762030342
0.02000511291
0
0.03731935426
0
0.005805694767
0.02414415426
0.007547178943
0.01168081094
0.001198976235
0
0
0.0006082175805
0
0
0
0
0.02219577357
0.01593918747
0
0.02943813398
0.006028073088
0.0231219506
0.01504747852
0.01497533438
0.01303610759
0
0.03196357146
0
0.01313745805
0
0.01062691262
0
0.0197942362
0
0
0.0449560254
0
0
0
0.005314317218
0
0.04317244785
0.01794728579
0.0008155423288
0.01627158363
0
0.009891966575
0.0226579714
0.01000010803
0.01742054188
0.0233969477
0.01360708923
0
0
0
0.03082952424
0
0.02136828129
0
0.03613224863
0
0.007424725734
0.0146226324
0
0.03168300981
0.05442663891
0
0
0
0
0
0.0003877081279
0
0
0
0.01661542565
0.005756275744
0.04339067683
0
0
0
0.00809098205
0.01886798695
0
0.0003567957007
0.01686670116
0
0.02881134586
0.01128373313
0
0.003437914059
0
0
0.005420436575
0.02462262766
0
0.01019003202
0
0.007484252587
0
0.03137005493
0
0.0200405965
0
0.006045298126
0.02718044616
0.0177388407
0.03008500432
0.01502246239
0
0
0.02830467029
0
0
0.005308065326
0
0.0226469843
0.005185939627
0
0.04496001218
0.01371968539
0.01359240419
0
0.02360376339
0.0560301453
0.0293370621
0.01446435595
0
0.001072490158
0.01139091338
0
0
0.0004920159805
0
0.00321443838
0.05749726813
0.009306562644
0.003422769197
0.0003925619008
0.02225034622
0
0.01971735503
0.01096663666
0.004688292892
0.003104029347
0
0
0.0167133203
0.01342126217
0.008462435617
0.02418062713
0
0.000140517155
0
0.02641275205
0.02538062217
0
0.01266339991
0
0.03218821027
0
0.02056473881
0.02218178775
0
0.01710647792
0.008717816907
0
0.02499543947
0
0
0
0
0
0
0
0
0.006917376315
0.04528702327
0
0.03557437907
0
0.006357305318
0.0008591840061
0
0
0.001234621971
0.01108676895
0
0.01959459166
0.02291245485
0.01075606606
0
0
0
0.01646506522
0