4 39 41 29 43 96 70 8 75 44 21 97 91 56 42 84 45 67 73 9 77 35 62 7 89 52 5 24 98 34
45 39 35 14 44 83 41 59 50 47 15 94 75 43 27 11 5 54 25 63 84 19 76 29 77 40 64 34 13 73
80 95 55 6 91 62 32 36 45 53 70 34 13 11 18 15 64 82 27 39 89 16 78 38 59 87 0 65 40 8
14 46 0 96 1 32 77 97 52 60 42 75 33 90 56 67 30 74 83 41 84 81 64 34 19 31 4 55 79 94
70 79 46 28 56 51 90 68 9 85 88 2 7 75 86 52 35 48 15 87 83 55 84 71 89 82 24 95 4 94
26 71 48 52 28 72 93 67 34 58 80 82 60 42 16 19 65 13 76 98 92 31 99 96 6 0 18 23 17 53
12 7 90 57 10 54 78 9 93 60 4 50 29 36 98 67 55 71 83 92 32 74 23 68 22 39 61 89 34 31
46 54 49 72 23 18 33 82 32 11 51 24 53 45 41 85 29 66 5 12 88 95 64 22 92 74 1 76 68 14
69 44 63 55 4 35 98 5 25 83 11 60 49 14 75 77 65 37 80 27 73 48 6 85 30 40 24 68 39 93
73 74 16 71 92 84 89 85 26 81 23 43 70 57 40 78 63 41 5 50 82 94 3 96 12 68 27 54 31 87
23 1 36 5 35 70 17 77 7 39 98 67 33 14 74 84 49 38 15 41 87 53 29 82 10 99 47 66 42 92
53 8 95 43 39 20 97 6 92 37 81 69 41 47 98 78 33 17 59 80 21 25 24 57 13 94 73 67 64 2
36 29 65 13 25 89 6 47 90 72 16 41 62 11 52 18 57 26 95 77 94 38 99 92 23 32 50 24 44 88
93 19 88 41 15 5 14 70 63 66 6 53 38 65 44 42 87 24 89 72 20 25 55 16 73 67 91 33 49 80
73 17 0 9 22 79 61 97 84 66 57 30 50 91 44 46 15 58 12 99 60 14 68 3 49 25 38 20 43 4
15 46 14 36 54 0 10 58 60 23 98 34 61 3 40 69 8 43 41 25 48 99 28 77 93 38 39 94 31 7
39 49 65 62 18 75 30 68 5 7 81 29 28 56 26 37 59 78 25 70 80 96 60 34 98 9 64 22 16 8
71 95 10 8 22 63 65 11 24 19 76 86 72 83 30 47 48 85 99 98 96 45 7 6 44 75 56 53 89 18
22 23 70 71 39 48 33 55 36 13 87 45 79 78 51 66 74 12 9 42 3 43 61 88 24 76 53 27 68 93
87 73 74 64 14 41 29 36 37 62 58 6 3 59 7 92 88 16 30 90 81 70 44 26 60 96 99 52 77 69
11 15 56 96 78 54 74 42 5 60 90 0 41 43 31 88 21 58 76 32 70 62 97 55 28 3 48 33 37 77
75 29 14 77 41 12 20 8 24 23 39 53 9 60 22 5 40 92 28 67 83 46 62 10 96 52 61 69 32 6
51 8 25 20 23 89 79 98 7 3 96 63 19 41 32 16 68 24 2 39 64 46 86 11 87 29 93 91 60 67
26 89 15 61 3 63 25 97 8 14 82 7 67 18 1 43 94 88 87 28 30 64 12 65 20 90 70 2 10 4
16 15 30 89 62 95 7 37 35 63 4 98 87 8 73 48 57 60 29 83 51 78 28 84 18 25 17 50 88 12
41 68 98 20 57 40 89 6 49 97 77 73 29 12 31 42 46 17 35 63 76 86 5 24 10 65 43 33 88 21
43 23 17 1 33 29 53 90 60 45 26 84 5 95 10 92 78 13 63 19 28 48 57 81 62 65 97 70 47 77
29 85 11 97 14 81 77 69 43 42 88 73 1 71 75 65 15 62 51 83 41 2 76 23 18 57 35 66 26 96
41 72 38 1 22 12 52 16 9 58 5 69 56 8 91 77 48 70 93 11 10 50 87 84 86 63 44 83 64 78
36 96 45 74 66 3 43 55 64 44 60 42 94 87 39 53 71 46 16 5 51 14 4 70 19 77 29 15 26 0
30 4 46 32 67 9 15 31 80 27 68 41 48 84 88 61 57 71 21 83 0 97 47 74 45 70 64 51 7 38
96 90 95 94 65 60 29 39 45 49 26 86 74 47 11 56 70 15 3 41 6 72 7 17 77 93 79 71 46 12
28 68 91 60 55 57 56 1 5 44 0 84 19 97 13 69 8 67 7 98 43 41 9 61 65 51 3 21 80 53
92 18 44 54 12 13 58 70 42 41 97 5 86 46 49 83 0 75 99 76 37 15 25 22 88 57 11 66 61 96
32 40 70 1 94 48 59 84 99 60 35 37 95 7 91 98 96 67 53 75 5 11 22 77 88 6 9 39 62 41
5 9 55 28 52 35 98 90 65 21 58 77 96 36 97 3 16 89 10 67 70 7 29 56 79 42 71 40 17 20
32 89 20 91 12 28 31 1 27 4 54 58 9 75 51 77 62 19 94 99 17 34 82 24 44 96 71 29 35 8
56 33 38 76 80 36 12 68 20 94 54 83 45 28 2 98 82 30 86 27 26 1 74 52 73 59 17 92 75 60
22 23 79 90 30 93 18 16 55 24 85 26 71 48 37 28 21 88 91 20 33 70 87 42 80 52 58 39 99 2
65 93 24 7 5 10 43 25 37 53 75 85 28 77 55 9 52 16 73 45 50 11 40 62 42 8 57 26 48 60
17 92 24 50 7 67 42 77 46 73 58 38 28 66 87 69 54 84 33 81 88 91 56 10 36 30 31 16 47 75
69 76 46 4 49 36 28 67 85 19 66 34 10 16 40 47 98 45 82 42 3 39 62 12 32 33 88 23 91 92
4 68 22 53 31 86 9 18 8 81 77 39 60 62 63 48 20 41 78 51 26 16 82 15 38 61 2 47 97 72
9 26 20 39 37 96 0 18 33 13 95 91 70 90 17 47 59 40 99 81 65 69 44 6 73 57 80 76 93 11
78 75 6 67 74 29 12 98 15 97 31 19 68 64 59 23 16 83 40 8 21 86 11 24 90 36 33 10 95 87
12 66 26 37 35 93 82 74 1 53 11 45 6 14 42 29 58 48 32 0 41 9 47 43 7 25 16 33 95 81
54 64 7 86 34 0 45 94 48 17 68 38 12 81 25 5 93 1 13 56 99 28 8 83 16 70 78 79 9 35
81 64 78 20 79 61 10 43 53 18 89 44 57 24 7 54 26 29 90 71 91 84 34 95 98 30 13 94 0 36
8 58 53 49 31 35 63 77 80 70 40 55 44 15 41 61 26 21 5 79 57 60 24 64 99 67 6 97 48 13
77 44 88 64 65 1 40 50 56 74 6 90 86 63 23 21 37 75 43 81 4 9 8 18 69 93 52 53 3 41
17 58 77 38 63 95 61 37 76 44 18 53 82 10 75 45 34 96 55 93 36 1 19 5 6 32 47 4 57 92
44 43 60 76 89 98 69 13 63 75 37 65 79 55 0 24 33 17 59 5 99 67 8 73 90 88 42 78 9 23
30 4 2 64 5 33 15 86 84 56 49 45 12 62 59 77 32 29 73 76 28 81 23 72 44 11 27 68 80 42
78 75 20 1 48 43 47 94 32 55 51 27 5 41 84 79 8 10 89 11 2 91 82 99 15 93 19 67 71 17
86 53 63 75 24 48 12 73 70 68 34 59 57 15 66 2 42 17 44 43 31 52 69 83 78 5 20 46 35 90
31 95 36 52 59 27 98 89 13 78 56 38 62 30 93 55 34 96 39 0 17 25 47 81 74 7 75 22 26 92
16 99 53 78 3 60 64 2 40 81 46 33 29 90 77 70 87 61 63 39 44 21 57 91 66 86 52 68 65 37
49 52 59 51 47 44 48 39 29 97 30 45 68 32 6 54 91 27 10 69 67 92 17 55 95 62 8 85 2 15
16 54 38 18 50 94 77 60 92 88 68 23 83 24 99 67 57 34 9 7 62 10 59 22 14 35 42 91 28 13
17 45 2 24 99 79 94 53 13 10 40 46 22 16 25 91 6 58 44 48 28 84 90 9 59 52 72 88 68 12
31 28 48 99 64 89 62 4 8 0 54 98 74 79 80 39 13 71 96 87 32 69 24 75 53 93 67 50 38 59
52 37 84 53 87 72 61 71 48 96 34 43 30 44 81 83 8 45 95 76 21 64 35 79 15 99 20 17 50 66
26 48 36 43 55 95 57 28 22 11 83 27 35 77 98 18 70 25 49 61 58 79 93 56 64 67 53 37 96 71
75 94 61 77 44 24 19 15 53 52 72 59 79 69 22 29 67 36 39 81 45 13 12 0 27 89 40 35 88 11
81 91 32 47 33 58 63 92 28 8 5 56 2 78 0 62 87 46 80 50 48 19 30 61 45 97 14 73 29 88
70 23 67 57 95 24 72 92 43 44 91 19 71 41 48 84 14 2 25 51 39 4 98 68 29 12 78 82 16 87
71 63 83 89 21 23 82 97 12 60 59 81 0 5 6 79 37 96 52 69 28 70 73 14 8 78 94 53 7 67
0 11 68 6 18 33 15 28 13 7 95 27 81 80 14 58 32 51 67 99 46 89 91 29 34 36 54 52 77 1
60 24 91 99 42 23 85 36 49 3 19 5 20 10 35 89 77 8 16 18 68 98 69 55 61 9 76 90 47 51
55 63 96 22 38 3 30 81 15 50 69 74 76 99 4 84 8 0 77 59 62 97 78 10 17 35 42 34 71 32
15 79 31 82 97 47 40 9 66 10 25 42 0 67 37 39 60 72 50 68 30 88 96 81 29 3 69 64 34 33
77 43 4 1 44 34 89 26 6 92 68 45 29 97 27 18 13 0 67 76 11 25 41 22 19 55 85 61 54 83
98 17 26 53 32 81 19 49 5 33 4 46 37 73 47 72 94 6 16 99 69 8 29 35 56 62 68 11 50 3
77 25 93 71 80 85 33 35 24 46 64 67 28 51 7 60 5 91 4 10 34 21 70 75 94 57 2 76 92 96
62 93 40 42 15 95 71 47 67 54 52 12 81 8 87 4 58 75 98 29 26 44 80 91 96 30 3 31 69 61
82 29 16 89 69 84 99 37 53 9 70 4 75 6 93 63 86 30 79 90 3 39 98 80 18 43 26 12 55 15
92 90 63 4 75 18 22 39 41 86 49 31 50 94 67 98 87 17 60 43 40 83 66 85 28 8 56 35 33 2
80 6 86 75 42 43 45 10 34 24 36 68 64 16 88 48 39 72 40 30 78 22 74 59 87 61 17 14 0 28
44 87 94 29 56 11 24 30 55 42 7 63 92 62 84 81 36 9 48 99 43 32 70 47 58 61 78 79 6 72
90 93 44 7 63 92 11 39 23 18 6 4 48 81 70 40 55 30 32 71 28 43 60 8 56 45 20 21 51 95
60 68 31 53 88 66 57 62 16 76 50 87 5 45 65 86 25 24 37 18 80 85 63 23 78 92 22 93 0 51
27 43 52 44 7 33 66 15 75 20 96 85 70 58 39 90 19 3 55 94 1 23 79 59 0 49 97 32 56 60
75 4 25 86 24 28 6 16 39 93 52 13 79 33 73 20 78 38 59 51 27 58 36 99 53 0 18 66 84 47
54 10 45 26 68 12 46 39 48 82 94 47 90 84 83 57 88 21 99 61 79 95 56 4 37 34 38 22 3 71
5 86 11 84 98 2 10 3 30 58 99 51 6 35 53 7 71 78 50 59 46 56 49 26 69 23 96 39 27 88
14 72 83 23 24 10 62 18 42 45 85 77 43 97 3 21 70 6 53 61 17 63 9 27 82 55 66 7 56 1
89 69 54 40 26 59 88 99 70 17 50 10 62 66 9 18 53 25 27 98 36 28 64 91 20 2 80 72 41 31
37 1 47 61 80 42 41 36 39 51 65 60 30 20 34 68 53 67 59 3 83 96 9 52 13 7 15 25 46 97
13 45 41 4 86 20 25 96 73 78 82 32 90 54 44 1 34 81 84 17 42 52 46 57 40 35 64 47 91 5
93 64 83 7 51 36 62 1 5 68 13 23 37 47 25 46 76 50 35 30 70 41 43 14 60 45 9 19 81 57
40 56 3 19 53 84 5 99 45 10 89 14 65 20 38 87 80 30 61 2 24 34 79 74 98 59 50 43 77 23
31 59 26 80 64 81 60 84 88 76 49 72 46 67 18 53 58 35 78 92 69 61 86 63 22 32 91 95 25 5
71 13 99 79 57 22 55 10 89 88 49 66 50 29 41 51 95 9 96 78 36 92 86 40 67 6 59 12 25 97
24 41 98 6 59 93 55 56 15 92 54 13 39 18 12 67 3 68 29 23 57 40 1 49 80 31 4 78 52 74
97 54 78 37 85 87 29 66 75 82 16 53 94 91 48 24 18 10 92 93 89 0 6 28 71 98 73 46 56 9
62 7 83 34 46 2 77 48 65 4 69 36 66 95 24 19 17 41 16 86 54 39 82 29 45 10 52 50 53 47
22 59 63 97 8 33 52 77 17 27 39 92 20 67 65 34 10 93 72 46 68 29 51 66 95 61 37 74 7 2
5 12 51 78 1 61 77 37 0 46 27 71 68 52 2 54 41 48 53 56 7 28 69 85 93 6 50 99 58 67
43 14 46 26 37 40 44 96 24 60 15 57 70 92 66 49 75 7 71 86 5 33 99 97 62 25 73 89 52 79
44 70 91 60 45 2 5 89 9 16 53 56 58 73 11 19 14 43 42 86 0 71 26 82 52 33 1 10 94 24