0
0
0.02010592554
0
0.003985704838
0
0
0
0
0.01649378615
0.01169385073
0
0
0
0.04576730307
0.0007434710806
0.00554050352
0.007591278837
0
0.03881319504
0
0.007656506197
0
0
0
0
0
0.04170178853
0.02542057202
0.0044739668
0.006191127609
0
0
0.01709527861
0.008646059756
0
0.01392729815
0.03857771835
0.0428491224
0
0.00396300672
0.02164922301
0
0
0.0400607896
0.04500228127
0.005749076525
0
0
0
0
0
0
0.02314829925
0.002857885366
0.03123949037
0.04075945642
0.02462517934
0
0.006985195018
0.04001095055
0.003773277098
0.03000370016
0
0
0.0194327562
0
0
0.01110496714
0
0
0
0.02618112036
0
0.03862341918
0.005780238068
0
0.01937320272
0
0.0139145598
0.0520627533
0.00E+00
0
0.01349185146
0.0287976104
0.01778087997
0.01582075205
3.63E-05
0
0
0
0.002235736296
0
0
0.01637096056
0.01219009814
0
0.01091275227
0
0.0187878135
0
0
0
0.01968588456
0.001084149982
0
0.02612651298
0.02132415084
0
0
0
0.02640790229
0.002412624586
0.008884590387
0
0
0.01251936796
0.009580587327
0.02132802671
0
0
0.00214708757
0.01942137276
0.009501462787
0.0220761008
0.02258203461
0
0
0.008940909611
0.02268576319
0.006380122097
0.03478107494
0
0.01160590439
0.0114098963
0
0
0
0
0
0.02019544204
0
0.03506251066
0.03866431001
3.37E-05
0
0
0
0.0008123068516
0.02591588209
0.01438034874
0.00104815823
0.01542762583
0.01048027248
0
0.02314128641
0
0.02431624745
0.01797194088
0.01889740736
0
0.01658490937
0.007614635111
0.00613056449
0.02568967103
0
0.02775524594
0.006505055502
0
0.03304520765
0.02676619574
0.03613755443
0
0.03761097195
0.01774638151
0
0
0.01172783606
0
0
0
0.006084789421
0.006053213954
0.00850702551
0.0176900633
0.03240049896
0
0
0.002041783851
0.01659376476
0.01595496976
0
0.0003302948044
0
0
0.02614294661
0.02414513797
0
0
0.02350835859
0.00507556049
0
0
0
0.001342680623
0.004233708624
0.01929454373
0
0.01260966873
0.0197280606
0.0241273871
0
0
0.01474170158
0.001034123237
0
0.02721740463
0.04641541262
0.002417700221
0.008850692511
0
0.02205478013
0
0
2.24E-02
0.001393776033
0
0
0.004713923691
0.004562741895
0
0.01635187581
0.008011315845
0.001384877497
0
0
0.004004366227
0.03474924747
0.03448200472
0
0.01107309613
0.01686323451
0.0355852026
0
0.0103005133
0.03107905102
0
0.01093414266
0.02759551574
0
0.03120941354
0.02755002027
0
0
0
0.001192783678
0.002687264963
0
0.03253405755
0.01278230894
0.02062183061
0.00E+00
0.01225252588
0.003251651345
0
0
0.0005188337842
0.02916208348
0.01304180204
0
0.03351127314
0.004579698983
0.002105893854
0.003547436687
0
0.01761768358
0
0.01819352754
0.02047726603
0.01650829757
0
0.01261982751
0
0
0
0
0
0
0
0.01973150582
0
0
0.02322722362
0.03689197399
0.02387022311
0.01074767208
0
0
0.04522339917
0.03974177566
0
0
0
0.01610269961
0
0.02766524426
0.01330049948
0
0
0
0.04060790676
0
0
0
0.008215731576
0
0.009012413496
0
0
0.03088347741
0
0.06880718402
0
0.0153900159
0.007330741843
0.03108964785
0.008360834171
0.01510838708
0
0.02681648671
0
0
0
0.008247737315
0
0
0
0.002262545281
0
0.01504007734
0
0
0.01407626848
0.00E+00
0.03229193153
0
0
0.04030041779
0
0
0
0
0
0.007470553202
0
0.04612135422
0
0.003441001231
0
0.0108874427
0.0494872102
0
0.05182630183
0.004957089905
0
0.03369172359
0
0.01519248736
0
0
0.01377289884
0
0.04013577833
0.01546075515
0
0.01901946212
0
0.02328080461
0.01296692733
0.01139942615
0
0
0
0.01807044957
0.01122379972
0.04486402355
0.01012328128
0
0.001941028679
0
0
0
0
0
0.01781994944
0.02235147511
0
0.02272493882
0
0.06085958918
0.01137491528
0.03574380043
0.03526573674
0
0.03026563912
0
0
0
0
0.03701929278
0.02746107599
0
0.02444827187
0
0.02640381567
0.02501740896
0.02370239239
0
0
0.02991826643
0.007208298366
0.009603973484
0
0.007172779702
0
0
0.004064289328
0.01222221514
0
0
0
0
0.01470932373
0
0
0.01955932729
0.0562215033
0
0
0.004803319159
0.028325057
0
0.005544237878
0
0
0.00310920743
0.04276182677
0.02255159517
0
0
0
0
0.001760051964
0
0.02435224239
0
0.04457727171
0
0.01878738267
0.0002157000891
0
0.005231335761
0
0
0
0
0
0
0.03895202361
0
0
0.007911432067
0.02118471397
0
0
0
0.02939909705
0.01785729344
0.03737550882
0
0.03693356566
0.001366065304
0.03428013015
0
0
0
0
0.02440166011
0.04176733325
0
0
0.01967524133
0
0.00786202576
0.008886032211
0.01323905259
0
0
0.01173248138
0.007774789295
0
0
0
0.04025732287
0.005025495079
0.02508410207
0
0
0.00104705421
0
0
0.00982010199
0.003930285762
0.01876149808
0
0.00440422106
0.0135251807
0
0.03645004229
0
0
0
0.01845969057
0
0
0.007841411025
0
0
0
0.05855607036
0.05706356951
0.02553295326
0
0
0
0
0
0
0
0
0
0.04430445941
0.003232578159
0.02026840817
0.02856049533
0
0.00371141631
0.008324307014
0
0.04866598919
0.02638018774
0.05304416929
0.02115095853
0
0.02821798232
0
0
0
0
0
0
0.0149188789
0.00321923902
0.02914133617
0.06191872908
0.006308795482
0
0
0
0.01516164199
0.00539951714
0.002228591401
0
0
0
0.03052804419
0.02867875458
0.00975283112
0
0
0
0.04332910387
0
0.003828893752
0
0.002348783182
0
0
0
0.02739215579
0
0
0
0.006567737383
0
0
0.08199089392
0.01104839984
0
0.004617722903
0.02657321928
0.03575555407
0.01226405011
0
0
0.008873211767
0
0.03153531941
0.02910096095
0.006449645281
0
0.0251236803
0
0
0.03114482327
0.01355877468
0
0
0.00722344787
0
0.03835042831
0
0.02196053025
0.005685988007
0
0
0.03505347628
0
0.008061759175
0
0
0
0.04009661976
0.01358728828
0.05903421834
0.03598326742
0
0.005638853559
0.0001896496242
0.009288419461
0
0
0
0
5.00E-05
0.003980832839
0.008130529695
0
0.001585845801
0.01605443703
0
0
0.008062504009
0.03318576855
0.0288733749
0.02712471602
0.01802179271
0.02019006804
0
0.01467140901
0.01389626707
0
0
0.001071712984
0
0
0
0.02302010396
0.002931913975
0
0
0
0.0147531647
0.02534307046
0.01824128039
0
0
0
0
0
0.01594994766
0
0
0.04519630833
0.02281578923
0
0.01845635052
0
0
0
0.04440528112
0.02434018809
0.005821625658
0
0
0
0
0.03577738177
0.007515179698
0
0
0
0
0.01444621871
0
0.04764529192
0.01236033403
0.001248617491
0
0.002259565964
0.05181239911
0
0
0
0.009848966507
0
0.04006233012
0.01184727064
0
0.01581068249
0
0.06547623745
0
0.03096737461
0.01013321819
0.0227649015
0
0
0
0.0363467158
0
0
0
0
0
0
0
0
0
0
0
0
0.05065294561
0
0.0330517815
0
0
0.03838917932
0.00165415253
0
0.006470576148
0
0
0
0
0.02763498414
0
0
0.00497101679
0.004881544594
0.04218167098
0.007476581161
0.04876873474
0.02473983894
0
0.02292747447
0
0.01111681477
0
0
0.01971012814
0
0.02141281319
0
0
0.01492381515
0.0006727095391
0.0418118576
0.02925274612
0
0
0
0
0.001006705801
0
0.03566405794
0.004427772119
0
0.00400697433
0
0
0
0
0.01927992189
0.001376734616
0.01566142174
0
0.001956491482
0.01654592031
0.07434250979
0.002951734548
0
0
0
0.01233773828
0
0.04345190451
0
0
0.00499431781
0
0
0
0.007168932939
0
0
0.02254409118
0.01359277694
0.03759031667
0
0
0
0.02836127782
0.00E+00
0.01609399702
0
0
0
0.04419120936
0.01379483816
0.01871833162
0.03774752971
0
0
0.008941618163
0
0
0.02879761563
4.72E-03
0
0.02055310295
0.01420305778
0.01645282894
0.01018398628
0.004338098612
0.02736770747
0
0
0.01289844334
0.02910861909
0.04080313902
0.04356374111
0.0001029840276
0.008339034163
0
0
0
0
0.03594951325
0.006380899271
0
0
0.005572760602
0.02316235271
0.02739148007
0
0.02072044686
0
0.01689978757
0
0.0128982541
0.01696267301
0
0.004892522681
0.01921525379
0.02993659399
0
0.01610063328
0
0.02116628164
0
0
0
0
0
0
0
0
0
0.06749829206
0.01075365541
0
0.03660951266
0.003531738302
0
0.001588682595
0.04388994435
0
0.004968025273
0
0.02454984653
0
0
0
0
0.02481851623
0
0
0.02087426336
0.08780320512
0
0
0
0
0.06070531703
0
0.005694333116
0
0
0.04999159137
0.001477611068
0.001434714963
0.0209161366
0.002225536633
0
0
0
0
0
0
0.009966794134
0
0
0.04378672622
0.02027542938
0.02228909711
0.002206694457
0.03912961857
0.03155719575
0.03357776704
0
0.01568314186
0
0
0.004306666322
0.03978308723
0.0002104752828
0.02306143775
0.03390525094
0
0
0
0
0
0.02685268891
0
0.02601057877
0
0.004204047682
0
0
0
0.02693051048
0
0
0.0004423789433
0
0
0.0586341706
0
0.01102717805
0
0
0
0
0.005168327311
0
0
0
0.03756681351
0.02286090128
0
0.004138283564
0
0
0
0
0
0
0
0.005937846148
0.05119950091
2.31E-02
0.02062051032
0.0005895742861
0
0
0.007994484594
0.04653835398
0
0.02367452043
0.004497657454
0
0.01576914488
0
0.03632549001
0.02648369756
0.0419954181
0
0
0.004013962752
0.01909553705
0
0
0.01350511843
0
0
0.009432338901
0.02404634886
0
0.02152376001
0.02219047015
0.01851043416
0.02172408475
0
0
0.01848180845
0
0
0.01273660783
0
0
0.03090279357
0
0.04143561803
0
0
0.008044317022
0
0.01164958688
0
0
0.008950048201
0
0.01646470049
0
0
0
0.0152535244
0.01414222087
0
0
0.003716751827
4.56E-02
0
0.0505705857
0
0.01216796865
0
0.03301504453
0.03836210218
0
0
0.03988353658
0
0.001511943722
0.007148675013
0.03270803055
0
0.0001453650954
0
0
0.03958672695
0.03485052938
0.01412343644
0
0
0
0.0002936891106
0
0
0
0
0.0514893303
6.35E-05
0.01663666599
0.02917821263
0
0
0.004832806144
0.01900943274
0
0
0
0
0
0
0.0276127292
0.01665246724
0
0.007124126538
0
0
0
0.04021527739
0
0.01069282084
0
0
0.02040504535
0
0
0
0
0
0
0.0342641611
0
0
0.04768068829
0
0.0001403128944
0.04153226532
0.001912808109
0.0301312526
0.02535109552
0
0
0
0
0.02822637931
0
0
0.04028235859
0.0002075159563
0.02491205287
0.00822919817
0
0
0.06388378076
0.004920319368
0.001846119768
0.002720620717
0
0
0
0
0.005759489098
0.01890408084
0.01384035055
0
0
0.04360662515
0
0
0
0
0.0232485694
0.02334167669
0
0
0
0.02735577418
0
0.02825161799
0
0
0
0.04510481531
0
0.03014932289
0.03915398966
0
0.003125523805
0.007439206486
0
0.02777479658
0.009172196734
0
0.03933333969
0
0
0.03175805383
0
0
0
0
0
0.00428666709
0.0106523067
0.02609718505
0.03099884822
0.02464953567
0.003642785377
0
0.03914503511
0.0001273815202
0.008402626929
0
0
0
0.01646881652
0.01856136722
0
0
0.02570517714
0
0.0363056495
0
0.004780661212
0.0294454237
0.007696739651
0
0
0.02702268341
0
0.02258073984
0.03645607759
0.02559623149
0
0
0
0.02239616534
0.03699329024
0
0.00427717189
0
0
0.0248422522
0.01551390901
0.01825003832
0.03482624392
0.01155756613
0.0329267605
0.03181262744
0.01843138848
0.01883804509
0
0.01386649539
0
0
0.002407957595
0.04699917243
0
0.01349240937
0
0.02662832763
5.13E-03
0
0.009826250044
0
0
0
0
0.01642867471
0.02367822519
0
0
0.03543897637
0.02052936369
0.02014160414
0.05389728214
0.004886616117
0
0.009910886961
0
0
0.003845237956
0.004920873713
0.01663581963
0.001534509168
0
0
0.01860525081
0
0
0
0
0
0
0.003363285516
0.02047181726
0.03418326934
0
0
0
0
0
0
0
0
0.00919566396
0
0
0
0.01758737557
0.006594378768
0
0.01448139272
0.02403263586
0
0
0.01447026345
0.01457982569
0.01694499652
0
0
0.005594635661
0
0
0.004401548229
0.01274204586
0
0.03080674446
0
0.007799538351
0
0.008848377754
0
0.005522726403
0
0
0
0
0
0.02967602736
0
0.04204642358
0.01090099811
0.00422994345
0.005262753335
0.01087648331
0
0.01310985136
0
0
0.004178891822
0.0039633325
0.02590680417
0
0.01858535617
0.02489503801
0
0.04045914111
0.01652700312
0.008302687962
0
0
0
0
0
0
0
0.01934286668
0
0.02713020408
0.01757365939
0.06341162666
0
0.008784496632
0.01859284102
0.01658796967
0
0
0.02122182554
0.0163572328
0.02223287438
0
0
0.02490902698
0.0009597451931
0
0.0005653529626
0.015226638
0.04714384636
0
0.01919949502
0.01227254398
0
0.003946927857
0.01937668551
0.003344291748
0
0.01563566487
0.0687195237
0.0478308017
0.01169201935
0.0278704859
0.009714297493
0
0.01835899732
0
0
0
0.01442923259
0.01903019508
0
0
0
0.007907193803
0
0.01409414838
0.03025250626
0.001968129645
0.002580771694
0
0
0.03476108343
0
0
0.01034240016
0.004900154616
0.008321190414
0.009649336559
0
0.02691759169
0.02900222419
0.01580866343
0.03346712049
0
0.01426047562
0
0
0.0159306737
0
0
0
0.0003278968721
0.01905581231
0
0.03870024868
0.0344025714
0
0
0
0
0.03672113464
0
0.007004835302
0
0.02032853615
0.009658832178
0.0213852344
0.004714040483
0.004645057905
0.005954769663
0.008006853722
0
0.001859552458
0
0
0
0.02890106645
0.0197270774
0
0.002850851234
0.006332359348
0.03977955643
0
0.005698026943
0.003055610682
0.03239767551
0
0
0.01998565073
0
0.02688963356
0
0.01225193693
0.04314470562
0
0
0
0
0.02113643589
0
0.0416695988
0.03344367035
0
0
0.01700987611
0.02835396948
0.003090691548
0
0.01391532905
0.01722116872
0.01611854583
0.04699092937
0.01685725487
0
0
0.01983535712
0
0
0
0
0.01832117559
0
0
0
0
0
0
0
2.17E-02
0
0.02715480471
0
0
0.006843854971
0.0004957331871
0
0
0
0.01140913321
0
0.06158401111
0.0189830239
0.009266313856
0.04405307325
0
0.01017629683
0.003271848867
0
0.003415357356
0.00E+00
0
0
0.03131572205
0
0.02166803563
0.0119420446
0
0.02427962375
0.003379135963
0
0.02808735796
0.02991119339
0.02256792196
0.009905004793
0.03478007386
0.009904956371
0.04243247253
0
0.00104114284
0.03225628976
0
0
0.01987377882
0
0
0
0
0
0
0.02058545649
0.009656078587
0.01219445938
0.04252145376
0.008304858821
0
0.0155017651
0.03639324118
0
0.00441588614
0
0
0
0.03203585107
0
0.008616463142
0.006687000966
0.01357123548
0.01029754144
0.03406753104
0
0.01399436225
0.04951673511
0
0.01730315724
0
0
0.01849232511
0
0
0.01378110193
0
0
0
0.0009890614561
0.006330798962
0.008458007427
0.001034771579
0.003420074786
0
0.04126620421
8.17E-05
0
0
0.02873988052
0
0
0.03193595786
0.001809089624
0.02786250973
0.011477022
0
0
0.02123705252
0
0.02911820738
0
0
0
0.01957322505
0.01507017151
0
0
0
0
0
0
0
0
0
0
0.0242643879
0.04568587951
0.03814340597
0.01763337667
0.008815655048
0.002402810225
0.004923568491
0
0.00E+00
0
0.00399669423
0
0
0
0.0380386282
0.01472224729
0
0.01584443919
0.02671639275
0
0.05241298194
0.03346645035
0
0
0.005825474714
0
0
2.41E-02
0.05091814026
0
0.006418825425
0
0
0.0187592588
0.0058141619
0.01096391896
0.007580196925
0.02587809584
1.16E-02
0
0.02073210839
0
0
0.0232968905
0
0.00E+00
0
0
0
0.03995815767
0.002468143576
0.01509541605
0.01680822235
0
0.03821206866
0.02484923082
0.01328757784
0
0.01350405089
0
0.03496047287
7.17E-05
0
0
0
0
0
0
0
0.006048525058
0.03267809018
0.01815988713
0
0.04688794218
0
0.01001959947
0.01562157437
0
0.05220570015
0
0.003239252309
0
0.01145300742
0
0.01408501676
0
0.005077979567
0.01009215085
0
0.002729664138
0.004910142487
0.01774997387
0
0
0
0
0
0
0.007058955735
0.0122905773
0
0.01541497619
0.03652741632
0
0
0.02845880532
0.0103797087
0.01601899865
0
0.02307500424
0.02638611289
0
0.0175862675
0
0.05220305452
0.008607001691
0.01301625648
0.02593429407
0
0.0006043477083
0.03465873294
0.01195358341
0
0
0.00841148926
0
0
0
0.006591382808
0
0.02852931086
0
0.03996425797
0.03030808196
0
0.02336475994
0
0
0.01103241439
0
0.02580666107
0
0.01517459491
0.02427361488
0.005895112088
0.0336282449
0.001854038849
0.01719662913
0.01469007447
0.003447155587
0
0
0
0
0.01318988601
0.01449049192
0.0475619351
0
0.01772866508
0
0
0.009652288705
0.02272576508
0
0.01405299708
0
0.01400354049
0
0
0.04472782801
0
0
0
0.02434062441
0.03726999203
0.0343016083
0
0.04565159996
0
0
0
0.01466630688
0
0
0
0.03782018655
0.04967563743
0
0
0.01756634458
0
0
0.003334526908
0.005328329664
0.05446575635
0
0.03242931906
0.02618183133
0.01771004849
0
0
0.001360386226
0
0
0.01855705827
0
0
0
0
0.02005670588
0.01084947821
0
0
0.05802258589
0
0
0
0.0130980017
0
0
0
0
0.008212025762
0.02407488868
0
0
0.08913418599
0.002385072651
0
0
0
0.0488780854
0
0
0
0
0
0.004335599478
0
0.02984569389
0
0
0.005177559633
0.009743017438
0
0.02092448104
0.001240060944
0
0
0
0.04718249481
0
0.01682024767
0
0
0
0
0.01005178486
0.01616804087
0.01033574298
0
0.03223249998
0.0368397517
0
0.01509951905
0.03802019765
0
0.007774822775
0
0
0
0.02717852306
0
0
0
0
0.01115452028
0.01157845117
0
0.03670126197
0
0
0
0.03942371675
0.02554356029
0.001652972413
0
0.005703184488
0.02368264507
0.004233294177
0.03920970207
0
0.00772958644
0.004459873822
0
0.01134769635
0
0.03309750671
0
0.04001151713
0
0
0
0.04714918465
0.03750132465
0
0
0.02272253171
0
0
0
0
0.008697040597
0
0
0.05077626298
0.02142395281
0
0.03530176319
0
0.008296693056
0.03612839844
0.005079987214
0.01151667243
0
0.02263342824
0
0
0.01725241478
0
0
0
0
0
0.003642074702
0.03311815674
0.03325267165
0
0.01811340223
0.02606052532
0
0
0.002412103743
0
0.02585260815
0
0
0
0
0.009185137883
0.0335411928
0.01822405774
0
0
0.01235357678
0.02915658513
0
0
0
0.01111927397
0
0
0
0
0
0.01854535508
0
0.04006347492
0
0
0.02287846529
0
0.01323479553
0.02923739847
0
0.003641070088
0.01878829185
0
0.04297736254
0
0
0
0
0.0455115751
0
0
0
0
0.0408383109
0.01931652121
0.04136207541
0
0.006937173539
0.0226221194
0
0
0.007171827967
0
0
0
0
0.01385292573
0.03343249628
0
0.05708929861
0.003763129676
0
0.008326293924
0
0.009489728008
0.04292656853
0.009128485456
0.01440285541
0.01072741244
0.01876589208
0.02832739274
0
0
0
0.02812030575
0.03178688908
0
0
0
0
0
0.01616048031
0
0.03729028825
0
0.03343713499
0
0.01467367951
0
0
0.01499310764
0.006631425023
0
0.0317675445
0
0
0
0.06788466236
0
0
0
0
0
0.004089923541
0
0.038141571
0.02540505952
0
0
0.04090471372
0.002647018652
0.0281677063
0
0
0
0
1.80E-02
0
0.0009853860319
0
0.02873208445
0
0
0
0.006356939955
0.02443855025
0
0
0
0
0.01833614127
0.03576647482
0
0
0.01858755868
0
0.0377341464
0
0
0.04214734462
0
0.007131272734
0
0.02793114655
0.02107003878
0.03974493478
0.02884547808
0.03143421393
0
0.01486042533
0
0
0.03648048278
0
0
0
0
0.007895252439
0.005983146726
0.02642292367
0.02283589339
0.007807357132
0
0
0
0.03692914311
0
0.005769279536
0
0.006370383876
0.001074947925
0.04401018857
0
0.01953487148
0.004444863074
0.01925799488
0
0.001306379512
0
0
0.001912611291
0.001372704179
0.009810144503
0.00341758916
0.008605102038
0
0
0.004978092223
0.01061039626
0.0279814794
3.75E-02
0
0.01358962536
0
0
0.006259017008
0
0.002037417603
0.03288376581
0
0
0.00337482174
0
0
0
0.02654058597
0.03624472158
0.006910136445
0
0.01767004857
0.0320348929
0.001933612342
0
0
0.005947248024
0.02156269114
0.02876287801
0.01490980645
0
0
0.0153798742
0
0.01223940186
0
0
0.01062387357
0
0.01061387984
0.02453469602
0
0.03939482826
0.01337959592
0.01770754525
0
0.04039231541
0.00E+00
0.04333883385
0
0
0
0.04942624359
0.0143089335
0
0.01114480994
0.005055903187
0
0
0.02848478918
0
0.0289602105
0
0.05455714799
0.05211305365
0
0.008265858417
0.01234851683
0
0
0.01478974522
0.03769768512
0.01202010622
0
0.01927651869
0.03946268823
0.0475957365
0
0
0
0.01065993003
0
0
0.01044179995
0
0
0
0.01824003074
0.001825408738
0
0.0484481305
0
0
0.04173917712
0
0.03178247052
0.0001465709834
0
0.005810859813
0
0
0
0.04223467861
0
0.01140377069
0.02839491302
0
0
0
0
0.01834038426
0
0.007468743136
0
0.003512519148
0
0
0
0
0
0
0
0.01633984996
0.02609828858
0.01050472873
0
0
0
0
0.001468239036
0
0
0.02011492788
0
0
0
0
0.024792171
0.03051134209
0
0
0
0.006392552841
0
0.01497019046
0
0
0
0
0.02304490635
0
0.02196378972
0.04648370936
0.01004340845
0.0314842028
0
0
0
0.02796972631
0
0.008651886244
0.007908894231
0.01200338334
0.01017357583
0.04052257886
0.01365348224
0.0594914023
0.008722059912
0
0
0.01549243917
0
0.00117325606
0.0003726815432
0.04460771697
0.000654766826
0.02625141281
0
0.0005179952945
0.02557258013
0
0
0.01460523896
0.01320680369
0
0.002963330007
0
0
0.01378418039
0.04224941322
0.02168251776
0
0.00393442118
0
0
0
0.02848271229
0
0
0
0
0.02510350331
0.02331115229
1.45E-03
0
0
0.003647451855
0
0.04733565725
0
0
0.05945039148
0.003077180252
0
0.02967165648
0
0
0
0
0
1.29E-02
0
0.00917472119
0.0003933412652
0.003009979463
0
0.02205183942
0
0
0.009557181366
0
0.01875757547
0.03408834249
0.01439406255
0.02655949018
0.01058512729
0.009371864535
0
0
0.03201257022
0.005117516814
0.0301182808
0
0
0.01757303773
0
0.04216566913
0.02685846843
0
0
0.02382935656
0.003860087228
0
0
0
0.01713403796
0
0.02423625506
0
0
0.04434794309
0
0.07680289644
0
0.009274436644
0.02297106596
0
0
0
0
0.01066906483
0
0
0
0
0
0
0
0.01158399324
0
0.05365981867
0
0
0.005275070041
0
0.01280472701
0
0
0.02410292209
0.01842764758
0
0
0
0
0.002827439651
0
0.02103738152
0
0
0
0
0.01794199512
0
0.04902162606
0.024607716
0
0.05442183978
0
0
0
0
0.004467921541
0
0.03818452578
0
0
0.0146723824
0.01054339425
0.03791197909
0.04020455134
0.02708943287
0
0
0
0.02037928703
0
0.03711525156
0.003985366839
0
0
0
0
0
0
0.02694743451
0.02372496804
0
0
0.0310230182
0.01740463804
0.02079307191
0
0
0
0
0.01505393272
0
0.03167503062
0.0129327605
0
0
0
0.00875433083
0
0.008340588531
0
0
0.00914825589
0.0278518536
0.004787634547
0.01106212866
0
0
0.01563008582
0.001864625202
0.01747375757
0.01461202271
0
0
0.02431070285
0
0
0.0302896279
0.004583573257
0.02986920741
0.02083344594
0.006580977972
0.003695123339
0.01280029699
0.01408229686
0
0.0270833997
0
0.02744419115
0.01923447934
0
0.006966898114
0
0
0.0183945477
0.005307519981
0.00172053589
0
0
0.005959869387
0
0.03266331558
0.0006339383457
0.019310662
0.04077662647
0.03225131557
0
0.0142930036
0.003786353756
0
0.008198686976
0
0.01944630639
0.01363754062
0.005042879842
0.01312380914
2.80E-02
0.03184571004
0.01176427714
0.05116970297
0.03726303962
0
0
0
0
0.01431812593
0
0
0.02364041035
0
0.0152579931
0.01015941529
0
0
0.003829997516
0.01056340674
0.0450451035
0
0.02634655445
0
0
0.03877184882
0
0
0
0.01051396412
0.01936219518
0
0
0
0.001454906128
0
0.02358081058
0.009260318013
0
0.005297130681
0
0
0
0.009043270166
0.003990411866
0.01172394405
0.02346451303
0.02117663161
0.04647252507
0
0.01397041589
0
0.02216051865
0
0.004577041607
0
0
0
0.03654964081
0
0.02212666236
0.04157462288
0.002081269121
0
0
0
0.01111470282
0.02624426103
0.005657789998
0
0.01787543069
0.004342264011
0.01594863739
0
0
0.03132702191
0
0
0.01702776419
0.02270757537
0.03553030898
0.04799435646
0.01838915722
0.01474720186
0.003774370407
0
0
0
0.02563873081
0.007961603353
0
0
0
0.02957575204
0.0116502565
0
0.03318332501
0
0.03344754527
0.009325668776
0
0.007754330315
0
0
0.01029774163
0
0.009835153661
0.02068134818
0.01365555828
0
0
0.01747835809
0
0
0
0
0.007445074314
0.01450130251
0
0.0584378202
0.002545268528
0.006803085569
0.0171428749
0.0187559171
0
0
0.03433411754
0
0.01900149739
0
0.02152480291
0.02094733552
0.01900909732
0
0
0.001233907355
0
0
0.04168774631
0.04104910771
0
0.00700949647
0
0.02871130981
0.02829130149
0.0321611112
0
0.02502129663
0.006644068612
0
0.03453259256
0
0.006950562945
0.004199797457
0
0
0.02249440143
0
0
0
0
0.004188973943
0.02386577054
0.01363816503
0.006166706477
0.03427721085
0.003743385245
0.02579515422
0.03963469846
0
0
0.01895212438
0
0
0.003764265023
0.02935643192
0.01663722756
0
0.02840790477
0.01499037929
0
0.0283176181
0
0
0.02616763776
0
0.02746405242
0
0
0
0.0103994681
0.002568495038
0
0
0
0
0
0.03211296496
0.03790215484
0
0.006641485995
0
0
0
0
0
0
0
0
0.004432865173
0.0250370532
0.0159022756
0
0.003664799192
0
0
0
0.009259972791
0
0.0005136302249
0.01249416826
0.04711171761
0.02128683112
0.02366615946
0.01084768869
0
0
0
0.04932262801
0
0.02359603455
0.02494644639
0.01639192983
0
0.0290016182
0
0.008519233506
0.0001191273267
0.01046807389
0
0.002669630551
0
0.01849789268
0.009780284774
0
0.01848027021
0
0.01425322579
0
0.003262284494
0.007485615279
0
0
0
0.01244693475
0
0.01507271952
0.01483085724
0.0212123027
0
0
0.010756359
0.03437369811
0
0
0.02225491871
0.02871356731
0.008675313803
0.01397076521
0
0.03584228179
0
0
0.02540296923
0
0.01110518798
0.02051307241
0
0
0
0.008396149491
0
0.001202866919
0.01314080984
0
0
0.04282125796
0.008426622051
0.02177441872
0.03522726751
0
0
0
0
0
0
0.03442937247
0.007613726309
0.02205391256
0.01712903952
0
0.02246822573
0.02281284427
0.01861196665
0.02329437372
0
0
0
0.006904938567
0.003945733131
0.01436091511
0.0008857720223
0.02402499074
0
0.02621305075
0
0.00650211741
0.02480805756
0.03012806531
0
0.03358785156
0.005304767384
0.02483688244
0
0.02209642182
0.01376264453
0
0
0.0005923227047
0
0.008403709562
0
0
0
0.01059969455
0.02603667558
0.03805389917
0
0.03702466959
0.03046264334
0.001992162201
0
0
0
0.02035975521
0
0
0.00E+00
0
0.001358199883
0
0.03200940693
0
0
0.007099271435
0
0.0333245153
0.01760416692
0.0337176545
0.001242108782
0
0
0.02178895993
0
0.004230983528
0
0.00E+00
0.01945141519
0
0
0.02860416137
0
0
0
0.008744087241
0.01389179487
0.01202829613
0.04206214081
0
0
0.03539679041
0
0
0.02488073631
0.02548195473
0
0.005540714961
0
0.02397740084
0.03482307203
0.006403415718
0
0.02608565651
0.03724600314
0
0
0.004759871807
0.01051806495
0
0
0
0
0.03588525428
0.001549280828
0
0.05968933309
0
0.004666089157
0.03704273923
0.01784829019
0
0
0
0
0
0
0.01522654787
0
0
0.02460229782
0
0
0.02405086614
0
0.01471264121
1.16E-02
0.000840852976
0.0190401392
0.01046844182
0.03759548951
0.0006465461033
0
0
0.0406610636
0
0.04899242188
0
0
0
0.02562372978
0
0
0.009022122679
0
0.03452402826
0.01204407211
0.02475841269
0
0.01792070834
0
0.02387293395
0.01743833492
0.005316248888
0.0003913938216
0
0
0
0.01822597323
0
0.01991462223
0.05949286434
0
0
0
0
0
0.00E+00
0
0
0.0465211115
0
0
0
0
0.01721376332
0
0
0.0008563317658
0
0.006622362777
0
0.01206771814
0.0507586253
0.00755487359
0.02856281793
0
0
0.002742350458
0
0
0
0
0.01574514259
0.04766142421
0.007432733259
0.05902249359
0
0
0
0
0
0
0
0
0
0.00763166876
0.06026285968
0.04330005554
0.03867608607
0
0.00608248605
0
0
0.02049718032
0
0.008371307598
0.02386315975
0.003410252246
0
0.003776015926
0
0
0
0.01752645818
0
0
0.05381683324
0.05117841137
0
0
0
0
0.01785573862
0
0.0173631559
0
0
0
0
0
0
0.00E+00
0
0.02812299963
0.006059209728
0.03131904063
0.02618156344
0.0178487972
0.02752143604
0
0
0
0
0
0
0
0
0.01215240268
0.02958056551
0.01066354822
0.02958015924
0.0319450434
0
0
0
0
0.01407251182
0.01703906283
0.02463920786
0
0.02339504269
0.04324080072
0.002123938596
0.009068124726
0.026503688
0.03108540263
0.01188751425
0
0
0
0.01282754532
0.04017587794
0
0.006381944256
0.008814706762
0
0.008697107764
0
0
0
0
4.05E-05
0
0.01167728405
0.02096356129
0.01415949898
0.02839069493
0
0.01685846693
0.01961476641
0
0
0
0
0.003294898717
0.01354125017
0.0387113583
0.03961111903
0.007878161554
0
0.02586902332
0.03833726006
0
0
0
0.003036964341
0.02528833
0.03191059331
0
0.01684758736
0
0
0
0.02279402454
0.007124543819
0
0.03799416871
0
0
0.009909771681
0
0.006413461144
0.004490408298
0.04213750417
0
0.04146503619
0
0.03322246417
0
0
0.03275795465
0.05022406875
0.008618652819
0.001218953975
0.002207502667
0
0.00478375265
0.009197057101
0.028243332
0
0.01709705
0.01784501594
0.01774753148
0.06149205075
0
0.03733666044
0.001394463755
0
0
0.04606653364
0.01408843331
0
0
0.01689089663
0.01220812848
0
0
0
0
0
0
0
0.03003721805
0
0.03254540746
0
0
0.004016706766
0.01857619097
0.0305652573
0
0.002599807025
0.002726700234
0
0
0.0344343411
0
0.00738745903
0
0
0.03834710812
0.03445333019
0.009214911479
0.01137821968
0.0002744803442
0.0161696888
0
0.0217332064
0
0.01322316371
0.01957876394
0
0
0.00797817772
0
0
0
0
0
0
0
0.01631648671
0
0.03237194288
0
0.03798968331
0.00317898916
0
0
0
0
0.01364902407
0
0.01300101034
0
0
0.006217234594
0.008930624947
0.01000813713
0.01594981555
0
0
0
0.0004539006873
0
3.07E-02
0.03300335556
0.03648861839
0
0
0
0
0
0
0
0
0.04153822749
0.01156534429
0.05040033383
0
0
0.004450156312
0.03224274295
0.01373799465
0
0
0
0
0.02585871939
0.02724004656
0.03233063605
0.03471533816
0
0
0.01929254377
0
0
0
0
0
0.01664104907
0
0.05372679876
0
0.01432955753
0
0
0
0.0006386429289
0.02670139161
0.01792867662
0.01554052653
0.01835825418
0.02715662797
0
0.01480486965
0
0.0002008251227
0.02727693655
0.01975350804
0.0002580481947
0.01197522008
0.01335111136
0.04190992621
0.01570960322
0
0.01904913453
0
0
0.02404931289
0
0.01606853431
0.002440015471
0.01197465965
0.007192259817
0
0
0.03782436712
0.004061353608
0
0
0.005679218779
0
0.01165288585
0
0.01372934888
0.0017348496
0
0
0.0350799163
0
0
0
0
0
0.002310029246
0.04733746958
0.005672104938
0
0.02385116537
0.006433655706
0
0
0.04489111561
0
0.01621039473
2.80E-02
0.02303052104
0
0
0
0.035195148
0
0
0
0
0
0
0.01743704826
0
0.001633896847
0.02431260862
0.02066309661
0.009707699862
0.01136521554
0.01028786463
0.003903044129
0
0
0.03116447766
0
0
0
0.0005018339058
0.03185399833
0
0
0
0
0.03136746656
0
0
0
0.0254940084
0.01569099792
0
0
0
0.0102558308
0.02880992007
0
0
0.02176784012
0.03364914165
0
0.04448847669
0
0.03982017159
0
0.007339017502
0.01569025555
0
0.01171998082
0.02504218414
0.004088456563
0.01676792211
0.005247766086
0.02118444578
0
0.0003442109412
0.01044586751
0.0005157082734
0.01635119583
0.03817516093
2.06E-02
0.000522757725
0
0
0
0.006618795162
0
0
0
0.05906927852
0.03099189642
0.04765155513
0.01100652918
0
0
0.006126088337
0.02328956009
0
0
0
0
0
0.01202158707
0.04126606533
0
0
0.003825817419
0
0
0.008832043947
0.0250829148
0
0.006641046926
0
0
0
0
0
0
0.03018705549
0
0.01704167517
0.01733650626
0
0.02374896786
0
0
0
0
0
0.01656129392
0
0
0.02528865599
0.02151816484
0
0.03093076187
0.02672161563
0
0
0
0
0.008597770712
0.01287057048
0.01145876078
0
0.02814896229
0.02786293471
0
0.03983375364
0
0.0216536771
0
0
0.00908974029
0.0003608101818
0
0.0173706021
0.03184776097
0.01654184521
0
0
0.008186365597
0.04300753655
0
0
0
0
0
0
0.03344336108
0.01795230845
0.03565297201
0
0.01857736023
0.02088452851
0
0.002701859168
0
0
0.03885624821
0
0.0466897328
0.03561082669
0
0.009145310388
0.004215384441
0.01168758144
0
0.00342127134
0.0322156181
0.02823022516
0.008803297059
0.03756635505
0
0.01730065417
0.007169821069
0.003871041739
0.003966755032
0.01035725238
0.01253043751
0
0.02860218724
0
0
0
0.0001500096777
0
0
0.03822389138
0.03007125847
0
0.004261937549
0
0
0
0
0.009231360109
0.05357158878
0.009305026699
0
0.009827352218
0.02426245437
0
0
0
0.004060829305
0.01104537432
0
0
0.05403599948
0.01332255937
0
0.009908248576
0
0
0.002243259426
0.007294079529
0
0
0
0
0.01085501411
0
0
0.01130463738
0.03395172288
0
0.01313605154
0.04346236536
0
0
0
0
0
0.005519897611
0.04063719031
0.01277439481
0.04861570536
0
0
0
0
0.01243953523
0
0
0
0
0
0.005036010235
0.007180821884
0.0220547332
0.02705927138
0
0
0.03317961503
0.01059035771
0.04994906465
0
0
0
0
0.05822914545
0.03455975899
0.03872425269
0
0
0.01900662346
0.0003719680142
0
0.007989688221
0.01805121686
0
0.02964503002
0.04525960175
0.01922357386
0
0
0
0.02309197495
0.01191814663
0.006068554622
0.01570446571
0
0
0.003594380832
0
0.04126359763
0.0050775695
0
0.02124617593
0.02877990175
0
0.0006246005414
0
0.02076818215
0.00E+00
0.02437604568
0.01445932062
0
0.009896299491
0
0
0
0
0.01821933852
0
0
0.03662613267
0.03184393903
0
0.02885801054
0.01602256362
0.01908785803
0
0
0.0225481199
0
0
0.0355967091
0.0321996028
0.06184446551
0.006935824307
0
0
0.05862821458
0
0
0
0
0
0
0.03044161376
0.05259461723
0
0.004038651008
0
0
0.04171532257
0
0.04136353202
0
0
0.01667889396
0.0003331281996
0
0
0.02454459584
0.01928509551
0
0.01850859218
0
0
0
0
0
0
0.02722339886
0.0002224958775
0.00118463286
0
0
0
0
0
0
0
0
0.06097416596
0
0.008061876805
0
0
0
0.02112046522
0
0
0.001093482846
0
0
0
0.0311541209
0
0.06455884646
0
0
0
2.51E-03
0.005324980249
0
0.03254399812
0.02818142941
0
0
0.03533299202
0.0112669947
0.03342157772
0
0
0
0.002804946163
0
0.00178380343
0
0
0
0
0.009041760594
0
0.008221931174
0
0.0359251717
0.02463510414
0.009645463655
0.0155176236
0.02317145731
0
0.0003689496409
0
0.03708250875
0.01437186284
0.02899695002
0
0
0
0
0.02249853909
0.003704492224
0.02237417512
9.28E-05
0.00226971052
0
0.04406634167
0.07278465284
0
0
0.005130188043
0
0
0
0.03732790837
0.00E+00
0
0
0.03136409391
0.01359913491
0
0.03795611141
0.03499135698
0
0.01478921783
0
0
0
0
0.004333109237
0.01348527946
0.02508394349
0
0.01344096417
0
0.03293991692
0
0
0
0
0.00105595438
0.005870711537
0.05574753481
0
0
0
0
0
0.002690248676
0
0
0
0
0
0
0.05390734544
0.008509217873
0.01986850609
0
0.0599707786
0
0
0.004801771062
0
0.01043045697
0.0163096166
0
0.002068301406
0
0.009718962652
0
0
0
0
0.03968684985
0
0.01826174702
0
0.02454389697
0
0
0
0.005939633342
0
0
8.96E-03
0
0.02724568522
0.03287408334
0.0595539173
0.07822292511
0.004566904389
0
0.04248614347
0.03118923571
0
0
0
0.006553993865
0.003004283895
0
0.05057826944
0
0
0.05662517687
0.0005116391963
0.01233044769
0.007437628147
0
0.00608440943
0
0
0
0.001408647346
0.03605657425
0.0004746915794
0
0.02086593254
0
0
0
0.04144295437
0.04011300232
0
0.06929160698
0
0
0
0
0
0
0
0
0
0.008966611525
0.01716562141
0.002634248236
0.009929576838
0
0
0.0280813436
0.0001710715518
0.008129248546
0.01797457312
0.00815676992
0.007242319602
0
0
0
0
0
0
0
0
0
0.01216586068
0.05954226214
0.04121062707
0
0.00898772542
0
0
0.01681016613
0.01268636158
0
0.04060135092
0
0
0.03005113042
0.01968901132
0.02766865003
0
0
0.007272420723
0.03561678094
0.01095449985
0.003272467028
0.008314352719
0.01391584854
0
0
0.001719983887
0
0
0
0
0.01746923937
0.00796884243
0.01173234218
0.05673504201
0.01722680269
0.003811926002
0
0
0
0
0
0
0.009223873053
0
0
0.03937847677
0
0
6.46E-02
0.004878024318
0.02459007393
0.02745807835
0
0
0.009287048674
0.0354787537
0
0.0003668125493
0.04191457896
0
0
0
0
0
0.0311331463
0.007481555645
0.01571847535
0.03879594354
0.009438680655
0.01564813519
0
0.001535022588
0
0
0
0
0
0
0
0.04704435202
0
0.01345507875
0.009891721556
0
0.02542263265
0.03371166081
0
0.01416616351
0
0
0.03378951674
0
0
0
0
0
0
0.006154896152
0
0
0.04233701833
0.005159752479
0.003593771493
4.49E-02
0
0
0
0.01164036507
0
0.01680519537
0.02895804271
0.03898635933
0
0
0
0.00154905522
0
0
0
0
0.008156209188
0
0.0269825947
0
0
0
0.01470609174
0
0
0
0
0.002072083338
0.03945522429
0.01744597354
0.02068048589
0.02671750363
0.002818722926
0
0.02654050732
0
0
0
0
0
0.03354044445
0
0.02432969019
0.02792697613
0.007099678977
0
0
0
0
0.01165758735
0.01253371377
0
0.02212279116
0.05344659002
0.00135098359
0.01307575686
0
0.01850614307
0.01469641008
0.03924788469
0
0.006440315891
0.002309146049
0.04394248796
0.01953560648
0
0.04036812873
0
0
0.03738870005
0
0.01980128178
0.01613562724
0.01851104417
0.01890988171
0.004331151548
0
0.02038406621
0.00132327778
0
0
0.0006121321037
0.005763681847
0.01857391004
0.01438942659
0.005618419282
0.02067018058
0
0
0.02126701454
0
0
0
0
0
0.00688208855
0.04501184301
0.028883557
0
0.01989796623
0
0.04674707806
0.02038333054
0
0.01527339528
0
0
0.01545508806
0.04508347802
0.002113229355
0
0.02797862397
0.003480563359
0
0.005105363681
0.007058667261
0
0
0
0.00E+00
0.006921997946
0
0.01529624297
0.003784022059
0
0.008088717275
0.0465585215
0.01493112963
0.01545223999
0
0
0
0.03710426161
0.03103062089
0.04655127904
0.06761039548
0.00287563573
0
0
0
0
0
0
0.01717412162
0
0
0.0414132812
0.02077727699
0
0.003086380883
0
0
0.001148710305
0.008596093513
0.04142271692
0.008359823207
0.02586646971
0.007369525886
0.008141511138
0.02431829942
0
0.01989385797
0
0
0.009170918824
0
0.003853712378
0.01080847729
0
0.003745828509
0
0.01237187937
0.008710733664
0.03404618722
0.003341766208
0
0
0
0
0
0.01635960727
0
0.04952417688
0
0.03192241451
0
0
0
0.008531830441
0
0.04066913762
0.0001980542992
0.01094916822
0
0
0.01444500348
0
0.02889915339
0
0
0.02254431741
0
0
0
0
0.01947951828
0.03541155423
0.02815133797
0
0
0.005190064296
0
0
0
0.0217044377
0
0.0468913718
0
0.02460508085
0.02164810905
0.005492214217
0.02988081322
0.0006583899633
0.00581120673
0
0
0
0
0.01783606081
0
0.0185260593
0
0.003342188941
0
0.00283729665
0
0.02320380749
0.01491119803
0
0.02067688794
0.02560380477
0
0.03287588445
0
0.003957683653
0.01359999964
0
0
0.005583990082
0
0
0
0.02304708848
0.04823765423
0
0.02003351289
0
0.01939402629
0.01189335616
0.02419279806
0.01151145093
0
0.0153400862
0.03626944306
0
0.01455645689
0.01075618648
0
0
0.007931848566
0
0
0.04522634446
0
0.02404642867
0
0.02458423732
0.06259551062
0.03143952949
0
0
0
0
0.01026363298
0
0.0197843895
0.02604654705
0.007492160793
0.003634257028
0.01066750792
0
0
0
0.003772347883
0
0
0.01181450265
0.01107337234
0
0.01397204559
0.03312413102
0.02895146911
0
0
0
0.06099582874
0.02149141689
0.02207421723
0
0.03661074063
0.002926430485
0
0.003435356305
0
0.03982769234
0
0.01507433361
0
0
0.03422735021
0.01920013526
0.03893163803
0.04004972835
0.03683950361
0
0
0.01430310214
0
0
0
0
0
0.02085281784
0
0.03562367784
0.01423547889
0.01427075532
0
0
0.0534543566
0
0
0.02045661115
0
0
0
0
0.02327022662
2.90E-05
0
0
0
0.02443638766
0.01304874389
0.01320020937
0.02054692328
0
0
0.02346364653
0.009279978581
0
0
0.01862456919
0.02928293457
0
0
0
0
0.00276522564
0.00E+00
0
0.008126193601
0.04970957905
0.0112863075
0
0
0
0.001403467969
0.03413519381
0
0
0
0.01690912021
0
0
0
0
0
0.008848415895
0.001923758205
0.003253411408
0.01195076782
0
0
0
0
0
0.04099826548
0.02655089814
0
0
0.02536273215
0.03510679358
0.01276603264
0
0
0
0.03342169033
0
0
0.03405558367
7.44E-03
0.01063156133
0
0.008861244681
0.01379441369
0
0
0
0.006183496596
0.005955849533
0.007587290268
0
0.0160489921
0
0.0005189867238
0.0002840525775
0.031168523
0.008975858391
0
0.001048673291
0
0.01973664087
0
0.005214575482
0
0.02689213409
0
0
0
0.02102250308
0
0.001078671803
0.006152883454
0.008140386073
0
0.01354128491
0
0
0
0
0
0.007024476216
0.04375613907
0
0.03167459345
0.01645028348
0.04746227211
0
0.03135131867
0.03140492606
0.01839758111
0
0
0
0.01179282485
0.01841077191
0
0
0.03303401185
0
0
0.0378211488
0.006019654616
0.02430637244
0
0.0154567705
0.0198183806
0
0
0.02674753871
0
0.004452856196
0.01283468181
0.04514262957
0.02297899998
0.03691592195
0.02794186944
0.02889042412
0
0
0
0
0
0
0.005486993743
0
0.01617232784
0
0.01726051519
0
0.005999829357
0.002254921221
0.06401420767
0.0001781615295
0
0
0
0
0
0.004644499822
0.02562233354
0.06205069123
0.01611470845
0
0.02493987443
0
0
0.004226465581
0
0.02725123374
0.005685156168
0
0.0030401525
0.03765192443
0.00342674834
0.01758622931
0.001915677391
0
0
0
0.006995468628
0
0
0
0
0
0
0
0
0.006344746527
0
0.0001913070686
0.04357131837
0
0
0
0
0
0.02163457381
0.0475126491
0.03256736242
0.04511487158
0
0
0
0
0
0
0
0
0
0
0.03461799863
0.002390324957
0.03030140869
0.03373659184
0
0
0.03943877227
0
0.03112269213
0
0
0
0.0006165439198
0.04551300333
0.0136110374
0.0433868194
0
0
0.03473225562
0
0
0.00151909494
0.01177305705
0.02173448519
0.02949800886
0.03694229037
0.0208049948
0
0
0
0.02451304391
0.007869409037
0
0.02534305543
0
0
0
0.01346225526
0
0
0.0287177912
0.01318067358
0
0.004199687985
0
0
0
0
0
0
0.01823128167
0
0.0064943662
0.009322014207
0
0.01626006927
0.00485347687
0.0001132694926
0
0
0
0.02033263283
0
0
0.04295272167
0
0.007121487936
0.041493673
0
0
0
0
0
0
0.009852921334
0
0.03300620389
0.0003587808947
0.0291827189
0
0.03419337991
0.01000789389
0.01539034548
0
0
0.009646708008
0.004578893469
0
0.01537021548
0.04256409389
0.01267743659
0
0
0
0.05090012582
0
0
0
0
0.003146823068
0
0.03590468799
0.05212881924
0.006122375377
0
0.008859732655
0
0
0
0
0
0.03153084051
0.01017564505
0.05583787732
0.03695776068
0
0.02789182977
0
0
0
0.02501197138
0.03642121818
0.04341636326
0.007318559941
0.02064259946
0
0.01530066767
0
0.001165910354
0.002738486935
0.01636896848
0.01809069179
0
0.03724489159
0.01325816058
0
0
0
0.0195913727
0.03046792139
0.03168868626
0.000655032442
0
0
0.009565531379
0
0
0.04678719542
0.03246160847
0.03424035471
0.02301843405
0
0.0190577203
0
0.01734457406
0
0
0.006595036371
0.0127956408
0
0.02677702976
0.009774670537
0.04407004604
0.007591939331
0.01320992181
0
0
0
2.35E-03
0.00979339007
0.0006094007391
0
0.001015904618
0.01531042928
0
0.01078058241
0
0.006735808002
0.005252838434
0.00979951417
0.02101520016
0.001353817555
0
0.006427683914
0.001537101741
0
0
0
0
0
0
0
0.01815752924
0.008747549597
0.02533124193
0
0.009456209059
0.02943473629
0.02520266063
0
0
0
0.02008913204
0.01403153093
0.01374301616
0
0.03614107865
0.01180128783
0.004095346293
0.005844495649
0.008183492687
0
0
0.02068817569
0.004302349612
0
0
0.01225184013
0.02351818171
0.002562130891
0
0.03430450585
0.03372598197
0.01511700857
0.03114057206
0.04414000505
0
0
0.005479835245
0
0.007761857792
0.01814769513
0.01163571803
0
0
0
0.02728618988
0.01873768102
0.03246692112
0.009532239013
0
0
0.02434559122
0
0.03607998774
0
0.01501530464
0
0.02652883656
0
0
0.04266723016
0.004042009243
0
0
0.02472932792
0.02728540404
0.04131996073
0
0.04035919198
0.0470814118
0
0
0
0
0
0
0.04055141052
0
0
0.02590669758
0.04650316949
0.01968730988
0.01132716077
0
0
0.0464387957
0
0
0.00E+00
0
0.0004233277898
0
0
0
0.02713048643
0.01839948917
0
0
0.03961707876
0.006693266308
0.004854492867
0.03295093331
0
0.04305313695
0
0
0.005231412992
0.01806661082
0
0
0.003548011203
0.006521446151
0
0
0.019283384
0
0
0
0.005049578485
0.00256527725
0.006847149866
0
0.004596382455
0
0
0
0.008556062191
0
0
0.03356186942
0
0.004207207406
0
0.005629234651
0
0
0.02015797309
0.06114354525
0
0
0
0
0
0.03697417211
0.00433282995
0
0
0
0.02733255188
0
0.03409793036
0
0
0
0
0
0.01531796736
0
0
0
0.004964672463
0.01307986248
0
0
0
0
0
0
0
0
0
0
0
0.06344755866
0.04840685538
0
0.001908040343
0.00094636544
0.007832969775
0
0
0
0.01695144626
0
0.006780877143
0
0.0547023579
0.008312220037
0
0.03167161638
0.01701606521
0.009512150759
0.02838144319
0
0
0
0
0
0
0.04757540095
0.01339814499
0
0.03055242128
0.02661529603
0
0.03462680694
0.01160226592
0.0002861597652
0.004392290077
0
0.006051317545
0.004177986711
0.0357598719
0
0
0.02526392924
0
0
0.02376405263
0
0.03428039831
0.01900579473
0.01200057521
0.02793661998
0.001102254428
0
0.04122116906
0.00280192288
0.006218622055
0
0.05297748507
0.005359747152
0.03819606367
0.01867439471
0.007446109521
0
0
0
0
0
0.008042252994
0.01707836057
0.009369129373
0.01150520251
0
0.03205500278
0.006919926548
0
0
0.05336262967
0
0
0.005027044323
0
0
0
0.004199885077
0.03496547421
0.0444572964
0.03785559643
0
0.006656471192
0
0.005181776475
0.00152466462
0
0.01372102067
0.01370642086
0
0.004144161347
0.05225021397
0.02942997942
0.004673800107
0
0
0.00178267688
0
0.01384248958
0
0
0
0
0
0
0
0
0.001751469429
0.003858139305
0.006253932991
0.04905725495
0
0
0
0
0.01818074284
0.02073600471
0.03624122178
0.02570096166
0.02180806586
0
0
0
0
0.01136272127
0
0
0
0
0
0.004842589706
0
0.02767361617
0.03078918202
0.02421687237
0
0.02942302249
0.03567397386
0.03129264721
0
0.005745325406
0
0
0.02535015237
0.005322229035
0.01694036726
0.005795497677
0
0.0218391705
0
0.003093468377
0.01736598417
0.03767353285
0.005524306798
0.02029798019
0.0299168
0.01474370386
0.003730543526
0
0.01284957058
0.03124658842
0.02725663583
0
0
0
0
0.002744196765
0
0.002169055979
0.00495218497
0
0.01313134908
0
0
0.0160785443
0.02082902569
0
0.01937767581
0.0214778011
5.44E-05
0.02351701431
0
0
3.76E-05
0.03535487949
0.01295976038
0
0
0
0.0134592943
0.01312042236
0
0.0235978693
0.005296360875
0
0.02079052749
0.01884299493
0
0.0495771354
0.006234903628
0.02758659852
0.0118177556
0.02375976886
0
0
0.01278432144
0
0.01366818113
0.0160234232
0.03349081041
0.01824441428
0.002912798052
0
0.02002013833
0.009203648618
0
0.02186833976
0.01577966755
0.01416913597
0
0
0.004487731338
0.005444381458
0
0
0.03225791566
0.02169271435
0.003808442067
0.04099978997
0
0
0.02418119067
0
0.0206557546
0.02095478345
0
0.03072530243
0.02771997758
0.02616432751
0
0.02738284638
0
0.00204688712
0
0
0
0
0
0.03356077514
0.03106472752
0
0
0
0
0
0.0008364705755
0.008273315746
0.006431510019
0
0.004548570506
0
0
0.02530816223
0.01201018621
0
0
0.02725641983
0
0
0.01654991613
0
0
0.03143555759
0
0.01296848466
0.009795878523
0.01322809818
0.04177304166
0
0
0.007011127146
0.03596920262
0.00156628482
0.0222252431
0.04647975381
0.02455231794
0
0
0.008189068929
0
0.01436705649
0
0
0
0
0.01398948681
0.03905439612
0.004632413863
0.0186154045
0.008377097274
0.002967317017
0
0
0
0.02210814266
0.03246882127
0
0
0.0258631129
0.03377086516
0
0.05343528551
0.02438787114
0.01185460162
0.008189442507
0.006928622393
0
0
0.02135659432
0
0
0.009594258935
0.0161016888
0
0
0.004442635537
0.01189467839
0.05128291452
0.0248381263
0.01540561449
0.01777089004
0
0
0
0.02016485407
0
0.003122288942
0.002459447333
0
0
0
0
0.01132207636
0
0.01786174427
0
0
0.01548960421
0.02626870912
0
0.008131921382
0
0.006069695407
0.01901037826
0
0
0
0
0
0
0.01646184623
0
0
0.009660524709
0
0.03054894437
0.04798665166
0
0
0.01293788824
0
1.29E-02
0
0
0
0.001565325098
0
0.0299341501
0.00163352502
0.0011131793
0.04023546575
0
0.009205522844
0.02086211708
0.05087375241
0.005345177808
0.001908462595
0
0
0
0.006034607119
0.01322175349
0.02770943085
0
0
0.004020270058
0.006696826127
0
0.03314096868
0
0.01520096478
0
0
0.01399404465
0.02130278307
0.0475386498
0
0.01427565557
0.03660375748
0.02909835747
0.004879564773
0.01409279105
0.02389605572
0.001068085964
0
0.02524317305
0
0.002732742399
0.0154675333
0
0
0
0.00884613968
0.01132369393
0
0.01468990028
0.007815999375
0.02413236464
0.02483380742
0.00E+00
0
0.0001878845526
0
0.01285094874
0.0198620169
0.01062987514
0.01885907051
0.03375190675
0.002164310527
0
0.007188227353
0.006441305792
0
0.009440358999
0.01509451494
0
0.004283111985
0.007687347408
0.0308279772
0.001125526076
0
0
0.02095049061
0
0.01846748923
0.01116144408
0
0
0.0118956719
0.00673900237
0.02753388544
0.01891199453
0.01799652788
0
0
1.59E-02
0.03374248427
0.01925592604
0.01005584843
0.004291385152
0
0.00989054256
0
0.02459613893
0.02625656858
0
0
0
0
0
0
0.009457468365
0.006288526309
0.02337513016
0.02543914115
0.02761480162
0.004368090229
0.007672222306
0
0.01737272393
0
0
0
0
0
0.04696046408
0
0.01361965242
0.03538902372
0.01791683302
0
0.01601579626
0
0.03549751024
0.02407734138
0.01049492788
0
0.03412942811
0
0.02243871393
0
0
0.02913389992
0.007209834384
0
0.01188253204
0
0.003186033483
0.002265889743
0.01699600988
0.02816257839
0
0.004024595103
0.01973536679
0.008744305566
0.04033895036
0.03280431899
0
0.005175977339
0
0.003000392332
0.00169236697
0
0.03069158902
0
0.03773490174
0.01669900304
0
0.01289182484
0.01591775461
0.01241755012
0.0345277781
0
0.001334775994
0.01716001237
0
0
0.0009914366767
0.001409302087
0.01700725638
0.00E+00
0
0
0.001159897641
0.02002259381
0.001057611092
0.026037828
0.02653716488
0.01539101999
0.009123045451
0
0
0.003207789425
0.004729332432
0
0.007123276252
0
0
0
0
0
0
0.03487556661
0.03288177289
0.03160369524
0
0.003229433434
0.006979244957
0
0
0
0.04219713841
0
0.03950592809
0
0.01811849523
0.02568538469
0
0.02227955434
0.009146209355
0.008084525679
0
0
0
0
0.03812025751
0.005813300486
0.02392266359
0
0.003663840212
0
0.03647918545
0
0.01350649775
0.01367219621
0
0.01861436432
0.02080015214
0
0.03375626498
0
0.0180413615
0.01195109072
0
0
0
0
0
0
0
0.04772845661
0.0002569116055
0.03808436504
0
0.0119448935
0.02549212673
0.03233461275
0.01938910124
0.004810777021
0.03553308913
0.02475656689
0
0
0
0
0
0
0
0
0.04545824883
0.01217648832
0.02799790394
0
0
0.04182642241
0.003587471892
0
0
0
0.005499220804
0.01154733266
0
0.004361361554
0.008927972411
0
0
0
0
0
0
0
0
0.01440365587
0.01366229897
0.0301911587
0
0.02710143936
0.01974462621
0.004964534886
0.01733377198
0.0004155652398
0
0.01289046685
0
0
0.02789546516
0.03923739645
0.00242705746
0
0.01724167635
0.01790231631
0.02173058282
0.04137423859
0
0.01231185134
0.008864501095
0
0.03059234316
0.00E+00
0
0
0
0
0.02696726657
0
0
0
0
0.00606386553
0.01840974786
0
0
0
0.007467792712
0.01518752154
0.01251068055
0
0
0.0151352206
0
0
0.003658357994
0.02253811969
0.02402540392
0
0
0.003567243205
0.04097108493
0.05493141077
0
0
0.03540546073
0
0.01428258384
0
0
0
0
0
0
0.03295541285
0
0.01364456022
0.01190763985
0.0114288946
0.02417911722
0
0
0
0
0
0
0.01998583746
0.01120643816
0
0.04023032209
0
0.0205435928
0.03312083329
0
0
0
0
0.02753690766
0.01829442797
0
0.03025424398
0
0.008225313745
0.008464583907
0.03946557711
0.02007894513
0
0.009587404982
0
0.04284179263
0
0
0
0
0.01175689973
0
0.01282222847
0.01773965656
0
0.03436136181
0.0009413737648
0.005839604222
0
0
0.02987178201
0
0
0
0.03375182127
0.01711604105
0
0
0.01092290109
0
0
0.01796499925
0
0.0176475456
0
0.004314889501
0.03312626264
0
0.02032912727
0.006921803841
0
0
0
0
0.0239282972
0.01868156894
0
0
0.02141016971
0.008545680269
0.01044933939
0.03186537455
0.01781851563
0
0.00446994644
0.01344748376
1.66E-02
0.04394146211
0.05086477262
0
0
0
0
0
0
0.00147842828
0.009579656946
0.02312673251
0
0
0.03272589077
0
0.006395906483
0.01869157734
0.04394133483
0
0
0.02697761421
0
0
0
0
0.04053540033
0
0
0.01363883969
0.01051775307
0
0.01918025134
0
0.01592781991
0
0.006783311242
0.01694759115
0
0.00E+00
0.03544552259
0
0
0.02366889563
0.02582165094
0.01980853587
0
0.01474107307
0
0.03021827443
0.02640359308
0.02369696274
0.02280647135
0.01391096165
0
0
0
0
0.03555716355
0
0
0
0.00843282225
0
0
0.01416171088
0.01667816669
0
0
0.01707096963
0.003387620021
0.027847611
0
0.007485213202
0
0
0
0
0.02451231061
0.02496847922
0
0.02447423173
0
0.01425605182
0
0.03870697875
0.002575905438
0.01371935123
0.007071449887
0
0.01935418102
0
0
0
0.01165710593
0
0.01209014366
0
0
0
0
0
0
0.03786117469
0.05397458344
0.0002977550891
0.02491897562
0.02396101914
0.06617343457
0
0.01455841145
0
0
0
0
0.01402763165
0
0.01859531558
0
0.01168440394
0.008098893951
0
0
0.01983973452
0.01346223118
0.0526277774
0
0.001369501827
0
0
0
0.02009937157
0
0
0.03741571658
0.0497294336
0.003725636449
0.02351998702
0.02684893917
0
0
0.04124319087
0.02211981559
0
0
0
0
0
0.02942520287
0
0
0.02536045186
0.03194463949
0.01569075724
0.0002904182003
0
0.006819317274
0.002900417161
0.015682166
0
0.0007211451407
0.04007751319
0.01422069645
0.03561621876
0
0
0.009136968012
0.0149442947
0.02369610104
0
0.01904942009
0.02595423723
0.02871676928
0
0.03901646185
0.0170177454
0.007698965425
0.01078552722
0
0
0
0
0
0.03079402338
0
0
0.01085656713
0.03301500919
0
0
0
0.003780129634
0
0.0335074504
0
0
0
0.003404149049
0.002454520909
0.02250142688
0
0.007879004325
0
0.003165979234
0
0
0.01651192513
0.01070481937
0
0.01948775776
0.0191147959
0.0182908929
0.006598195928
0
3.55E-06
0
0.00353549029
0.0009796914105
0.01957374097
0.007629127598
0.01449413196
0.007909540692
0.017001057
0.03042492646
0.0126442986
0
0
0.008528855529
0.008118717179
0.03135386143
0
0
0.004753377384
0.009798643353
0
0
0.0005973935373
0.003198128788
0.01874186946
0.04516990931
0
0.004446134853
0.02765901236
0
0.02559222882
0.01790120162
0.002785492119
0
0
0.03744215495
0.01231059019
0.01378923859
0
0
0
0.02516305914
0.00E+00
0.03390221567
0
0.001107363594
0.02585270812
0
0
0
0
0
0
0.02326710327
0
0
0.04766022938
0
0.0299921305
0.007597137579
0
0.04019470666
0.02340596042
0
0.002041294545
0
0.0001628860394
0
0
0
0.03576531341
0
0
0
0.03063798576
0.01680826
0.03653796647
0.004252818533
0.01595749131
0.002190699138
0
0
0.02195692777
0
0.01943847521
0.03109562475
0
0.007685203708
0
0
0
0
0.006291536727
0.000529495686
0
0.0233998383
0
0
0
0.04491580472
0
0.001077483703
0.006048203894
0
0
0.02263399558
0
0.04969869103
0.0158223855
0
0.01647179796
0.0170269934
0.02710284983
0
0.01227381172
0
0.06207095594
0
0.00E+00
0.0006238922033
0
0
0.01664074699
0
0
0
0.01633367833
0.02155167813
0.001626165017
0.04737525069
0.01716947144
0.02123587517
0.03876146005
0
0
0.00660876544
0.01024637297
0
0.004739257411
0.01394813848
0.03445410991
0
0.03305050448
0
0.01404845101
0.007360629708
0
0.02876581149
1.02E-03
0.03347413106
0
0
0.01884271252
0.0008342657107
0.003024066859
0.01515943959
0
0.01302331643
0.00531733848
0
0.000924583562
0.001975885761
0
0.03365018838
0
0.0009732252894
0.01593570963
0
0.01848350111
0.01655025016
0
0
0
0
0
0
0
0.01276097255
0
0.01843988071
0.01376174616
0.01006123398
0
0.02271440864
0.01034145287
0
0.009797219888
0.04797846257
0.03615607186
0.00314152298
0.01389560434
0.02478402873
0
0
0
0
0.01492720468
0.004520095428
0
0
0.06248625453
0
0.003571622147
0.03597420593
0.006142901457
0
0.03782036105
0
0.00902641859
0
0
0
0.01855415267
0.008917786488
0.0139865278
0.04573883143
0
0
0.04075559415
0
0
0
0
0.0408431653
0.008415667083
0.01274248436
0.02324231681
0
0
0
0.006461942229
0
0
0.03487484644
0
0.004034513854
0.02757502825
0
0
0
0.009585551958
0
0
0.02024504929
0.03136407607
0
0
0.005655618542
0.005207257695
0
0.01349510771
0
0
0.01817280781
0.03077447701
0.04258480424
0
0
0
0.0003653810528
0.002008022896
0
0
0
0
0.02741146413
0.03443868106
0.01871164964
0.03857955577
0
0
0.0127023192
0
0
0.010306014
0.007282794544
0
0.01197228392
0.01060296405
0.03094721984
0.01608189731
0.03587177305
0.008470005579
0
0
0.009161803281
0.01238608147
0
0.01225489647
0
0.03228672494
0
0.0311154422
0
0.02219139827
0.003401154965
0.02475525132
0.02733772463
0.01563817324
0.005553342191
0.01744154033
0.01904511187
0
0.03035289105
0.007892414708
0
0.02899067593
0.002901942916
0
0
0.0198611427
0.02962258048
0
0
0.02733874656
0
0
0
0.01288540425
0
0.02911154004
0.01134857412
0.03774183685
0.01737118153
3.32E-05
0
0.01054963675
0.0008166881403
0
0
0
0
0.001504936196
0.0303035377
0
0
0.02596769774
0
0.01049505043
0.02135968007
0
0
0.06038664252
0
0.02747820497
0
0.03976552316
0.01355924047
0
0
0
0.06771526473
0.005714360795
0.04618194712
0
0.03795593863
0
0.003997008778
0
0.0226387206
0.02505774345
0
0
0
0
0.02275769035
0.01883498293
0.05771283739
0.006378470375
0
0
0.01693540762
0
0.02493890297
0
0
0
0
0
0.03392153956
0
0.02395562506
0.00158621219
0.03257016141
0.005895910977
0
0.00384080234
0
0.007766655353
0.004241969229
0.005957599021
0.04939427632
0
0
0
0.01220707279
0
0.0002779688089
0.02990146041
0.01435092328
0.0332598493
0.00888985606
0
0
0
0.01449108516
0
0
0
0
0
0
0
0.01157203115
0.02917382519
0.009579386877
0
0.01888293279
0.01459809385
0.01192362291
0
0
0
0.004461366314
0
0
0.002338815329
0
0.005080531935
0
0
0
0
0.04278436267
0.01629365847
0.01073832063
0.01020046724
0
0.01116001321
0.02450353462
0
0.04156433012
0
0.002392801777
0.001607801073
0
0.004056206244
0.02569535073
0
0
0
0.01504198487
0.001226845122
0.04864719143
0.002085358033
0
0.03044681121
0
0.004442797825
0
0.0006119261504
0
0
0
0.01914329306
0.03285325419
0
0.01370500753
0.003558887641
0
0.001383194469
0
0
0.05300670602
0
0.005057893302
0
0.05711884386
0
0.03065295413
0
0
0.007858231774
0.03179114099
0.008263786157
0
0
0
0
0
0.00619337383
0.004592775263
0
0.03024336371
0.00972897204
0.03544723384
0.01929334028
0
0.02433616998
0.01944217936
0
0
0
0.001256954336
0
0.02498321687
0.01589524011
0
0.01426962604
0.02271950466
0
0.01526164415
0
0.02834321262
0.04541969651
0.01226957867
0
0.02714797053
0
0.0412145754
0
0.001089746097
0
0
0.01732195465
0.02791984196
0
0
0
0
0
0
0.04189020552
0
0
0
0.03584347802
0.04708759385
0
0
0
0
0.001398300439
0.04435661442
0.01134853736
0
0.000158033431
0
0
0
0
0.009573121959
0
0
0.02071344926
0.01509522328
0
0.0148727794
0.007665304593
0
0
0.01017846765
0
0.01031889267
0
0.03228492599
0
0
0.007093824353
0.03703266612
0
0.007068050134
0
0.003578417556
0.03871311959
0.001258944206
0
0.020930067
0
0
0.0005161227061
0
0.03416726581
0
0
0.01201331141
0
0.02952082173
0.01628953859
0
0.04711734395
0
0.006372722379
0.01145039552
0
0.01891549229
0.0434261714
0.01023410283
0
0
0.04031765933
0
0
3.74E-02
0.01905534062
0.007131197257
0
0
0
0.03920982332
0.01043018488
0.02724783342
0.00768193883
0
0.01265446548
0.02956801383
0.008046550787
0
0
0
0.0156218728
0
0
0.03402150284
0.001487556834
0
0.04013358765
0.01852139828
0
0.02503508228
0.004701128872
0.02474559243
0
0
0
0.02619321656
0
0.04676164335
0.00642690205
0.002952457701
0.01542094424
0
0
0
0
0
0.01426435778
0
0
0.03360304927
0.004324594253
0
0.02743345586
0.02593983561
0
0.002003070007
0.02558199406
0.03983190511
0.01849393423
0
0.007403347851
0.03152953867
0
0
0
0
0
0.0002966210343
0
0
0
0
0
0.02687573678
0.01403462377
0
0.02328598891
0
0
0
0
0
0.01593551385
0
0
0.03879304496
0
0.009463369394
0.01570591214
0.0340422697
0
0
0
0.01464999148
0.006155509016
0
0
0.00E+00
0
0.00E+00
0
0
0.04951789838
0
0
0.03590791244
0
0
0
0.0004891797529
0
0
0
0.05879612004
0.03310165108
0.03830180632
0.01330491468
0.002078489208
0.0006917179893
0
0
0
0.01640530588
0.005117403324
0.03858018315
0.02881374782
0.006051693084
0
0.04728611625
0.00105276591
0.05958304393
0.03712168985
0
0
0
0.02658874985
0
0
0
0
0
0.06339813806
0.005370571234
0
0
0
0.04086851476
0
0
0
0
0.01620769562
0
0.02329240859
0
0
0.01232920517
0
0
0.0005063760834
0
0
0
0
0.06386091273
0.01651524139
0.009296690345
0.06198265541
0
0
0.001686489134
0
0
0
0
0
0.04888337459
0.02207652985
0.02646012199
0
0.003477592474
0
0
0.0211603103
0.04121058371
0
0
0
0
0.0259591683
0
0.05218755152
0
0
0.0004255288405
0
0
0
0
0.04431991119
0
0.05520733404
0.007000646633
0
0
0.01512487364
0
0
0.003115221309
0
0
0
0.04836762696
3.82E-02
0.02495376715
0.004605841166
0.01425419426
0.02071020225
0
0.02283707865
0
0.003452286936
0
0
0
0
0.003535402204
0
0
0
0
0
0.02182948366
0.05894583734
0.05638818465
0
0
0.009197764649
0.00E+00
0
0
0.008606483957
0.02288460029
0.04845048224
0
0.0183818294
0.02341887762
0
0
0
0
0.00247374109
0
0.003300203801
0.001296986566
0.01195628285
0
0
0
0.04492776608
0
0.009104043083
0
0.003419936159
0
0.03847650357
0.0006147256328
0
0.01625379507
0.004381856606
0.01411698236
0.03754724978
0.01173599374
0
0.01538403672
0
0.01183940828
0.01379171068
0
0.01472962705
0
0
0.007381572099
0
0.01242226154
0
0.02692535571
0.03817045713
0.01556919102
0
0.006540531675
0.01336280351
0
0
0
0.05363375336
0.02136046536
0
0
0.0125794713
0.02302543019
0.009046853017
0
0.002133449179
0.009079200931
0.01094314699
0
0.01325234168
0.02969230135
0.005422345893
0.02982303298
0.008259053628
0.02918856935
0
0
0.002307530356
0.02116455462
0
0
0.01982126101
0
0
0
0
0
0
0.0585169075
0.02703685501
0
0.04416095907
0
0
0.01739461039
0.01977090908
0.01128391466
0.0144400231
0
0.03987510525
0.01873144316
0
0
0.004062219176
0
0.02394470389
0.01291597225
0
0.003362045431
0
0
0.02456458966
0
0
0.009756246535
0.02153645084
0.006154431837
0.01676844291
0.005247884284
0.02862558623
0
0.02900289323
0.00410682991
0.02221071764
0
0
0
0.006657984078
0
0
0.01746123184
0.01562758768
0
0
0.01149768481
0.03209713483
0.00707702834
0
0.01121034189
0.02153668072
0
0.0214135763
0
0
0.007093642989
0
0
0.02038512619
0.0114481472
0.03031703714
0.01335535917
0.0404175043
0.004837585363
0
0
0.00831590735
0
0.03458200506
0.01246549323
0
0
0
0.01376518285
0
0
0.02288835264
0
0.03758339012
0.01202200749
0
0.03370817457
0.01254562554
0.00155443915
0.003954075787
0
0.01713521952
0.0134386518
0.0301491206
0
0
0.0005801844796
0.01046837616
0
0.00E+00
0
0
0.02233966095
0.02302172359
0.03873143452
0.02059108047
0.02603985174
0.01720348115
0.01762883855
0.003349164293
0
0
0
0.0226393433
0
0
0.003532177882
0
0
0.03249656566
0.006897870869
0
0
0
0.01443949187
0.0328958658
0.002109441351
0.02241592486
0
0
0
0.04256315266
0.0004649259228
0
0.02364356191
0
0.02910617207
0.005927703009
0.02794740701
0.03026437259
0.04518973241
0
0
0
0
0
0
0
0.02607720154
0
0.02115780721
0.01941253822
0
0
0.005152038536
2.26E-02
0.002682444206
0.04790063018
0
0
0
0.01407280851
0.04676551377
0
0
0.01871685721
0
0
0
0
0
0
0
0.04000837765
0
0
0.02638243093
0.02920372577
0
0
0
0
0
0.007383923614
0.003383838834
0.04030601918
0.04495966155
0
0.002535635227
0
0
0.01511343554
0.01746316023
0.02127765083
0.00354768311
0
0.008240938056
0.04306023375
0
0
0
0
0
0.03527924186
0
0
0
0
0.01429828168
0
0.05005651411
0
0
0.006372157106
0.046654112
0.04243195976
0
0
0
0
0.01947828684
0.03767415442
0.007559848775
0
0.01027999059
0
0
0.006292490812
0
0.02355191306
0
4.22E-02
0
0.001507603816
0.03269226472
0.01107048228
0.03718564795
0.001348316676
0
0.0108847418
0
0
0.009324746827
0.009168792796
0
0.01421701787
0
0.000918622114
0
0
0
0.02873237146
0.006726886061
0
0.04702717
0.03188383147
0
0.01095051908
0
0
0.006277135023
0
0
0
0
0.007069423102
0
0.04142044137
0.04474884743
0
0
0.002779566397
0.01430788128
0.009286910057
0.01139348251
0
0
0.01486204005
0.03931183335
0
0.02382539682
0.002136979672
0
0.01065963033
0
0
0.003764630369
0.05272252106
0
0.01494902914
0
0.03627883537
0.06181403355
0.05574455544
0
0
0
0
0
0
0.0005986615369
0.02157701584
0.006854042689
0.01324798773
0.01771495461
0
0
0
0.003246812219
0.006955319506
0
0.00719595843
0.02619220965
0
0
0
0.0005880877655
0.0007730753358
0
0.03351056311
0
0
0.006737566165
0
0
0.009000085873
0.01739295822
0.00864981027
0
0
0
0.04231467575
0
0.00217184868
0.01035863823
0
0
0.01747467767
0.02715939717
0.009316378293
0.04338714418
0
0
0
0.004409817813
0.03169152716
0.02387634366
0
0.03454708473
0
0.01380353142
0.01841340421
0
0
0.007546083478
0.02606927473
0.01338731345
0.0411331178
0.01095803017
0
0
0.003950315769
0.00504428259
0
0.00711949362
0
0
0.02383274869
0
0
0.001430770602
0
0.02684099953
0.0242370828
0
0
0.0468418577
0.01895707036
0
0.03660870622
0
0
0
0.002722838925
0.02695883043
0.02284249143
0.03846002734
0
0.009704728977
0.0006956298529
0
0.02917448428
0.02303566465
0
0
0
0.01301459716
0.04146716081
0
0.006057099075
0.01685482952
0
0.006375155358
0.02298349513
0
0
0.003304841664
0
0
0
0.04789000304
0.01566875051
0
0
0.02325560865
0
0.03773226206
0.01198780981
0.02421518414
0.02031699607
0.03157902289
0
0
0.03680485465
0.02462604932
0.01036278696
0.02762886883
0.02955800819
0
0.001975289497
0
0
0
0
0.001719686132
0
0.01627051017
0.004070111961
0.01836421284
0
0.04231323433
0.0552178704
0.03723207596
0
0
0
0
0
0.02036337243
0.008788567016
0.05928832554
0
0
0
0.03957842611
0
0
0
0.00380721317
0
0
0.03940274342
0.08065369056
0
0
0
0
0.0125229186
0
0.05104138209
0
0
0
0
0
0
0.008475125537
0.01630470523
0
0.00101561672
0
0
0
0
0
0
0.01876148839
0
0
0
0.01485729142
0
0
0.01020060082
0
0.00932530187
0
0.0452053942
0
0.01728711546
0
0
0
0.02713515623
0
0
0
0
0
0
0.02155469724
0
0.06245603374
0
0
0
0
0
0.01079198429
0.06454671274
0
0
0
0
0
0.003978481954
0
0.01874601899
0.01098073281
0
0
0.02392357016
0
0
0.009554293646
0
0.01204228589
0
0
0.04142503725
0.04277119178
0
0.04519042691
0
0
0.00052438936
0
0
0.005266576743
0
0
0.004660681339
0
0
0.005104032816
0.05067093378
0.02648043719
0.003689137166
4.64E-02
0
0
0.004711914039
0.02558124673
0
0
0.01347354226
0
0.005233563021
0
0
0
0.002972015596
1.64E-02
0.00622772702
0
0
0.004348796031
0.02431210354
0
0.02460399347
0.009793055533
0.006821656797
0
0
0.01594900669
0.0227717079
0.0403143016
0
0
0.001408939538
0.02294015662
0.03972483471
0.03131664851
0.008602681847
0.01599124231
0
0.006197405228
0.02374288017
0
0.03344100566
0.02120916924
0
0.006369890239
0.02941639506
0
0
0
0.002532759896
0
0.008947089052
0.05056892567
0.008862157975
0
0
0.03844773788
0
0.01442843324
0
0
0
0.01435117147
0
0.03015033915
0
0
0
0.04008947135
0.001882254933
0.003893828265
0
0
0.004376846438
0.011446524
0.03186595744
0
0.002861925804
0
0.06026292197
0.03690191881
0
0.01860752395
0
0
0.001125555597
0.01137065236
0.02042631914
0.04127468166
0
0.03915070619
0.03563625315
0.04358718736
0
0
0
0
0
0
0.03486839916
0.0004292902554
0
0
0.001888203227
0
0.01171592716
0.05366913613
0.006232795564
0.01056598905
0.02331243466
0
0.001668381205
0.008740657548
0
0
0.03265184165
0
0
0.04069095207
0
0
0.03324366918
0
0
0.008687732221
0.00334187316
0.01747243207
0.02766954488
0.03477472845
0
0.0331157553
0
0
0
0
0
0
0
0.015793458
0.03504434466
0
0
0
0
0
0
0.01976933096
0.02521790194
0.01684985536
0.004029604673
0
0
0.01412508198
0.01792048537
0
0.00281972184
0
0
0
0.01634431887
0.01164416288
0
0
0
0
0.003698443002
0.01620878854
0.005098722236
0.01447796521
0
0.04504014797
0.005830732462
0.02815247953
0.003524900219
0.01878006198
0.0106980541
0.01052875203
0.01980220436
0
0
0.01637970088
0
0.03281204876
0
0
0
0.01607158774
0.01192547442
0
0
0.02023465811
0
0
0.001386948612
0.01977947069
0.04658377795
0
0
0.05146760228
0
0
0.02480265365
0.02506301774
0
0
0.04451423356
0.007575691692
0
0.02394551388
0
0
0
0
0.01121740239
0.002750832178
0
0
0.01753796745
0.01429469046
0
0
0.007745624674
0.03681083659
0
0.01086315394
0.02625609677
0
0.02844495416
0
0
0
0
0
0.02888425186
0
0
0.01231208344
0.02323735039
0.02284091998
0
0.005474324448
0
0.02599937229
0
2.40E-02
0
0
0
0.05396352283
0
0.05021079303
0.02035080613
0
0
0
0.02443077903
0
0
0
0
0.009648540183
0
0.03557703188
0.02356816592
0.008767799926
0.03808996008
0
0.0157595453
0.006166743768
0
0
0
0
0
0.01688617161
0.005466573993
0
0
0.01233696866
0.008642994031
0
0.007039684799
0
0.04006734218
0
0.01532448851
0.02885548974
0
0.02035126559
0.02191025503
0
0.01402826675
0
0
0
0
0
0.007272992009
0
0.02133018875
0.01640394341
0.01272779525
0
0.007132665465
0.02954436561
0
0.02027512646
0.0467808116
0.02354486491
0
0.0109654141
0.01402029777
0.002669263434
0
0
0.02250471028
0.03478274621
0.0131005266
0
0.002621939954
0.04663681355
0
0
0.02352616846
0.03759287728
0
0.01276892863
0.013847622
0.0195623024
0.00408006345
0.02261069771
0
0.03740288548
0
0
0.01632274352
0
0
0.01190935627
0.002033815685
0.008044886139
0
0
0.01080423205
0
0
0.03149116852
0
0
0.01083041062
0
0
0.003351276962
0.01922406754
0.005384993919
0.01118393862
0.03722581145
0
0.02261685631
0.02917456508
0
0.001675542846
0.0003558299587
0
0.03321906165
0
0.004814490694
0.01747658876
0
0
0
0.03214542314
0.01315016969
0.01514446584
0.03687443534
0.02133663345
0
0.002669271496
0
0.006365534776
0.01412807
0
0
0
0
0.04183738161
0
0.01501471054
0.03354399596
0.0239607676
0.01347243287
0.02449801689
0.01263747585
0.03610970817
0.0143343522
0.02537643944
0
0.01551436889
0.000403378156
0.02538058632
0
0.004626731166
0.02253432221
0.0315647538
0
0
0
0
0
0
0.01511945195
0.01812303228
0.01498472096
0.02165952937
0
0.03082046361
0.0301541628
0.01545690931
0.03713755102
0
0
0.003353864802
0
0.01109332365
0
0.02599129354
0.0178039593
0
0
0.007345751966
0.009627735809
0.01546972031
0
0
0.0003605447796
0
0
0.02359746754
0.01654650165
0.02813256714
0
0
0
0.003057985882
0.0146097437
0
0
0.007979527043
0.01720658309
0
0
0
0.006978679644
0
0
0.01173905582
0.003693512349
0
0.01649610372
0.02683960185
0.005492833405
0.04506231355
0
0
0
0.06261844498
0.01667923634
0.007069900616
0
0.02438157907
0.02033887095
0
0.03325196451
0
0
0
0
0
0
0
0
0.006414778985
0.004051650971
0.05485676025
0.05266697177
0.003958232739
0
0
0
0.02296403603
0
0
0.02892308501
0.0009106329896
0
0.008461430411
0
0.02003191348
0.01304174186
0
0.03815527841
0
0
0.04709904281
0.03748495741
0
0
0.02086139478
0
0
0
0.04246753271
0
0.04351592068
0
0
0.003977883444
0
0
0
0
0
0.004183702155
0.0175194762
0.005373359779
0.0004254210041
0
0
0.003967644503
0
0
0
0.03913204714
0
0
0.01999368292
0.004328530776
0.0398966873
0.01394936892
0.01515628759
0
0.03055625763
0.00E+00
0.01758542375
0.01070787718
0.01995633881
0
0
0
0.01990789499
0
0.02835722795
0.0009286776654
0
0
0
0
0
0
0
0.01352386837
0.02353550272
0.007346849114
0.009514093816
0
0
0.007056921383
0.0184187942
0
0.04228324489
0
0
0
0.04989594827
0
0
0.004672345913
0
0.03443551983
0
0.006169304228
0.05032026237
0.007876454842
0
0
0
0
0
0
0
0
0
0
0.01665767156
0
0
0.005741824356
0.0307014255
0
0.04010893622
0.0004134297097
0
0
0.00E+00
0.02210478416
0
0
0.05224370112
0.01975086004
0.01829484665
0
0
0
0
0
0.02222954178
0
0
0
0.01162916879
0.01579467251
0
0.01582830964
0.001060482427
0
0.004375117888
0.0130772831
0.01920004173
0.04418735225
0
0
0
0.00863993915
0.04707306878
0.04646834168
0.05965212273
0
0
0.0178411899
0.006123077904
0
0
0.001559160271
0
0.007854995616
0.03758779177
0.02419571743
0
0
0
0.0397838708
0.009952482029
0.0125851476
0.01021213434
0
0.008244624015
0.03377777663
0.04317496094
0.03404485443
0.008045891696
0.0003122678435
0
0.002237528129
0.01461423542
0.02483438816
0
0
0.02151167923
0.01401148362
0.02631661814
0
0.001987733714
0.002224039049
0.002976724784
0.008447920024
0
0.02957666633
0.03176258506
0.02938486852
0.003460263063
0.03267608141
0.01130180428
0
0.008138206031
0
0
0
0
0
0.03523240174
0
0.006032389301
0.005460367447
0.02968217313
0.004965057512
0
0.02082348948
0.001690007855
0
0.01600329236
0
0
0
0
0
0.02331216248
0
0
0
0.01828339669
0.01630421395
0
0.03358332341
0.01552504912
0.01919865882
0.01075392874
0.02678661589
0.01777634417
0
0
0.0006577047116
0
0.007741226043
0.002385735383
0.01350686369
0.005173956491
0.006849154786
0
0.01004716736
0.05023991579
0.02481583093
0.009864290067
0
0.002925377788
0.005204922076
0.0230059425
0
0
0
0.003426324915
0
0.001900339993
0.007330842641
0.01055413035
0.01682476506
0.03912122856
0
0.02528522567
0.02853931793
0
0.008632349065
0.01904825822
0
0
0
0.02446545804
0
0.02629244267
0
0
0
0.01286973145
0.007523688223
0.02485722173
0
0
0.04837323397
0
0
0
0
0.02661686554
0
0.02313843498
0
0
0.04821141856
0
0.05161269594
0
0
0.02029727552
0
0
0.03673391529
0
0
0
0
0
0
0
0
0
0.03642716668
0.004665977989
0.03670225909
0.008835311404
0.006853855798
0
0
0.0139483349
0.034182706
0
0.02809843773
0
0
0.003343697849
0
0
0
0
0
0.01673727323
0
0
0
0
0
0.0502139793
0.003278234183
0
0.04653525487
0
0
0.01206021652
0
0
0
0.02565618858
0
0.006010006965
0.04726772909
0.01430942359
0.0416301725
0.03619949277
0.04818580932
0.01371135724
0
0
0
0
0.01084173256
4.65E-05
0
0
0.002833972866
0
0
0.01597502605
0.02093674094
0.03868246976
0.005456850715
0
0.01748243003
0.005637882625
0.02072659293
0.005243976702
0.01590141872
0
0
0.007770356064
0.01511911889
0.00424643381
0
0.009828808912
0.03745888963
0.009268559338
0
0.002024016178
0
0.00975733318
0
0.02227061489
0.02887289746
0.003814309315
0.01263064193
0.001717349784
0
0.03390391761
0.02445388991
0.005196642284
0.003937239966
0
0
0
0
0
0.01970152074
0.01135025132
0.02815089511
0.007214871692
0.03839212588
0.021605383
0.009463520088
0.01525362164
0
0
0
0.03823879477
0
0
0.007885705372
0.01662472255
0.01585891509
0.02467783485
0.01595417886
0.02012855467
0.01317811084
0
0
0.008397524451
0
0.005400174299
0
0.05243291093
0.001515954544
0
0.02043613748
0
0
0
0
0
0.01446395595
0.0400278733
0
0.02946027508
0.0260358726
0
0.01346395623
0
0
0
0
0.005930253849
0.003607663692
0
0.009178204039
0.03605945527
0
0
0
0
0
0.006713420755
0.01956909162
0.01187148803
0.03110084179
0.0228632721
0.01804139841
0
0.01752849994
0
0
0.04717015765
0.001636196929
0
0
0
0
0.05887052081
0
0.01060135548
0
0.01972996952
0
0
0
0
0
0
0
0
0
0
0
0
0
0
0
0
0
0
0.07574209023
0.06324427329
0.0109857036
0.02906249429
0
0
0
0.01576395057
0
0
0
0
0.01098440143
0.04626117971
1.51E-02
0
0.04965487915
0.005995671349
0
0.02332614802
0.01981910188
0
0
0
0
0.001527114027
0.03692572287
0.04448482518
0
0.00672524827
0.01602985922
0
0.004313855682
0
0
0.02005080571
0.003658236378
0.05416402801
0
0.01641492437
0
0
0
0
0.004354991786
0
0
0.02978331017
0.05857322111
0
0
0
0.009172198597
0.01841175006
0
0.02018048185
0
0.04938701205
0
4.92E-05
0
0
0.01156614865
0.00E+00
0
0.005747611711
0
0
0.02580677318
0.05217732547
0.05441574474
0
0.0009191094778
0.008236404586
0.005132987937
0.01218663301
0.006821946361
0.00E+00
0.007462503968
0
0.02880359837
0
0
0.0137384767
0.02431717993
0
0.01901086066
0.02305224738
0.008571552918
0
0.03545561398
0.02962982189
0.004145308677
0.02574330469
0
0.0001421545881
0.03037268848
0
0.008373368189
0
0
0
0.02233853137
0.002541924669
0.003770229694
0.01354307577
0.01853748579
0.02243245531
0
0
0.02689094499
0.03327268709
0
0
0.009648328395
0.00102119958
0
0.03847357983
0.02398454679
0
0
0.04223595877
0.009607302487
0
0.002812103388
0
0.007735518017
0
0.04653168625
0
0.01814932194
0
0.0001301730814
0.05318719001
0.01734863481
0
0
0
0.01461551775
0
0.03349283622
0
0
0.005817432147
0
0.001945687282
0.01562942789
0.01309732314
0
0
0
0
0.00E+00
0.009567067984
0.003344984408
0
0.04356092053
0.002044201179
0.02900879519
0.01740022666
0.007499428139
0
0
0.01325090676
0.03659510955
0
0.01533016828
0.005129225831
0.00E+00
0
0
0.02728121071
0
4.26E-05
0.04149269472
0.02487540873
0
1.81E-02
0.02094262006
0
0.01587416768
0
0.01536983993
0
0
0.02714809957
0
0.02104294606
0.02523122567
0
0
0
0
0.02108649026
0
0.01576001454
0
0
0
0.02706376069
0.009698183046
0.02220607218
0
0.01876146887
0
0.02023184966
0
0.005865435706
0.03179124709
0.02961308022
0
0
0.005553312557
0.02515720318
0
0
0
0
0
0.05060650206
0.00869225372
0
0
0.01706769382
0
0.04081221956
0.02158777056
0.05874364835
0
0.009791442089
0
0.01109199508
0.009780584128
0
0
0
0.03387655889
0.003111385031
0
0.01811290483
0
0.01087267461
0.01979779758
0
0.01967297963
0.006713605836
0
0
0
0.01032833425
0
0.03302852951
0
0.01506569709
0.009348702754
0.03393628083
0
0
0
0.01493494835
0.01498762354
0.02015014543
0.01382650969
0
0
0
0
0
0
0.02385972163
0.02730706184
0
0
0
0
0.02388759025
0.003496161944
0.04918751581
0
0
0
0.005653292225
0.006831464295
0.04307010628
0
0.02516812751
0
0
0.008258153396
0.02276386206
0
0
0.007086363854
0
0.02778829518
0
0
0.01790653615
0.02522189107
0.008479850325
0.04222361682
0
0
0
0
0
0
0
0
0.02129904547
0
0
0
0.04629786224
0.01645427518
0.007687522726
0.01120241853
0
0
0.03734687029
0.05078723467
0
0
0.01409891139
0
0
0
0.01445336488
0
0.01708767112
0
0.003536732909
0
0
0.006736242903
0.02384774169
0
0
0.01558083071
0
0
0
0.01349253214
0
0.01646334756
0.002533041522
0
0
0.02880230172
0.03276139827
0.0329393895
0.03781193198
0
0.02720901486
0.01665792758
0.02363640585
0
0.007623804742
0
0.001059225152
0.007699220706
0.03749400954
0
0
0
0
0.0008689087674
0.01344017165
0.03480185904
0
0
0
0.06126595752
0.030322247
0.02223854223
0
0.03840267112
0
0.04097050362
0.01696470136
0.002881965222
0
0.003925746985
0
0.009513183885
0.04475680221
0
0
0
0
0
0
0
0.02974550752
0.02223225907
0.03236021406
0
0.02163636826
0
0.04388805678
0.003521709976
0.00E+00
0
0
0
0.01007972349
0
0.003029504419
0.01674785318
0
0
0
0.05131342627
0
0
0
0.01531492354
0
0
0
0.01987641699
0
0.02034731297
0.04351461938
0
0.06358063433
0.02089459774
0.02460948697
0
0
0
0
0
0
0
0
0.05983630462
0
0.007682927074
0.006969491636
0
0
0
0
0.03664917211
0.02184016497
0
0
0.007113938041
0.005152384274
0
0.05870142231
0
0
0
0
0.003576521339
0
0
0.01266348514
0
0.0212104026
0.03344270401
0
0
0
0
0
0
0.01794646315
0.05454564017
0
0
0.01164903338
0.003008467898
0.0251055864
0
0
0
0
0
0.04846402716
0.01955281445
0
0
0
0.02902581612
0.03324456508
0.03836392118
0
0.01502797795
0.004187380869
0
0.01908374507
0
0
0
0
0
0.03116743861
0.02245619553
0.02668348213
0.00463059061
0
0.003310624781
0.02906754432
0
0.00405739386
0
0
0.02988700424
0.03629251754
0
0
0.0246857343
0
0.004067576001
0.03165899852
0.03827937894
0.02364878353
0
0
0
0
0.02587080992
0
0.02244274129
0.03969468431
0
0.03381001382
0
0
0.006777801364
0.02181723313
0
0
0.01024251382
0.0009914334777
0.006316734283
0.01724329003
0.02006550176
0.01034287656
0
0
0
0
0
0.007019569978
0.02258038049
0
0
0
0
0.04541732366
0.0146216931
0
0.02766451881
0.0125119225
0
0.04254001688
0.0123346767
0
0
0
0
0.009921216271
0
0.01786428587
0
0.001490762375
0
0.01381140113
0
0
0.01476924767
0.02049707736
0.01596920936
0
0
0
0.0006600678707
0
0.001410297617
0.01873199428
0.02964277426
0.01969131432
0.01410783011
0
0.01701787406
0.03333893188
0
0.008451122675
0.02214667213
0.01673770259
0
0.007202237617
0.05074443326
0
0.04816005064
0
0
0
0.005316957341
0.03055751392
0
0
0.02659527548
0
0.01198205853
0.02328251589
0
0.01074430397
0.0111430972
0
0.02661231197
0.02040927459
0
0
0
0
0
0.03066676015
0.008628101127
0
0
0.02157992064
0
0
0
0
0.02204552419
0
0
0
0.03953511714
0.005213295304
0
0.01204961432
0.02487249289
0
0
0.02032227692
0.00534648419
0.02331360947
0
0
0
0
0
0.05122031685
0.01514479589
0
0
0.008395642888
0.02079481708
0.003830729349
0
0
0.02968532324
0
0.02873502463
0.02474832979
0
0
0.05667925901
0
0.03676777367
0
0.001768590518
0
0
0.002734054171
0
0
0.01551930663
0.02906534118
0
0
0.0008171411298
0
0.004225140476
0
0
0.06187473548
0
0.01281395307
0
0.01003242829
0.0002984967297
0.01959658201
0.01540778619
0
0.03101358238
0
0.04226194532
0
0.02779518475
0
0.03016254364
0.002632356898
0.01462366177
0
0
0
0
0.01456031562
0.004411742153
0
0
0.02871785881
0
0.01158170288
0
0.01747512748
0
0.02469431392
0
0.008055894805
0
0.01392798294
0.02596997742
0
0
0
0
0
0
0
0.03147179341
0.01882335405
0.008750427661
1.20E-03
0.02058700217
0.04252005092
0.02100303955
0.02360588164
0
0
0.01821799001
0
0.0008385209415
0
0.01176594977
0
0
0.0374268115
0.005288095419
0
0
0.01189355382
0.02653435606
0.015027723
0
0.02318510498
0
0.01168471021
0
0.01303031349
0.02437419323
0.01173522215
0.009869578991
0.03788205648
0
0
0
0
0.002913942383
0.01760816548
0.02810997661
0
0
0.002168677364
0.05494688329
0
0
0
0
0.03018598184
0
0.02933402102
0
0.006877693426
0
0
0
0
0.003340435925
0
0
0.002285514379
0
0
0.03772477704
0
0.01313694858
0.00674285321
0
0.02734803579
0.03607816965
0
0.01332532623
0.006324748164
0
0
0
0
0.05103780463
0.01560504658
0.004857194423
0
0.01754541046
0.01713604609
0.02736637229
0.01286333047
0.009315721787
0
0.01552292124
0
0.009154463052
0
0.01438478202
0.01703835428
0
0
0
0
0
0
0.02703222908
0.005740773282
0.02019907739
0.02449296265
9.12E-05
0
0
0.03463309267
0
0.0128122434
0
0
0.003770824345
0.008186599133
0
0.04473413905
0.02214936489
0.005636935708
0.04308270627
0.03571758451
0.01494875951
0
0
0
0.04964999305
0
0
0.01875313714
0
0.02545563876
0.01831265001
0
0
0
0
0.04339008178
0
0.04235255303
0
0.00958456541
0.05281285298
0
0.002845789098
0
0.009082280668
0
0
0
0
0.02707153964
0
0
0
0.01134961228
0
0
0
0
0.03551373992
0
0.0004524898813
0
0
0.001870635007
0.007039790672
0
0
0
0
0
0.008707727443
0
0.04626478634
0.02860129286
0.00826436376
0.02532766984
0.00506597198
0
0.03598991982
0.02135757095
0
0
0.02526082262
0.03651944978
0.01022590561
0
0.04275476155
0
0.03515312588
0.0163418399
0.03142743515
0
0
0.007559493466
0.002117821701
0
0
0.0004354721698
0.01085962006
0
0.007517610176
0.02570335817
0.05396793539
0
0
0
0
0
0
0.0521796396
0.0008507165471
0
0
0.02114576036
0
0.001837979826
0
0
0.01014722372
0.05790767606
0.008754657247
0
0
0
0.03464408463
0.02249092917
0
0
0.02743734874
0.0611329525
0.01664206515
0
0.003199243163
0
0
0.04280467692
0.00985944747
0.0264945183
0
0.004125103572
0.007020731925
0.009025689068
0.01357779402
0
0
0.06065380216
0.01406356626
0
0
0
0.01581621848
0.00393343605
0
0
0.05029292826
0
0.002579151368
0
0
0.02259980996
0.002155883925
0
0
0.01999563512
0.02405103348
0.04777847956
0
0.06055947476
0.007217346936
0
0
0
0
0
0
0.01907808596
0
0
0.005820872395
0.02398453421
0.03135713788
0
0.01744421382
0
0.05761283311
0
0
0
0
0
0.0139360282
0
0
0.04653017575
0.04040908219
0
0.01587660374
0.04835976714
0
0.007734902805
0
0.003182095866
0
0
0
0
0
0
0
0
0.002641022627
0
0
0.05620855767
0
0
0
0
0
0
0
0.0006679599408
0
0
0.02648971073
0
0
0
0.01001651286
0
0
0
0
0
0.03382885494
0.03475100037
0.06474809059
0.03107088137
0.02408352425
0
0
0
0.01528439357
0.03718639172
0
0
0
0.01105527894
0.0005306406164
0
0
0
0.0269258896
0
0
0.002358521823
0
0
0
0.02546074743
0.002474055114
0.04777012715
0.002626123056
0.04131395427
0.01880758451
0.0004428704115
0
0
0.01793243297
0
0
0
0.00361501644
0.008779739557
0.02144754552
0.05770054915
0.004857746691
0
0
0.002187657267
0
0.01802812762
0.01192080112
0.00794299751
0.008865417919
0
0.01709366247
0.02050242263
0
0.03786918071
0.01967754665
0
0
0.01650959266
0
0
0
0.01769376451
0.02304053808
0
0.02392303344
0
0.04784610801
0
0
0.02068343187
0.02200259996
0.01907403172
0
0.01772355243
0.02564882797
0
0
0.003906987712
0.008832245384
0
0
0
0
0.02781845267
0
0.04374073489
0.0560430433
0
0
0.01524523136
7.31E-05
0
0.02277705513
0.005370072821
0.04578375481
0.01281197846
0.02205696456
0
0
0
0.01928091466
0
0.007773789428
0
0
0.02599974522
0.005125919632
0
0.005027863913
0.02376792196
0
0.001986598387
0
0
0
0
0
0
0.04439938398
0
0.00E+00
0
0.004626738708
0.04230922672
0.01478816842
0.03927845412
0.01812188563
0.03253723165
0.02990921664
0.01419541201
0
0.008413493869
0
0
0
0
0
0.008125529014
0
0.03486217144
0.003187021344
0
0.004230944438
0
0
0.02421083727
0.04977628659
0.04008018452
0.005228924446
0
0.02922604393
0.004298555326
0
0.01454436309
0.05804437009
0
0
0.04643080785
0
0
0.02412420959
0
0
0
0
0.02117776383
0
0.00280892571
0
0
0
0.003906876184
0
0.001685465666
0.01266651007
0
0
0.06282891449
0
0
0
0
0
0.009830501847
0
0.02595868348
0.02699769314
0
0.0171725343
0.0219299168
0
0
0
0
0
0
0.01470920508
0
0.01173986236
0
0.05322744756
0.004300689713
0.04210006708
0.007252087326
0
0.003739223128
0
0.03526365121
0
0.02424914773
0.01498648162
0
0
0
0.02243831646
0.03005454756
0.009548974091
0
0.008259572489
0.03112270901
0
0.01842709595
0
0.01117122353
0
0.03875653518
0
0
0.03866610006
0
0.05317510396
0
0.02159160657
0.01858986671
0
0
0
0
0
0
0
0.01860180759
0
0
0
0.03344605963
0
0
0.02576898829
0.03131116502
0
0.03944454945
0
0
0
0
0.017281117
0
0
0.008369964437
0
0.00775180444
0.01441970007
0
0.01776185936
0.004671339372
0
0.0326401283
0.02850401256
0.006127868266
0
0.02196630361
0.01669121316
0
0.003908220477
0
0
0
0.001045784622
0
0.02179873678
0.05755806292
0.008003136546
0
0
0.01143451126
0.04078302101
0.05006555042
0
0
0
0.01491813838
0
0
0.0001987275475
0.002186946673
0
0.03666575177
0
0
0
0
0.004548134554
0.009295344267
0.02084236439
0
0.003600194686
0.01520632807
0.03214588415
0.01129516537
0.002275572617
0
0
0.02946790746
0
0.006043018215
0
0.01418955817
0.03889085191
0
0
0
0.01118263505
0.002456570332
0.009566730567
0.01341567091
0.01245959016
0.01508601146
0
0.00431379371
0
0.03425144629
0
0.008785317778
0
0
0
0.02253507565
0
0.009073768967
0.03272249966
0
0.004821466468
0
0.03370149974
0.01542584479
0.01407194257
0.01311725143
0
0.01032804322
0.01297913616
0.008935769185
0
0
0.0197590301
0.01917482255
0
0.01243747364
0.02618009677
0.03880404387
0.04070108314
0.007128115552
0
0.02458370187
0
0.01197925935
0
0.04350463513
0
0
0
0
0
0.01641501293
0
0.00404136776
0
0.05703374405
0
0.0122160662
0.02686596615
0
0
0
0.005422507682
0
0
0.007441116655
0.01012222934
0
0.01680555296
0.02523526655
0
0
0
0
0.0006133589722
0
0.05093356423
0.01082135441
0.02209569674
0.03823146642
0.01649654591
0
0
0.01371924184
0
0.02984554139
0