0.000495 4e-05 3.5e-05 1.5e-05 0.00212 0 4e-05 0 4e-05 3e-05 0.007135 0.00766 0.008525 6e-05 0 0 2e-05 0.0084 0 5e-06 0.00387 3.5e-05 0 2.5e-05 0 0.002125 0 0 4.5e-05 2.5e-05 0.00129 0 0.00449 3.5e-05 0.00438 5e-06 1.5e-05 2e-05 0 3.5e-05 0 1.5e-05 0.000625 0.00015 0.015355 1e-05 6e-05 0 5.5e-05 0.000805 2e-05 0 0.013515 0.008725 0.00028 0 5e-05 0.001035 0.01395 0.01183 0 0 1.5e-05 0.006775 5.5e-05 0.003485 0.00319 4.5e-05 3e-05 0 4e-05 3e-05 2.5e-05 0 0.00483 6.5e-05 0.00552 0 0 0.00462 4.5e-05 0 0 1.5e-05 5.5e-05 4e-05 0 0.00505 3e-05 3.5e-05 0 0 0.000645 0.001035 1.5e-05 0 0 0 4e-05 0.01204
0 0.003965 0 0 4.5e-05 0 0.008965 0.00201 0 1.5e-05 2e-05 9e-05 0 0 0 0 4.5e-05 0.004175 3.5e-05 0.00308 0 0 2.5e-05 2e-05 0 0.004765 0 5.5e-05 0.012605 0.000425 0.00013 0.00239 3e-05 1.5e-05 3.5e-05 2.5e-05 0.00682 0 0 0 0 0 0 4e-05 0.00237 7.5e-05 5.5e-05 0 0.006455 0 3.5e-05 0 0.00019 0.010975 0 4e-05 1.5e-05 0 5e-05 7e-05 2e-05 3e-05 0.01063 1e-05 0.001895 3e-05 2.5e-05 4.5e-05 2.5e-05 0.001075 0 5e-05 2.5e-05 0 0 6e-05 0.000285 3.5e-05 0 3e-05 0.00689 7e-05 5e-05 1.5e-05 0.00489 0.00633 0.00019 4e-05 1.5e-05 0 2.5e-05 0 0.004045 0.003325 8.5e-05 0.002775 3e-05 0 0.008995 4e-05
0.00373 0 0 4e-05 0 0 1.5e-05 4.5e-05 0.002515 0.00912 0.002525 0.00273 5e-05 0.00038 1e-05 0.011445 3e-05 0.009485 0 3.5e-05 0 0 1e-05 0.01691 0.00837 0 0 0.000235 0 2e-05 0 3.5e-05 4e-05 0 0.00036 0 0 0 4.5e-05 2e-05 3e-05 2e-05 2.5e-05 0 0.000405 4.5e-05 0.00178 1.5e-05 1e-05 0 3e-05 0.00109 3.5e-05 4.5e-05 4.5e-05 0 0 2.5e-05 0.00061 3e-05 0 0.015885 2.5e-05 6.5e-05 2.5e-05 3.5e-05 2.5e-05 4.5e-05 0 3e-05 0 0 0.00125 0 0 5e-05 2.5e-05 1.5e-05 0 4e-05 2.5e-05 0 0.0019 0 0.006295 1.5e-05 0 0.00413 0 2.5e-05 2.5e-05 4e-05 0.00902 0.006145 0 0 0 0 0 0.01042
4e-05 4.5e-05 2.5e-05 0.01125 5e-05 0.00192 0 0 0 0 5e-06 0.002015 0 0.00274 3.5e-05 0 2e-05 0 0 4.5e-05 0 2.5e-05 0.002655 4e-05 0 0 3e-05 6e-05 0.000605 0 3.5e-05 0.00126 0 0.01481 6e-05 1.5e-05 0 0.000275 0 5.5e-05 0.006135 0.000315 0 0 0 0 3.5e-05 0.000535 0 0.0044 4e-05 0 0 0 0.006145 0 2.5e-05 0 0.00652 4.5e-05 1.5e-05 0 2e-05 3.5e-05 0.001365 0.01279 0 0 4e-05 0 0.001655 0.008955 3e-05 0.00371 2e-05 3e-05 3e-05 3.5e-05 0 0 0 0.00587 0.004685 4.5e-05 2.5e-05 0.009405 0.00786 2.5e-05 3e-05 5.5e-05 3e-05 0.00381 0 2e-05 0.0125 0.00063 0.0003 0.00191 5e-05 1e-05
0 0.00045 3e-05 0 0.000555 0.00246 9.5e-05 0 0 0.007005 0 0.005 0 0 0.00026 5e-06 0.00086 0.00084 1e-05 0.00145 2.5e-05 4.5e-05 0.002425 0.00025 0 0 0.00684 0 2.5e-05 1e-05 0.00031 2.5e-05 0.01711 0.00659 9.5e-05 0 2e-05 0 2.5e-05 4e-05 0 0.00733 2e-05 0.00013 0 0.000975 4.5e-05 3.5e-05 0 0.00988 0 4.5e-05 0 0.009355 0 3.5e-05 0 1.5e-05 0.00486 0.00052 0 5e-05 0.003655 0.000325 0 0.002505 2.5e-05 3.5e-05 0 3.5e-05 3.5e-05 0 0.005075 0.006345 0.00323 0.007055 5e-06 1e-05 0.000345 0 4e-05 0 2.5e-05 0 0 1e-05 4e-05 0.00188 0 2.5e-05 0 2e-05 0 3.5e-05 8e-05 3.5e-05 0 0.001605 0 4.5e-05
0 0.00488 0 0.010855 3.5e-05 0.00269 2.5e-05 8.5e-05 0 0 3e-05 3.5e-05 0 3.5e-05 0 3.5e-05 2.5e-05 4e-05 0.009165 4.5e-05 0.00027 6.5e-05 0 0.00011 0.00068 0.001185 0 2e-05 4e-05 2e-05 4e-05 5e-06 0 0 0 0.005815 0 3e-05 0 0 7e-05 0.00352 3e-05 0 2e-05 0.001095 3.5e-05 0.00052 4e-05 2.5e-05 0 0.009385 0.00186 3e-05 0.00045 0 3e-05 0 1.5e-05 3.5e-05 0 0 7e-05 0 0.00642 0 4.5e-05 0.00377 0 0.001625 0 0.00748 0.00056 0 0 2.5e-05 4.5e-05 0.0038 5.5e-05 0 0 3e-05 0 4e-05 3.5e-05 1.5e-05 3e-05 5e-06 0 3.5e-05 0.004145 0.001425 3e-05 0 0.01001 0.00417 2.5e-05 0 1e-05 2e-05
2.5e-05 0 0 0 3e-05 4e-05 3.5e-05 0.00012 0.01381 0 2e-05 0.00138 0.00011 0.002335 4e-05 0.001845 0 3.5e-05 0 3.5e-05 3.5e-05 0 6e-05 0.0106 6.5e-05 0 0.002595 0.00236 0 1e-05 0.00078 1e-05 6e-05 3e-05 2e-05 0.00028 0.000405 1.5e-05 7.5e-05 0 1e-05 0 0 0 0 0.00538 0.00033 0.00227 0.00332 0 5.5e-05 3.5e-05 2.5e-05 0.00126 0 8e-05 0 0 2.5e-05 5e-05 2.5e-05 2.5e-05 0 3e-05 0.00689 0.00038 0 5.5e-05 3e-05 0 0.00824 5e-05 0.014945 0 3e-05 0 0 0.00412 0 0.00018 0 0.006575 0 0.00145 0.00158 0 3e-05 0.000475 4e-05 0 5e-05 0.00056 0 2e-05 0 0.01316 0 0.004995 0 4e-05
0.00039 3e-05 0 4e-05 1e-05 0.00036 0 0.009785 0.002425 2.5e-05 0.000775 4.5e-05 0 4e-05 0 0.021025 3.5e-05 0.004635 0.002515 3.5e-05 0 0.00468 2e-05 0.00463 4e-05 5e-05 4e-05 4.5e-05 0 0.013365 7.5e-05 4.5e-05 0.00222 0 0 0 2.5e-05 0 3.5e-05 3.5e-05 0 0 0.00104 0 0.00023 0 0 0.004185 0 4e-05 0 8.5e-05 0.00546 4e-05 0 1e-05 2.5e-05 0.005815 0.001075 2.5e-05 0 0.001965 0.00213 0.00337 2e-05 0.00146 0 3.5e-05 1e-05 0.006085 0.008575 0 0 0 0 0 0.00063 0 0.003045 0 0 0 4e-05 0 0.00046 1e-05 2.5e-05 5e-05 2.5e-05 0 4.5e-05 0 0 0.004525 0 1e-05 6e-05 0 0.006605 0.00159
4e-05 0 0 0 3e-05 0 0 0.0002 1.5e-05 3e-05 0.00613 0 0.000465 0.004245 0.0001 0.005315 2.5e-05 0.00591 0 0.00161 6.5e-05 0 3.5e-05 0 0.012385 1e-05 0.00544 4.5e-05 1.5e-05 0.001315 3.5e-05 7.5e-05 0.001495 4e-05 0.00042 0.000155 5.5e-05 2.5e-05 0.00211 0 0 4.5e-05 1.5e-05 0 0.00767 0 1e-05 5e-05 0 0.011485 0 5.5e-05 0 2.5e-05 2e-05 0.003335 0 0 3.5e-05 0.00092 0 0 0 0 0 0 0 4.5e-05 0.006385 0 0 0 2.5e-05 0.002525 0.00648 4e-05 0.00659 0.00087 0 4e-05 5e-05 0 0.00027 0.009475 2.5e-05 0 4.5e-05 0.0087 5e-05 4.5e-05 0 0 4.5e-05 0.001145 1.5e-05 5e-05 5e-05 0.00031 0.00945 0.005985
3e-05 5e-05 7.5e-05 5.5e-05 0.001635 0 0.0001 2.5e-05 2.5e-05 5e-05 0.003355 3.5e-05 0.00385 0 0 2.5e-05 2.5e-05 3.5e-05 0.00362 4e-05 0 0.010535 0.00029 0 5e-06 0 0.00107 0.000155 5e-05 0 4e-05 0 0.00679 0 0 0.00191 0 0 0 0 0.000275 0 0 0.002545 3e-05 5.5e-05 4e-05 0 1e-05 0 0 5e-05 5e-05 0.013745 4.5e-05 4e-05 4.5e-05 9.5e-05 0 4e-05 0.006805 0.00025 0.001125 3.5e-05 0 3e-05 0.000355 0 0.00096 5e-05 1e-05 0 0.00024 0.00622 0 2e-05 2.5e-05 0.000395 0 0 0 0 0 0.002285 5.5e-05 0 0.00481 0.00335 2e-05 4.5e-05 4e-05 0.000375 0 4e-05 1.5e-05 0 0 1.5e-05 2.5e-05 0
4.5e-05 0.000195 2.5e-05 0.00348 0 0 0.023065 5e-05 3e-05 3.5e-05 3e-05 0.005685 0.0032 5.5e-05 0 0 4.5e-05 6e-05 4.5e-05 0 3.5e-05 3.5e-05 0 4e-05 0 0 5e-06 2.5e-05 0.00519 0 0 3e-05 3e-05 5e-05 4e-05 3.5e-05 0.000555 0.00926 3.5e-05 0.0004 4.5e-05 0 0.00384 0 0 0.0006 1e-05 0.00253 0.003185 0 0 3.5e-05 6.5e-05 0.0083 0 0 0.00063 0.003335 3e-05 0.0003 0 2.5e-05 0 3e-05 0 0 3e-05 0 0 1e-05 2.5e-05 1e-05 0.00019 0 2.5e-05 0.012775 0 0 0 0 0.001275 2.5e-05 1.5e-05 0 2.5e-05 0.010075 0.00093 3.5e-05 0.003035 3.5e-05 0.001755 0 2.5e-05 3e-05 0 2.5e-05 0 0 0.003935 4.5e-05
0 0 2.5e-05 3.5e-05 0 2e-05 3.5e-05 0 1e-05 3e-05 0.011405 4e-05 0 0.004725 3e-05 0 0.01157 0.0002 0 0.00051 0 0 2e-05 0 0.001815 0.001105 0 0.000745 4e-05 0 0.004885 0.00071 4.5e-05 0 0.005305 4e-05 0 0 0.001015 0.000885 0 0 0 1.5e-05 1.5e-05 3e-05 0.00253 3.5e-05 0 4e-05 0.005825 0.001245 3e-05 4e-05 0.0021 0.00016 0.00416 0.00487 0.008975 0 0.00279 0 0.005065 5.5e-05 3e-05 0 0 0.00387 0 0 0 0.00034 3e-05 7e-05 0 0.00034 0.006915 0.00245 0 0 0 1.5e-05 0.007025 0.00294 0 0 0 0.00103 5e-05 3.5e-05 6e-05 3e-05 0 0 2.5e-05 0.000205 0.00532 0.0014 0.000455 0.000155
3.5e-05 0 1e-05 0.00992 7e-05 0 0 0 3.5e-05 0.003405 5.5e-05 0 3.5e-05 0.01595 0 2.5e-05 2e-05 0 0 4e-05 3.5e-05 0 0.00438 0 0.004345 0.00082 0.00867 0.0001 5e-06 3e-05 3e-05 3e-05 0 2.5e-05 0 0 2e-05 0 0.00163 1.5e-05 0.00088 0 3e-05 4e-05 0 0.007935 3.5e-05 3e-05 0.003795 4e-05 0.004315 5.5e-05 0 4.5e-05 2.5e-05 0 4.5e-05 2e-05 4.5e-05 0 0 0.000245 0.0052 4.5e-05 3e-05 0.00175 0 0.014985 0.00139 3.5e-05 1.5e-05 0 0 0 5e-05 0 0 0.00037 0 3e-05 0.01297 0 0.00093 0 4e-05 4.5e-05 0 0.0004 0.0018 0 0.018925 3e-05 0.000225 3e-05 0 0 3e-05 7e-05 0.006375 0
0 5e-05 0.004575 0 4e-05 0 3e-05 0 3e-05 2e-05 0.00028 3.5e-05 0 0 0.005425 4.5e-05 0.012025 0 3e-05 0 0.004835 0 5e-05 0 3e-05 0 4.5e-05 4e-05 0.00134 1.5e-05 9e-05 0 0 3.5e-05 1.5e-05 0.004015 0 3.5e-05 0 0.000855 2.5e-05 0 6.5e-05 6e-05 0.002135 3.5e-05 0 2.5e-05 0.00043 2.5e-05 0 2e-05 0.000165 2.5e-05 0.004015 0.001435 0 0.000105 0 2e-05 0 2.5e-05 0 0 0 0 0.006545 0 0.00201 0 0.00654 0 2e-05 4e-05 3.5e-05 0 0.00934 0.00306 0 0.006315 0 0.008595 0.006815 0.0028 0.00943 0.003815 3.5e-05 5.5e-05 0 0.005705 0.002945 4e-05 0.01009 3e-05 0 0 0.00607 3.5e-05 0.002495 7e-05
0 2.5e-05 4e-05 2e-05 0 0 0 0.002715 0.0001 0 9.5e-05 0 2e-05 2.5e-05 0 0.00174 0 0.015245 2.5e-05 0 2.5e-05 3.5e-05 0 0.0013 1.5e-05 4e-05 0 0 0 0 0 4.5e-05 0 3.5e-05 1.5e-05 0 5.5e-05 0.00141 0.001745 0.00864 5.5e-05 0.000155 2.5e-05 0 0.00229 4.5e-05 0 2.5e-05 1.5e-05 0 0 3e-05 3e-05 0 0.000155 0 2.5e-05 0.000205 2e-05 0.01061 0 0 5e-05 1e-05 4e-05 2.5e-05 0 0 0.000765 0 0.00888 0.00165 0.000225 0 0.000575 0.003635 0.01248 0 0 0.003715 0 0 2e-05 0.002005 0 3e-05 5.5e-05 4e-05 0 0.005685 2.5e-05 0.00047 0.00638 2.5e-05 1.5e-05 5e-05 5e-06 3e-05 0 0.00406
5.5e-05 0 2e-05 0 0 0 6e-05 0.000465 0.003415 0 0 0 5e-05 2e-05 3.5e-05 0.00059 3e-05 0 0.011705 0.006385 0 2e-05 0 0.00906 4e-05 2.5e-05 0 2e-05 0 0.01066 2.5e-05 4.5e-05 0.004055 0.00173 2.5e-05 5e-05 0 0 0 0 0.003435 0 3.5e-05 0.0113 0.00709 2e-05 5e-05 3.5e-05 0 0.00317 0 0.00868 3e-05 0.00092 0.00018 0 4.5e-05 5.5e-05 0.00611 0.001605 0 0.000175 0 0 0.006305 2.5e-05 1.5e-05 3.5e-05 0 0 0 0.00579 0.00711 6e-05 0.005815 3e-05 5.5e-05 4.5e-05 0 0 2.5e-05 5.5e-05 0.005405 1.5e-05 0.000625 0.00217 0.003575 4e-05 4.5e-05 1.5e-05 0 0.00477 3e-05 0 0 0 2e-05 0 0.00824 0
0.007665 4.5e-05 1.5e-05 0 0.00687 5e-06 0.008925 0.000985 0.004395 0.00189 0.007175 5e-06 0 0.005655 0 3e-05 0.012335 0.000255 0 0.0007 0 4e-05 0.00145 0 2.5e-05 2e-05 5e-05 3.5e-05 3.5e-05 0.00053 3.5e-05 3.5e-05 0 4e-05 0.0079 0.00426 4e-05 0 0 0 0 0.003785 0 2.5e-05 0.009335 3.5e-05 0 1e-05 0 3.5e-05 0.00496 3e-05 2e-05 3e-05 0 2e-05 1e-05 4e-05 0 0.0083 3e-05 0 0.000845 0 0.008265 3.5e-05 0 6.5e-05 0 3e-05 1.5e-05 2e-05 4e-05 4e-05 0.00039 3.5e-05 4e-05 7e-05 4e-05 0 9.5e-05 2e-05 0 0 5e-05 0 2e-05 0 0 0.00039 0.002315 4e-05 0.000155 0 0 0.0049 0 3e-05 0 0.00523
0.00289 0.00012 0.004475 0 4e-05 3e-05 1.5e-05 0.003625 0.00027 0.01452 0 3e-05 3e-05 0.01069 0 2e-05 0.000155 0 0 1.5e-05 3e-05 0 0.00072 0.001205 0.000205 3.5e-05 0 0.003625 4.5e-05 0.00227 0 0.00098 4e-05 0 0.001745 0 2.5e-05 3.5e-05 0.00629 0.005715 4e-05 0 0 0 0 3e-05 0 2.5e-05 0 0 0.001325 3e-05 4.5e-05 3.5e-05 0 0.003735 0 0 2e-05 0 0.001085 0.006795 1e-05 3.5e-05 1.5e-05 5.5e-05 0 0.0004 0 2e-05 0.00077 0 0 0 0 0 0.00527 0 3.5e-05 0.00194 4e-05 5e-05 0 0 6e-05 0.006155 6e-05 2e-05 0 3.5e-05 6e-05 0 0.000545 5.5e-05 2.5e-05 0.008585 0 0 1.5e-05 0
0 0 0.00443 4e-05 0.000235 3.5e-05 2e-05 1.5e-05 0.004715 3.5e-05 0 3e-05 0 0 3e-05 0 0 0 0 0.00052 0.004365 3e-05 2e-05 0 0.00079 0 0.001155 3e-05 0.00972 0.00236 0.002525 4e-05 1e-05 2.5e-05 0 0.000325 0 0 3e-05 0.012425 6e-05 4.5e-05 1e-05 0.001195 4e-05 2.5e-05 0.00074 8.5e-05 0 0.001695 0.001735 2.5e-05 1.5e-05 1e-05 0 0.008875 4.5e-05 2.5e-05 5e-05 0 1.5e-05 4e-05 0.000215 4.5e-05 2e-05 0 0 0.00066 3e-05 0 0 5e-05 0.003495 0.00318 0 2e-05 0 0.00418 0 0 0 4.5e-05 0 0 5.5e-05 0 0 0 0.00663 0.008715 0.003955 3e-05 0 0 3e-05 0.003965 0 0 0.00286 5.5e-05
3e-05 0.001125 0 0 0 2e-05 2.5e-05 0 0 0.000195 3e-05 0 0.006985 0 0 3e-05 2.5e-05 3.5e-05 1.5e-05 5e-06 0.00147 6.5e-05 0 4e-05 3e-05 0 0.000515 0 2.5e-05 4.5e-05 0.00318 5.5e-05 3e-05 0.00464 0 0.008345 0 0.00087 0 2e-05 0.00257 1.5e-05 0.00154 3.5e-05 6.5e-05 0 7e-05 0.00408 0.005585 3.5e-05 2.5e-05 0 3e-05 4e-05 0 0 0 0 0.009465 0 0 3.5e-05 3e-05 0 0.00019 2.5e-05 4e-05 0 0.00088 0.00845 2e-05 9.5e-05 0 0.000155 0.00743 0.004115 4.5e-05 0.005895 0 0.01059 3e-05 0.00631 2e-05 2.5e-05 3e-05 0 2.5e-05 0 0 0.01158 0.00592 0 0 0 0 0.00047 0.004005 0 2e-05 0.00022
0 4e-05 0 0 0 0 5e-05 0.00017 0.000495 0.00453 2e-05 0.00138 0 3.5e-05 7.5e-05 3e-05 3.5e-05 0 3e-05 2.5e-05 1.5e-05 0 0.00105 4e-05 0 0.0003 0.002245 0.00201 0.000355 0 5e-06 0 0.00344 0 0 0.00077 0 0.00725 0.002955 2.5e-05 4.5e-05 3.5e-05 0 0 2e-05 0 2e-05 4e-05 0.001155 0.006295 3.5e-05 2.5e-05 0 0 4e-05 3.5e-05 2e-05 0 0 1.5e-05 0 0.00069 2e-05 2.5e-05 6e-05 0 0.008065 0.00299 3e-05 4.5e-05 0.0082 0.00021 0.0004 0.003125 0.00924 0.00394 0 0.00435 0 0 2.5e-05 0.01491 5e-06 0.00131 4e-05 0 0 0 0 3.5e-05 2.5e-05 0 5e-06 5e-05 4.5e-05 0.002445 0 0 6.5e-05 2e-05
9.5e-05 0.00043 0 1.5e-05 0.001675 0 0 4e-05 5e-05 0.001835 5e-05 2e-05 0.006115 0 4e-05 0 0 0 0.004685 0 0 0 2e-05 0.00013 4e-05 4e-05 0.00387 0.016535 0.00134 0 0.01902 3e-05 0.01218 0.00197 0.00216 3.5e-05 0.00042 0.00015 0 5e-05 4e-05 0 3e-05 0.003515 0.007135 5.5e-05 0.00358 4.5e-05 2.5e-05 0.0023 0.00747 0 0 0 0 4e-05 2.5e-05 0 0 0 0 0.013565 3.5e-05 2e-05 0.00906 1.5e-05 0 0.0012 4.5e-05 0 2.5e-05 3e-05 0 0 0 0 0.00011 3.5e-05 0 0 0.00426 4e-05 3.5e-05 0.00254 0 0.000195 0 0.00473 0.0001 3.5e-05 0 0 0.00064 0.001655 0.00191 4e-05 2.5e-05 5e-05 2e-05 5e-05
0.01356 0.006215 0 0.00554 3e-05 0 0.00511 0 0 0.010885 1.5e-05 0.000105 0.016245 0.00334 0.000165 0 0.001725 5e-05 2.5e-05 0.003125 0 0 0 0 0 2.5e-05 4.5e-05 0.00026 2e-05 0 5e-05 3e-05 3e-05 0 9e-05 2e-05 1e-05 4e-05 0 3.5e-05 0 0 0 4e-05 0 2e-05 0 0.000375 3.5e-05 0.00338 4.5e-05 1e-05 0.000135 0.0074 0 0.00166 0 2.5e-05 7e-05 0 5e-05 0 0 0.013615 4.5e-05 0 2e-05 3e-05 0.00054 9.5e-05 4.5e-05 0.003345 5e-05 0 3e-05 3e-05 2.5e-05 0.006575 3e-05 0 5e-05 4e-05 0.001965 4e-05 2.5e-05 2.5e-05 0 0 5e-05 0 3.5e-05 0 3e-05 0.00383 0.00083 0.00725 3.5e-05 0 0 0
0.003165 3.5e-05 0 0 0.00037 0 0 0 0.01582 5e-05 4.5e-05 0.000905 0.015195 0 0 0 2.5e-05 0.0002 0 2e-05 4e-05 0 1.5e-05 0 0 3.5e-05 2e-05 4e-05 5.5e-05 3.5e-05 3e-05 0.020655 3e-05 2.5e-05 0.002155 0 0 0.000515 2.5e-05 2.5e-05 3e-05 2.5e-05 2e-05 0.00109 0.00317 3.5e-05 3.5e-05 0 0 0 4.5e-05 0.000125 0.008985 1.5e-05 0 0 5e-06 4.5e-05 3.5e-05 4e-05 3e-05 8e-05 0 0.000205 0 0.00626 0.00539 0.0012 4e-05 0 0 0.011315 2.5e-05 3e-05 0.000975 0 0.001295 0 1.5e-05 2e-05 3e-05 0.003975 0 5e-06 3.5e-05 4.5e-05 0.000105 0 3e-05 0 0.00502 0 0.00821 0.01936 0 0 4.5e-05 0.006405 1.5e-05 0
0.006185 0 2.5e-05 0.00011 0 0 2e-05 4.5e-05 1.5e-05 0 0.01769 0.000115 0 5e-05 0.000135 0 0 0 2e-05 0 0.01467 0.007735 1e-05 1.5e-05 0 0 0 7e-05 0.000905 0.00288 0 0 0 0.00287 0 0 6e-05 0 0 0 0.000955 0 0.00264 0.000805 2e-05 0.00703 0.000235 0 0.00591 0.015935 0 0 9e-05 0.00144 0.00331 6e-05 0.00166 0.006835 0.006085 4e-05 3e-05 4e-05 0 0.00088 4e-05 0.014985 0.00955 2e-05 0 0.000135 0 4.5e-05 3.5e-05 0.000685 4.5e-05 0.001645 2.5e-05 0 0.00922 0.00336 2e-05 1.5e-05 0 0.00016 3e-05 0 4.5e-05 0.00289 0.00037 0 0 4e-05 5e-05 0.00313 0 0 0.00012 0 0.008485 4.5e-05
0.0001 4e-05 0 0 0.00891 2e-05 0.00957 3.5e-05 3.5e-05 0 0 0 0.0043 0.001475 2e-05 3.5e-05 0.000385 2.5e-05 0.000255 3e-05 0 0.005125 0.00104 1.5e-05 0 0 3.5e-05 0 0.01213 4.5e-05 0 0.000855 2.5e-05 0.001175 0 0 0 0.002135 0 0 0.00213 4.5e-05 0 0 3.5e-05 3.5e-05 0 0.00287 0 0.00377 0 0 0.01174 0.00036 1.5e-05 4e-05 0 0 1e-05 1e-05 0 3e-05 0 7e-05 0 8e-05 0 0 0 3.5e-05 4e-05 3e-05 5e-05 0.000155 0 4.5e-05 0 3.5e-05 0 3.5e-05 0.005465 0 2e-05 0.000825 0 0 0 0.0133 0.01012 0 0 3.5e-05 2.5e-05 0.007645 0.007265 0.00051 0 5e-05 0.005095 2.5e-05
0 0 0.008995 2.5e-05 5e-05 0.00011 4e-05 0.00789 0 0 0.00337 0.006385 0 0 3e-05 5.5e-05 0 0.004215 0 1.5e-05 2.5e-05 0 3.5e-05 5e-05 2.5e-05 2.5e-05 0.00048 0 0.001505 0.000395 0.00231 0.008295 2.5e-05 0 2.5e-05 0.010615 6.5e-05 0 0 5.5e-05 0 3e-05 5e-05 0.013665 0.006585 0 0.00017 4.5e-05 0.00108 0.0012 6e-05 3.5e-05 0 0 5.5e-05 1e-05 3.5e-05 3e-05 0 0 0 0 2.5e-05 0 5.5e-05 0 0 3.5e-05 6.5e-05 0 0.007695 7.5e-05 0 0 0.00042 3e-05 0.00142 0 0 5e-05 4e-05 0.00683 3.5e-05 0 0.014265 0 0 3.5e-05 1e-05 0 4e-05 0.013205 0.010245 1.5e-05 5e-05 0 0 1.5e-05 2e-05 0
0.00327 0.004 0.006375 6e-05 0.001765 0.000345 3e-05 0 0 5e-05 5e-05 0 0 0.001175 2e-05 0 0 0.00911 7.5e-05 0.01143 0 0.006225 0 0 0.012625 0.005875 0 0.00281 2.5e-05 6e-05 7e-05 0.00036 0 0.00442 0 3e-05 0.000245 0.006035 1.5e-05 0.000995 0.01434 0 2.5e-05 0.001325 3e-05 0 3e-05 0 0 0.012455 0 2e-05 5.5e-05 0 3e-05 0 0 0.000325 0 0 0.00129 0 0.008575 0 4.5e-05 0 0.012495 0 2e-05 3.5e-05 0 0 1.5e-05 7.5e-05 2e-05 0 0.003855 0.001665 0 3e-05 3.5e-05 4.5e-05 0.00064 0 0 0.003465 0.010205 3.5e-05 4e-05 4e-05 0.005695 5.5e-05 0 0.000245 2.5e-05 4.5e-05 2.5e-05 0 0 0.00609
0 6e-05 2e-05 0 0.00044 0.0082 0.00011 3.5e-05 2.5e-05 2.5e-05 0 2.5e-05 3e-05 5.5e-05 0 0 5.5e-05 0.001135 0.000515 0 3e-05 0 0.00413 0 2e-05 0.002305 0.0028 0 0 0.00644 8.5e-05 0.002485 0 3e-05 4e-05 0 3.5e-05 0 0 0 0.01265 2e-05 4e-05 0 0.001655 5.5e-05 0.002045 0.00315 0.00879 5e-05 0.00901 0.008145 2.5e-05 6e-05 0.01129 3e-05 0.00543 6.5e-05 0.011955 0 0.000135 3e-05 2.5e-05 0 4.5e-05 0.004485 0 0.000155 0.00539 0 3.5e-05 4.5e-05 0 4.5e-05 0.000835 0.00422 1.5e-05 0 0.00593 3.5e-05 0 0.001755 4.5e-05 0 0 0 0 1.5e-05 0.005925 0 0.007825 0.003645 3.5e-05 5.5e-05 0 0 5e-05 0 0 0.00112
4e-05 0.00019 0.00278 2.5e-05 0.00163 4e-05 0 5e-05 1.5e-05 0 0 0 0.004785 0.011665 0 2e-05 0.012945 0.0002 0 0 0.00331 0.008685 0 2e-05 0.003505 0 0.00892 4.5e-05 0 5.5e-05 4e-05 0.00754 7e-05 0 2e-05 0.00516 2.5e-05 0 0.010575 0 5e-06 0.00015 0 3.5e-05 4.5e-05 0 3e-05 0.00144 3.5e-05 0 0 0.0005 0 1e-05 0.00331 0 0.00319 0.000115 0 1.5e-05 0 3e-05 4.5e-05 0 0 3e-05 0 0.000335 0.00011 0.00433 0 0.00784 0.0001 0.000465 0 0.00427 0 0.00113 0.003315 9.5e-05 7e-05 5.5e-05 0 0 3.5e-05 1e-05 0 2.5e-05 0 0.01318 0.005805 0 0.008955 3e-05 0.002845 6e-05 0 5e-05 5.5e-05 0
3e-05 0 6.5e-05 0 0 0.005745 0 0 0 0 1.5e-05 0 0.001585 2.5e-05 0.00695 0.0027 4.5e-05 0 0 0.00906 0.001175 0 5e-05 0 3.5e-05 0 0 0 3e-05 0.01044 0.005785 0.008865 3e-05 2.5e-05 0 4.5e-05 0 0.00271 4e-05 2e-05 0.00204 4.5e-05 0 0 0.00043 0 0.01036 4.5e-05 0 3e-05 3.5e-05 0 3e-05 0 0.014095 5e-05 0 0.0004 0.006135 0 0.004675 0 0 0.00435 0.000265 4.5e-05 0.00455 5e-06 0.00331 0.001295 3.5e-05 2.5e-05 0 1e-05 5e-05 0.00413 0 0 0.00793 0.000185 1.5e-05 2.5e-05 3.5e-05 3.5e-05 0.005555 3e-05 6e-05 2.5e-05 4.5e-05 0.00021 0.00235 2.5e-05 0 2.5e-05 3e-05 2e-05 0 5.5e-05 0 3e-05
0 0.006255 6e-05 0.002755 0 0 2.5e-05 2.5e-05 0 2e-05 0.002575 0 4e-05 0.000315 0 0 3.5e-05 5e-05 0.000865 0 0 0 0 2e-05 0 0.00742 0.01232 3.5e-05 2.5e-05 0.001005 5.5e-05 0 0 0 0.000315 3e-05 2.5e-05 3.5e-05 3e-05 0.002365 0 0.00477 0.00022 0 2e-05 2.5e-05 4.5e-05 0.00958 0 0 2.5e-05 8.5e-05 0 4e-05 0.007005 0.006115 0 4.5e-05 0 6e-05 0 0 2.5e-05 4.5e-05 3e-05 7.5e-05 0.003005 0.000535 0.001815 0 1.5e-05 0.002235 2e-05 0 0.00253 0 0 0 0.01141 3e-05 2.5e-05 0 2e-05 4e-05 6e-05 5.5e-05 0.00373 0.010055 5e-06 0 5e-06 0 0 0.0042 4e-05 1.5e-05 0 0.005305 0 0.01398
0.00466 0 5e-05 0.000635 0 4.5e-05 2e-05 4e-05 0.000145 0.00892 3.5e-05 0.000415 0 3e-05 0 0.00464 0 0 0 0 5e-05 2.5e-05 2.5e-05 0 0.00022 0 0 0 3e-05 5e-05 4e-05 0 4e-05 3.5e-05 2e-05 0.00165 4e-05 1.5e-05 0.00016 3.5e-05 2.5e-05 0 5e-05 5e-05 3e-05 0.00014 0 0 0.0008 2e-05 0 0 0.000115 0.00117 0.002605 0 0.0042 0.01016 0.00542 0.00094 0.000715 0.00137 0 0.003815 4.5e-05 0 0 3e-05 0 0.012885 0.00529 6.5e-05 0 0.00029 0 0 2.5e-05 0 4e-05 0 0 4.5e-05 0.001025 2e-05 0.00684 2e-05 0 3e-05 3e-05 3e-05 0 0.001105 0.00137 0.00181 4e-05 0.003575 0 3.5e-05 0 0.002905
0 0 0 0 0.001745 5e-05 3.5e-05 3e-05 0.00022 5e-05 3.5e-05 0 0 4e-05 1.5e-05 0.00443 3e-05 0.00614 5.5e-05 0 4.5e-05 3e-05 0 0.006865 0.000735 0 0 0.00043 0.000445 3e-05 0.00791 2.5e-05 6e-05 0 0.002635 0.00182 0.00992 0 0.00275 0.008275 0 0 4e-05 0.00019 0 0 0 0 0.000315 2.5e-05 3e-05 5e-05 0 4e-05 2e-05 0.0019 3e-05 5e-05 0.00225 0.00085 2e-05 0 5e-06 0.00014 0 0 0.00024 0.00223 8.5e-05 4e-05 0 0 0.010515 0 0.01178 3.5e-05 2e-05 0 3.5e-05 0.00014 0 1.5e-05 0 2e-05 3e-05 2.5e-05 2e-05 0 0 0 4e-05 0 3.5e-05 0.000785 1e-05 0.00439 2e-05 0 0.0004 3.5e-05
4.5e-05 0 3.5e-05 0 3.5e-05 3e-05 4e-05 0.00039 0.001345 0.00035 3.5e-05 0 2e-05 3e-05 0 0.006045 3.5e-05 2e-05 3e-05 0 2.5e-05 4.5e-05 0 0.00944 4e-05 3e-05 0.003455 0 0 2e-05 5.5e-05 0.002485 0 0 0.007205 0 5.5e-05 5e-06 0.010555 1.5e-05 0 6.5e-05 0.005855 0 0.000865 0 4.5e-05 1.5e-05 0.010575 0 0 1.5e-05 0 5e-05 0 0.00054 2e-05 4.5e-05 0 2e-05 0 0 0 0 0 0 0.00011 0.0083 0.001525 0 0.00631 0.001745 7e-05 0.008245 0 1e-05 3.5e-05 0.01035 0.00029 0 4e-05 0.009 4e-05 0 0 0 1e-05 0.005285 3e-05 0 0.00198 0.00254 0.00087 0 4e-05 0.005095 1e-05 0 2.5e-05 2.5e-05
0 0.001635 0.00521 2.5e-05 0.000545 4e-05 0 5e-05 0.0078 0 0 0 2.5e-05 1e-05 0 5e-05 0 0.000325 0 0.00112 6.5e-05 0 0 0.00422 0 2.5e-05 6.5e-05 4e-05 3.5e-05 0 0.010015 0 3.5e-05 2e-05 0.0092 0.002355 4.5e-05 0.001895 0 0.009835 0 3.5e-05 6e-05 6e-05 0.000125 0 0.00113 3e-05 2e-05 0 7e-05 3.5e-05 2e-05 0.000125 2.5e-05 4e-05 0 0 1e-05 0 0 0.004825 4e-05 0 0 5.5e-05 5.5e-05 5.5e-05 0.00679 0 0.01031 0.000725 0.012915 2.5e-05 0.0001 5.5e-05 4e-05 0.004465 0 0.003655 2.5e-05 0 1.5e-05 0.009215 5.5e-05 3.5e-05 0 5e-05 0 0.001045 0.00439 0 9.5e-05 0 0 0 0 1.5e-05 2e-05 0.00061
1.5e-05 5e-06 2e-05 6e-05 0.006285 0 0.002895 0 1.5e-05 0 0 4e-05 0 6.5e-05 0.000135 0.00114 0.011035 3.5e-05 0 0 5.5e-05 0 0.003005 0.003655 0 0 0.002935 0 2e-05 5.5e-05 4e-05 2.5e-05 0 2.5e-05 4e-05 3e-05 0 3e-05 0.000965 0 1e-05 8e-05 0 0.001745 0 0.000895 0 3e-05 0.009685 2e-05 0 5.5e-05 0 4.5e-05 0 2.5e-05 5e-06 0 0.001025 0 0.00324 0.00318 3.5e-05 0 3e-05 0.00572 5e-05 5e-05 0 0 0 0.001535 2.5e-05 0 2e-05 0.00564 2.5e-05 0 0.00011 3.5e-05 0 0.01385 4e-05 0.000825 0.00028 0.00236 0.00352 4e-05 0.006825 0.00067 0.0052 2.5e-05 0 2.5e-05 0.004535 0 0 0 2.5e-05 0
5.5e-05 0 0.001785 0 4e-05 3.5e-05 2.5e-05 3.5e-05 0.00013 0 0.018605 3.5e-05 0.000765 2.5e-05 0 0 2.5e-05 6.5e-05 0 2.5e-05 0 0.01167 3.5e-05 0.00036 0 0.001525 0.00936 4e-05 0 4e-05 0.00061 0.000355 0 0 0 0.00287 0 4.5e-05 0 4e-05 3e-05 2.5e-05 0.0002 0 0.01053 0 0.00695 9e-05 2.5e-05 0.00595 3e-05 3e-05 2.5e-05 0 0 0 0.00187 0.003215 0 0.002 0 0 0.00617 0 0 0.00036 0.004745 0 2e-05 0.000715 0 0 0 0 0 0.004965 0 0.000955 0.007085 1.5e-05 0 0 2.5e-05 0.00375 4.5e-05 2e-05 3.5e-05 0 5.5e-05 0 3e-05 0.002955 3.5e-05 2e-05 2e-05 2.5e-05 4.5e-05 3.5e-05 0.009315 3e-05
0.013615 1.5e-05 0 4e-05 0 5e-05 0 2.5e-05 0 3.5e-05 0.001595 2e-05 4e-05 1e-05 0 4e-05 0 0 3.5e-05 0.015545 0.000115 0.000105 0.001855 0 1.5e-05 0.00106 0 0.004065 0.010155 0 0.00058 3.5e-05 0 1.5e-05 0 3e-05 0.000985 0.00045 5.5e-05 0.005785 5e-05 2e-05 0.00033 0 0.000205 0 6e-05 0 0.00518 0 0.00633 1.5e-05 5.5e-05 0.005495 5e-06 0 0 0 2.5e-05 0 2.5e-05 5e-05 0.00988 2.5e-05 0.005005 0 0 6e-05 0 3.5e-05 4e-05 7e-05 5e-05 0.00133 3.5e-05 0.00156 9e-05 0 0 0.00111 0.008485 0 0.000345 3e-05 2.5e-05 2.5e-05 3.5e-05 0 0.00478 0 2e-05 0.000985 2.5e-05 0.00164 3.5e-05 0 0 3e-05 0 2e-05
0 2e-05 3.5e-05 2.5e-05 0 7e-05 4.5e-05 0 0.00073 0.000275 0.00805 0 0.00377 2e-05 0.002675 0 0 0.00187 0 2.5e-05 0 6e-05 0 4.5e-05 4e-05 1.5e-05 0 0.00019 0 2.5e-05 0.00084 0 0.01237 4e-05 0 0.00426 2e-05 0 0.00024 3e-05 0 0 2.5e-05 0.002605 0 0 0.001125 4.5e-05 0 0.00125 0.012225 0 5.5e-05 0 0 5.5e-05 0.006595 0 0 3.5e-05 0 2e-05 4e-05 5.5e-05 0 7e-05 7e-05 0.000655 0.00343 0.003375 2.5e-05 2.5e-05 0.012715 0.00516 0.000265 0.003085 0.001875 0.00627 0 0.002335 4.5e-05 0 4.5e-05 0 1.5e-05 3.5e-05 3.5e-05 3e-05 1e-05 0.003 0 0 0.0009 0 3.5e-05 0 5e-06 1.5e-05 4e-05 0
0 0.01326 4e-05 0 4e-05 2e-05 0 0.00409 0 0 4e-05 0 2e-05 0 0 0.0002 5e-05 7e-05 4e-05 0 1.5e-05 5.5e-05 0.011935 1.5e-05 3e-05 0 0.01109 0.00542 0.00757 1.5e-05 0 3e-05 0.00377 0 0 3e-05 1e-05 0.00815 0 0 0.000505 0.001 0.002285 0.013105 0 0.00019 6e-05 3e-05 0 0 3e-05 3e-05 0 0 0 1.5e-05 0.001855 3.5e-05 0.006335 4.5e-05 0 4e-05 3e-05 0.000185 0 3.5e-05 5.5e-05 0.00092 0.00141 0.00674 0.00253 2.5e-05 0 0 0 0.010845 5e-05 0.009205 0 0 7e-05 0.010585 4e-05 0 4.5e-05 0 0 5e-05 4e-05 0.00265 3e-05 0.00173 3.5e-05 2e-05 0 2e-05 0 0 2e-05 3e-05
0.01363 2e-05 0 5.5e-05 0 0.00148 0.01226 1.5e-05 0 3e-05 0.003335 5.5e-05 2e-05 3.5e-05 0.00411 0 0.00858 2e-05 0 0 0 0 0 0.003185 3e-05 0.001965 5e-05 0 8.5e-05 0.00126 0 2.5e-05 5.5e-05 6.5e-05 0 3e-05 0.006195 0.00077 0 0 0 0.001855 8e-05 6e-05 3.5e-05 4.5e-05 0 0.0037 0.00593 0.0049 0.005495 4e-05 6.5e-05 2.5e-05 0.001885 2.5e-05 0 0.00848 4.5e-05 0 3e-05 2.5e-05 0.00051 0 1.5e-05 0.00231 0 0 0 2.5e-05 0 5e-05 0.00054 4.5e-05 3.5e-05 0 2.5e-05 0 0 0 0 2.5e-05 0 0.0016 0 3.5e-05 0 0 0 0.00321 0.006975 5.5e-05 3e-05 0 3e-05 0 2e-05 0 0.00437 0.00039
4e-05 1.5e-05 0.000555 0 5e-06 0.00577 3e-05 0.00064 0 3.5e-05 0.00564 0 0.000285 9e-05 0 3.5e-05 0 3e-05 0.004595 0 0.00024 0.00746 0 0 4e-05 0 3e-05 0 4e-05 0.006405 8.5e-05 0.01349 3.5e-05 1.5e-05 0 0.000215 3e-05 0 0 0 0 2.5e-05 2.5e-05 0 0.010385 0 0 4.5e-05 4.5e-05 0 0.003015 0.00298 0 3e-05 0.00017 0 4.5e-05 0.012845 3e-05 7.5e-05 4.5e-05 4e-05 0.001925 2.5e-05 0 2.5e-05 0 3.5e-05 0 5e-05 0.00155 1.5e-05 1.5e-05 0 0 3.5e-05 0 2.5e-05 8.5e-05 4.5e-05 0.0085 0.00508 0 0 7.5e-05 3e-05 6e-05 0 0 3.5e-05 0.004325 0 0.009195 4.5e-05 6e-05 0 0.00456 0 0.001185 0
0 4e-05 3.5e-05 3.5e-05 0 0.00406 2.5e-05 0 0 7e-05 4e-05 0 2.5e-05 4e-05 2.5e-05 2.5e-05 4e-05 4e-05 0.009755 3.5e-05 5.5e-05 4.5e-05 0.000465 0.006755 5.5e-05 0 0 7e-05 0.01257 0 4.5e-05 2.5e-05 0.001805 0 0.00014 0.006825 0.0035 0.010645 4e-05 3.5e-05 0.00028 0 2e-05 0.008395 1e-05 0 1.5e-05 4e-05 0.00146 0.00675 0 2e-05 2.5e-05 0 4e-05 0 0 0 0.004365 0.00306 6.5e-05 2e-05 2.5e-05 2.5e-05 0.00014 0.010375 0 0 0 4e-05 0.00197 0 0.00504 1.5e-05 0 0 0 0 4e-05 3.5e-05 3.5e-05 0 0 1e-05 0 3e-05 0 3e-05 0 4e-05 4e-05 5e-06 0 0 0.00289 0.0005 0 2e-05 6e-05 4e-05
0 5e-05 0 4e-05 0 0 4e-05 4e-05 5e-05 3.5e-05 0.01315 0.005385 3.5e-05 2e-05 0 0 0.00306 3.5e-05 0.00454 0 0.016075 0 0.0007 6e-05 0.000145 4e-05 0 4.5e-05 3.5e-05 0.001505 3e-05 0.00162 0.001435 0.005 0 0 2e-05 0.000865 1.5e-05 0.001745 0 0.0021 0.00016 0 3e-05 4e-05 6.5e-05 0 3e-05 0.01511 0 0.00087 1.5e-05 0.001745 0.00745 0.00109 0 0.00329 0.00038 0 5.5e-05 0 2e-05 0.00438 0 0 0 4.5e-05 0 0 0 0 5.5e-05 0.008855 5.5e-05 0 4.5e-05 2e-05 3e-05 0 1e-05 3.5e-05 1.5e-05 0.00706 3.5e-05 0.001845 0.002845 0.00519 3.5e-05 0 1.5e-05 0 0 0.000215 0 0.00018 0.002465 0.001 0 0
0.003355 0.00327 0 0.006475 3e-05 0 0 0.00418 0 0.00414 5e-05 3e-05 0 0 0 0.00685 0 0 0 0 0.00581 2e-05 0.00013 5e-05 2.5e-05 0 0 0 4e-05 2.5e-05 5e-05 3.5e-05 6e-05 0.000445 5e-05 0.000345 2.5e-05 0.000745 3.5e-05 0 0.010055 0.01044 1.5e-05 0 3e-05 0 5e-05 0.001685 0 0.00016 5e-06 0.004325 0.003675 0 0 0.008395 0 4e-05 0 0 0.00022 0.001805 0 0.00702 0.000485 0 4.5e-05 2.5e-05 0.005325 3e-05 0.00016 0 2e-05 3e-05 0.00085 3e-05 3e-05 0.002065 0 0.00129 0 0 0.00555 3e-05 1.5e-05 0.00346 0 3.5e-05 0 3.5e-05 0.005465 0.001505 0 0 9.5e-05 0 0.001105 5e-05 0 0
0 2.5e-05 0.00856 4e-05 0 0 5e-05 2.5e-05 0 4.5e-05 0.010905 4.5e-05 0.00122 3e-05 0 0.00208 4e-05 8e-05 2.5e-05 3.5e-05 0 0 0.00174 0 0.006585 0 4e-05 0.0061 0 0.00376 6.5e-05 0 0.00017 0.00975 2.5e-05 0.00554 0.000725 4.5e-05 0 3.5e-05 5e-06 3e-05 0 0.00055 0.003495 0 3.5e-05 0 3e-05 0 3e-05 0 6e-05 3e-05 0 4.5e-05 0 1e-05 0 9e-05 0.006105 0 0.011655 0.016945 0 0 1e-05 0 3e-05 0.005 5e-05 5e-05 0 2.5e-05 0.000185 0.002435 0 4.5e-05 0.005055 0 2e-05 3e-05 3e-05 0 2e-05 0 0.00015 2e-05 0.00283 0.00444 0.000555 5e-05 0.004015 0 0.00047 0.001635 0 0.002815 2e-05 0
0 0 0 0.00961 2.5e-05 4.5e-05 1e-05 0 6e-05 0 1e-05 0 0.01225 0 2e-05 0.002755 3e-05 0.00456 1.5e-05 0 0.000205 0.0032 2.5e-05 1.5e-05 2e-05 0 0 4.5e-05 0 0.003555 3e-05 1.5e-05 0.0002 0.0001 1e-05 0.00223 0.000455 0.007285 4.5e-05 0 0.000325 0 3e-05 5e-05 0 0.005415 6e-05 0.00344 4e-05 3.5e-05 3.5e-05 0 0 5e-05 0 0 0 0 0.000745 0.003565 0.003965 0 0.00021 9e-05 0 0 0 0.002485 0 4.5e-05 0 0 3e-05 0.01038 0.002965 0.002965 0 0 0 0.00178 2.5e-05 0.001215 2e-05 3.5e-05 0 0.01092 0.00258 0 3.5e-05 0.000145 0.00658 0 0.000585 2e-05 0 0.000515 0 0.00119 5e-05 0
0.000525 0.00369 2.5e-05 0 0.000205 0 3.5e-05 3e-05 0 0.01202 0 1.5e-05 2e-05 0 0.0017 0 0 3e-05 0 4.5e-05 3e-05 0.001555 0.00336 0.00608 0.00065 5.5e-05 0 0.014345 0 3.5e-05 0 0.007025 4.5e-05 4.5e-05 1e-05 5e-05 4.5e-05 5e-05 0.006295 0 0 0 3.5e-05 3.5e-05 0 2.5e-05 3e-05 0.003415 0.006745 0.00463 2e-05 3.5e-05 3.5e-05 1e-05 0 0 5e-06 3e-05 1.5e-05 0 5e-05 0 0 3e-05 4.5e-05 3e-05 0.000215 2e-05 2.5e-05 1.5e-05 3e-05 0.001635 3e-05 0 3.5e-05 2.5e-05 0 7e-05 3e-05 0 0 3.5e-05 0 3.5e-05 0 0 0 0.017985 3.5e-05 0 2.5e-05 0 4e-05 0 0.00018 0.000155 0 0 0 0
2e-05 2e-05 5e-06 0 0 0.008895 0.00041 0 0 0.00032 1e-05 0.00286 0 0.008275 0.001715 5.5e-05 0.004665 0.000135 2.5e-05 0 0 3e-05 0 0.00502 0.003995 3e-05 0.00837 0.004185 5e-06 0 0.000645 3e-05 3e-05 2.5e-05 0 4.5e-05 0 0 0 0 3.5e-05 0 3.5e-05 3e-05 0 3e-05 0.012845 0 0.000135 0 0 4e-05 0.00184 0 0.007555 0.010865 2.5e-05 4.5e-05 3.5e-05 0 0 5e-05 0 3e-05 0 3e-05 0.01138 0 3.5e-05 1.5e-05 0.001975 0.004975 0 0.01181 9.5e-05 3e-05 0 0 0 0 0 0.00447 0 3.5e-05 0 0.00041 5e-06 0.014005 3e-05 2.5e-05 3.5e-05 2e-05 3.5e-05 0.000505 0.004955 0.003785 2e-05 4e-05 0.00404 0.000585
0 0 0 0.00805 0 0 0.00917 4.5e-05 0 0.002625 4e-05 0.00049 1.5e-05 0.000865 0.00152 2.5e-05 5e-05 0 0.011275 0.00464 0 0.004875 0.004245 6e-05 0 2e-05 0.00132 0.00015 0 0.000785 3.5e-05 3.5e-05 2.5e-05 3.5e-05 0 0.00058 0.000275 0.010345 0 0.00852 0 0 2e-05 4e-05 0.000225 0 2e-05 0 1.5e-05 0.00225 0.000235 0 0 4e-05 2.5e-05 3e-05 0 0.00149 0 0 0 3e-05 1e-05 2e-05 0 7e-05 0.013805 3e-05 0.0001 3.5e-05 0.00212 2e-05 0 0.006265 0 4e-05 0.002635 0 0 3.5e-05 0 0 4.5e-05 7e-05 2e-05 0.002305 6e-05 2.5e-05 0 0.003575 0 3e-05 0 2e-05 3e-05 0.00022 0.00214 0 0 5e-05
0.00548 0.0051 1e-05 0 0.007245 0 0.001895 0.000115 0 4.5e-05 0.00174 0.00043 0.005525 0.00865 0.00386 0 0 0 0.002455 3e-05 0.00213 0.00166 0 0 0.00205 0 0.00114 0.000365 5e-06 0.01323 2e-05 0 2.5e-05 0.00035 0 3.5e-05 0.00198 0.0001 0 2.5e-05 0 2.5e-05 2.5e-05 3e-05 7e-05 0.007795 0 2.5e-05 0 0.016395 0.000155 0 0 0.011435 0 5e-05 0.007675 0 0 1.5e-05 5e-05 0 2.5e-05 0.00323 0.00298 0 2.5e-05 0.00052 5e-05 8.5e-05 0 0 0.000705 6.5e-05 0 8e-05 0 0.0016 0.000125 4.5e-05 6.5e-05 2.5e-05 0 0.000795 2e-05 4.5e-05 4e-05 0 0.005975 0 3.5e-05 0.00979 3e-05 5e-06 2.5e-05 0.00613 0 0 0 0.000105
0 0.00049 0.01175 0.00029 0 3e-05 0 0 2.5e-05 2e-05 0 0 5e-05 0.00665 0.00138 8e-05 3.5e-05 0.009535 4.5e-05 0.00017 0 0.00509 0 2.5e-05 0 0.009085 0 0.00662 0.000305 0 4e-05 0.00677 4.5e-05 0.00752 0.00085 0.008555 0.00245 0.002095 0 0 0.00065 4e-05 0.003455 0 0.008285 2.5e-05 0 4.5e-05 2.5e-05 0 3.5e-05 0.00162 4.5e-05 3e-05 1.5e-05 0 5e-06 0.000515 0.008105 1e-05 0 3e-05 0 0.005305 0 4.5e-05 0 0 2e-05 0 0 3.5e-05 0 0 0.00232 0.00836 0.000995 1.5e-05 0.00035 1e-05 0 0 0.004475 0 3.5e-05 3.5e-05 3e-05 4e-05 0.001225 0.0018 2.5e-05 0 0.00259 3.5e-05 4e-05 5.5e-05 0 0.004665 0 4e-05
5.5e-05 0.00145 0 0 2e-05 0.00659 6e-05 4.5e-05 0 4e-05 0 0 2.5e-05 0 5.5e-05 0.008265 0.000495 5.5e-05 0 3.5e-05 0.00219 0 1.5e-05 0.00555 0 2.5e-05 0.000355 2e-05 5e-05 0.00037 0 0.00439 0 0.00014 3.5e-05 0.000265 0 0 0 0 3e-05 0.00072 0.005045 2e-05 2.5e-05 3.5e-05 3e-05 0.000375 1.5e-05 0 0.00349 0 3e-05 2e-05 7e-05 0.0042 5e-06 0.0071 4.5e-05 1.5e-05 0 0.00327 0.009255 2.5e-05 2e-05 0.0014 0 1e-05 0.003495 0.009215 0.006235 0.004175 4.5e-05 0.00511 2e-05 0 0 0 0.00052 1e-05 3e-05 4e-05 6.5e-05 0 0 0.0018 0 0.000905 2.5e-05 0 0 0 3e-05 0 0 0 0.003075 3e-05 0.000345 1e-05
6.5e-05 0 3e-05 0.00018 0.001305 4e-05 0.001115 3.5e-05 4e-05 0 0 0 0.02067 0 0 3e-05 0.002965 0 0 0.000105 0.002435 4.5e-05 0 2e-05 0.00956 0 4e-05 6.5e-05 0.002095 3e-05 0 0 0 0.009215 2e-05 6e-05 4.5e-05 5.5e-05 0.005025 0.00013 0 0 0 2.5e-05 0 0 8e-05 2.5e-05 3e-05 0.0138 0.00221 0.00076 0 0 1e-05 0 3.5e-05 3.5e-05 0 0.00942 0.001305 1e-05 2.5e-05 0 0.00932 9.5e-05 3e-05 3e-05 2.5e-05 2.5e-05 4.5e-05 0 5e-05 0 1.5e-05 1.5e-05 0 0 4e-05 0.00394 0.000795 6e-05 0 3.5e-05 3.5e-05 0 0 0 0 2e-05 1e-05 5.5e-05 3e-05 6.5e-05 0.0028 0 3.5e-05 0.00857 0 0
3.5e-05 2e-05 0 0 0.00344 4e-05 6e-05 0 0 0.001085 0.0024 0.00836 0 0 0 0 4e-05 0.006555 0 0 2.5e-05 3.5e-05 0.0003 0 3e-05 4e-05 0 5e-05 0 0 6.5e-05 4e-05 0 0 0.00719 0.005385 0 3.5e-05 0.0042 0 0.00095 0 0 0 0.00188 5e-06 0.006075 3.5e-05 0 0.004265 0.00325 0 0.00595 0.002425 3e-05 0 1.5e-05 3e-05 0.0037 0.0166 0 0 0 0.003725 0.006825 0.00878 0 0.00929 0.00033 3.5e-05 4.5e-05 0 0 0.000985 0 3e-05 3.5e-05 2e-05 0 0 3e-05 0 1e-05 0 3.5e-05 0 2.5e-05 0.003625 0.0001 4.5e-05 2.5e-05 3.5e-05 0 0.003465 6e-05 0 1e-05 0.00719 2.5e-05 3.5e-05
0 0 0.00163 0.00366 3.5e-05 3.5e-05 4.5e-05 3.5e-05 0 3.5e-05 0 2.5e-05 0 0 2e-05 0.00411 0.002335 4.5e-05 0.001475 0 0.009285 0.01604 0.000645 3.5e-05 0.00039 0 0 4e-05 2.5e-05 0.00726 0 0.01057 0.000355 0.00091 0 0 0 0.001085 4e-05 0.000575 0.000595 0 0 0 2e-05 0 2e-05 0.006765 3.5e-05 3e-05 2e-05 3e-05 0 0 0.00574 0 0.008085 0.002285 0.000105 0 0 0 1.5e-05 0 0 0.0102 0 0 0.00325 0 0 0.000315 3.5e-05 0.00652 3.5e-05 0.003935 3.5e-05 0 0.002855 0 2e-05 5e-05 0 0.00115 0.002055 0.00023 0.005835 0 2e-05 0.00091 4.5e-05 0 0 2.5e-05 3.5e-05 3e-05 0.00489 0.004465 3.5e-05 0
0.01338 0 0.003715 4.5e-05 0.00072 4e-05 0 0 0.00332 3.5e-05 5.5e-05 2e-05 0 1.5e-05 0.000665 0 0 0 0.00032 0 3e-05 4e-05 0 0.00037 1.5e-05 4.5e-05 2e-05 0 0 0.00061 0 2.5e-05 0 3e-05 0.007025 0 1.5e-05 0 1.5e-05 0 4e-05 0.00088 2.5e-05 0 0.003265 0 1.5e-05 3.5e-05 3e-05 0 2.5e-05 0 3e-05 3e-05 0 2.5e-05 1.5e-05 0 2.5e-05 0 0 0 0 1.5e-05 5e-05 0 0 0.00303 5e-06 2e-05 0 0.008645 0 2e-05 2.5e-05 0 0 2e-05 0.009415 0.00026 5e-06 0.00199 0.00117 0.002775 0 0.0088 0.00664 3e-05 0.00519 3e-05 2e-05 0 0.00927 0 3.5e-05 0.004525 5e-05 3.5e-05 3e-05 1e-05
0 0.001015 0 0 1e-05 0.0024 0.00817 0 0.004695 0.000625 0.000395 0.01922 2e-05 0.000725 0.00841 4e-05 0 0 2.5e-05 0.0068 4.5e-05 0 0 0 0 0.00381 0 5.5e-05 3.5e-05 0.005 0 5e-06 3.5e-05 0.010895 4e-05 0 2e-05 2e-05 0 4.5e-05 0 9e-05 5e-06 2.5e-05 0 0 0.00666 0 3e-05 0.00163 0 5e-06 4e-05 0 0.00065 1.5e-05 0 1.5e-05 0 0.00578 3e-05 1.5e-05 0.00673 4.5e-05 5.5e-05 4e-05 2.5e-05 3e-05 0 0 0 3.5e-05 0 0.003065 0 0.006825 0.002225 0 0.00084 0 5e-05 3e-05 2.5e-05 0.00768 0 5e-06 4.5e-05 3.5e-05 0.000305 0.00271 1.5e-05 3e-05 0 0 4e-05 5.5e-05 0 0.004495 0 1.5e-05
5e-06 0.004745 0 0 4e-05 3e-05 0.00268 0 3e-05 0.000155 2e-05 4e-05 0 0 0.00117 0.001485 0 0.00159 3e-05 0 3e-05 2.5e-05 0.00054 0.00109 2e-05 0 0.002135 0.00106 4e-05 2.5e-05 1e-05 1.5e-05 0.000185 0.008615 2.5e-05 0 0 3e-05 0 0 0 1.5e-05 2e-05 0 2.5e-05 1.5e-05 1e-05 0 2.5e-05 0.001275 0.00438 3.5e-05 0 6e-05 0 0.000635 3e-05 1e-05 3e-05 0.006995 0.005185 0.009985 0 0 0.004705 0 2.5e-05 0.00499 7e-05 0 0 2e-05 9.5e-05 2e-05 0.006015 3.5e-05 0 0 3.5e-05 0 2.5e-05 0 0.00323 9e-05 6e-05 0 5e-06 0.0012 0.00023 3.5e-05 0.002225 0 3.5e-05 0 0.005715 3e-05 0.00084 3.5e-05 0.00399 1.5e-05
0 0.000855 0 0.01309 0 5e-05 5e-05 3.5e-05 0 0 5e-05 0 3.5e-05 0.011415 2.5e-05 0 4.5e-05 0.00742 0.000855 0.00394 7.5e-05 2e-05 0 0 0.002215 0.00018 0.004155 0 4e-05 1e-05 6e-05 0 4.5e-05 0 0.004445 0 0 0.002115 0.000345 0.001485 0.00631 1e-05 3e-05 1.5e-05 2e-05 0.002895 4e-05 0 1.5e-05 0.001985 5e-05 0 0 5e-05 0.000185 5e-06 1.5e-05 3e-05 0 1.5e-05 0 1e-05 0 0 1.5e-05 1.5e-05 0.000135 4.5e-05 0.0017 5e-05 0.000275 6e-05 0 1.5e-05 0.00759 0 0 0.00968 0 2e-05 0 4e-05 0.012205 0 0 2.5e-05 0.00539 0.000545 1.5e-05 3.5e-05 0.00099 0 0 0 0 0.00053 3e-05 0.001875 8.5e-05 0
0 0 3e-05 3e-05 0.0122 2.5e-05 0.001 0.00354 3.5e-05 0 0.0053 0 0 0 0.005655 0.00058 0.01345 0 0 6.5e-05 0.000775 0.00352 2.5e-05 0.00104 0.000655 0 0 0.009145 0.002285 4e-05 0.00504 1e-05 0 0.00022 0 3e-05 2e-05 3e-05 3.5e-05 0 3e-05 2.5e-05 0 0 0 0 0.003385 4e-05 2e-05 0 0 7.5e-05 0.010795 0.00492 3.5e-05 0.001865 0 0.00408 0.002945 6.5e-05 3.5e-05 0 0.00084 0.00029 0.005705 2.5e-05 0 0 3.5e-05 9.5e-05 3.5e-05 0 5e-05 0.002715 0 0 0 0 2.5e-05 3.5e-05 0.000125 0 0.000495 0 0.00458 0.00103 4.5e-05 0.00041 0.00028 0.000195 0 2e-05 0 0.006175 3.5e-05 0.00356 0 0 0.00715 8e-05
0.00932 9e-05 0 6e-05 0.000555 0 4e-05 0.00345 0 0.000125 2.5e-05 0.000145 0.0178 0.00776 4.5e-05 1e-05 0.00276 4.5e-05 3.5e-05 3e-05 4.5e-05 2e-05 3.5e-05 0.00236 0.011255 3e-05 4e-05 0.01055 0 0 6.5e-05 0 0 0.007285 0.000175 3e-05 3.5e-05 4.5e-05 0 0 3e-05 0.002715 0.007785 3e-05 3.5e-05 0 0.000855 0 3.5e-05 0 0.001955 0.00662 0.013885 0 2.5e-05 5e-06 0.004995 7.5e-05 0 4e-05 0 0.000205 4.5e-05 0.000245 0.000645 0 2.5e-05 0 0 0 4e-05 0 2e-05 0 0 0 3e-05 0 0 0 0 0.00808 0 0.002045 4e-05 2.5e-05 0 0.001325 0 2.5e-05 0 4e-05 0 0 4.5e-05 0.001495 0.0019 0.00586 2.5e-05 0
2.5e-05 0 5e-06 0 0 0.00156 4e-05 0.000225 0.00011 0 0.00241 3e-05 4e-05 3e-05 0 2.5e-05 4e-05 0.007965 0.001665 0.006565 0 3.5e-05 3e-05 5.5e-05 0 0 0 0 4.5e-05 0 3e-05 0 0.00572 0 2e-05 0.0001 3e-05 0.00863 0.002825 0 5e-06 0 0 0.00191 0.00568 2.5e-05 3e-05 3.5e-05 0.00811 0.00249 0 0 0 5e-05 0 0.00743 0 0.00091 0.004035 0.017655 0.002935 2.5e-05 2.5e-05 0.010805 0 0.0002 0 0.001635 0.001455 3.5e-05 1e-05 0 0.001305 3.5e-05 0.00209 1.5e-05 0 0.00582 0 0 4e-05 0 0 2.5e-05 0 0 0.004125 2e-05 0 0.000695 0.00394 0 3.5e-05 0 3.5e-05 3e-05 4e-05 0 6e-05 1e-05
1e-05 1.5e-05 0 0.000745 3e-05 0.000615 0.001635 0.00263 0.001105 0 0 5e-06 0.008175 6e-05 0 3e-05 2e-05 0 3e-05 0 0 1e-05 3.5e-05 2.5e-05 0 0.001215 5e-05 0 0.002185 0 0.001935 0 0.00405 0 3e-05 0.008625 0.004585 0 2e-05 0 0 3.5e-05 0.00066 0 0.00151 0 3.5e-05 0.000755 0.00025 0.005435 0.005215 0 0 0.000125 0.00226 0.007485 0.004325 0.004635 4e-05 7.5e-05 4e-05 1.5e-05 0.00728 0.00043 3e-05 0 0.00135 1.5e-05 0 0 4e-05 0 8.5e-05 0 4e-05 0.012715 5e-05 0.01316 3.5e-05 0 0.002595 0 2.5e-05 3.5e-05 6e-05 0 0.000645 0 0.00123 4e-05 0 0.012095 0 0 0 0.0005 6e-05 5e-06 0.007895 0
0 0.003555 0 0.00029 9.5e-05 0 0.002095 0 0.002765 0 3e-05 0 0.015775 0 0.00013 1.5e-05 0.00563 3.5e-05 0 0.00765 0 4e-05 3.5e-05 0 0.000135 0 4.5e-05 3.5e-05 0.000735 0.00022 0.001105 0.010765 2e-05 1.5e-05 0 0 3e-05 4e-05 2e-05 0.00351 5e-05 0.0002 0.011625 0 0 0 0.000535 0.003275 1.5e-05 0.00315 2.5e-05 1.5e-05 0.00305 0.00708 0.010365 2.5e-05 0.000165 0.01216 2e-05 0 0 0 4.5e-05 0 0 0 0.002105 5e-06 0 2e-05 4.5e-05 0.000105 2.5e-05 2e-05 0 0.005785 0.00735 6.5e-05 0 0.004395 0 0 0.000725 2.5e-05 2e-05 2.5e-05 4.5e-05 0 0 0.00592 0 3e-05 0.00024 0.007575 0 0.002045 0 0 2e-05 0
1.5e-05 3e-05 4.5e-05 0 0.002145 0.00608 0.000665 0.00139 0.00317 0 3.5e-05 0 0 1.5e-05 0 0.003025 0 4.5e-05 0 0 5e-05 0 2e-05 0 2e-05 0 0 0.010065 0 0 0.00477 0 0 3e-05 7e-05 2e-05 0.01145 4e-05 4.5e-05 0 3.5e-05 2e-05 3e-05 0 0 0.001415 0.017065 0.000485 0 5.5e-05 0.004675 0.004275 0 0 0.00018 2.5e-05 0.000225 2.5e-05 2.5e-05 5e-05 2e-05 0 3e-05 0 0.009325 2e-05 0 0 0.001065 2e-05 0 0 3e-05 0 4e-05 0.00574 0 5e-06 0.004695 1.5e-05 0.014635 0.007965 0 4e-05 0 3.5e-05 5.5e-05 0.006195 0.000375 4e-05 0.002125 0 0.00049 1.5e-05 0.0068 3e-05 0 2.5e-05 0.00152 0
0 0.009315 0 2.5e-05 9e-05 2.5e-05 0.00068 2e-05 4e-05 0.00535 0 0.013835 0.006165 0.0023 0.00899 5.5e-05 0.00384 0.00554 0 0 0 0.005985 3.5e-05 8.5e-05 0.01509 0 0.003065 8.5e-05 4e-05 4.5e-05 0.00018 0.0005 3e-05 0 0.005205 0 2.5e-05 0 4e-05 2.5e-05 3e-05 0 0.00062 1.5e-05 5.5e-05 0 0.00364 0 0 0.00012 3e-05 0 0 0.00428 4.5e-05 5.5e-05 0.00135 2.5e-05 3e-05 2.5e-05 0 0.01637 0 0 0 2.5e-05 0 4.5e-05 0 3.5e-05 2e-05 0 3e-05 2.5e-05 0 2e-05 0.0148 3e-05 0 0 0 0 0 8e-05 0 0 0.002025 0.019435 2.5e-05 0 3e-05 0 3e-05 0.00023 0.000235 3.5e-05 5e-05 0 0 0.001275
0 0.000195 0 0 0 4.5e-05 4e-05 0.000115 6.5e-05 0 3e-05 0.000435 0 3.5e-05 0 0 0 0 0 6e-05 0.00029 0 1e-05 1.5e-05 4e-05 4e-05 3e-05 0 3e-05 0 0.001205 5.5e-05 0.00084 0.010465 4e-05 3e-05 0 0 7e-05 4e-05 2.5e-05 0.00133 0.000335 5e-05 3.5e-05 3.5e-05 5e-06 0.00045 2e-05 4.5e-05 2e-05 0.00404 0.000365 0 0 0 0.00028 0 0.00266 0 0.006605 0 0.001485 0 2.5e-05 0.003835 0 0 0 0 5e-06 5.5e-05 4e-05 0.000155 2e-05 0 0.000715 2e-05 0 0.014395 2e-05 0.004175 6e-05 0.002025 0.0062 0 0.006445 1.5e-05 0 0 4.5e-05 1e-05 0.004855 3.5e-05 0.006485 0 0.01826 0.00203 3.5e-05 0
0 0.00676 0 0 0.004895 3.5e-05 2e-05 6e-05 3e-05 2e-05 0.007245 0 0.00626 0.001535 4e-05 5e-05 3e-05 0.0047 1e-05 0 3e-05 0 3e-05 4e-05 0 0.006015 0.00021 0 3.5e-05 4.5e-05 0 0.001445 0 0.010615 0.01085 0.000205 0 3.5e-05 0.00718 0 0 0 0 0 3.5e-05 0 0.00027 2e-05 4.5e-05 0.00397 3.5e-05 0.009065 3e-05 3e-05 1e-05 0 0 2.5e-05 0 0.007075 1.5e-05 0.004565 5e-05 4e-05 0.0034 3e-05 0 0 0.00054 0 4e-05 0.000735 0.000315 5.5e-05 0 5.5e-05 3e-05 0 0 0 0 0 0.00565 3e-05 2e-05 2e-05 0 0.00034 3.5e-05 4e-05 0.00117 4.5e-05 3e-05 1e-05 2.5e-05 0 4e-05 0 1.5e-05 0.000495
0.00066 0.003015 0 0 0.00064 0.003765 0.009685 0 0.01056 0 3.5e-05 0.005575 0.00044 4e-05 0.00149 0.004195 0 0 3e-05 2e-05 0 0 0.000495 0.002375 0 3e-05 0 0.002025 0.00035 0.006345 0 0 3e-05 4e-05 0.01652 0 0 0 2e-05 0 0 5.5e-05 0.00321 4e-05 2.5e-05 0 0 0 0.006625 4e-05 4.5e-05 2.5e-05 3e-05 0 0.00254 0 0.005265 0 3e-05 3e-05 0 1.5e-05 0 5.5e-05 1e-05 0 2.5e-05 0.000615 0.0001 2.5e-05 3.5e-05 0.02208 0 0 5e-05 2.5e-05 5.5e-05 4.5e-05 0 4e-05 4.5e-05 0 3.5e-05 0.00088 0.004145 0.000515 0.00167 3.5e-05 0 0 1e-05 1.5e-05 0.006 0.00167 0 0.000165 3e-05 0 0 0
3.5e-05 3.5e-05 4.5e-05 5e-05 0 0 0.00576 2e-05 0.009205 5.5e-05 0 2.5e-05 0.004135 0.012445 4.5e-05 2.5e-05 0.002435 4e-05 0 0.000105 4e-05 5.5e-05 0 2e-05 0 0 0 0 0.00161 0 7e-05 0 1e-05 3.5e-05 0.003125 0.00512 0.00478 0.00574 0.00207 0 3.5e-05 0 2e-05 0 0.001135 1.5e-05 3e-05 0 0.000345 0 0 2e-05 0.0013 1.5e-05 0.002285 4e-05 0 2.5e-05 2.5e-05 0.00179 4.5e-05 3e-05 4.5e-05 2e-05 0.00127 0.00233 0 0.020235 5e-05 0 0 0 0.002635 0 0 4.5e-05 2e-05 0 2e-05 0 3e-05 0.009085 1.5e-05 1.5e-05 0 2.5e-05 0 0 0 0.005855 0.017485 0 0.00414 5e-05 2.5e-05 0 0 0.00819 2.5e-05 3e-05
2e-05 0 1e-05 0.005775 0 1.5e-05 0.000315 1.5e-05 0 2e-05 0 0.009915 0.000145 0 5e-05 0 0 0.001575 2.5e-05 0 0 0.00314 0.000435 5e-06 3.5e-05 4.5e-05 0.0016 5e-06 0 7e-05 0 0.000205 2e-05 0 0.00206 0.000655 0 4e-05 2.5e-05 0.004225 3e-05 0.011025 3.5e-05 6e-05 3e-05 0 0 0.01655 3.5e-05 3e-05 2e-05 0 3e-05 2.5e-05 0.010025 0.0142 0 0 0 0 1.5e-05 4.5e-05 0.00805 0 0 4.5e-05 1.5e-05 5e-05 0 3e-05 5e-05 2e-05 0 0.002135 1e-05 0.00156 2.5e-05 1e-05 0 3e-05 0.00887 0 0 3.5e-05 2.5e-05 4.5e-05 0 0.005435 2.5e-05 0.001105 0 0.00729 0.000205 1.5e-05 0 4e-05 0 0.00144 0 0.00021
0 2.5e-05 2e-05 0 0 0.00286 0.000975 0.005885 0 5e-05 0 0 0 0 0 0.004595 0.00422 0 2e-05 0.005915 8.5e-05 0 0 0 0 0.00446 0.00396 5e-05 0 0.001575 0 5e-05 0 0 0.005745 0 2.5e-05 5e-05 0.003085 0.007955 4e-05 4e-05 3e-05 1.5e-05 0 3.5e-05 0 0.01051 0 3.5e-05 0.00173 5e-06 0 4e-05 0.005035 0.02035 0 3.5e-05 0.00274 0.005445 2e-05 2.5e-05 7.5e-05 0.000765 0.000845 0.000275 4e-05 3e-05 0 0.003255 0.00021 4.5e-05 0.000365 0 0.003115 4e-05 5.5e-05 0.00371 0.00078 4.5e-05 0 2.5e-05 1e-05 0 5e-06 2e-05 2.5e-05 0 0 3.5e-05 0 0.001615 2.5e-05 1e-05 0 3e-05 0 0 0.00051 0.0001
0.002555 0 5e-05 0.00276 0.00596 0 0 5.5e-05 0 0 4e-05 4.5e-05 0.00244 0 0.000505 0 2.5e-05 4.5e-05 0 0 0.00048 0.001505 0.0004 3.5e-05 0 0.00132 0 5.5e-05 4.5e-05 0 0 0 0 0.002845 4.5e-05 5.5e-05 2.5e-05 0.00011 0.000525 1.5e-05 0.000505 4.5e-05 0 0.002225 5e-05 0 0.00355 3e-05 5.5e-05 0 0.011495 0 0.009685 0.0009 0.00342 0 5e-06 0 0 0.00513 0.00079 0.007865 0.00125 0.006265 0 7e-05 0.007615 0.004025 6.5e-05 0 2.5e-05 1.5e-05 4.5e-05 0 2.5e-05 0.000995 8e-05 0 0.002885 0.011265 0 0 0.00421 0 0.0007 0 3.5e-05 0.00019 0.001415 0.00011 0 2.5e-05 4.5e-05 2.5e-05 0 2.5e-05 0 0 3.5e-05 4e-05
0.00191 0 3.5e-05 0 0 0 0.002065 6.5e-05 0.0137 8e-05 3.5e-05 5e-05 0 0.00023 0 1e-05 0 0 0 5e-05 5.5e-05 0 4e-05 0 2e-05 0.003475 0.00178 0.004915 0 0 2e-05 4.5e-05 4e-05 3e-05 0.011305 0 0.00702 3.5e-05 4e-05 0 3e-05 0.00247 4.5e-05 3e-05 0 2e-05 6e-05 0.014785 0.00071 0 3.5e-05 0 0 3.5e-05 4e-05 4e-05 0 5e-05 0.002145 4e-05 2e-05 3.5e-05 2e-05 0 0.007815 4e-05 4e-05 0.013655 4e-05 5e-06 0 0.00639 0 0.003035 2e-05 0 3.5e-05 2e-05 3e-05 4.5e-05 0.013425 0 0 0 0.008075 0.00072 2.5e-05 0.00074 0 0.000185 0 0 0.016315 6.5e-05 0.00836 0.014135 0.00052 0.00029 7.5e-05 0
1.5e-05 0.012705 0 2.5e-05 1e-05 0.0004 5e-06 0 0.00037 0 0.00074 0 0.00024 0.00481 4e-05 0.00165 0.00013 0.000545 1e-05 3e-05 0.00013 0.00306 0.001395 4e-05 0 5e-06 0.013525 1.5e-05 3e-05 9.5e-05 0.000435 0 5.5e-05 0.0002 2.5e-05 0 5.5e-05 0 6.5e-05 0.00035 0 0.004625 0 0.0017 0 0.00718 0.002855 0 0 3.5e-05 0 0.0103 3.5e-05 0.004265 4.5e-05 6e-05 2e-05 3e-05 0.007925 0 0 0 0.005545 1.5e-05 0 0 2e-05 0 0 0.00998 2.5e-05 0 0.006255 0.001605 0.0014 0 0.001445 3e-05 1.5e-05 0.00275 0 0 0.00012 0 0 0 0 4e-05 1e-05 0 6e-05 0 0.00259 1.5e-05 0 3e-05 0 0 0.00215 3.5e-05
0 0.002685 0.006325 3e-05 4e-05 0 0 0 0 0 0.00445 0 1.5e-05 4e-05 2e-05 4e-05 0.000195 2.5e-05 0 5e-05 0.00363 0.012325 5.5e-05 0 0.005445 0 0.00985 0.010085 0.00825 4e-05 0.002245 2e-05 0.010335 0 4.5e-05 0 0.006435 7.5e-05 0.000515 2e-05 0.00255 0 0 0 0 0.011605 6e-05 0.004235 0 0 0 5e-05 4e-05 0.0001 0 0 0 1.5e-05 0.002435 0 0 4.5e-05 0 3e-05 2.5e-05 5e-05 0 0 4.5e-05 0 0 3.5e-05 0.00403 0.009445 0.001045 0.005205 2.5e-05 2.5e-05 5.5e-05 0.00172 0 0.001275 4e-05 0.00011 2e-05 0.00894 5e-05 4e-05 0.005595 0.007535 0 0 3e-05 2e-05 0.001505 0 0.0145 0 3.5e-05 6e-05
0.000605 0 0.00413 0 2.5e-05 0.002495 2e-05 0 0 3.5e-05 9.5e-05 2e-05 2e-05 0.00138 0 0.002055 0 0 0 3.5e-05 0.005435 0.00035 0.00038 0.007685 0 0 0.00481 4.5e-05 3.5e-05 4.5e-05 2.5e-05 0 0 0.004705 0 0 0.00698 3e-05 0 0 3.5e-05 0 0.010995 5e-05 3e-05 0.00562 4.5e-05 0.000865 2e-05 0.002135 0.00315 0.00331 0.00034 3.5e-05 0 0.015635 0 2e-05 0.004215 4e-05 0 5e-05 0 0 0 0.00015 0.00159 0 0 0.00018 0 5.5e-05 4e-05 0.000715 0 0 0 0 2e-05 3e-05 0.0067 0 5.5e-05 2.5e-05 0 0.00165 0 0.01007 3.5e-05 0 3.5e-05 0 0 0.006495 4e-05 0.010655 0 0.000115 0.009405 0
0 4e-05 0 1.5e-05 0 0.006405 5.5e-05 3.5e-05 0 0 0.008105 0 3e-05 3e-05 2.5e-05 0 3.5e-05 0.00017 0.000335 0 4e-05 2.5e-05 0 0.01514 4.5e-05 3.5e-05 0 0.00504 4e-05 0.0003 0 0 0.00316 3.5e-05 0.007575 0.00174 3.5e-05 4e-05 0.006675 0 0.00294 3e-05 3e-05 0.00012 0.00479 3e-05 0 0 0.003085 2.5e-05 0.00139 0 6e-05 3e-05 1e-05 0.0001 0 0.00028 0.011725 0 0.00039 0.01186 0 0.010655 2.5e-05 0 0.000215 0.00549 0 0.000115 0.00328 0 0 0 0.002415 0 0 0.010735 0.01232 0.000485 3.5e-05 4.5e-05 4e-05 3.5e-05 0 0 0 3e-05 5.5e-05 3e-05 0 0 0 0.00514 2e-05 0 3.5e-05 5.5e-05 7e-05 0.00889
0 0.00114 0.00151 0 0 0 0.00738 0.0001 1e-05 0.00367 2e-05 0 2.5e-05 0.00522 0 0.00018 0 0 9e-05 0.004695 0.00328 3.5e-05 5e-05 4e-05 2e-05 0.004655 3.5e-05 0.005215 0 0 4.5e-05 0 3e-05 0.000295 0 0 0.00357 0.000655 0.000785 0.001085 0.000425 0 2.5e-05 0 2.5e-05 3e-05 0 2e-05 0 3e-05 0 0 0 3.5e-05 0.002165 0.005225 2.5e-05 3e-05 3.5e-05 3.5e-05 0 3e-05 0.00025 0 0.009395 5e-05 0 0.001595 0.001295 4e-05 0.00167 1e-05 1.5e-05 0 3e-05 0 3e-05 0.00018 5.5e-05 2.5e-05 0.003765 0.005915 0 3e-05 0 0 0.009915 4e-05 0 0 0.007825 4.5e-05 2.5e-05 0.00068 0 0 0.00194 3.5e-05 4.5e-05 0.001655
0.00141 0.001375 0.00058 5.5e-05 0.007505 0 3.5e-05 0 0.00068 0 1.5e-05 0.00313 2e-05 0.00024 0.001515 0.000135 0.001155 0.003425 0 0 0 0.01075 2e-05 0.005215 0 0 0.001205 1e-05 3.5e-05 0.005455 4.5e-05 0.01032 1.5e-05 0 0 0 4.5e-05 0 6e-05 0 3.5e-05 0.0081 3e-05 0 0.00427 3.5e-05 0.010715 3.5e-05 4e-05 5e-05 0 0 4.5e-05 4.5e-05 0 4.5e-05 0 0.008245 2.5e-05 0 0.00474 0 0 4.5e-05 5.5e-05 5e-06 5.5e-05 0.001695 0.000445 0 0.00427 0.010265 0 3.5e-05 2e-05 0.00355 0.000135 0 0 0.000285 0 0.00243 0 0.007215 3e-05 0 2e-05 1.5e-05 0.008485 0.003625 0 0 0 0 0 0.000175 2e-05 0.008135 4.5e-05 0
0.00138 2e-05 0 0 3.5e-05 5e-06 0 0.000195 0.00191 2.5e-05 0.00182 0 0.01366 0.000125 0 0 3.5e-05 0.0009 3e-05 0.005445 0.000255 0 0 0 0 0 2.5e-05 0 0.0013 0 6e-05 3.5e-05 0 3.5e-05 7.5e-05 0 0 0 3.5e-05 0 0.00162 0.005305 5e-05 2e-05 4.5e-05 0.00047 4e-05 4e-05 0.011405 0.0128 0 2e-05 0 0.006565 2e-05 1.5e-05 4.5e-05 6.5e-05 0 0.015055 0 0 0.000615 2e-05 0 0.011845 0.000545 4e-05 2e-05 3.5e-05 0 3e-05 0 3.5e-05 0.00015 4.5e-05 5e-05 0 0.00109 2e-05 0 0.003815 5.5e-05 2e-05 3.5e-05 0.006555 0 0.007945 0.009155 4e-05 0.006575 5e-05 2e-05 0.002065 4e-05 0 0 0 0 3.5e-05
2.5e-05 2.5e-05 0.014645 5.5e-05 2e-05 2e-05 0.00016 0 3.5e-05 0.009645 2e-05 0 0 0 0 0.002175 5e-05 0 4e-05 0.001995 5.5e-05 0.001225 2.5e-05 0 3.5e-05 0.002595 0.00578 0.013815 0 0 0.000375 2e-05 0.005995 3.5e-05 0 2e-05 0.014955 4e-05 0 0.00035 0 5e-05 4.5e-05 0.000655 0 0.00904 2.5e-05 0 0 2e-05 0 3.5e-05 0 0 0 0.00128 0 2.5e-05 0 0.00013 0 0.00545 0.018725 3e-05 0.00017 0 0 0 3.5e-05 0.00076 0.002295 3.5e-05 0 0 5e-06 2e-05 0.003305 0.003265 2.5e-05 3e-05 0.0126 0.001185 0 0 0 0 2.5e-05 4e-05 0 2e-05 0 0.009065 0 3.5e-05 0.00212 4e-05 0 2e-05 0 4e-05
0.000105 0.000425 0.0028 3e-05 3e-05 0 0.00056 5e-06 0 4.5e-05 6e-05 5.5e-05 3e-05 0.000205 0.00124 0.00168 0.000185 0.00116 4e-05 0 9.5e-05 0 0.003905 0 0.002035 0 3e-05 0.00013 2.5e-05 0.008355 8e-05 3e-05 0.00689 0.005675 0 0.002665 5e-06 0 0 0 0 0.00603 0 0 2.5e-05 1.5e-05 2e-05 2e-05 4.5e-05 0.00461 0 0 2.5e-05 3.5e-05 0.00271 0 0.014905 0.006815 0 0 0.00086 0 0.005525 0.002155 5e-05 3e-05 0 4e-05 0 0.000175 0 2.5e-05 0 0 3.5e-05 0.015895 5e-06 0.005735 0.00118 0.012145 3.5e-05 0.00062 0 0.004105 0 0 0 4e-05 0.000685 0 0 0.00015 3e-05 2.5e-05 0.00224 2e-05 0.001965 5e-05 0 0
0.00126 0 0 4.5e-05 0.004955 0 0 0 2.5e-05 5e-05 0.00502 0 0.003285 4.5e-05 0 2e-05 0 3.5e-05 0.00606 5e-05 0.01139 0.00017 4.5e-05 3e-05 0 0 0 0 0 0 0.002515 0.00315 0 0.003245 0 0.00579 0 0.0005 1.5e-05 0.0001 0 2.5e-05 0 0.00337 5.5e-05 3e-05 0 8.5e-05 2.5e-05 0 0 0.002915 0 0.00223 1.5e-05 2.5e-05 7e-05 0.01034 4.5e-05 0.00055 0.00658 1.5e-05 2e-05 0 0.00175 0 0.008725 1e-05 3.5e-05 5e-06 0.00597 1.5e-05 4e-05 0.002595 4.5e-05 3.5e-05 0.00122 2e-05 2.5e-05 0 3e-05 0 0 0.00796 0 0.004025 0.002265 0 5.5e-05 0.00017 5e-05 3.5e-05 5e-05 0 2.5e-05 0.009985 0.00029 0 3.5e-05 0
3e-05 0 0 2e-05 3.5e-05 0 4e-05 6.5e-05 0.000715 0.00462 2.5e-05 4e-05 2e-05 0.000135 0.001445 2.5e-05 1.5e-05 0 0.003255 0 4e-05 2.5e-05 0 0.003605 4.5e-05 1e-05 0.000365 0 0.00017 3.5e-05 5e-05 0 3.5e-05 4.5e-05 4e-05 1.5e-05 0.00855 0.00265 0.00302 4.5e-05 0.000375 1e-05 2e-05 0 0 0 0 4e-05 0 4e-05 0 0 0.00093 2.5e-05 0.0001 0 0 0 0 2.5e-05 0.00843 0 4e-05 2e-05 0.004675 0.002975 8e-05 0.015225 2.5e-05 2.5e-05 0.01672 0.000105 0.010555 3e-05 3e-05 2e-05 0 0.00015 2.5e-05 3e-05 3.5e-05 0 0 0 0.015685 0.00394 0.002575 0 0 4e-05 4e-05 0 4.5e-05 0 0 0 2e-05 0 4e-05 0
4.5e-05 0.007285 0.00092 0.00242 3.5e-05 0 0.00329 0 3.5e-05 0 0 0 0.003745 0 0 0.00679 3e-05 0 0 0 0 0 4e-05 5e-06 0.000105 0.00126 0 0.01163 0 2.5e-05 0 0.001525 0.006145 0 3e-05 0 0 2e-05 0.000525 5.5e-05 0 5e-05 0.008235 2.5e-05 0.006185 0 0.00025 4e-05 0.00144 0 8.5e-05 0 0.00603 0.0097 0 3.5e-05 0.009435 0.00052 0 6e-05 4e-05 1.5e-05 0.00705 6.5e-05 0 1.5e-05 0.000105 0 0.001385 0 0 0 0 0.00202 5e-05 0.00805 0 0 2e-05 2.5e-05 0 7e-05 3e-05 0.00131 0 0 0.00019 0.000585 0.00112 2.5e-05 2.5e-05 0.00096 2.5e-05 1.5e-05 0.00328 4e-05 0.001695 2e-05 0 0.00656
0 2.5e-05 3e-05 0.004945 2.5e-05 1.5e-05 0.006875 5e-06 0.000135 1e-05 2.5e-05 4.5e-05 4e-05 3e-05 0 0 5e-05 4e-05 2e-05 4.5e-05 2.5e-05 5e-06 0 0 0 0 0.007385 0.00028 3e-05 4e-05 3e-05 2e-05 0 0 0.006715 0.00424 0 0 0.008765 2e-05 0 0.00142 4e-05 2.5e-05 0.000725 0.002175 5e-06 0 0.00921 4e-05 0 0 0.003975 0 4e-05 4.5e-05 4.5e-05 0 3.5e-05 3e-05 0 1e-05 0.00313 0.000615 3e-05 0 1.5e-05 0.015175 0.00028 4.5e-05 0.000235 0 1e-05 0 0 0 0 0 0.013465 4.5e-05 0.00296 0.0096 0 0.00079 0.00187 3.5e-05 0 0 2e-05 2e-05 0.016195 4e-05 0.000435 2e-05 0.00135 0.00069 5.5e-05 0 2e-05 0
4.5e-05 3.5e-05 0.00705 2e-05 3e-05 0 0.010055 0 0 0 0.003685 0 8e-05 0 3e-05 0.00144 0 0.00898 3.5e-05 0.00267 0 0 1.5e-05 7.5e-05 2.5e-05 0.00208 1.5e-05 0.00176 5.5e-05 1e-05 0 0 0.0005 2e-05 2e-05 0.00154 0.00616 0.00258 0 0.001965 0.00389 2.5e-05 3.5e-05 5e-05 0.000205 0.00667 0.005925 0 1e-05 0 0.00931 0 3e-05 0.00018 4e-05 0 6.5e-05 5e-05 2e-05 4.5e-05 0 0.004675 0 0 1.5e-05 3e-05 3e-05 0.000785 3.5e-05 0 5e-06 2e-05 0 0 0 0.00216 0 2.5e-05 3.5e-05 6e-05 0 0 0.000945 0.00082 2.5e-05 0.00618 0 0.001205 0 3.5e-05 5e-05 0 4.5e-05 3e-05 5.5e-05 0 0.001385 0 0 0.001205
0.00106 0 0 0 5e-05 5.5e-05 3e-05 0 0 0.004635 0 3e-05 2.5e-05 2e-05 2e-05 0 0 0.000155 0.00129 0 0.00502 0 0.004735 0.00019 5e-05 0 4e-05 0.01025 0.000165 4.5e-05 0.0039 1.5e-05 0 0.008595 5e-05 0.00091 3.5e-05 3e-05 0 2.5e-05 0.000125 4.5e-05 0 0.00584 0.00246 1e-05 0 7e-05 5.5e-05 0 0.00176 0.000365 0.002515 0 3.5e-05 2e-05 4.5e-05 0 0.006075 0.006005 0 0 0 0.004915 0.014045 0 2.5e-05 0 0.002825 0.004585 0.00011 2e-05 0 0 0.000185 0 0.003335 3e-05 1.5e-05 0 0.000365 0 0.00231 0.002315 0 4e-05 0 3e-05 0.004225 0.000105 0 3e-05 3.5e-05 4e-05 2.5e-05 0 0.01404 0 0 2.5e-05
0 0 0 2.5e-05 2e-05 0.005355 1e-05 0.006395 4e-05 0 3.5e-05 0.000425 6.5e-05 1.5e-05 0 0 0 6.5e-05 0.001375 7.5e-05 0.002135 0 3.5e-05 0 0 0 0.00265 3e-05 0 8.5e-05 0.00991 0 3.5e-05 0.008155 2.5e-05 3.5e-05 0.00147 0.00146 5e-05 1.5e-05 0.00018 1.5e-05 0.004435 0.00069 0.00278 0 0.00698 0.010795 0.00036 5e-05 5.5e-05 5e-05 0 0 0.00395 0.001755 0 0 0.009145 3e-05 2.5e-05 0.002945 0.003485 0.00083 0.004885 2e-05 3.5e-05 2.5e-05 2e-05 0.000655 0.000235 0 2e-05 0.00517 0 0 4.5e-05 0 1e-05 4.5e-05 0.009715 0 0.004005 0 0.005425 0 2e-05 0 0 0 0.00029 0 6.5e-05 0 0.002655 6.5e-05 6.5e-05 3e-05 0.00118 0
0.000145 0 0.00138 2e-05 7e-05 0.00061 0.00608 0.00125 0 0.00862 2.5e-05 0 0 3e-05 0 0 0.004585 0.00259 2.5e-05 1e-05 0 3.5e-05 0.0035 0 4e-05 2.5e-05 4e-05 4e-05 4.5e-05 0 0 2e-05 0.01024 0.00498 5.5e-05 0.01186 3.5e-05 0 0.007185 0.00032 0 0.00298 0 3.5e-05 0.00474 2.5e-05 4e-05 2.5e-05 0 0 0.002135 0 0 2.5e-05 0 0 0.00294 0 5e-05 0.00561 2e-05 0.004595 0 0.010165 3.5e-05 0.00338 0 0 0.00066 4e-05 3.5e-05 0 0 2.5e-05 3e-05 4.5e-05 0.004475 0 2.5e-05 0.001665 0.000105 0.00864 0.00358 0 1e-05 0.002335 0 0 0.0018 0 4.5e-05 0.009835 0 0 0 4e-05 0 0.00012 0 7.5e-05
3e-05 0 0 0 0 0.0072 0 0.01418 3.5e-05 0 1e-05 0 0 0.01045 4e-05 0 0 0.00341 0 4.5e-05 2e-05 5e-05 6e-05 3.5e-05 3e-05 0.00042 0.000745 4e-05 0 0.00063 1.5e-05 0 1.5e-05 0 3.5e-05 1e-05 5.5e-05 0 0 3.5e-05 0.0001 0.00038 2.5e-05 0.006175 1.5e-05 0 0.00405 4e-05 5e-05 0 3e-05 0 0 0 0 0 2e-05 5e-06 3e-05 0.001435 4e-05 0.001985 5.5e-05 4.5e-05 0.017005 0.003315 0.000975 0 3.5e-05 0 3.5e-05 3.5e-05 0 3e-05 0.005175 3.5e-05 0.006595 3.5e-05 2.5e-05 0 0.00784 0.00031 4.5e-05 0 5.5e-05 0.00162 0.000795 0.00208 0 4e-05 6e-05 0.00115 0 2.5e-05 0.00032 0 0 5.5e-05 0 0
5e-06 1.5e-05 0.0069 0 0 4.5e-05 6e-05 0.00073 0.007465 0 0.00151 0 0 0 0 2.5e-05 0.006655 1.5e-05 0.001 0 9.5e-05 7e-05 0.000275 3.5e-05 0.000355 4.5e-05 3.5e-05 2e-05 0 0.000495 0 0.00146 0 2e-05 4e-05 0 4e-05 0.00014 0.003395 0 0.00122 0 0.00406 0 0 3.5e-05 3e-05 0 0 3.5e-05 1e-05 0 0 3.5e-05 0 0.000755 0 5e-05 0.002955 3.5e-05 0 2.5e-05 0 5e-05 0.000645 0 0.000515 5e-05 0 5e-06 0 0.009715 0.00704 0.0061 0.00304 3.5e-05 0 0.00162 1.5e-05 0.01257 5e-05 0 0.00665 0.004565 0 0.00261 0.000185 5e-05 2.5e-05 0 4e-05 0 0.001935 3.5e-05 0 0 0.014155 0 3e-05 3.5e-05
0 0 0 0 0 3e-05 0 5e-05 2.5e-05 0 0 1.5e-05 0.001615 0 6e-05 7e-05 0 0 0.004215 0.00023 0 0 0.005185 3e-05 0.000555 0.00428 4e-05 0 0.003425 5e-05 0.000235 3.5e-05 3.5e-05 3e-05 0 9.5e-05 0.00073 0.001165 5e-06 0 0.00912 4e-05 0 0.007085 4e-05 2e-05 0 3e-05 0.011415 0.00996 0 0 0.0003 2.5e-05 3e-05 2.5e-05 0 0.000235 0 0.016435 0 3e-05 1.5e-05 0.00135 0 0.002015 0.00948 0.00037 4.5e-05 3.5e-05 3e-05 2.5e-05 0 4e-05 0.00588 0 0 0.000185 0 0 3e-05 0.002185 0 0.001235 3.5e-05 1.5e-05 3.5e-05 0.006805 0 0.00394 0.00105 4e-05 1e-05 0 2e-05 0.003355 4e-05 0 4.5e-05 0.00013
0 2e-05 4e-05 0 0.00019 0.012545 0.003415 0.004625 5e-05 0.00385 0 0 0 0 3.5e-05 0 0.003375 5e-06 0 5.5e-05 0 0 0.0101 0.000185 0.00058 0 0 0.00504 2e-05 0.001925 3e-05 0 0.000275 0.002815 0 4.5e-05 0 0 5e-06 2e-05 0 0.000185 4.5e-05 0.000405 0.005375 0 0 0 3e-05 0.00059 0.00014 9.5e-05 0 3e-05 4.5e-05 0.000195 0 0.00066 0.013145 0.008445 0 0 3e-05 0 0 0.008545 1.5e-05 0.00451 0.019035 3.5e-05 3.5e-05 0.003035 0 0 3.5e-05 0.00457 0 1.5e-05 0.009665 0 1.5e-05 3e-05 2e-05 0.0011 3e-05 0 5e-05 0 3e-05 5e-06 1e-05 0.00263 3e-05 0.00656 6e-05 3e-05 4e-05 0 0.003705 2.5e-05
3.5e-05 0 0.000555 0 4.5e-05 2.5e-05 3.5e-05 0.000945 6e-05 0 0.002835 0.009475 1e-05 0.000805 0.009405 0 0 0.010215 4e-05 0.0027 0 3e-05 2e-05 0 4.5e-05 0 3e-05 3e-05 0 3e-05 0 2e-05 4.5e-05 4e-05 2.5e-05 2.5e-05 2.5e-05 4e-05 0.000175 0.004995 0 2.5e-05 0.00049 3.5e-05 0.00539 2.5e-05 0 2.5e-05 4.5e-05 0.0001 0 0 2.5e-05 0 0 0 0 0 3.5e-05 0 1.5e-05 0 0.002315 0.002035 0 4e-05 0 8e-05 1.5e-05 0 0.00013 6e-05 0 0 0 0 0.0003 0 0.000835 0.01269 0.002815 0.007525 3.5e-05 7e-05 6e-05 4e-05 4.5e-05 2.5e-05 0 0.007605 3.5e-05 0 0 3e-05 3.5e-05 0 3e-05 5.5e-05 3e-05 2e-05
3.5e-05 0.00417 3.5e-05 3.5e-05 0.002215 5e-06 0.006135 3.5e-05 5e-05 0.00169 0 3e-05 3.5e-05 4.5e-05 1e-05 0 0 0 0 0 0 0 0.001185 0 0.0008 8e-05 0.00608 0 0.0011 0.00018 4.5e-05 0 5e-05 0 0 5e-05 0 5e-06 6e-05 0.005395 2.5e-05 0 4e-05 0.006185 1.5e-05 0 1e-05 0.000565 0 0.002495 0 0 0 0.0002 2e-05 2.5e-05 0.00103 0 3.5e-05 0 0 2.5e-05 0.001565 2e-05 2.5e-05 1.5e-05 3e-05 0.00125 0.00306 4.5e-05 8.5e-05 0.000405 0.0088 0 0.001885 0.00025 0 3.5e-05 0 3.5e-05 5.5e-05 2e-05 0 0.00367 0.000905 0 0 5e-06 0.0101 0.000765 2e-05 2.5e-05 0 0 0 0.005925 2.5e-05 4.5e-05 0 0
0 0.00807 0 4.5e-05 0 0.002975 0.00492 4e-05 0 0 1.5e-05 0 0.00978 0 0.000225 2.5e-05 1.5e-05 0 0.00316 0 0.00021 0.000125 0.00679 2.5e-05 0.00114 1e-05 0.00481 6.5e-05 0 0 2.5e-05 2.5e-05 3e-05 0 3e-05 3e-05 4e-05 0.00428 0.0087 5e-05 0 2.5e-05 0 3.5e-05 2.5e-05 0 0 0.005295 0 0 5e-06 4e-05 0.00047 0.00105 0 0.008825 3.5e-05 4e-05 7e-05 7.5e-05 2.5e-05 0.00501 0 3e-05 0.00036 4.5e-05 0 4e-05 0 0.00152 3e-05 0.000565 8e-05 0 5e-06 0 0 0.00417 2e-05 7e-05 4e-05 0 0 0.000485 3.5e-05 4.5e-05 0 0.016725 0.001875 4.5e-05 0 0.00015 3.5e-05 0.00637 3.5e-05 0 0 0 0.007485 0.01854
