0.000495 0.010445 0.00352 1.5e-05 1e-05 0 0.000225 0 0.00022 3e-05 0.00686 1e-05 0.006095 0.001205 0 0 0.001025 1e-05 0 5e-06 3.5e-05 3.5e-05 0 0.00027 0 0.002125 0 0 4.5e-05 0.004235 5.5e-05 0 4e-05 3.5e-05 3e-05 5e-06 1.5e-05 2e-05 0 0.01159 0 1.5e-05 0.00125 0.00015 2.5e-05 1e-05 6e-05 0 0.012905 4.5e-05 1e-05 0 0.00078 2e-05 0.00028 0 0.010895 2.5e-05 0.00474 3e-05 0 0 1.5e-05 4.5e-05 5.5e-05 0.00199 2.5e-05 4.5e-05 0.008145 0 0.00479 3e-05 2.5e-05 0 1.5e-05 6.5e-05 0.00289 0 0 6.5e-05 4.5e-05 0 0 0.00025 5.5e-05 4e-05 0 5.5e-05 0.01866 3.5e-05 0 0 0.00886 0.00046 0.012795 0 0 0 4e-05 5e-05
0 0.006225 0 0 4.5e-05 0 0.00054 0.007045 0 0.002645 0.001245 9e-05 0 0 0 0 0.00864 5e-05 3.5e-05 3.5e-05 0 0 0.010695 2e-05 0 2e-05 0 0.006045 0.00644 5e-05 0.00013 5e-05 0.011505 1.5e-05 0.00969 0.00168 0.00339 0 0 0 0 0 0 4e-05 0.00237 6e-05 5.5e-05 0 3e-05 0 3.5e-05 0 0.00019 0.01247 0 4e-05 1.5e-05 0 0.00933 7e-05 2e-05 3e-05 0.00681 0.00058 2.5e-05 0.00552 2.5e-05 4.5e-05 2.5e-05 0.001075 0 5e-05 2.5e-05 0 0 6e-05 2.5e-05 0.00066 0 3e-05 2e-05 1.5e-05 0.00304 7e-05 4e-05 0.00535 0.00019 0.001345 2e-05 0 0.00085 0 2.5e-05 0.00875 5e-05 0.006975 3e-05 0 2.5e-05 4e-05
2.5e-05 0 0 0.00017 0 0 0.00079 4.5e-05 0.00081 4e-05 1.5e-05 3e-05 0.004235 0.0005 1e-05 0.00208 0.002935 5e-05 0 0.00931 0 0 0.00419 0.008425 0.008195 0 0 0.000235 0 2e-05 0 3.5e-05 0.0001 0 4e-05 0 0 0 0.011015 0.008065 0.00097 0.005915 0.0004 0 6e-05 4.5e-05 1.5e-05 0.000745 0.0034 0 3e-05 0.00546 3.5e-05 4.5e-05 0.009685 0 0 2.5e-05 3e-05 0.00323 0 0.01059 2.5e-05 6.5e-05 2.5e-05 0.00072 3.5e-05 4.5e-05 0 0.00179 0 0 1.5e-05 0 0 0.00512 2.5e-05 1.5e-05 0 0.00103 0.000715 0 0.005435 0 0.000985 1.5e-05 1e-05 3.5e-05 0 0.00067 0.001665 4e-05 0.010865 6e-05 0 0 0 0 0 0.00267
4e-05 7e-05 0.000805 3.5e-05 5e-05 0.00192 0 0 0 0 1e-05 0.00493 0 2e-05 0.002275 0 0.01299 0 0 4.5e-05 0 2.5e-05 5.5e-05 0.00499 0 0 3e-05 6e-05 0.000605 0 3.5e-05 0.00126 0 4.5e-05 6e-05 1.5e-05 0 0.000275 0 0.003755 3e-05 0.000315 0 0 0 0 3.5e-05 0.01357 0 3e-05 4e-05 0 0 0 0.001855 0 2.5e-05 0 0.01643 4.5e-05 0.000245 0 2e-05 3.5e-05 0.001365 0.01036 0 0 0.00249 0 0.001655 4e-05 3e-05 2e-05 2e-05 3e-05 3e-05 3.5e-05 0 0 0 2.5e-05 4e-05 0.003505 2.5e-05 1.5e-05 4.5e-05 0.00174 5e-05 5.5e-05 3e-05 0.00704 0 0.003465 0.00965 2.5e-05 0.0003 3.5e-05 5e-05 1e-05
0 0.00045 0.002135 0 0.002515 0.000395 7e-05 0 0 2e-05 0 0.004165 0 0 5e-05 5e-06 4e-05 5e-05 1e-05 0.006155 3e-05 4.5e-05 0.002425 0.00025 0 0 4.5e-05 0 0.00096 1e-05 0.006315 0.00167 0.0047 2e-05 9.5e-05 0 2e-05 0 0.00013 0.000375 0 0.007935 0.002695 2e-05 0 0.00404 0.00198 3.5e-05 0 0.0075 0 0.006255 0 0.0069 0 3.5e-05 0 1.5e-05 3e-05 0.00052 0 5e-05 2e-05 0.00042 0 0.00226 0.009355 3.5e-05 0 0.01016 0.00181 0 0.004355 2.5e-05 0.00185 0.00529 5e-06 1e-05 0.000345 0 0.00072 0 0.006335 0 0 1e-05 0.00423 0.00188 0 2.5e-05 0 2e-05 0 0.00364 2.5e-05 0.00441 0 0.01122 0 0.009
0 1.5e-05 0 0.00903 0.004005 3.5e-05 2.5e-05 3e-05 0 0 3e-05 3.5e-05 0 3.5e-05 0 3.5e-05 2.5e-05 0.000525 4e-05 4.5e-05 3e-05 6.5e-05 0 2.5e-05 0.00166 5e-05 0 2e-05 4e-05 2e-05 0.000315 5e-06 0 0 0 0.00471 0 0.006925 0 0 7e-05 1e-05 3e-05 0 0.00451 0.007815 0.00952 3e-05 4e-05 0.00539 0 0.00862 0.00565 0.008885 0.00283 0 3e-05 0 1e-05 0.00193 0 0 9.5e-05 0 4e-05 0 0.00791 2e-05 0 0.01296 0 0.004615 6e-05 0 0 0.001765 4.5e-05 0.003705 0.009275 0 0 0.00091 0 0.000255 0.00687 1.5e-05 0.002035 5e-06 0 3.5e-05 0.008055 3e-05 0.00022 0 2.5e-05 0.002225 2.5e-05 0 1e-05 0.008335
2.5e-05 0 0 0 3e-05 4e-05 0.014785 5e-05 0.01534 0 2e-05 2e-05 6e-05 4.5e-05 4e-05 0.012415 0 0.00275 0 3.5e-05 3.5e-05 0 0.00807 4.5e-05 3.5e-05 0 3e-05 1.5e-05 0 1e-05 0.000805 0.003125 6e-05 3e-05 2e-05 0.00028 0.000405 0.005565 3e-05 0 1e-05 0 0 0 0 0.00109 0.00033 0.00955 0.00113 0 5.5e-05 3.5e-05 0.0034 0.00126 0 2.5e-05 0 0 0.017255 5e-05 2.5e-05 2.5e-05 0 3e-05 3e-05 0.00038 0 0.00036 3e-05 0 0.00326 5e-05 2.5e-05 0 3e-05 0 0 4e-05 0 4e-05 0 2e-05 0 0.00145 0.018365 0 0.002215 0.00785 4e-05 0 5e-05 3.5e-05 0 2e-05 0 5.5e-05 0 0.00056 0 4e-05
1e-05 0.004525 0 0.005905 0.00123 0.00036 2e-05 5.5e-05 0.00076 2.5e-05 6e-05 4.5e-05 0 4e-05 0 0.012945 0.0128 0.000105 3e-05 3.5e-05 0 3e-05 0.011795 0.00107 0.000335 0.00058 4e-05 0.006685 0 6e-05 7.5e-05 0.00083 0.008235 0 0 0 0.00344 0 0.002355 0.00018 0 0 0 0 0.00013 0 0 0.0101 0 4e-05 0 8e-05 0.009915 4e-05 0 1e-05 2.5e-05 3e-05 0.001075 2.5e-05 0 4e-05 0.002075 1.5e-05 2e-05 0.01379 0 3.5e-05 1e-05 0.009385 0.00901 0 0 0 0 0 2e-05 0 0.00218 0 0 0 0.009475 0 0.00046 1e-05 0.000535 0.00409 2.5e-05 0 0.002115 0 0 3.5e-05 0 1e-05 0.004355 0 3e-05 0.000725
4e-05 0 0 0 0.00029 0 0 2e-05 0.01152 3e-05 3.5e-05 0 5e-05 0.006175 2e-05 0.01086 0.006195 0.006245 0 3e-05 6.5e-05 0 0.00028 0 1.5e-05 1e-05 0.00428 4.5e-05 1.5e-05 3e-05 0.00316 7.5e-05 2e-05 6e-05 2e-05 5e-05 5.5e-05 2.5e-05 1.5e-05 0 0 4.5e-05 1.5e-05 0 0.0078 0 1e-05 5e-05 0 0.003945 0 0.00033 0 2.5e-05 2e-05 0.010005 0 0 0.000195 3.5e-05 0 0 0 0 0 0 0 4.5e-05 0.005575 0 0 0 2.5e-05 0.001215 0.006745 0.01011 0.01198 5e-05 0 4e-05 5e-05 0 0.008715 3e-05 0.01478 0 0.00285 4e-05 5e-05 0.00372 0 0 4.5e-05 4e-05 1.5e-05 5e-05 5e-05 3e-05 0.0052 0.004055
3e-05 0.01271 0.007615 0.00063 4.5e-05 0 0.001105 2.5e-05 2.5e-05 5e-05 0.009315 0.00685 5e-05 0 0 2.5e-05 0.001295 3.5e-05 4e-05 4e-05 0 4e-05 0.00029 0 5e-06 0 4e-05 0.000155 0.011115 0 0.002315 0 0.00649 0 0 0.00263 0 0 0 0 0.000275 0 0 3e-05 0.000595 5.5e-05 0.00243 0 1e-05 0 0 5e-05 0.00643 0.0114 0.00553 4e-05 4.5e-05 2e-05 0 4e-05 3.5e-05 4e-05 5.5e-05 0.010465 0 3e-05 3.5e-05 0 4e-05 0.0001 0.007265 0 0.00252 0.002165 0 2e-05 2.5e-05 0.000395 0 0 0 0 0 0.002285 5.5e-05 0 2e-05 0.00369 2e-05 4.5e-05 4e-05 0.000375 0 0.00085 0.001515 0 0 0.00548 2.5e-05 0
4.5e-05 0.000195 0.000525 0.010355 0 0 2.5e-05 0.00443 3e-05 0.0029 0.00035 0.004965 0.00244 5.5e-05 0 0 4.5e-05 6e-05 7.5e-05 0 0.00649 0.001975 0 0.005145 0 0 5e-06 0.001195 0.01029 0 0 3e-05 0.005495 5e-05 0.004895 0.002915 4e-05 6.5e-05 0.005445 0.00076 0.00581 0 0.008405 0 0 0.0006 1e-05 2e-05 3.5e-05 0 0 0.001935 6.5e-05 0.002455 0 0 5.5e-05 3e-05 3e-05 0.0003 0 0.002595 0 0.01146 0 0 0.000775 0 0 8.5e-05 0.004975 1e-05 0.00019 0 0.00075 4.5e-05 0 0 0 0 0.00509 2.5e-05 1.5e-05 0 2.5e-05 0.00693 5.5e-05 0.00414 0.003035 3.5e-05 0.002245 0 2.5e-05 0.00842 0 5.5e-05 0 0 1.5e-05 0.001365
0 0 0.00517 0.00172 0 4e-05 0.005465 0 1e-05 0.00047 0.002495 0.015315 0 2.5e-05 0.000315 0 0.013675 3e-05 0 5e-06 0 0 0.002245 0 6.5e-05 0.00189 0 0.000745 0.00066 0 0.001215 0.00071 0.000155 0 0.00376 0.004605 0 0 5.5e-05 0.000885 0 0 0 0.000695 1.5e-05 3e-05 4.5e-05 3.5e-05 0 4e-05 3.5e-05 3.5e-05 0.00939 0.00796 0.00032 0.00016 3.5e-05 2e-05 0.01232 0 4e-05 0 0.00549 0.003135 0.000205 0 0 3e-05 0 0 0 4e-05 3e-05 2.5e-05 0 3.5e-05 6.5e-05 4e-05 0 0 0 1.5e-05 0.001795 0.001145 0 0 0 0.003175 5e-05 3.5e-05 1e-05 0.000755 0 0 0.003615 0.00441 3e-05 0.00327 1e-05 5.5e-05
0.001585 0 0.002435 0.000655 0.000655 0 0 0 3.5e-05 3.5e-05 5.5e-05 0 0.00318 0.01055 0 0.000205 0.003155 0 0 0.011245 0.00269 0 3e-05 0 0.00632 0.00082 5e-05 0.0001 5e-06 3e-05 3e-05 0.01069 0 0.01203 0 0 1.5e-05 0 0.00163 0.004365 0.004785 0 5.5e-05 0.00047 0 7e-05 3.5e-05 3e-05 0.003025 0.000805 4e-05 0.00026 0 4.5e-05 0.004145 0 0.00601 0.001995 4.5e-05 0 0 0.000245 5e-05 4.5e-05 3e-05 2.5e-05 0 3.5e-05 0.01124 3.5e-05 0.00203 0 0 0 5e-05 0 0 2e-05 0 0.002385 0.004365 0 0.007145 0 4e-05 4.5e-05 0 4e-05 5.5e-05 0 0.00438 3e-05 0.000225 3e-05 0 0 0.010045 7e-05 4.5e-05 0
0 5e-05 2.5e-05 0 0.00667 0 0.004625 0 0.013095 2e-05 4e-05 3.5e-05 0 0 4.5e-05 0.00315 7.5e-05 0 3e-05 0 3e-05 0 0.000185 0 8e-05 0 4.5e-05 4e-05 4e-05 1.5e-05 9e-05 0 0 3.5e-05 1.5e-05 2.5e-05 0 0.000205 0 2e-05 0.00011 0 6.5e-05 6e-05 9e-05 0.001645 0 0.00265 0.01178 2.5e-05 0 0.00086 0.000165 2.5e-05 0.00412 4.5e-05 0 1.5e-05 0 0.000215 0 0.005395 0 0 0 0 0.01139 0 0.002165 0 0.008745 0 2e-05 0.000305 3.5e-05 0 0.00389 2.5e-05 0 0.00941 0 0.00353 3e-05 0.00684 0.009285 3e-05 0.000815 0.004125 0 2e-05 1.5e-05 4e-05 0.01231 3e-05 0 0 0.00719 2.5e-05 2e-05 0.006205
0 0.006245 4e-05 0.00303 0 0 0 3.5e-05 4.5e-05 0 3.5e-05 0 2e-05 0.00018 0 0.001325 0 3.5e-05 2.5e-05 0 0.01219 0.00984 0 0.010235 0.0007 4e-05 0 5e-06 0 0 0 4.5e-05 0 3.5e-05 0.00036 0 0.00301 0.00141 0.002065 0.01217 0.015935 2e-05 2.5e-05 0 2.5e-05 4.5e-05 0 2.5e-05 0.003045 0 0 0.02349 0.00491 0 0.003105 0 2e-05 4e-05 2e-05 4e-05 0 0 0.00447 1e-05 4e-05 0.00572 0 0 4e-05 0 2.5e-05 2.5e-05 3.5e-05 0 4e-05 2.5e-05 2.5e-05 0 0 1.5e-05 0 0 2e-05 4e-05 0 3e-05 0.000605 0.00128 0 0.005685 0.0177 2.5e-05 6e-05 0.000635 4.5e-05 0.00276 5e-06 3e-05 0 0.002475
5.5e-05 0 2e-05 0 0 0 6e-05 2.5e-05 0.001595 0 0 0 0.00059 2e-05 0.000635 0.00059 3e-05 0 3.5e-05 0.003145 0 2e-05 0 1.5e-05 4e-05 0.003725 0 5.5e-05 0 3.5e-05 0.00257 7.5e-05 0.00378 0.00173 2.5e-05 0.002315 0 0 0 0 4e-05 0 3.5e-05 0.004605 3.5e-05 0.00888 0.00185 0.00287 0 0.007245 0 4e-05 0.009605 0.00092 0.00018 0 0.00212 5.5e-05 0.00361 0.001605 0 3.5e-05 0 0 2e-05 0.00195 9e-05 3.5e-05 0 0 0 4e-05 0.00709 6e-05 0.005605 0.007065 5.5e-05 0.012845 0 0 0.002695 0.00525 0.00462 1.5e-05 0.01305 0.00175 0.00893 4e-05 9e-05 1.5e-05 0 0.006315 0.00961 0 0 0 2e-05 0 7.5e-05 0
0.003655 8.5e-05 1.5e-05 0 2.5e-05 4e-05 0.00201 2.5e-05 0.00995 5.5e-05 2.5e-05 5e-06 0 0.005455 0 3e-05 0.000425 0.000255 0 4e-05 0 4e-05 2.5e-05 0 0.018515 0.001395 0.00025 3.5e-05 3.5e-05 2.5e-05 0.001015 3.5e-05 0 4e-05 2e-05 2.5e-05 0.00418 0 0 0 0 0.002885 0 0.001295 0.00181 3.5e-05 0 0.016005 0 3.5e-05 5.5e-05 3e-05 0.004105 3e-05 0 1.5e-05 1e-05 6e-05 0 0.006295 0.00163 0 0.000845 0 3.5e-05 3.5e-05 0 0.00199 0 3e-05 1.5e-05 0.01331 4e-05 0.00042 1e-05 3.5e-05 4e-05 7e-05 4e-05 0 9.5e-05 2e-05 0 0 5e-05 0 2e-05 0 0 4.5e-05 0.002315 4e-05 3.5e-05 0 0 0.002165 0 3e-05 0 0.00124
0.01386 4.5e-05 3.5e-05 0 4e-05 3e-05 1.5e-05 0.003625 0.006 0.011305 0 4.5e-05 3e-05 0.00591 0 2e-05 0.000155 0 0 1.5e-05 3e-05 0 5.5e-05 4e-05 1e-05 0.002895 0 4e-05 4.5e-05 0.002045 0 4e-05 4e-05 0 4e-05 0 0.014715 3.5e-05 4e-05 2e-05 4e-05 0 0 0 0 3e-05 0 2.5e-05 0 0 0.00569 3e-05 0.004245 3.5e-05 0 0.007925 0 0 0.00019 0 3e-05 3e-05 1e-05 3.5e-05 4e-05 5.5e-05 0 0.0004 0 2e-05 3e-05 0 0 0 0 0 0.00527 0 3.5e-05 3e-05 4e-05 5e-05 0 0 6e-05 0.00418 6e-05 2e-05 0 0.00829 6e-05 0 4e-05 5.5e-05 5e-06 0.003385 0 0 0.00597 0
0 0 0.001405 0.007035 0.000235 0.00019 2e-05 1.5e-05 2.5e-05 0.001165 0 0.00627 0 0 3e-05 0 0 0 0 0.00052 0.001215 3e-05 0.000135 0 0.011645 0 0.001155 0.00018 4e-05 4e-05 0.003365 0.005355 0.00652 0.00474 0 3.5e-05 0 0 0.000155 1.5e-05 6e-05 0.00897 0.004205 3.5e-05 4e-05 2.5e-05 0.00074 3.5e-05 0 0.001695 0.00168 0.000115 1.5e-05 0.00278 0 0.00738 4.5e-05 0.001365 5e-05 0 1.5e-05 0.00394 0.000215 0.000535 2e-05 0 0 2.5e-05 3e-05 0 0 5e-05 0.00263 4.5e-05 0 0.001955 0 3.5e-05 0 0 0 0.00826 0 0 0.000485 0 0 0 2e-05 0.00782 0.007815 3e-05 0 0 3e-05 0.002835 0 0 4e-05 0.00948
3e-05 0.001125 0 0 0 0.0001 2.5e-05 0 0 0.000195 0.001915 0 3.5e-05 0 0 3e-05 0.00138 3.5e-05 5e-05 0.0056 0.00401 0.000135 0 0.000295 0.003355 0 0.000515 0 0.008745 4.5e-05 0.00399 5.5e-05 0.01294 4e-05 0 0.00439 0 0.00087 0 2e-05 0.008285 0.01254 0.004175 3e-05 6.5e-05 0 6.5e-05 0.001575 3e-05 0.002495 2.5e-05 0 0.002535 0.002085 0 0 0 0 0.00018 0 0 0.00067 0.000395 0 5e-05 0.00036 0.001665 0 2e-05 0.007395 7.5e-05 3e-05 0 2.5e-05 0.00519 4e-05 4.5e-05 0.00042 0 0.003165 0.003995 0.00198 2e-05 0.00028 3e-05 0 2.5e-05 0 0 0.001605 0.005435 0 0 0 0 0.00856 2.5e-05 0 2e-05 0.00022
0 0.004495 0 0 0 0 5e-05 0.004945 7e-05 3e-05 0.00261 0.0002 0 0.0113 7.5e-05 3e-05 3.5e-05 0 0.00134 0.009525 0.00413 0 3.5e-05 0.004515 0 0.009735 0.001975 4.5e-05 0.00883 0 5e-06 0 0.001905 0 0 2.5e-05 0 3.5e-05 0.00029 0.004665 4.5e-05 0.0025 0 0 2e-05 0 2e-05 4e-05 0.001155 1.5e-05 3.5e-05 2.5e-05 0 0 0.001705 0.003455 4e-05 0 0 1e-05 0 0.01039 2e-05 2.5e-05 0.00013 0 2e-05 0.00217 0.00789 4.5e-05 1.5e-05 0.00021 0.0004 1.5e-05 5.5e-05 3.5e-05 0 3e-05 0 0 0.01426 0.00778 5e-06 3e-05 4e-05 0 0 0 0 3.5e-05 2.5e-05 0 5e-06 5e-05 7.5e-05 2.5e-05 0 0 0.00634 2e-05
9.5e-05 0.00043 0 0.000155 0.001515 0 0 0.00067 5e-05 0.002745 5e-05 0.007705 0.01246 0 4e-05 0 0 0 0.01129 0 0 0 2e-05 2.5e-05 0.00089 0.00172 0.00575 0.00518 0.0092 0 5e-05 0.00331 0.008955 0.01201 2.5e-05 3.5e-05 3.5e-05 3e-05 0 0.002125 4e-05 0 0.00078 0.01219 6.5e-05 5.5e-05 5.5e-05 4.5e-05 2.5e-05 4e-05 3e-05 0 0 0 0 0.000225 0.000305 0 0 0 0 0.00815 0.001465 5.5e-05 0.00795 1.5e-05 0 2.5e-05 0.000975 0 2.5e-05 0.000125 0 0 0 0 0.00011 3.5e-05 0 0 0.00993 0.00484 3.5e-05 5e-05 0 0.000195 0 4e-05 0.0001 0.00471 0 0 4e-05 3.5e-05 0.002675 0.002355 0.00244 0.000205 2.5e-05 5e-05
0.00322 0.00791 0 7e-05 0.001675 0 0.0108 0 0 2e-05 1.5e-05 2.5e-05 0.009205 0.007075 3e-05 0 0.001965 5e-05 0.010505 0.00661 0 0 0 0 0 4e-05 4.5e-05 3.5e-05 0.00023 0 5e-05 0.006895 3e-05 0 2e-05 2e-05 1e-05 4e-05 0 0.001425 0 0 0 0.006925 0 0.003855 0 0.007445 0.01148 2.5e-05 4.5e-05 1e-05 1e-05 3e-05 0 0.001315 0 2.5e-05 0.001235 0 0.01533 0 0 2.5e-05 9.5e-05 0 0.000365 3e-05 0.00054 3.5e-05 0.006505 3e-05 5e-05 0 3e-05 3e-05 0.0028 5.5e-05 3e-05 0 5e-05 0.005495 3.5e-05 4e-05 2.5e-05 2.5e-05 0 0 0.000515 0 3.5e-05 0 3e-05 5e-06 0.00942 2e-05 0.002485 0 0 0
2.5e-05 0.000145 0 0 3e-05 0 0 0 0.001055 5e-05 0.00051 5e-05 3e-05 0 0 0 2.5e-05 3e-05 0 0.006555 0.003165 0 0.003675 0 0 0.000875 2e-05 4e-05 0.00452 0.00612 3e-05 0.005395 3e-05 2.5e-05 5e-05 0 0 0.000515 0.000185 0.010125 0.00472 0.002635 2e-05 2.5e-05 4.5e-05 0.01149 3.5e-05 0 0 0 4.5e-05 5.5e-05 0.00097 1.5e-05 0 0 0.00537 4.5e-05 3.5e-05 4e-05 0.00815 8e-05 0 0.000285 0 0.00539 0.008315 6e-05 0.000255 0 0 1e-05 2.5e-05 3e-05 4.5e-05 0 5e-05 0 0.001725 0.00857 0.00086 0.00441 0 0.00942 3.5e-05 4.5e-05 0.000105 0 0.000785 0 5e-05 0 0.01144 0.00267 0 0 0.00985 0.006245 1.5e-05 0
2.5e-05 0 2.5e-05 4.5e-05 0 0 0.010815 4.5e-05 9.5e-05 0 4.5e-05 2e-05 0 5e-05 0.000135 0 0 0 2e-05 0 4e-05 3.5e-05 0.001635 0.000595 0 0 0 7e-05 3.5e-05 0.01133 0 0 0 4e-05 0 0 6e-05 0 0 0 0.00188 0 3e-05 1.5e-05 0.000795 0.01367 6e-05 0 0.01115 4e-05 0 0 0.00746 5e-06 0.008915 6e-05 0.008075 1.5e-05 0.00574 4e-05 0.009275 4e-05 0 3e-05 4e-05 0.013315 0.00673 2e-05 0 0.000135 0 4.5e-05 3.5e-05 0.000685 4.5e-05 0.00171 2.5e-05 0 0.006855 0.00427 2e-05 1.5e-05 0 0.00016 5.5e-05 0 0.00047 0.00335 0.00095 0 0 4e-05 0.00514 5e-05 0 0 0.00012 0 5e-05 0.000205
3e-05 4e-05 0 0 0.008305 2e-05 4.5e-05 3.5e-05 0.00074 0 0 0 3e-05 3.5e-05 2e-05 3.5e-05 3.5e-05 2.5e-05 0.000255 0.00054 0 3e-05 0.000405 0.0031 0 0 3.5e-05 0 4e-05 0.000325 0 0.00097 2.5e-05 0.00202 0 0 0 5.5e-05 0 0 0.002955 4.5e-05 0 0 3.5e-05 0.013725 0 1.5e-05 0 0.00689 0 0 2.5e-05 2.5e-05 0.000135 4e-05 0 0 1e-05 0.017875 0 4e-05 0 2.5e-05 0 2.5e-05 0 0 0 0.00361 0.00673 0.01357 0.001445 0.00575 0 0.00424 0 0.00164 0 0.01264 0.00073 0 2e-05 0.00627 0 0 0 0.00301 4.5e-05 0 0 3.5e-05 8e-05 3e-05 5e-05 3e-05 0 0.000475 4.5e-05 0.003805
0 0 2.5e-05 2.5e-05 8.5e-05 5e-06 4e-05 1e-05 0 0 1.5e-05 2e-05 0 0 3e-05 2e-05 0 0.00966 0 1.5e-05 0.00037 0 3.5e-05 5e-05 9.5e-05 2.5e-05 0.00048 0 3e-05 3e-05 0.003945 3.5e-05 2.5e-05 0 0.001865 5.5e-05 6.5e-05 0 0 5.5e-05 0 3e-05 5e-05 3.5e-05 0.005965 0 0.009295 4.5e-05 0.00108 0.00244 0.00162 0.00064 0 0 5.5e-05 1e-05 0.005865 0.00755 0 0 0 0 0.002405 0 5.5e-05 0 0 0.00417 6.5e-05 0 3.5e-05 7.5e-05 0 0 0.00042 0.00032 0.01203 0 0 0.005835 4e-05 0.00607 0.00049 0 0.00831 0 0 3.5e-05 1e-05 0 0.00407 4e-05 5e-05 1.5e-05 5e-05 0 0 1.5e-05 0.00219 0
4e-05 0.00627 0.000735 3e-05 4.5e-05 4.5e-05 0.016205 0 0 5e-05 5e-05 0 0 5e-05 0.003855 0 0 2e-05 7.5e-05 2.5e-05 0 2e-05 0 0 5.5e-05 0.006065 0 3.5e-05 0.000525 6e-05 0.00518 0.00036 0 2.5e-05 0 0.004115 5.5e-05 0.01017 1.5e-05 0.000995 0.00241 0 2.5e-05 2e-05 0.00376 0 3e-05 0 0 2.5e-05 0 2e-05 0.000285 0 0.002655 0 0 1.5e-05 0 0 0.00129 0 1.5e-05 0 4.5e-05 0 6.5e-05 0 0.003145 3.5e-05 0 0 1.5e-05 7.5e-05 2e-05 0 2.5e-05 4e-05 0 3e-05 3.5e-05 4.5e-05 5e-05 0 0 4e-05 0.00853 0.000845 0.010765 4e-05 3.5e-05 0.000695 0 0.000245 0.000445 4.5e-05 0.0051 0 0 5.5e-05
0 6e-05 2e-05 0 0.00044 0.00751 6e-05 3.5e-05 0.000855 2.5e-05 0 2.5e-05 0.005435 0.000355 0 0 0.00062 0.00496 0.00351 0 3e-05 0 0.002535 0 0.0002 0.002105 5e-05 0 0 0 4.5e-05 0.009635 0 0.010525 4e-05 0 0.001505 0 0 0 0.00644 2e-05 0.0008 0 4.5e-05 5.5e-05 2e-05 6e-05 0.002755 0.00046 3.5e-05 0.010615 2.5e-05 6e-05 0.00377 3e-05 0.00454 0.001805 3.5e-05 0 0.00367 0.01045 2.5e-05 0 4.5e-05 0.000165 0 1.5e-05 0.007715 0 0.00212 0.004115 0 4.5e-05 0.000835 0.01008 0.003385 0 0.002725 0.00887 0 0.003615 0.000245 0 0 0 0 1.5e-05 4.5e-05 0 0.006835 2.5e-05 6.5e-05 5.5e-05 0 0 0.009165 0 0 0.00112
0.005485 3.5e-05 5e-05 2.5e-05 0.00163 4e-05 0 5e-05 0.017755 0 0 0 4.5e-05 0.001625 0 0.000915 1e-05 3e-05 0 0 4e-05 1.5e-05 0 0.00817 3.5e-05 0 1e-05 4.5e-05 0 0.013895 0.000375 0.004375 7e-05 0 2e-05 5e-06 2.5e-05 0 0.008155 0 5e-06 4e-05 0 3.5e-05 0.000855 0 3e-05 0.001345 0.00756 0 0 0.00894 0 1e-05 0.001535 0 0.00319 6e-05 0 0.004945 0 0.00186 4.5e-05 0 0 0.007 0 0.000335 0.00011 3e-05 0 0.0094 2.5e-05 0.00537 0 0.00473 0 4e-05 0.002085 9.5e-05 7e-05 5.5e-05 0 0 0.00199 1e-05 0 0.000495 0 3.5e-05 3.5e-05 0 0.01113 3e-05 4.5e-05 6e-05 0 1.5e-05 5.5e-05 0
3e-05 0 0.00023 0 0 2e-05 0 0 0 0 0.00184 0 4.5e-05 2.5e-05 0.01221 3.5e-05 4.5e-05 0 0 4e-05 0.001175 0 0.00155 0 3.5e-05 0 0 0 0.006975 4e-05 0.00541 4e-05 0.00171 2.5e-05 0 0.012505 0 0.002585 4e-05 2e-05 6e-05 4.5e-05 0 0 0.00043 0 0.008925 4.5e-05 0 0.0074 0.000525 0 3e-05 0 0.000355 5e-05 0 3.5e-05 3.5e-05 0 2e-05 0 0 0.00724 2e-05 4.5e-05 3e-05 0.000125 4.5e-05 0.001295 3.5e-05 0.003545 0 1e-05 0.000265 2e-05 0 0 0.00697 0.000185 0.003495 2.5e-05 3.5e-05 0.0091 4e-05 0.004915 6e-05 0.00491 0.000235 4e-05 0.004325 2.5e-05 0 2.5e-05 3e-05 6e-05 0 0.000855 0 3e-05
0 0.009665 0.0129 5e-05 0 0 0.00034 0.016955 0 0.00077 0.01093 0 4e-05 4e-05 0 0 0.00016 5e-05 2.5e-05 0 0 0 0 2e-05 0 0.002715 0.00407 3.5e-05 0.000295 0.00633 0.000605 0 0 0 0.000315 0.00946 2.5e-05 0.00508 2e-05 0.002365 0 0.005535 3.5e-05 0 0.00356 2.5e-05 4.5e-05 0.01304 0 0 2.5e-05 4.5e-05 0 0.00883 6e-05 1e-05 0 4.5e-05 0 6e-05 0 0 0.000755 0.00631 5e-05 7.5e-05 4e-05 0.000585 3.5e-05 0 0.000465 4.5e-05 2e-05 0 2.5e-05 0 0 0 3.5e-05 3e-05 0.00259 0 1.5e-05 0.00475 6e-05 0.00021 2e-05 0.008095 0.015235 0 5e-06 0 0 0.0042 0.006135 4e-05 0 5.5e-05 0 4.5e-05
4e-05 0 5e-05 0.000635 0 0.0027 2e-05 4e-05 5e-05 4.5e-05 3.5e-05 0.000415 0 0.00265 0 0.009495 0 0 0 0 5e-05 2.5e-05 0.00941 0 0.00022 0 0 0 3e-05 5e-05 4e-05 0 4e-05 0.004015 0.00334 3e-05 0.007155 1.5e-05 2.5e-05 9.5e-05 2.5e-05 0 5e-05 5e-05 3e-05 4e-05 0 0 1.5e-05 0.001695 0 0 0.000115 0.00117 3e-05 0 2.5e-05 0.003005 0.008795 4.5e-05 3.5e-05 0.00032 0 5e-05 0.003325 0 0 3e-05 0 0.00621 0.000295 1.5e-05 0 6e-05 0 0 2.5e-05 0 4e-05 0 0 0.003955 0.001025 2e-05 0.0031 0.00318 0 3e-05 3e-05 0.0143 0 4.5e-05 0.00122 4.5e-05 4e-05 2.5e-05 0 0.00935 0 0.001125
0 0 0 0 0.001745 0.00271 9e-05 3e-05 0.00022 5e-05 3.5e-05 0 0 0.00366 1.5e-05 0.005355 0.000485 0.00614 5.5e-05 0 4.5e-05 3e-05 0 2.5e-05 0.00741 0 0 3e-05 1.5e-05 0.00163 0.00338 7.5e-05 0.000565 0 2.5e-05 3.5e-05 0.00847 0 0.00198 0.00658 0 0 4e-05 5e-05 0 0 0 0 0.000315 2.5e-05 0.002485 0.00046 0 4e-05 2e-05 0.0019 3e-05 0.000365 0.01354 2e-05 2e-05 0 5e-06 3e-05 0 0 0.00024 5.5e-05 0.01023 4e-05 0 0 4.5e-05 0 2.5e-05 0.0001 0.003105 0 3.5e-05 3e-05 0 0.001245 0 2e-05 0.013785 2.5e-05 0.00094 0 0 0 9.5e-05 0 0.00813 1e-05 1e-05 4.5e-05 0.008675 0 5e-05 0.00113
0.015855 0 1.5e-05 0 3.5e-05 3e-05 0.00866 0.00039 0.001345 0.00035 3.5e-05 0 0.001685 0.0001 0 0.010155 0.010585 0.00035 3e-05 0 2.5e-05 0.002905 0 3e-05 2e-05 0.011245 0.003455 0 0 2e-05 5.5e-05 1.5e-05 0 0 2.5e-05 0 5.5e-05 5e-06 4e-05 1.5e-05 0 6.5e-05 2e-05 0 0.000865 0 0.00383 0.00395 2.5e-05 0 0 1.5e-05 0 5e-05 0 0.000595 2e-05 0.002305 0 2e-05 0 0 0 0 0 0 2e-05 0.012915 0.00303 0 3e-05 4e-05 5e-06 5e-05 0 1e-05 0.011315 4e-05 4e-05 0 4e-05 3e-05 0.00152 0 0 0 1e-05 3e-05 3e-05 0 3e-05 5e-05 3.5e-05 0 4e-05 3e-05 1e-05 0 0.002105 2.5e-05
0 0.00982 0.005315 0.001485 2.5e-05 4e-05 0 0.003755 4e-05 0 0 0 0.0006 1e-05 0 5e-05 0 4.5e-05 0 1.5e-05 0.00039 0 0 2e-05 0 0.00506 0.00594 0.00369 3.5e-05 0 1.5e-05 0 0.01634 2e-05 0.00451 0.006365 4.5e-05 0.001995 0 0.007025 0 0.001895 0.000375 0.00698 4e-05 0 4e-05 0.008445 2e-05 0 7e-05 3.5e-05 0.000895 0.000125 2.5e-05 9e-05 0 0 8e-05 0 0 4.5e-05 0.00571 0 0 5.5e-05 5.5e-05 5.5e-05 3.5e-05 0 3e-05 3.5e-05 0.003605 2.5e-05 0.0001 3.5e-05 4e-05 0.000755 0 5.5e-05 0.00655 0 1.5e-05 0.00052 5.5e-05 0.007565 0 0.000345 0 0.001045 3.5e-05 0 4.5e-05 0 0 0 0 0.002435 0.002035 2.5e-05
0.00185 5e-06 0.00775 6e-05 0.00034 0 2.5e-05 0 1.5e-05 0 0 0.000765 0 0.01251 3.5e-05 1e-05 3e-05 3.5e-05 0 0 5.5e-05 0 2.5e-05 1.5e-05 0 0 0.00373 0 0.006995 2e-05 4e-05 2.5e-05 0 0.00012 4e-05 3e-05 0 3e-05 0 0 1e-05 2e-05 0 0.015285 0 3e-05 0 3e-05 0.0034 2e-05 0 0.00091 0 4.5e-05 0 0.008245 5e-06 0 2.5e-05 0 0.005595 0.00765 3.5e-05 0 0.0006 5.5e-05 5e-05 5e-05 0 0 0 0.001535 0.00026 0 0.00337 4.5e-05 0.0074 0 6e-05 0.001455 0 0.0062 4e-05 5.5e-05 5e-05 0.006025 4e-05 4e-05 0.005045 2.5e-05 2.5e-05 0.000965 0 2.5e-05 0.009115 0 0 0 0.00118 0
0.009445 0 3.5e-05 0 4e-05 3e-05 0.000175 0.011515 0.00013 0 0.00557 3.5e-05 4.5e-05 0.000925 0 0 0.00726 3e-05 0 5e-06 0 3e-05 3.5e-05 0.00247 0 0.001525 3.5e-05 4e-05 0 4.5e-05 3.5e-05 3.5e-05 0 0 0 0.003345 0 0.003825 0 0.000135 3e-05 2.5e-05 4.5e-05 0 0.008945 0 3e-05 9e-05 2.5e-05 2.5e-05 3e-05 3e-05 0.011775 0 0 0 0.00187 0.004465 0 1.5e-05 0 0 3e-05 0 0 0.00036 3e-05 0 0.00608 3.5e-05 0 0 0 0 0 4e-05 0 1e-05 1e-05 1.5e-05 0 0 2.5e-05 0.00184 0.00873 2e-05 3.5e-05 0 0.014755 0 3e-05 5e-05 0.002285 2e-05 0.006375 2.5e-05 4.5e-05 3.5e-05 0.0084 3e-05
7e-05 1.5e-05 0 4e-05 0 5e-05 0 2.5e-05 0 3.5e-05 4.5e-05 0.004035 4e-05 1e-05 0 4e-05 0 0 3.5e-05 0.00774 0.000115 2e-05 0.009895 0 1.5e-05 3e-05 0 0.007885 3.5e-05 0 0.00058 0.00181 0 1.5e-05 0 3e-05 0.000985 0.00045 0.00805 0.001225 0.0107 0.008415 0.00033 0 7.5e-05 0 0.001325 0 5e-05 0 0.00238 0.00814 5.5e-05 0.0031 5e-06 0 0 0 2.5e-05 0 2.5e-05 0.006115 0.00056 2.5e-05 2.5e-05 0 0 6e-05 0 3.5e-05 0.00482 0.00304 0.00202 3e-05 0.00483 0.00208 4e-05 0 0 0.007235 3.5e-05 0 0.000345 3e-05 0.00025 2.5e-05 0.000155 0 3e-05 0 4e-05 1e-05 0.00056 3.5e-05 3.5e-05 0 0 0.003805 0 2e-05
0 0.001245 0.000405 0.010565 0 0.00433 4.5e-05 0 2.5e-05 5e-05 4.5e-05 0 0.002235 2e-05 2.5e-05 0 0 4e-05 0 0.001095 0 0.00173 0 4.5e-05 0.00498 1.5e-05 0 0.00019 0 2.5e-05 0.00035 0 0.00104 0.000835 0 5e-05 2e-05 0 0.00024 3e-05 0 0 0.00807 2.5e-05 0 0 4e-05 4.5e-05 0 0.00143 1e-05 0 5.5e-05 0 0 5.5e-05 0.001805 0 0 3.5e-05 0 0.01051 4e-05 0.005235 0 3e-05 0.000515 2.5e-05 2e-05 0.00556 0.005035 0.009625 0.0081 4e-05 0.000265 0.004025 5e-05 5.5e-05 0 0.002335 0.00548 0 0.005115 0 1.5e-05 0.00379 0.000155 0.00027 1e-05 1.5e-05 0 0 0.00339 0 0.000925 0 5e-06 1.5e-05 4e-05 0
0 3.5e-05 4e-05 0 0.00188 2e-05 0 3.5e-05 0 0 4e-05 0 2e-05 0 0 0.0002 5e-05 8.5e-05 4e-05 0 1.5e-05 5.5e-05 0.00119 0.004365 3e-05 0 6e-05 5e-06 2.5e-05 0.009785 0 0.000225 2.5e-05 0 0 0.003635 1e-05 0.006625 0 0 3.5e-05 4e-05 6e-05 2e-05 0 0.00019 0.00126 3e-05 0 0 0.014985 3e-05 0 0 0 1.5e-05 0.00605 3.5e-05 0.009615 0.00719 0 4e-05 3e-05 2e-05 0 0.013105 5.5e-05 0.00092 5e-05 0.00245 0.00282 1.5e-05 0 0 0 0.00551 0.007205 0.00203 0 0 7e-05 3.5e-05 4e-05 0 4.5e-05 0 0 0.005475 4e-05 1.5e-05 3e-05 3e-05 0.007 2e-05 0 2e-05 0 0 2e-05 0.001595
0.0162 2e-05 0 5.5e-05 0 0.00237 0.00245 1.5e-05 0 3e-05 6e-05 5.5e-05 0.002275 0.00024 2e-05 0 3e-05 7.5e-05 0 0 0 0 0 2.5e-05 3e-05 0.007555 0.00016 0 3.5e-05 0.00045 0 0.006505 5.5e-05 6.5e-05 0 3e-05 0.009275 5e-05 0 0 0 3.5e-05 8e-05 0.002245 0.0013 4.5e-05 0 3e-05 0.00593 0.00222 0.002795 0.008725 6.5e-05 2.5e-05 5.5e-05 0.000575 0 0.012475 4.5e-05 0 0.006685 0.002935 0.00325 0 0.009435 4.5e-05 0 0 0 2.5e-05 0 0.00633 4.5e-05 0.000225 0.00043 0 0.000495 0 0 0 0 2.5e-05 0 2e-05 0 3.5e-05 0 0 0 0.00321 0.001345 5.5e-05 0.003045 0 3e-05 0 0.004615 0 0.00921 0.00241
4e-05 0.00292 0.000555 0 5e-06 5e-05 0.004595 0.00064 0 3.5e-05 0.007905 0 4.5e-05 3.5e-05 0 0.0018 0 3e-05 4e-05 0 4e-05 4e-05 0 0 4e-05 0 3e-05 0 0.011965 0.012435 0.00159 4e-05 0.006065 1.5e-05 0 0.000215 3e-05 0 0 0 0 0.004505 2.5e-05 0 6e-05 0 0 7e-05 4.5e-05 0 1.5e-05 3.5e-05 0 0.004875 0.00017 0 4.5e-05 2.5e-05 0.00947 7.5e-05 4.5e-05 4e-05 2e-05 0.00256 0 2.5e-05 0 3.5e-05 0 5e-05 0.00155 1.5e-05 1.5e-05 0 0 3.5e-05 0 0.000415 0.00211 4.5e-05 0.003985 2.5e-05 0 0 3e-05 3e-05 3.5e-05 0 0 3.5e-05 3e-05 0 0.003615 0.00045 0.00782 0 0.00145 0 4.5e-05 0
0 0.002485 3.5e-05 3.5e-05 0 2e-05 0.01664 0 0 7e-05 4e-05 0 0.0017 0.003185 2.5e-05 0.000855 4e-05 4e-05 0.003 3.5e-05 5.5e-05 4.5e-05 4.5e-05 0.014 2.5e-05 0 0 1e-05 3e-05 0 4.5e-05 0.00418 4e-05 0 3.5e-05 3.5e-05 2.5e-05 3e-05 4e-05 0.000895 2.5e-05 0 2e-05 0.002695 1e-05 0 1.5e-05 0.01278 0.01974 4.5e-05 0 2e-05 0.001615 0 0.000225 0 0 0 0.005205 0.00182 0.018075 0.002205 2.5e-05 2.5e-05 0.00014 0.00811 0 0 0 4e-05 0.00197 0 3e-05 0.000445 0 0 0 0 4e-05 3.5e-05 3.5e-05 0 0 1e-05 0 5e-06 0 3e-05 0 4e-05 4e-05 5e-06 0 0 0.0029 2e-05 0 2e-05 6e-05 4e-05
0 5e-05 0 4e-05 0 0 4e-05 0.00829 5e-05 0.007315 0.001175 0.011715 3.5e-05 0.00022 0 0 0.00306 3.5e-05 0.0054 0 0.00477 0 3e-05 6e-05 2.5e-05 0.008285 0 0.003915 0.00038 5e-05 3e-05 2e-05 0.001435 0.005 0 0 0.002645 5.5e-05 1.5e-05 0.003235 0 0.0021 0.00016 0 3e-05 4e-05 3e-05 0 3e-05 3.5e-05 0 3e-05 1.5e-05 3e-05 2.5e-05 0.01215 0 0.008905 0.00038 0 5.5e-05 0 6.5e-05 0.00155 0 0 0 0.002045 0 0 0 0 0.00395 3e-05 5.5e-05 0 0.00073 2e-05 3e-05 0 0.006325 0.000735 0.004775 4.5e-05 3.5e-05 0.01007 4e-05 3e-05 3.5e-05 0 0.00088 0 0 0.000215 0 0.00018 4e-05 3e-05 0 0
4e-05 4e-05 0 0.00181 0.006675 0 0 4.5e-05 0 0.001415 5e-05 3e-05 0 0 0 0.00735 0 0 0 0 4e-05 0.00199 0.00013 5e-05 0.005475 0 0 0 4e-05 2.5e-05 0.013455 3.5e-05 6e-05 3.5e-05 5e-05 0.00082 0.012155 0.004435 3.5e-05 0 0.002495 2e-05 1.5e-05 0 0.00013 0 0.002965 6.5e-05 0 0.00016 0.009325 0.01028 0.006295 0 0 4.5e-05 0 0.0026 0 0 4e-05 4e-05 0 1.5e-05 4e-05 0 0.00366 0.00027 2e-05 0.002665 5.5e-05 0 2e-05 0.007955 0.00255 0.00098 0.00259 0.002105 0 2e-05 0 0 0.00527 0.00235 0.00124 3e-05 0 0.004935 0 0.003785 0.008555 5e-05 0 0 4.5e-05 0 4.5e-05 5e-05 0 0
0 2.5e-05 0.00227 0.00779 0 0 5e-05 2.5e-05 0 0.00087 3.5e-05 0.005185 0.00122 0.00263 0 2.5e-05 0.001085 8e-05 0.00134 0.00183 0 0 0.003965 0 0.011085 0 0.00103 0.00621 0 5e-05 0.00138 0 0.00017 0.005955 0.006195 2.5e-05 0.000725 4.5e-05 0 3.5e-05 5e-06 0.008395 2e-05 3e-05 4e-05 0 4.5e-05 0 3e-05 0 3e-05 0 6e-05 5e-05 0 0.00585 0 1e-05 0 9e-05 2.5e-05 0 0.002335 0.00222 0 0 0.002145 0 3e-05 0.00664 0.001625 0.000225 0 2.5e-05 0.000185 0.002435 0 4.5e-05 0.00458 0 2e-05 0.000135 4e-05 0 2e-05 0 0.00015 2e-05 3.5e-05 0.00701 0.000555 5e-05 0.00093 0 6.5e-05 0.001635 0 0.009095 2e-05 0
0 0 0 3.5e-05 0.00265 4.5e-05 1e-05 0 0.000465 0 1e-05 0 5e-05 0 0.009215 2e-05 3e-05 0.004165 1.5e-05 0 0.002605 0.00788 2.5e-05 1.5e-05 2e-05 0 0 4.5e-05 0 0.004605 0.00231 1.5e-05 6.5e-05 1.5e-05 1e-05 0.005085 0.000455 2e-05 0.00121 0 4.5e-05 0 3e-05 5e-05 0 0.0082 0.009885 3.5e-05 0.00721 0.010235 0.0003 0 0 5e-05 0 0 0 0 3e-05 0.016625 0.00317 0 3.5e-05 9e-05 0 0 0 0.01423 0 4.5e-05 0 0 0.004465 0.02001 3e-05 6e-05 0 0 0 0.00178 2.5e-05 5e-05 2e-05 0.004375 0 4.5e-05 0.00238 0 3.5e-05 1e-05 0.001355 0 4.5e-05 2e-05 0 0.000525 0 2.5e-05 0.001405 0
0.008635 3.5e-05 2.5e-05 0 0.000205 0 3.5e-05 3e-05 0 0.00029 0 1.5e-05 2e-05 0 3e-05 0 0 3e-05 0 4.5e-05 3e-05 0.001555 0.002935 4e-05 0.00432 0.00095 0 0.000335 0 3.5e-05 0 0.005325 4.5e-05 0.00308 0.00108 5e-05 0.014085 5e-05 1.5e-05 0 0 0 3.5e-05 3.5e-05 0 2.5e-05 0.00062 3.5e-05 5.5e-05 0.007785 0.010095 0.00184 0.00062 1e-05 0 0 5e-06 0.01173 0.005665 0 5e-05 0 0 3e-05 0.004345 0.00466 3.5e-05 0.000265 0.00139 0.005345 3e-05 0.000365 3e-05 0 0.002935 0.000135 0 7e-05 3e-05 0 0 3.5e-05 0 3.5e-05 0 0 0 4.5e-05 3.5e-05 0 0.008435 0 4e-05 0 1e-05 4.5e-05 0 0 0 0
2e-05 2e-05 5e-06 0 0 3e-05 4e-05 0 0 2.5e-05 0.00465 2e-05 0 0.001375 3.5e-05 5.5e-05 3e-05 1.5e-05 2.5e-05 0 0 3e-05 0 0.00902 5.5e-05 3e-05 2.5e-05 5e-05 5e-06 0 3.5e-05 3e-05 3e-05 0.00102 0 4.5e-05 0 0 0 0 6.5e-05 0 0.00234 0.000405 0 0.000635 3.5e-05 0 0.000135 0 0 0.00856 4.5e-05 0 0.010675 5.5e-05 2.5e-05 4.5e-05 3.5e-05 0 0 0.00209 0 0.003305 0 3e-05 0.010825 0 3.5e-05 1.5e-05 0.006235 0.0064 0 0.00553 2e-05 3e-05 0 0 0 0 0 0.008915 0 0.000185 0 1.5e-05 5e-06 0.002035 0.00169 2.5e-05 3.5e-05 0.00073 0.007185 0.000735 0.00892 2e-05 0.00452 4e-05 4e-05 0.000585
0 0 0 0.000135 0 0 2.5e-05 0.003775 0 0.002625 4e-05 0.00049 1.5e-05 0.007445 3e-05 2.5e-05 0.004455 0 0.005705 0.00724 0 0.004875 5e-05 6e-05 0 0.003745 0.00132 0.00015 0 2.5e-05 3.5e-05 0.00062 0.000885 0.00896 0 2.5e-05 0.000275 3.5e-05 0 0.00116 0 0 2e-05 0.0082 1.5e-05 0 2e-05 0 1.5e-05 0.00351 2.5e-05 0 0 4e-05 2.5e-05 0.003035 0 0.001745 0 0 0 0.003075 1e-05 0.00293 0 4.5e-05 3e-05 3e-05 0.0001 3.5e-05 2.5e-05 2e-05 0 4.5e-05 0 0.000195 0.0009 0 0 3.5e-05 0 0 0.007375 5e-05 2e-05 0.002305 6e-05 2.5e-05 0 0.00924 0 0.002765 0 2e-05 0.002285 0.005695 2.5e-05 0 0 5e-05
0.003565 4e-05 1e-05 0 0.00873 0 0.00186 4e-05 0 4.5e-05 1.5e-05 3.5e-05 0.00362 0.005905 4.5e-05 0 0 0 0.004425 0.00515 0.00213 4e-05 0 0 0.00272 0 3.5e-05 2e-05 5e-06 0.004575 2e-05 0 2.5e-05 0.00035 0 3.5e-05 2.5e-05 2e-05 0 2.5e-05 0 2.5e-05 0.00274 3e-05 2e-05 0.00786 0 2.5e-05 0 0.001135 0.000155 0 0 1.5e-05 0 5e-05 0.01511 0 0 0.01321 0.004845 0 2.5e-05 1.5e-05 4.5e-05 0 0.00035 1.5e-05 0.0014 2.5e-05 0 0 1.5e-05 0.00026 0 8e-05 0 2e-05 0.00508 0.008515 1.5e-05 0.007135 0 3.5e-05 0.008515 4.5e-05 0.00896 0 4.5e-05 0 3.5e-05 3.5e-05 0.0123 5e-06 2.5e-05 4e-05 0 0 0 0.00178
0 0.00049 4e-05 0.00029 0 0.002625 0 0 0.001315 2e-05 0 0 5e-05 0.005925 2.5e-05 1.5e-05 3.5e-05 3.5e-05 0.001065 0.00017 0 2.5e-05 0 0.009795 0 0.00253 0 3e-05 1e-05 0 4e-05 0.00681 4.5e-05 0.00875 5e-05 3e-05 4e-05 4e-05 0 0 0.00065 4e-05 0.006655 0 1.5e-05 0.004955 0 4.5e-05 0.01132 0 3.5e-05 0.009775 4.5e-05 3e-05 0.00907 0 3.5e-05 2.5e-05 1.5e-05 1e-05 0 0.003805 0 4.5e-05 0 4.5e-05 0 0 0.0004 0 0 0.00997 0 0 2.5e-05 0.002415 0.004815 1.5e-05 0.00035 0.008875 0 0 2.5e-05 0 6.5e-05 1.5e-05 3e-05 4e-05 4e-05 3.5e-05 2.5e-05 0 0.00259 3.5e-05 4e-05 5e-05 0 0.00028 0 0.003945
0.000795 5e-05 0 0 2e-05 4.5e-05 6e-05 0.006335 0 0.00014 0 0 0.00013 0 0.00694 1e-05 3e-05 0.001675 0 3.5e-05 0.0052 0 1.5e-05 5e-05 0 2.5e-05 0.000355 4e-05 0.003505 2.5e-05 0 2e-05 0 0.00014 3.5e-05 0.000265 0 0 0 0 3e-05 2.5e-05 3e-05 0.004055 0.007655 2.5e-05 0.00012 5.5e-05 1.5e-05 0 0.004685 0 3e-05 2e-05 7e-05 0.00156 5e-06 0.010345 4.5e-05 1.5e-05 0 3e-05 0.00939 0.00769 0.005185 2e-05 0 0.00297 4e-05 6e-05 2.5e-05 0.005705 8.5e-05 0.00511 2e-05 0 0 0 2.5e-05 1e-05 0.002515 4e-05 6.5e-05 0 0 0.011855 0 3e-05 2.5e-05 0 0 0 3e-05 0 0 0 3.5e-05 3e-05 0.000345 0.002645
6.5e-05 0 3e-05 4.5e-05 0.002035 4e-05 3e-05 0.000635 0.00063 0 0 0 0.00712 0 0 3e-05 3e-05 0 0 5e-05 0.0019 0.014175 0 2e-05 3e-05 0 0.000825 3e-05 3.5e-05 0.00231 0 0 0 0.00637 2e-05 6e-05 0.00742 5.5e-05 3.5e-05 3.5e-05 0 0 0 2.5e-05 0 0 0.000895 2.5e-05 0.005955 0.004085 0.005445 0.00541 0 0 1e-05 0 0.005235 0.017405 0 0.002385 0.002215 1e-05 0.00655 0 0.009635 4e-05 3e-05 0.00119 3.5e-05 2.5e-05 4.5e-05 0 0.002865 0 0.000875 1.5e-05 0 0 4e-05 3e-05 5.5e-05 6e-05 0 3.5e-05 0.00138 0 0 0 0 2e-05 1e-05 5.5e-05 3e-05 6.5e-05 3.5e-05 0 3.5e-05 2.5e-05 0 0
3.5e-05 0.008995 0 0 0.000375 0.012225 6e-05 0 0 4.5e-05 2.5e-05 0.01106 0 0 0 0 0.00743 4.5e-05 0 0 0.00398 3.5e-05 0.0003 0 0.00017 0.001645 0 0.000115 0 0 6.5e-05 0.0072 0 0 0.00177 4e-05 0 0.00254 0.002295 0 0.00276 0 0 0 4e-05 5e-06 1.5e-05 0.000495 0 3.5e-05 4.5e-05 0 3.5e-05 0.000425 0.005975 0 1.5e-05 3e-05 0.00308 2e-05 0 0 0 0.00192 0.0021 0.00154 0 3.5e-05 0.00033 0.00186 0.00053 0 0 4e-05 0 0.00061 3.5e-05 2e-05 0 0 0.005885 0 0.00027 0 3.5e-05 0 2.5e-05 1.5e-05 0.005045 0.00408 0.002595 0.001215 0 0.000745 0.000355 0 0.005015 0.008065 2.5e-05 3.5e-05
0 0 2.5e-05 2.5e-05 3.5e-05 3.5e-05 4.5e-05 0.00013 0 0.00011 0 2.5e-05 0 0 0.000675 3.5e-05 3e-05 4.5e-05 0.00629 0 0.008715 0.009945 5e-05 0.002965 5e-05 0 0 4e-05 7.5e-05 0.00618 0 5e-05 4e-05 2.5e-05 0 0 0 2.5e-05 4e-05 2.5e-05 4e-05 0 0 0 0.00417 0 0.000705 4.5e-05 0.00021 3e-05 0.00521 0.002885 0 0 0.000105 0 0.008265 4.5e-05 1.5e-05 0 0 0 1.5e-05 0 0 2e-05 0 0 5.5e-05 0 0 0.000315 4.5e-05 0.00652 3.5e-05 1.5e-05 0.00351 0 0.002855 0 0.008545 5e-05 0 0.00115 2.5e-05 0.00023 2.5e-05 0 0.00316 2.5e-05 4.5e-05 0 0 0.0025 0.00742 0.00072 3e-05 1.5e-05 0.006435 0
0.005175 0 3.5e-05 4.5e-05 0.002805 4e-05 0 0 0.008965 3.5e-05 5.5e-05 2e-05 0 1.5e-05 0.000665 0 0 0 3e-05 0 3e-05 0.00059 0 2.5e-05 1.5e-05 4.5e-05 0.00523 0 0 0.00061 0 2.5e-05 0 3e-05 0.005 0 0.016005 0 1.5e-05 0 4e-05 3.5e-05 2.5e-05 0 0.015925 0 0.01623 3.5e-05 3e-05 0 0.00014 0 0.009325 0.003695 0 2.5e-05 1.5e-05 0 0.004515 0 0 0 0 1.5e-05 5e-05 0 0 0.009505 5e-06 0.00553 0 0.00052 0 0.00843 0.005315 0 0 0.007445 4e-05 4e-05 5e-06 1.5e-05 0.00116 2.5e-05 0 2e-05 0.00674 0.00123 4e-05 0.00501 0.00012 0 3e-05 0 3.5e-05 0.000515 5e-05 3.5e-05 0.00469 1e-05
0 0.000605 0 0 0.00022 4.5e-05 0.008265 0 0.01542 4.5e-05 3.5e-05 3e-05 1e-05 3e-05 2.5e-05 0.018465 0 0 2.5e-05 2.5e-05 4.5e-05 0 0 0 0 0.00565 0 5.5e-05 3.5e-05 0.005 0 0.004005 3.5e-05 2e-05 4e-05 0 0.002695 0.006075 0 4.5e-05 0 2e-05 5e-06 2.5e-05 0 0 2.5e-05 0 0.00298 3.5e-05 0 5e-06 0.005885 0 0.000595 1.5e-05 0 1.5e-05 0 3e-05 0.001755 1.5e-05 2.5e-05 4.5e-05 5.5e-05 0.00043 2.5e-05 3e-05 0 0 0 3.5e-05 0 2.5e-05 0 0.006345 4.5e-05 0 2e-05 0 5e-05 3e-05 0.00145 0.00436 0 5e-06 0.003535 0.000255 0.001225 0.00271 1.5e-05 2.5e-05 3e-05 0 4e-05 5.5e-05 0 0.00301 0 1.5e-05
1e-05 2e-05 0 0 0.00444 0.00011 3.5e-05 0 3e-05 0.000155 0.00253 0.002755 0 0 3e-05 4e-05 0 0.00159 0.00015 0 0.00615 0.014275 6e-05 4.5e-05 2e-05 0 0.002135 0.00106 6.5e-05 2.5e-05 1e-05 1.5e-05 0.00016 0.009825 0.002915 0 0 3e-05 0 0 0 1.5e-05 0.006645 0 0.000625 1.5e-05 3e-05 0 2.5e-05 0.001275 3.5e-05 0.00344 0 6e-05 0 0.000635 0.00018 0.01205 3e-05 0.0005 6e-05 0.002375 0 0 0.004705 0 2.5e-05 0.005565 3.5e-05 0 0 0.008305 9.5e-05 0.000185 0.011595 0.00022 0 0 3.5e-05 0 0.00437 0 0.003055 2.5e-05 6e-05 0 5e-06 3.5e-05 4e-05 0.00474 0.00966 0 3.5e-05 0 2e-05 0.0016 2e-05 3.5e-05 0.00399 1.5e-05
0 0.004395 0 0.00916 0 5e-05 5e-05 0.00042 0 0 0.000475 0 3.5e-05 3e-05 2.5e-05 0 4.5e-05 3e-05 0.001775 2.5e-05 7.5e-05 0.00014 0 0 2.5e-05 0.00018 0.003975 0 4e-05 1e-05 6e-05 0 4.5e-05 0 3.5e-05 0 0 6e-05 2e-05 1.5e-05 0.00048 1e-05 0.001065 1.5e-05 0.01519 0.01295 0.004665 0 0.000625 3e-05 0.00096 0 0 0.006545 0.000185 5e-06 0.000495 3e-05 0 0.00331 0 3e-05 0 0 1.5e-05 1.5e-05 0.000135 0.0028 0.002895 5e-05 0.000275 0.012555 0 0.003235 2e-05 0 0 0.008905 0 0.00603 0 4e-05 2e-05 0 0 2.5e-05 3.5e-05 0.003085 1.5e-05 0.00329 4e-05 0 0 0 0 5.5e-05 0.000335 4e-05 4.5e-05 0
0 0 3e-05 3e-05 0.00228 0.00072 7e-05 1.5e-05 0.00513 0 4e-05 0 0 0 0.00491 3e-05 0.01266 0 0 6.5e-05 1.5e-05 0.00238 0.000155 3.5e-05 0.000835 0 0 3e-05 3e-05 0.00472 3.5e-05 1e-05 0 0.00579 0 0.000325 0.00917 0.000655 0.00373 0 3e-05 0.00028 0 0 0 0 0.003385 4e-05 6.5e-05 0 0 3e-05 0.011515 6e-05 3.5e-05 0.012215 0 0.000335 0.002945 6.5e-05 3.5e-05 0 0.0125 0.00029 4.5e-05 5e-05 0 0 3.5e-05 3e-05 3.5e-05 0 0.00598 4e-05 0 0 0 0 2.5e-05 3e-05 4.5e-05 0 0.001955 0 5e-05 0.00636 4.5e-05 0.00041 0.00028 1e-05 0 2e-05 0 0.009275 3.5e-05 3e-05 0 0 4e-05 0.00937
0.00433 5.5e-05 0 6e-05 3.5e-05 0 4e-05 5e-05 0 0.000125 0.0004 4e-05 0.001815 4.5e-05 4.5e-05 1.5e-05 0.01759 0.000425 3.5e-05 0.00264 4.5e-05 0.0112 3.5e-05 0.002265 0.003795 3e-05 0.000365 3.5e-05 0 0 6.5e-05 0 0 0.006855 3.5e-05 0.003145 3.5e-05 4.5e-05 0 0 0.00407 0.01367 0.00716 3e-05 3.5e-05 0 0.00084 0 3.5e-05 0 2.5e-05 3.5e-05 0.008275 0 0.003495 5e-06 0.00249 7.5e-05 0 0.01068 0 0.000205 0.000185 0.00244 0.000645 0 0.00034 0 0 0 4e-05 0 0.007735 0 0 0 0.000725 0 0 0 0 2.5e-05 0 0.002045 4e-05 0.00732 0 4e-05 0 2.5e-05 0 4e-05 0 0 4.5e-05 0.00058 3e-05 5e-05 0.000585 0
2.5e-05 0 5e-06 0 0 2.5e-05 4e-05 3e-05 5e-05 0 1.5e-05 3.5e-05 4e-05 3e-05 0 2.5e-05 0.000335 0.022185 4.5e-05 4e-05 0 3.5e-05 3e-05 5.5e-05 0 0 0 0 0.008425 0 3e-05 0 3e-05 0 0.012275 2e-05 3e-05 2e-05 4e-05 0 5e-06 0 0 5e-05 0.00568 2.5e-05 0.00094 3.5e-05 0.00935 2.5e-05 0 0 0 0.00011 0 4e-05 0 0.00091 0.00599 2.5e-05 1e-05 2.5e-05 0.00127 0.00058 0 6e-05 0 0.001635 2.5e-05 0.00162 1e-05 0 4e-05 3.5e-05 0.00209 1.5e-05 0 2.5e-05 0 0 0.01727 0 0 0.01173 0 0 2.5e-05 0.008025 0 2e-05 4e-05 0 0.00458 0 0.015245 3e-05 4e-05 0 3.5e-05 1e-05
1e-05 0.00147 0 0.000745 0.00284 0.008605 0.000935 4e-05 0.001105 0 0 5e-06 0.009565 6e-05 0 0.008025 0.00293 0 0.002245 0 0 0.003635 3.5e-05 2.5e-05 0 0.00714 0.0019 0 4e-05 0 0.005535 0 0.003085 0 3e-05 0.00923 2.5e-05 0 2e-05 0 0 0.000115 4.5e-05 0 0.00016 0 3.5e-05 0.000755 3.5e-05 0.000305 3.5e-05 0 0 0.000125 4e-05 0.009455 0.010075 3.5e-05 0.007255 7.5e-05 4e-05 0.00084 0.006015 0.00043 3e-05 0 0.003075 1.5e-05 0 0 0.003425 0 8.5e-05 0 4e-05 0.01144 5e-05 0.00571 3.5e-05 0 3.5e-05 0 2.5e-05 0.00308 6e-05 0 0.00457 0 0.00044 0.002125 0 0.001695 0 0 0 2e-05 6e-05 5e-06 9.5e-05 0
0 2.5e-05 0 3e-05 3e-05 0 0.00758 0 0.006915 0 3e-05 0 2.5e-05 0 0.00013 0.000725 0.01047 0.009735 0 3e-05 0 4e-05 0.0065 0 1e-05 0 0.00034 3.5e-05 2.5e-05 0.004995 0.001105 1.5e-05 0.00557 1.5e-05 0 0 0.001545 0.012485 2e-05 0.000255 5e-05 0.00016 3e-05 0 0 0 0.010085 0.008285 1.5e-05 4e-05 5.5e-05 1.5e-05 0.003935 0.00992 2.5e-05 0.00211 2.5e-05 0.005715 0.005385 0 0 0 0.00116 0 0 0 3e-05 5e-06 0 4.5e-05 4.5e-05 6e-05 2.5e-05 0.00114 0 0.005185 3.5e-05 0.00069 0 1.5e-05 0 0 0.000725 2.5e-05 0.000195 2.5e-05 4.5e-05 0 0 0.011165 0 3e-05 2.5e-05 0.000225 0 0.000365 0 0 0.00213 0
1.5e-05 0.00267 4.5e-05 0 3e-05 3.5e-05 0.000665 0.00139 0.0001 0 0.006125 0 0 1.5e-05 0 0.003955 0 4.5e-05 0 0 5e-05 0 2e-05 0 2e-05 0 0 0.000695 0 0 0.00477 0 0 3e-05 7e-05 8e-05 0.00296 0.01448 4.5e-05 0 0.00207 2e-05 3e-05 0 0 0.00163 0.01147 0.000485 0 0.00099 0.010905 1.5e-05 0 0 3e-05 2.5e-05 1.5e-05 2.5e-05 2.5e-05 0.00088 2e-05 0 0.000145 0 2.5e-05 0.00757 0 0 3.5e-05 0.008885 0 0 2e-05 0 4e-05 3e-05 0 5e-06 0.00417 1.5e-05 4e-05 1.5e-05 0 0.013525 0 7e-05 0.00618 0.01569 0.000375 4e-05 4.5e-05 0 6.5e-05 0.01137 2.5e-05 0.00079 0 0.00395 2.5e-05 0
0 0.00235 0 0.00311 9e-05 0.004885 0.00068 2e-05 0.00538 4.5e-05 0 3e-05 0.00257 0.0023 3.5e-05 0.00019 4e-05 3e-05 0 0 0 6e-05 0.000415 8.5e-05 0.00767 0 1e-05 1e-05 4e-05 0.00129 5e-05 0.0005 3e-05 0 3.5e-05 0 2.5e-05 0 0.00731 0.001185 0.00089 0 0.00359 1.5e-05 5.5e-05 0 3.5e-05 0 0 3.5e-05 3e-05 0 0 5.5e-05 8e-05 5.5e-05 0.003715 2.5e-05 3e-05 0.001175 0 0.01145 0 0 0 0.00418 0 4.5e-05 0 0.000175 0.0072 0 3e-05 2.5e-05 0 0.005765 0.001145 3e-05 0 0 0 0 0 8e-05 0 0 0.00908 4e-05 2.5e-05 0 3e-05 0 0.00169 4.5e-05 0.000235 3.5e-05 0.01113 0 0 0.001275
0 4.5e-05 0 0 0 4.5e-05 0.00093 4e-05 6.5e-05 0 0.00223 0.00085 0 3.5e-05 0 0 0 0 0 0.0065 0.00029 0 1e-05 0.015555 4e-05 4e-05 3e-05 0 3e-05 0 0.00949 0.006225 0.0025 0.005335 4e-05 3e-05 0 0 7e-05 4.5e-05 0.00328 1.5e-05 2e-05 0.003215 3.5e-05 0.00073 5e-06 0.00036 0.00409 4.5e-05 2e-05 0.003265 0.000955 0 0 0 2.5e-05 0 0.002525 0 0.00237 0 0.00119 0 2.5e-05 0.001635 0 0 0 0 5e-06 5.5e-05 0.001175 4.5e-05 2e-05 0 3.5e-05 2e-05 0 0.00202 0.00227 0.013215 6e-05 0.00267 0.0062 0 0.008945 1.5e-05 0 0 0.00159 1e-05 0.00623 0.005785 0.008715 0 2e-05 2.5e-05 0.013355 0
0 0.00651 0 0 5e-05 0.002775 2e-05 0.00392 3e-05 1e-05 6e-05 0 0.00626 3e-05 0.004325 0.006905 0.0086 0.006635 1e-05 0 3e-05 0 3e-05 4e-05 0 0.000745 0.00021 0 3.5e-05 4.5e-05 0 3.5e-05 0 2e-05 0.01145 0.000205 0 0.007745 0.00051 0 0 0 0 0 0.009595 0 0.00027 2e-05 4.5e-05 0.00104 0.00828 0.00127 3e-05 3e-05 1e-05 0 0 2.5e-05 0 0.00094 0.010795 0.004565 5e-05 4e-05 0.01331 3e-05 0 0 2.5e-05 0 4e-05 2.5e-05 5e-06 5.5e-05 0 5.5e-05 3e-05 0 0 0 0 0 4e-05 3e-05 2e-05 2e-05 0 0.00034 0.00049 4e-05 1.5e-05 0.00613 0.00076 1e-05 2.5e-05 0 4e-05 0 1.5e-05 5.5e-05
5e-05 0.00302 0 0 4.5e-05 0.00501 4e-05 0 2e-05 0 0.00625 0.01278 0.00397 4e-05 0.00129 3e-05 0 0 0.00447 0.005615 0 0 0.000495 3.5e-05 0 3e-05 0 0.00289 0.00035 3e-05 0 0 0.007055 0.001775 0.00853 0 0 0 2e-05 0 0 5.5e-05 0.006685 0.000155 2.5e-05 0 0 0 3e-05 0.003465 4.5e-05 2.5e-05 3e-05 0 5.5e-05 0 3e-05 0 3e-05 3e-05 0 0.00015 0 5.5e-05 0.00252 0 2.5e-05 3e-05 2e-05 4.5e-05 3.5e-05 4.5e-05 0 0 0.00017 2.5e-05 5.5e-05 0.0028 0 8.5e-05 0.003585 0 0.001435 4.5e-05 4e-05 0.013285 4.5e-05 0.000305 0 0 1e-05 0.00257 4e-05 0.00167 0 0.000165 3e-05 0 0 0
0.00358 3.5e-05 4.5e-05 5e-05 0 0 0.009345 2e-05 0.0143 5.5e-05 0 2.5e-05 0.001085 0.010075 4.5e-05 0.000365 0.00517 0.000165 0 4e-05 4e-05 5.5e-05 0 2e-05 0 0 0 0 4.5e-05 0 3.5e-05 0 1e-05 0.00483 1.5e-05 2e-05 0.0112 3e-05 2e-05 0 3.5e-05 0 2e-05 0 0.001135 1.5e-05 3e-05 0 0.000345 0 0 9.5e-05 0.00137 1.5e-05 2e-05 4e-05 0 0.000105 0.009115 3.5e-05 0.00066 3e-05 0.006015 2e-05 0.00127 0.004465 0 0.00376 0.000205 0 0 0 1.5e-05 0 0 0.000305 0.0127 0 2e-05 0 3e-05 2.5e-05 0.007615 1.5e-05 0 2.5e-05 0 0 0 0.013125 2.5e-05 0 0.00453 5e-05 2.5e-05 0 0 3.5e-05 0.004045 3e-05
2e-05 0 1e-05 0.001645 0 1.5e-05 0.000315 1.5e-05 0 2e-05 0 3e-05 3e-05 0 5e-05 0 0 0.002635 2.5e-05 0 0 3e-05 0.000435 5e-06 0.002905 4.5e-05 1.5e-05 5e-06 0 7e-05 0 0.00022 2e-05 0 2e-05 4e-05 0 0.000415 0.010865 3e-05 0.006065 3e-05 3.5e-05 6e-05 3e-05 0 0 2e-05 0.00791 0.00351 0.011525 0 0.00212 2.5e-05 0.00377 1.5e-05 0 0 0 0 0.003375 0.00236 3e-05 0 0 0.009235 1.5e-05 5e-05 0 0.005755 0.00557 0.00733 0 0.002135 1e-05 0.011855 0.00359 1e-05 0 0.00651 5.5e-05 0 0 0.004385 0.01113 4.5e-05 0 0.00232 2.5e-05 1.5e-05 0 3.5e-05 0.000205 1.5e-05 0 4e-05 0 0.00144 0 0.01133
0 2.5e-05 0.005395 0 0 0.00286 4e-05 0.002335 0 0.004465 0 0 0 0 0 0.002035 0.0076 0 2e-05 3e-05 1.5e-05 0 0 0 0 0.00767 0.00619 0.00193 0 3.5e-05 0 5e-05 0 0 0.00108 0 0.012515 5e-05 3.5e-05 4e-05 4e-05 0.00311 0.00295 0.00741 0 1e-05 0 2e-05 0 7.5e-05 3e-05 5e-06 0 4e-05 4e-05 0.015755 0 0.01031 0.00311 1.5e-05 2e-05 2.5e-05 7.5e-05 2.5e-05 0.000955 2.5e-05 4e-05 0.000135 0 3.5e-05 2.5e-05 4.5e-05 0.00069 0 0.003115 0.00382 0.000145 2.5e-05 2.5e-05 4.5e-05 0 2.5e-05 0.008645 0 5e-06 0.00924 2.5e-05 0 0 0.014275 0 3.5e-05 2.5e-05 1e-05 0 0.00364 0 0 0.00051 1.5e-05
0.005135 0 0.00413 0.00108 0.007615 0 0 5.5e-05 0 0 4e-05 0.00058 0.00263 0 3.5e-05 0 0.0025 0.0075 0 0 0.00048 0.002845 4.5e-05 3.5e-05 0 0.00132 0 5.5e-05 4.5e-05 0 0 0 0 0.002845 0.000545 5.5e-05 2.5e-05 3e-05 0.000525 1.5e-05 0.000505 0.007085 0 0.005645 5e-05 0 1e-05 3e-05 4e-05 0 3.5e-05 0 2.5e-05 2.5e-05 2e-05 0 5e-06 0 0 3.5e-05 2.5e-05 0.00807 0.004385 4e-05 0 7e-05 0.00391 2.5e-05 0.000165 0 2.5e-05 0.003945 0.005025 0 0.007715 0.005805 8e-05 0 5.5e-05 0.003605 0 0 0.004225 0 2e-05 0 5e-06 3.5e-05 2.5e-05 0.00011 0 2.5e-05 4.5e-05 2.5e-05 0 0.00128 0 0 0.0038 4e-05
4.5e-05 0 0.002795 0 0 0 0.004885 6.5e-05 0.00298 8e-05 3.5e-05 8e-05 0 4.5e-05 0 2.5e-05 0 0 0 0.007075 5.5e-05 0 0.00016 0 0.00439 0.00905 3.5e-05 3e-05 0 0 2e-05 0.001185 0.00501 0.002025 2e-05 0 4e-05 0.004725 0.007535 0 0.00025 0.008225 0.00548 0.00273 0 0.00391 3e-05 0.010985 0.00071 0 3.5e-05 0 0 3.5e-05 4e-05 4e-05 0 5e-05 0.002145 4e-05 0.000465 0.00013 2e-05 0 3.5e-05 0.007455 4e-05 4.5e-05 0.00468 5e-06 0 3e-05 0 5.5e-05 2e-05 0 3.5e-05 2e-05 0.001955 0.00404 0.00307 0 0 0 0.00067 3.5e-05 0.001375 4e-05 0 5.5e-05 0 0 0.012275 1e-05 0.00717 2.5e-05 0.00052 0.00029 7.5e-05 0
1.5e-05 0.007695 0 0.002035 1e-05 0.006875 5e-06 0 2e-05 0 3.5e-05 0 5.5e-05 4e-05 4e-05 0.006715 0.00013 5e-05 1e-05 0.00095 4e-05 4.5e-05 0.007685 4e-05 0 5e-06 0.001395 0.008235 0.00118 4.5e-05 0.000435 0 5.5e-05 2e-05 6e-05 0 0.00212 0 6.5e-05 0.00928 0 0.008655 0 0.00092 0 3.5e-05 4.5e-05 0 0 3.5e-05 0 3e-05 0.00644 0.007185 0.00081 0.00457 2e-05 3e-05 0.011945 0 0 0 0.006595 0.001535 0 0 2e-05 0 0 0.00465 0.00381 0 4.5e-05 2.5e-05 0.0014 0 1.5e-05 3e-05 1.5e-05 4.5e-05 0 0 0.00012 0 0 0 0 0.000365 0.00012 0 0.000885 0 4.5e-05 0.003335 0 0.00368 0 0 5e-05 3.5e-05
0 4e-05 5e-06 0.0005 0.002745 0 0 0 0 0 0.00698 0 0.00098 0.002785 0.005645 4e-05 5.5e-05 3e-05 0 5e-05 0.0077 0.01358 2e-05 0 2.5e-05 0 0.00927 0.00115 4e-05 4e-05 0.000825 2e-05 3.5e-05 0 0.00102 0 0.004685 7.5e-05 4e-05 2e-05 1.5e-05 0 0 0 0 0.001855 6e-05 5e-05 0 0 0 0.013175 4e-05 9.5e-05 0 0 0 0.000345 5e-05 0 0 5e-05 0 0.000275 2.5e-05 5e-05 0 0 4.5e-05 0 0 0.00018 0.00403 0.012685 0.001045 2.5e-05 3e-05 2.5e-05 0.00256 0.00172 0 0.001985 4e-05 3e-05 2e-05 0.006505 5e-05 0.00073 3.5e-05 2e-05 0 0 3e-05 0.00274 3e-05 0 4e-05 0 0.007845 0.000925
4.5e-05 0 0.00413 0 0.00164 0.002495 0.00308 0 0 3.5e-05 1e-05 0.009655 2e-05 2.5e-05 0 0.008275 0 0 0 0.004645 3e-05 2e-05 0.00038 0.00374 0 0 2.5e-05 0.00693 3.5e-05 4.5e-05 0.00148 0 0 3e-05 0 0 3e-05 0.00114 0 0 0.0116 0 0.0026 5e-05 3e-05 4e-05 4.5e-05 0.000865 2e-05 3.5e-05 1.5e-05 3.5e-05 0.00034 0.00398 0 0.003105 0 2e-05 0.00934 4e-05 0 5e-05 0 0 0 0.00015 0.00159 0 0 0.00018 0 5.5e-05 4e-05 6e-05 0 0 0 0 0.00213 0.000235 4e-05 0 5.5e-05 0.00038 0 3e-05 0 0.00049 0.002225 0.00742 0.00156 0 0 5.5e-05 4e-05 4e-05 0 0.012215 3e-05 0
0 4e-05 0 0.010195 0 3.5e-05 5.5e-05 0.003675 0 0 0.009975 0 3e-05 3e-05 0.00963 0 3.5e-05 3.5e-05 0.000335 0 0.00572 0.002815 0 0.00516 0.001435 3.5e-05 0 0.004485 0.000185 3.5e-05 0 0 3.5e-05 3.5e-05 0.007165 0.00948 3.5e-05 0.00375 0.005385 0 0.00437 3e-05 3e-05 4e-05 3e-05 0.0099 0 0 4.5e-05 0.00466 0.00139 0 0.001605 0.00199 1e-05 4e-05 0 3.5e-05 2e-05 0 2e-05 0.000355 0 0.012435 2.5e-05 0 0.000215 4e-05 0 0.000115 0.005785 0 0 0 5e-05 0 0 0.01029 0.012605 0.000485 0.00132 4.5e-05 4e-05 0.00047 0 0 0 0.00539 5.5e-05 3e-05 0 0 0 0.01216 0.00305 0 3.5e-05 0.00373 4e-05 0.005425
0 0.001145 0.002075 0 0 0 4.5e-05 2.5e-05 1e-05 2e-05 2e-05 0 2.5e-05 0.000195 0 5e-05 0 0 9e-05 0.00876 0.009475 3.5e-05 5e-05 0.01065 0.005985 3e-05 3.5e-05 0.0042 0 0 4.5e-05 0 3e-05 0.000295 0 0 2.5e-05 3.5e-05 0.01203 0.001085 0.000425 0 8e-05 0 2.5e-05 0.000215 0 2e-05 0 0.000395 0 0 0 3.5e-05 0.01208 3.5e-05 0.006995 3e-05 3.5e-05 0.00759 0 0.009335 1.5e-05 0 4e-05 5e-05 0 3.5e-05 0.001295 0.000585 0.010045 0.00329 9.5e-05 0 3e-05 0 3e-05 4.5e-05 0.01041 9.5e-05 0.003765 0.010645 0 0.00375 0 0 0.0017 0.000245 0 0 0.001165 0.001055 0.00011 0.00013 0 0 0.00194 0.00036 3.5e-05 0.001655
2.5e-05 3.5e-05 3.5e-05 0.008265 3e-05 0 3.5e-05 0 2.5e-05 0 1.5e-05 5.5e-05 2e-05 3.5e-05 0.001515 3.5e-05 6e-05 0.00266 0 0 0 0.007615 7.5e-05 2e-05 0 0 0.00224 0.00491 3.5e-05 2e-05 0.000435 2.5e-05 1.5e-05 0 0 0 0.002785 0 0.002805 0 0.000135 2.5e-05 3e-05 0 0.00527 0.00234 0.011575 3.5e-05 4e-05 0.00864 0 0 0.001955 0.00079 0 4.5e-05 0 3.5e-05 2.5e-05 0 5.5e-05 0 0 0.005695 5.5e-05 5e-06 0.00422 0.000135 8e-05 0 4e-05 0.007675 0 0.003845 2e-05 0.00335 5e-05 0 0 0.000285 0 2.5e-05 0 0.00608 1.5e-05 0 0.00228 0.001155 5e-05 4e-05 0 0 0 0 0 0.003515 2e-05 0.00329 4.5e-05 0
0.003005 2e-05 0 0 0.00122 5e-06 0 0.00125 4.5e-05 0.000905 4.5e-05 0 3e-05 0.001255 0 0 0.000125 0.006355 3e-05 3e-05 3.5e-05 0 0 0 0 0 0.000315 0 4e-05 0 0.000285 3.5e-05 0 0.00034 0.00977 0 0 0 3.5e-05 0 4e-05 0.004435 5e-05 2e-05 0.005 2e-05 0.008365 4e-05 2e-05 0.00874 0 2e-05 0 0.006835 2e-05 0.000125 4.5e-05 0.01043 0 5e-05 0 0 0.000615 0.000205 0 2e-05 4.5e-05 0.00254 2e-05 0.005335 0 3e-05 0 3.5e-05 0.00015 0.006095 0.000915 0 1.5e-05 2e-05 0 4e-05 0.00198 1.5e-05 3.5e-05 0.011355 0 1.5e-05 5.5e-05 0.00514 0.0107 5e-05 2e-05 0.00107 4e-05 0 0 0 0 0.001155
2.5e-05 0.000565 4.5e-05 0.001895 2e-05 2e-05 8.5e-05 0 0.00102 0.00301 0.004955 0 0 0 0 1.5e-05 5e-05 0 4e-05 4e-05 5.5e-05 0.003125 2.5e-05 0 3.5e-05 6e-05 2.5e-05 1.5e-05 0 0 0.000375 2e-05 2e-05 3.5e-05 0 2e-05 2.5e-05 0.000905 0 4e-05 0 5e-05 4.5e-05 2e-05 0 0.011675 2.5e-05 0 0 0.00051 0 3.5e-05 0 0 0 3.5e-05 0 2.5e-05 0 0.00013 0 2e-05 3.5e-05 0.00491 4e-05 0 0 0 3.5e-05 0.000735 0.001915 0.000125 0 0 5e-06 2e-05 5e-05 0.01686 0.00891 0.001735 1e-05 5e-05 0 0 0 0 0.000715 0.003045 0 2e-05 0 0.00605 0 0.01013 2e-05 0.003495 0 2e-05 0 0.00534
4e-05 0.000425 2.5e-05 0.006375 3e-05 0 0.002195 5e-06 0 4.5e-05 0.008845 5.5e-05 3e-05 5.5e-05 0.00124 2e-05 5.5e-05 3.5e-05 4e-05 0 3.5e-05 0 0.00248 0 3e-05 0 3e-05 4.5e-05 0.00063 0.00986 8e-05 3e-05 5.5e-05 3e-05 0 0.01314 5e-06 0 0 0 0 2e-05 0 0 0.00309 0.00331 2e-05 0.00138 0.00456 5.5e-05 0 0 0.0073 0.00162 0.008625 0 0.003325 3.5e-05 0 0 0.00086 0 2e-05 0.00663 5e-05 0.003795 0 4e-05 0 0.000175 0 0.00302 0 0 3.5e-05 2.5e-05 5e-06 0.0064 0.00118 0.005445 0.000385 2.5e-05 0 0.01092 0 0 0 0.014705 0.000685 0 0 0.007135 0.00251 0.001395 0.002395 0.00025 2e-05 0.001445 0 0
3e-05 0 0 4.5e-05 4e-05 0 0 0 2.5e-05 0.00011 0.00744 0 0.004105 0.0013 0 0.00025 0 0.00584 0.00377 0.00029 4.5e-05 4e-05 0.002175 3e-05 0 0 0 0 0 0 0.00304 5e-05 0 0.003595 0 0.003755 0 2.5e-05 1.5e-05 4e-05 0 2.5e-05 0 2e-05 5.5e-05 3e-05 0 0.000955 6.5e-05 0 0 0.00474 0 2.5e-05 0.011865 6.5e-05 7e-05 3e-05 4.5e-05 0.0049 0.012605 0.000195 0.002695 0 1e-05 0 0.00023 5.5e-05 0.00083 5e-06 0.00508 0.008865 0.001255 0.002745 4.5e-05 3.5e-05 3e-05 2e-05 2.5e-05 0 0.0065 0 0 5e-05 0 0.004025 0.002235 0 5.5e-05 0.00017 5e-05 3.5e-05 5e-05 0 0.0009 0.01206 4.5e-05 0 0.000215 0
5.5e-05 0 0 2e-05 3.5e-05 0 0.004665 6.5e-05 3e-05 0.004545 2.5e-05 4e-05 0.003835 0.000135 0.002325 0.000845 0.002435 0 0.003345 0 4e-05 2.5e-05 0 0.002295 4.5e-05 1e-05 0.000365 0 0.00017 3.5e-05 0.00154 0 0.00165 0.002875 0.00494 1.5e-05 3.5e-05 1e-05 2e-05 4.5e-05 2e-05 1e-05 0.00417 0 0 0 0 0.01085 0 4e-05 0 0 0.00093 2.5e-05 0.0001 0 0 0 0 0.00202 0.0029 0 0.00832 2e-05 1.5e-05 0.004015 5e-05 0.004745 0.0011 2.5e-05 5.5e-05 0.000105 0.00875 3e-05 3e-05 2e-05 0 3.5e-05 0.001015 0.004665 0.00712 0 0 0 1.5e-05 0.004465 0.00784 0 0 0.008155 4e-05 0 4.5e-05 0 0 0 2e-05 0 4e-05 0
0.0053 2.5e-05 0.01173 4.5e-05 3.5e-05 0 0.00194 0 3.5e-05 0 0 0 0.003745 0 0 0.007645 0.006435 0 0 0 0 0 4e-05 5e-06 5e-06 0.00126 0 0.003245 0 2.5e-05 0 3e-05 0.00615 0 0.001845 0 0 2e-05 0.000525 5.5e-05 0 5e-05 0.008665 2.5e-05 5e-05 0 0.00025 0.00062 0.001965 0 4e-05 0 0.009755 0.002815 0 0.0003 0.00414 5.5e-05 0 0.003945 4e-05 1.5e-05 0.008805 6.5e-05 0 1.5e-05 3.5e-05 0 0.001385 0 0 0 0 0.006555 5e-05 3.5e-05 0 0 2e-05 0.007015 0 3e-05 0.007665 3e-05 0 0 0.00019 3.5e-05 2.5e-05 0.00025 0.00254 1.5e-05 0.001145 1.5e-05 0.005425 0.001175 6.5e-05 0.001665 0 3.5e-05
0 0.000795 0.004845 5.5e-05 2.5e-05 1.5e-05 0.01814 5e-06 0.000135 1e-05 2.5e-05 0.004225 9.5e-05 3e-05 0 0 0.018955 0.000545 2e-05 4.5e-05 2.5e-05 5e-06 0 0 0 0 4.5e-05 3e-05 3e-05 0.000175 3e-05 0.0114 0 0 3e-05 5.5e-05 0 0 3e-05 0.003895 0 0.00484 4e-05 0.00154 0.00194 3.5e-05 5e-06 0 0.000825 4e-05 0 0 0.008125 0 4e-05 4.5e-05 4.5e-05 0 3.5e-05 3e-05 0 1e-05 0.002955 1.5e-05 0.011505 0 1.5e-05 4.5e-05 0.00028 4.5e-05 0.00041 0 1e-05 0 0 0 0 0 4.5e-05 4.5e-05 3e-05 2.5e-05 0 4e-05 0.00617 3.5e-05 0 0 2e-05 3.5e-05 3e-05 4e-05 0.00546 2e-05 0.000405 5e-05 0.000705 0 0.000885 0
4.5e-05 3.5e-05 0.00663 0.002485 3e-05 0 7.5e-05 0 0 0 1.5e-05 0 8e-05 0 3e-05 0.003195 0 0.002625 3.5e-05 0.00267 0 0 1.5e-05 3e-05 0.01171 2e-05 1.5e-05 0.00176 0.00203 1e-05 0 0 0.0005 2e-05 7e-05 2e-05 0.004385 0.00666 0 0.003245 0.00834 0.000155 0.00341 5e-05 5.5e-05 5.5e-05 0.0021 0 1e-05 0 1.5e-05 0 0.001715 0.000685 0.003115 0 1.5e-05 5e-05 2e-05 4.5e-05 0 0.00149 0 0 1.5e-05 0.003495 0.000375 1.5e-05 3.5e-05 0 5e-06 2e-05 0 0 0 0.00842 0 2.5e-05 0.00406 0.003 0 0 0.01139 5e-05 2.5e-05 0.006885 0 0.00112 0 0.00166 0.00977 0 4.5e-05 0.00059 5.5e-05 0 0.000805 0 0 0.003415
0.00106 0 0 0 0.006225 5.5e-05 0.00188 0 0 0.002645 0 3e-05 2.5e-05 0.00256 0.00037 0 0 0.000155 1e-05 0 2e-05 0 5.5e-05 1.5e-05 5e-05 0 0.00291 1.5e-05 4e-05 4.5e-05 1e-05 1.5e-05 0 0.001345 5e-05 2e-05 0.000725 3e-05 0 2.5e-05 2.5e-05 4.5e-05 0 3e-05 0.00411 0.00312 0 7e-05 0.000725 0 0.00176 0.000365 5.5e-05 0 3.5e-05 2e-05 0.001105 0 1e-05 0.011195 0 0 0 4.5e-05 0.002845 0 2.5e-05 0 1.5e-05 3.5e-05 4.5e-05 0.01321 0 0 4e-05 0 0.01024 0.00803 1.5e-05 0 6e-05 0 5.5e-05 4.5e-05 0 4e-05 0 3e-05 2.5e-05 5.5e-05 0 3e-05 3.5e-05 4e-05 2.5e-05 0 2.5e-05 0 0 0.000165
0 0 0 2.5e-05 2e-05 1e-05 1e-05 0.00719 0.00658 0 0.00841 3e-05 6.5e-05 1.5e-05 0 0 0 4e-05 6e-05 7.5e-05 3e-05 0 3.5e-05 0 0 0 3e-05 3e-05 0 8.5e-05 0.006205 0 3.5e-05 4e-05 2.5e-05 0.011725 4.5e-05 0.010285 5e-05 1.5e-05 3.5e-05 1.5e-05 2e-05 4.5e-05 0.00278 0 0.00187 0.01504 0.00036 5e-05 0.005775 2.5e-05 0 0 0.00179 4e-05 0 0 0.00783 3e-05 4.5e-05 5e-05 2e-05 2.5e-05 2.5e-05 0.003125 3.5e-05 0.000485 2e-05 5e-05 0.005455 0 2e-05 0.01114 0 0 4.5e-05 0 0.00043 4.5e-05 5e-06 0 1.5e-05 0 0.00943 0 2e-05 0 0 0 3e-05 0 6.5e-05 0 0.002425 6.5e-05 3.5e-05 3e-05 3.5e-05 0
6.5e-05 0 0.003745 2e-05 7e-05 3e-05 2e-05 0.00125 0 0.00738 0.00059 0 0 3e-05 0 0 0.00211 0.0021 2.5e-05 1e-05 0 0.004125 0.008405 0 0.000245 2.5e-05 0.0004 0.007865 0.001375 0 0 2e-05 0.00835 3.5e-05 0.000265 0.00973 0.004605 0 4.5e-05 2.5e-05 0 0.00298 0 1e-05 0.006555 2.5e-05 0.00889 0.000355 0 0 0.006495 0 0 2.5e-05 0 0 4.5e-05 0 0.002445 3.5e-05 2e-05 3e-05 0 0.00971 1.5e-05 0.00171 0 0 5.5e-05 0.009345 3.5e-05 0 0 0.000255 0.008 4.5e-05 3.5e-05 0 0.00094 2e-05 2e-05 5.5e-05 0.00308 0 1e-05 0.00857 0 0 5.5e-05 0 0.00176 0.007415 0 0 0 0.010635 0 0.00012 0 0.00306
3e-05 0 0 0 0 5.5e-05 0 0.01158 0.006015 0 1.5e-05 0 0 2.5e-05 0.004995 0 0 4.5e-05 0 4.5e-05 0.001385 5e-05 6e-05 0.00026 3e-05 3e-05 2e-05 4e-05 0 0.017185 1.5e-05 0 1.5e-05 0 3.5e-05 1e-05 5.5e-05 0 0 3.5e-05 4e-05 7e-05 2.5e-05 0.00379 1.5e-05 0 1e-05 0.00487 0.002205 0 0.000875 0 0 0 0 0 0.000865 5e-06 3e-05 0.00313 4e-05 5.5e-05 5.5e-05 0.004255 2.5e-05 2.5e-05 2.5e-05 0 3.5e-05 0 0.00192 0.00043 0 0.007835 2e-05 3.5e-05 0.001655 0.012935 0.001695 0 0.00778 2e-05 4.5e-05 0 5.5e-05 4e-05 3e-05 0.00982 0 4e-05 6e-05 0.00115 0 0.01117 0.00032 0 0 5.5e-05 0 0
5e-06 0.01078 0.009325 0 0 0.000205 6e-05 0.004985 2.5e-05 0 0.00177 0 0 0 0 2.5e-05 3.5e-05 1.5e-05 0.001 0 9.5e-05 7e-05 5e-05 4.5e-05 0.002245 4.5e-05 3.5e-05 0.00379 0 1e-05 0 5e-05 0 2e-05 0.001955 0 4e-05 5e-05 0.00508 0 0.00438 0 0.007625 0 0 0.00414 3e-05 0 0 3.5e-05 1e-05 0 0 3.5e-05 0 3.5e-05 0 5e-05 3e-05 0.002155 0 0.00882 0 0.008455 2.5e-05 0 0.000515 5e-05 0 5e-06 0 0.00503 0.007055 2e-05 4.5e-05 3.5e-05 0 0.00188 0.000415 0.009425 0.01384 0 6.5e-05 0.003185 0 0.00261 2.5e-05 0.00219 0.00022 0 0.00134 0 0.00106 0.007025 0 0 0.00185 0 3e-05 3.5e-05
0 0 0 0 0 0.00466 0 5e-05 2.5e-05 0 0 1.5e-05 0.00923 0 6e-05 7e-05 0 0 0.00343 0.004395 0 0 2.5e-05 3e-05 0.000555 0.001565 4e-05 0 4e-05 5e-05 4e-05 0.000585 2.5e-05 0.0006 0 3e-05 0.00807 4e-05 5e-06 0 3e-05 4e-05 0 0.00426 0.00018 2e-05 0 3e-05 0.00192 0.010405 0 0 4e-05 2.5e-05 3e-05 0.00022 0 0.000235 0 0.004045 0 3e-05 0.004195 5.5e-05 0 4.5e-05 0.002435 0.00037 0.0046 3.5e-05 3e-05 0.010125 0 0.00033 0.00919 0 0 4e-05 0 0 3e-05 0.008215 0 3.5e-05 3.5e-05 0.0049 3.5e-05 6e-05 0 0.006945 0.00105 4e-05 1e-05 0 2e-05 0.00057 4e-05 0 0.00015 0.00187
0 0.00931 0.000145 0 0.00013 6e-05 5.5e-05 2.5e-05 5e-05 4.5e-05 0 0 0 0 0.00068 0 4e-05 5e-06 0 0.00483 0 0 0.009245 0.000185 0.00058 0 0 0.00733 0.00027 3.5e-05 0.000645 0 0.000275 3.5e-05 0 0.00284 0 0 5e-06 0.00321 0 0.000185 0.000405 2e-05 1e-05 0 0 0 3e-05 0.00247 0.00014 9.5e-05 0 0.006385 0.000145 5e-05 0 4e-05 4e-05 0.00707 0 0 3e-05 0 0 0.006265 5.5e-05 3.5e-05 5e-06 0.00995 0.012915 0.00185 0 0 3.5e-05 0.003145 0 1.5e-05 0.01267 0 0.000315 0.00491 0.00117 0.0011 0.00036 0 0.007995 0 3e-05 5e-06 0.003055 0.00199 0.001275 0.00419 6e-05 0.00056 0.00517 0 3e-05 0.00015
3.5e-05 0 0.000555 0 4.5e-05 2.5e-05 0.00357 0.000945 4e-05 0 0.00516 4e-05 1e-05 7e-05 0.007525 0 0 2e-05 0.010115 0.002155 0 3e-05 2e-05 0 4.5e-05 0 3e-05 3e-05 0 4e-05 0 2e-05 4.5e-05 4e-05 2.5e-05 2.5e-05 2.5e-05 4e-05 0.000175 0.00087 0 2.5e-05 0.00231 0.00298 3e-05 0.001525 0 0.000545 4.5e-05 2.5e-05 0 0 2.5e-05 0 0 0 0 0 3.5e-05 0 1.5e-05 0 3e-05 0.002695 0 4e-05 0 0.003245 1.5e-05 0 0.00013 0.003975 0 0 0 0 2.5e-05 0 0.00159 0.005555 0.013025 2.5e-05 3.5e-05 0.001725 6e-05 4e-05 4.5e-05 0.000105 0 3.5e-05 3.5e-05 0 0 0.01066 0.00445 0 3e-05 5.5e-05 3e-05 2e-05
3.5e-05 0.00417 0.01064 0.008795 3.5e-05 0.00093 3e-05 0.00033 5e-05 0.00216 0 0.00827 3.5e-05 4.5e-05 0.001105 0 0 0 0 0 0 0 0.001185 0 0.002445 3.5e-05 0.00253 0 0.0011 4e-05 0.000485 0 0.0081 0 0 0.00063 0 5e-06 0.001505 4e-05 0.0044 0 0.004685 0.00175 1.5e-05 0 4.5e-05 5.5e-05 0 0.00244 0 0 0 0.00447 0.006135 2.5e-05 5e-05 0 3.5e-05 0 0 0.00109 2e-05 9.5e-05 2.5e-05 1.5e-05 0.00076 2.5e-05 2.5e-05 0.0032 8.5e-05 3.5e-05 0.01125 0 0.002775 4e-05 0 0.005535 0 0.00466 0.00464 2e-05 0 0.00367 3.5e-05 0 0 0.0073 0.00623 4.5e-05 0.003455 2.5e-05 0 0 0 0.01033 2.5e-05 0.00591 0 0
0 0.00202 0 4.5e-05 0 2.5e-05 0.005375 9e-05 0 0 0.00291 0 0.001745 0 0.001995 0.00018 0.000105 0 2.5e-05 0 5e-05 2e-05 4e-05 2.5e-05 4e-05 0.00017 3.5e-05 6.5e-05 0 0 2.5e-05 0.003515 3e-05 0 3e-05 3e-05 4e-05 0.00198 1.5e-05 0.00435 0 2.5e-05 0 0.007315 5e-05 0 0 0.01882 0 0 5e-06 4e-05 0.007615 3e-05 0 3e-05 0.007935 0.001155 0.013935 4.5e-05 0.00417 5e-05 0 3e-05 0.00036 0.00828 0 8.5e-05 0 2.5e-05 3e-05 2.5e-05 8e-05 0 5e-06 0 0 3e-05 2e-05 7e-05 4e-05 0 0 0.000485 0.00148 4.5e-05 0 6e-05 0.001875 4.5e-05 0 5.5e-05 0.00219 1.5e-05 0.00055 0 0 0 0.005145 3.5e-05
