69 41 7 43 96 59 36 13 95 50 56 94 79 48 52 92 32 2 90 17 81 64 25 78 83 75 12 70 22 88 82 1 30 31 74 10 97 77 37 60 19 23 15 39 11 76 72 73 6 67 53 40 66 35 86 28 65 49 26 16 93 34 57 27 44 62 5 68 24 38
75 63 31 48 55 73 77 60 17 53 89 69 22 29 54 34 74 35 33 72 36 39 19 5 79 20 26 52 25 50 8 51 23 37 49 15 46 71 47 16 65 83 27 1 45 93 66 12 99 76 92 81 96 70 95 6 40 90 43 28 86 57 21 82 30 44 7 94 10 24
81 28 17 34 88 76 59 32 69 66 80 84 30 33 27 50 38 25 43 79 51 63 57 12 23 7 73 72 49 44 14 93 21 56 16 37 41 18 35 64 97 78 85 74 11 62 46 13 36 92 0 77 39 8 53 95 65 83 20 2 58 15 98 47 4 1 55 10 87 61
96 11 10 66 38 56 2 76 72 71 70 20 13 47 5 99 74 37 68 97 65 94 9 4 40 89 43 26 93 52 98 32 64 19 59 87 45 14 75 48 79 95 17 33 6 42 61 50 7 63 36 54 69 24 25 77 34 53 55 84 27 16 60 91 29 57 35 39 49 78
85 94 74 50 89 26 62 16 25 48 71 0 55 75 2 51 64 15 58 66 65 38 61 93 39 1 82 45 60 56 8 96 40 17 53 99 5 24 28 63 11 57 30 87 90 12 59 95 97 13 98 33 54 37 41 31 69 22 86 68 67 81 35 7 20 10 76 91 3 21
76 31 12 2 86 52 13 45 66 75 44 39 46 43 53 68 20 15 69 14 6 42 74 33 83 99 16 5 18 23 51 54 95 87 24 78 7 60 59 40 27 71 50 30 21 48 80 38 94 17 34 25 96 3 89 85 79 65 98 93 36 26 91 67 63 70 61 84 37 35
0 78 50 85 22 47 75 35 62 48 43 32 41 53 61 89 3 49 93 23 10 8 46 36 98 5 52 51 27 31 7 42 65 73 38 88 57 11 67 68 69 17 9 92 25 81 30 13 64 33 79 63 2 82 59 12 45 56 15 58 60 18 54 40 80 90 6 26 74 87
39 53 92 24 77 61 19 71 46 47 6 67 42 87 28 8 45 80 13 38 2 88 49 20 62 51 35 85 15 70 34 66 12 30 91 11 22 98 9 57 63 0 3 75 76 52 50 95 31 86 79 1 5 18 21 65 55 81 26 44 37 56 69 33 27 74 25 23 36 43
25 14 69 15 81 55 72 66 85 71 87 48 2 51 36 70 33 82 7 77 53 45 12 8 27 40 95 41 21 79 92 98 75 19 6 18 65 68 93 86 34 39 46 80 16 57 29 44 76 4 58 20 67 0 99 54 90 96 47 35 38 83 91 30 97 78 59 3 94 23
81 98 97 51 18 69 53 30 48 64 2 43 44 59 74 61 4 13 82 88 70 68 5 87 22 32 16 66 45 7 3 9 80 1 0 31 23 26 85 20 29 24 50 72 41 11 6 57 75 15 58 55 12 67 60 33 25 62 86 95 71 19 17 90 14 42 56 10 37 28
52 40 36 74 67 58 47 0 43 55 5 6 44 63 92 91 64 34 13 54 77 12 99 70 86 79 33 83 20 66 94 60 28 80 9 18 23 98 97 88 15 11 49 24 48 37 84 4 68 75 19 93 10 21 51 72 45 17 69 16 22 87 2 59 32 29 89 35 65 62
73 33 99 41 48 34 83 40 13 65 91 23 36 66 49 82 97 55 90 8 56 94 9 46 78 1 75 50 4 74 89 45 84 30 12 44 28 72 26 71 93 57 39 20 14 96 85 54 69 16 31 35 37 17 10 32 21 68 87 77 98 18 64 0 79 27 51 38 19 58
80 82 43 52 22 49 8 0 20 78 59 73 84 88 16 55 76 4 99 11 58 93 24 71 54 45 39 50 75 41 19 86 95 56 2 89 35 18 96 47 66 34 10 28 6 26 91 46 30 38 31 32 98 77 68 44 60 7 21 13 85 92 81 72 94 36 51 87 25 5
54 53 57 22 98 47 29 60 58 19 31 89 95 39 15 25 11 6 41 2 49 59 83 73 27 13 82 45 4 10 36 18 68 17 20 77 85 92 99 87 90 56 96 33 55 44 1 79 71 23 37 67 38 28 51 93 70 86 48 75 5 21 81 88 40 64 14 46 52 16
13 0 7 44 17 70 65 64 98 83 66 31 49 85 74 72 30 59 94 97 3 28 67 11 80 71 38 41 4 96 51 9 45 86 46 6 60 36 27 93 34 33 68 43 1 39 58 48 54 42 5 37 35 62 16 22 87 76 57 21 78 90 14 63 55 75 47 91 12 40
5 31 57 43 6 30 98 52 95 35 58 94 9 34 50 70 81 72 90 76 42 88 61 77 20 85 0 96 97 71 53 82 19 23 55 59 33 84 51 17 13 92 22 54 49 46 48 38 32 8 27 11 99 63 73 45 44 18 75 65 91 89 15 56 62 26 25 78 87 2
23 75 64 8 84 96 13 97 28 95 99 3 74 85 92 81 63 22 33 51 2 91 55 12 68 9 94 29 58 98 82 10 1 14 50 80 90 38 65 46 15 67 34 88 6 77 37 5 24 18 59 25 16 89 40 62 53 87 17 47 26 70 57 79 52 21 86 36 11 61
16 37 82 0 70 65 66 44 78 12 49 50 41 93 88 24 47 90 79 99 35 73 77 28 97 14 98 96 11 3 85 75 94 8 52 30 10 48 62 32 54 59 15 68 17 58 63 42 22 67 81 61 6 1 33 53 27 7 55 46 13 21 25 56 31 57 51 64 71 26
71 27 67 20 99 1 40 90 43 91 46 24 7 88 13 70 33 4 19 15 54 62 41 25 69 76 29 5 48 17 83 93 16 8 0 18 10 79 12 6 42 22 86 26 81 60 30 65 39 34 82 38 87 28 11 31 23 96 59 66 64 14 21 85 78 72 57 49 97 3
52 25 45 19 22 46 94 63 34 80 88 92 64 2 10 41 28 1 39 49 66 53 11 0 65 97 93 84 75 78 43 35 82 48 5 58 17 54 3 6 47 71 4 62 29 16 87 8 24 74 83 30 33 68 69 95 27 26 20 76 40 50 36 85 79 67 96 21 86 56
42 18 16 90 27 62 95 25 80 8 44 32 23 98 58 88 6 97 30 12 24 54 52 64 87 14 3 26 2 81 86 17 20 73 82 99 13 63 40 91 59 29 37 46 96 28 51 33 22 93 84 55 65 0 53 83 49 61 68 94 21 19 31 66 41 10 43 57 7 92
48 10 98 94 25 44 36 74 83 26 41 38 92 27 67 69 45 73 62 33 28 53 76 51 13 5 82 55 34 61 88 20 21 57 75 49 99 52 40 35 18 4 32 50 6 80 68 31 96 12 71 66 58 9 60 11 42 93 85 64 2 29 79 72 78 1 47 43 95 37
23 80 7 20 50 9 3 26 40 22 12 78 21 56 6 31 85 94 91 66 1 83 93 69 43 44 35 47 14 48 10 0 52 16 71 29 58 72 18 77 57 55 8 67 24 96 27 62 32 70 60 90 88 89 15 49 33 19 73 5 82 64 74 17 86 75 81 76 63 95
83 1 0 66 27 93 36 77 87 94 25 40 54 81 90 2 65 19 52 11 75 91 79 26 39 95 73 97 50 14 20 49 61 82 32 72 43 44 64 63 46 84 5 23 10 53 9 74 16 18 80 56 33 15 58 51 71 12 34 38 59 24 78 7 29 41 22 45 69 88
11 31 41 53 48 88 78 5 8 91 81 82 4 72 79 3 44 94 99 30 54 60 51 87 46 22 55 35 34 97 18 13 65 47 58 14 10 9 43 90 74 68 59 85 28 36 7 89 20 38 50 71 93 52 67 61 66 64 29 33 75 6 1 76 49 45 24 12 83 19
4 83 9 17 46 98 84 82 51 18 45 41 61 50 74 0 71 75 53 91 97 65 94 43 60 11 90 42 27 96 44 24 55 78 79 52 19 2 66 93 86 87 32 35 77 22 59 12 64 76 89 62 81 67 5 72 68 16 26 85 21 10 23 37 95 39 31 13 25 14
16 95 6 78 7 92 34 51 23 62 36 75 8 87 99 12 19 26 79 11 29 28 1 22 86 38 14 31 17 47 91 54 84 85 52 80 2 70 81 60 49 82 58 33 98 61 3 59 46 4 69 35 50 64 39 76 72 56 27 71 73 15 30 65 68 13 44 97 48 93
17 6 70 69 68 23 99 50 80 10 49 71 65 0 41 76 31 9 19 75 87 66 25 84 62 22 3 14 38 67 90 81 93 55 27 64 54 5 78 2 83 53 73 15 86 48 32 16 43 59 51 82 47 12 11 35 30 52 56 94 89 39 33 20 7 42 72 85 40 13
6 91 7 62 14 48 88 50 68 93 19 46 0 99 41 13 23 90 53 63 70 42 43 98 94 95 38 79 39 21 86 16 29 67 84 92 66 58 83 34 81 18 28 33 24 80 56 77 9 74 17 87 69 72 32 71 30 54 97 12 22 73 57 96 27 20 26 3 51 47
31 45 3 14 38 64 32 70 9 37 77 20 8 95 27 82 48 40 67 84 47 19 56 36 62 63 66 83 72 92 12 43 25 74 76 80 65 16 35 18 2 41 94 0 10 5 87 78 11 33 90 81 54 7 61 42 26 15 98 73 34 4 60 58 79 75 29 71 97 44
79 45 21 52 29 71 62 70 69 50 75 83 77 1 48 32 57 44 15 18 74 25 61 84 58 0 49 27 93 56 36 78 20 24 88 33 34 46 26 4 68 92 42 89 17 19 67 63 8 23 82 95 28 91 43 7 76 35 60 11 47 6 55 14 12 9 5 10 98 86
3 1 69 60 70 7 95 87 50 16 11 52 12 48 37 21 80 85 18 94 65 99 57 32 9 5 29 13 46 79 27 24 36 78 59 43 74 30 25 75 17 68 92 64 28 61 23 76 8 93 47 62 40 45 81 41 19 98 22 55 63 31 14 54 72 0 42 77 26 86
44 33 43 26 32 13 29 97 28 39 64 22 77 70 51 65 49 4 89 73 76 54 94 31 45 72 92 52 80 61 78 60 38 10 85 7 81 96 9 21 40 53 93 74 30 69 66 71 50 18 98 55 75 3 20 17 67 24 37 2 5 14 15 86 46 36 57 34 6 1
41 7 17 31 19 34 35 83 45 9 44 71 89 63 2 0 21 4 37 62 72 22 81 75 47 84 20 99 69 49 25 68 32 73 14 65 18 10 90 60 78 79 57 27 43 98 8 30 74 46 53 42 67 64 6 61 52 97 66 59 86 24 77 55 80 23 51 82 11 16
15 78 5 4 3 37 41 48 86 33 60 80 98 27 54 69 34 38 68 10 71 94 53 16 35 22 43 1 72 82 7 66 17 99 24 79 18 89 74 81 84 49 44 91 9 32 97 30 52 88 64 0 77 57 95 11 75 59 28 23 70 19 62 87 46 36 6 42 51 50
63 70 46 7 86 53 87 22 20 24 57 29 41 1 47 79 17 54 55 34 33 16 35 69 42 2 77 0 32 62 51 59 50 93 88 8 48 89 73 83 99 58 31 56 82 15 43 30 26 90 71 38 6 21 95 91 9 67 80 40 81 23 36 52 94 27 75 85 4 25
37 93 66 32 62 10 69 7 2 60 57 33 34 30 82 90 6 79 75 74 15 47 71 13 61 49 58 22 67 14 48 77 11 21 50 31 24 28 54 19 64 68 94 46 99 20 96 25 27 52 45 91 92 56 86 5 73 0 4 97 23 87 63 65 53 9 89 59 26 3
49 0 83 57 89 29 78 72 37 14 27 40 71 45 48 21 15 92 77 39 88 73 53 66 3 84 64 33 56 68 30 8 19 32 36 98 28 90 76 26 20 85 81 50 22 31 6 4 43 70 93 12 60 87 2 9 95 51 79 38 58 94 1 96 80 7 16 74 5 99
61 1 3 36 29 86 88 44 80 39 12 8 34 95 17 58 33 31 23 15 53 93 9 59 18 13 89 6 51 74 55 87 57 56 14 48 91 10 90 97 82 84 77 75 78 79 25 73 52 83 7 11 99 32 49 67 35 66 54 38 72 4 85 5 92 41 42 16 65 43
73 94 97 20 44 56 85 4 54 26 83 16 96 90 61 8 29 92 72 53 45 34 60 10 49 86 24 95 11 91 78 14 33 93 36 65 19 43 57 59 5 77 74 66 9 80 25 21 0 48 63 22 81 27 76 67 23 89 18 55 62 84 51 15 79 6 12 13 58 70
17 92 82 52 65 69 83 9 70 62 32 59 35 81 0 50 39 84 49 19 8 68 7 93 97 38 56 55 21 18 88 72 16 96 42 1 91 34 73 43 89 47 41 40 94 13 20 61 78 90 4 60 66 22 45 80 98 87 37 77 11 10 15 54 25 46 76 28 27 44
0 40 62 99 67 70 79 73 33 22 24 51 58 30 37 17 64 89 74 76 31 1 90 98 72 68 32 42 55 60 87 14 21 9 28 19 92 86 48 7 46 39 61 35 38 10 23 91 95 2 18 69 6 50 25 82 3 47 94 59 49 84 66 36 27 71 5 81 63 44
45 0 53 96 76 82 57 14 29 74 7 87 78 34 51 27 50 6 58 8 4 67 25 80 47 3 75 32 88 72 70 83 95 49 89 60 48 12 19 98 43 97 38 37 26 23 86 16 2 44 59 20 24 56 64 54 69 77 17 42 36 65 55 81 66 39 9 10 79 93
69 47 99 2 48 59 92 42 45 72 65 84 21 5 78 63 27 11 60 71 7 96 39 9 28 85 55 0 49 52 31 81 34 66 33 38 6 40 73 15 16 94 22 77 57 50 4 56 13 91 74 10 88 87 75 82 41 79 20 53 29 37 18 14 32 61 24 26 93 19
63 21 27 64 83 48 17 4 25 87 61 67 42 49 37 53 66 75 56 95 91 41 20 35 86 55 81 28 14 46 93 38 73 82 44 79 31 9 26 47 89 16 80 51 43 22 24 78 72 60 10 84 39 94 7 15 32 69 50 85 96 62 88 59 19 5 8 11 77 29
14 31 47 26 99 12 42 43 34 96 50 55 93 6 73 25 86 46 57 8 95 5 51 48 84 54 24 18 4 19 41 67 71 56 89 29 80 35 74 97 60 61 37 85 65 32 70 64 44 81 77 17 16 91 68 59 23 45 13 72 7 28 10 69 63 11 58 3 78 40
74 54 90 21 0 14 59 60 80 55 33 85 67 1 75 12 2 45 24 49 20 65 79 95 87 10 62 78 98 94 68 66 31 51 76 32 35 25 7 46 61 16 39 97 9 93 70 15 91 96 42 3 27 36 71 41 22 53 43 30 40 4 5 64 26 38 58 18 77 63
33 61 70 67 9 60 53 19 20 49 74 2 29 58 91 59 94 30 28 71 63 57 96 66 15 99 46 36 56 24 72 52 40 32 78 10 21 13 16 62 47 89 69 92 87 44 93 65 35 97 37 25 79 39 17 6 77 31 42 34 18 54 0 43 84 88 85 75 7 83
99 65 69 94 49 37 86 13 5 35 57 83 43 26 98 91 88 21 54 44 32 41 36 34 24 90 52 39 58 81 75 79 40 51 22 56 72 53 68 8 70 96 33 23 60 93 89 15 25 31 76 64 28 63 62 11 74 59 20 50 61 67 30 47 2 97 1 73 78 7
56 53 44 84 41 13 25 22 29 32 74 96 23 69 88 11 91 81 5 30 68 63 72 14 21 16 0 82 49 3 76 34 18 64 20 55 6 9 85 83 38 47 33 36 67 27 92 12 66 15 62 28 51 73 86 80 35 79 65 39 98 61 7 93 60 70 78 10 43 54
71 28 85 41 7 60 8 2 75 94 78 42 17 68 81 98 0 86 91 77 67 38 12 29 34 52 30 72 5 20 55 31 90 10 62 57 4 9 96 45 33 21 88 95 92 59 11 58 87 53 6 63 27 32 50 24 82 19 56 84 35 39 64 51 49 25 3 36 43 70
7 51 56 9 1 4 96 75 13 94 40 42 66 18 58 99 29 53 61 83 27 46 48 19 72 23 32 68 34 63 30 79 59 57 22 24 95 8 45 10 44 33 70 77 25 35 90 31 97 98 14 17 52 6 37 0 87 54 92 41 55 15 89 5 86 62 64 85 73 65
97 76 78 21 94 51 10 62 44 36 3 84 99 49 15 88 89 42 87 58 85 39 41 26 27 53 12 4 79 69 32 50 45 81 48 30 11 60 70 22 38 5 66 14 61 1 13 80 7 37 68 82 46 59 33 90 52 47 0 25 28 24 16 93 6 55 71 92 57 29
68 9 83 23 44 66 47 13 1 14 98 41 77 37 57 33 16 80 43 36 90 46 64 78 59 55 51 79 6 86 94 58 63 20 10 84 71 52 54 92 65 0 40 75 4 89 2 17 53 62 50 45 38 11 35 18 31 25 67 49 85 39 81 29 48 76 15 69 74 27
35 48 11 86 27 59 22 64 88 21 17 10 92 44 94 75 73 45 34 77 1 61 4 54 67 13 25 62 71 93 70 81 38 40 36 29 76 15 53 52 32 49 58 85 19 30 23 6 89 51 72 42 74 95 66 82 43 98 97 50 79 65 80 55 37 20 39 56 28 83
61 22 44 63 12 19 68 54 96 50 9 51 87 25 39 48 75 40 70 14 3 97 79 4 53 27 74 71 66 41 17 90 26 64 86 10 57 55 24 82 91 69 23 11 42 76 7 95 65 59 38 18 98 81 60 84 0 49 62 5 77 35 6 45 83 67 93 78 73 80
81 41 58 87 11 5 70 22 54 38 43 10 34 71 89 21 49 57 20 85 93 92 77 29 52 28 48 37 13 45 86 55 16 39 12 32 8 65 74 94 98 9 40 35 69 27 78 7 14 6 72 95 25 17 18 36 56 76 33 23 60 68 1 75 44 99 84 83 2 88
68 64 9 87 52 65 34 98 29 35 28 66 46 85 2 1 75 63 26 49 88 53 83 77 43 71 4 58 59 13 76 44 82 72 61 96 22 23 57 40 5 94 67 41 90 39 31 20 50 14 6 55 16 74 3 27 93 24 81 70 80 79 99 60 32 62 78 7 36 92
45 96 66 23 97 72 81 89 76 6 20 27 73 91 34 62 86 85 36 57 12 82 74 55 41 4 38 79 95 69 13 8 10 22 3 9 17 58 63 70 24 83 98 93 30 53 26 31 56 5 40 1 87 68 88 32 78 35 42 64 48 7 43 33 75 0 80 77 84 71
58 60 93 63 14 35 81 73 49 8 51 18 79 37 20 67 30 69 23 4 74 28 55 96 82 75 52 80 48 89 39 36 95 32 94 29 33 43 84 3 72 26 31 83 54 85 5 38 16 1 10 7 88 70 97 17 21 27 87 22 77 92 78 68 0 12 66 25 2 98
33 82 51 17 48 39 11 54 50 72 10 14 44 66 45 9 86 24 37 75 79 49 47 38 61 41 96 0 22 15 94 6 13 30 52 58 92 59 88 85 42 32 78 89 25 31 83 1 63 65 7 73 21 77 64 2 26 67 98 57 99 3 95 40 36 62 81 19 8 5
48 28 97 75 5 86 68 50 33 35 31 54 85 19 82 36 90 12 47 70 4 59 62 76 72 38 20 57 21 88 49 24 9 80 81 40 73 16 44 51 1 87 39 2 29 41 7 96 6 95 58 92 89 32 55 3 99 91 65 22 0 30 67 8 79 45 98 25 10 78
99 97 21 73 54 40 91 89 79 31 44 35 92 27 42 71 16 87 18 47 93 67 77 1 28 55 7 15 61 56 88 83 70 62 46 23 33 84 8 68 22 95 69 2 36 63 50 30 32 98 49 41 58 52 9 12 60 59 5 53 78 72 82 64 75 85 96 29 65 81
83 2 48 37 74 5 92 11 68 87 75 79 19 42 56 12 51 50 60 22 30 71 0 23 97 46 57 86 88 16 39 52 13 54 44 32 85 28 78 76 17 67 26 95 82 91 33 15 21 8 36 27 1 61 93 66 69 38 24 34 41 72 62 96 14 20 58 80 70 49
13 23 17 12 46 61 74 95 8 56 64 81 47 0 34 2 97 37 99 96 26 86 70 16 39 69 52 22 29 91 49 1 62 30 35 57 55 54 33 28 27 77 98 15 45 76 50 25 31 85 53 78 14 66 3 58 7 73 36 41 21 40 87 4 42 11 84 59 20 80
8 4 39 69 34 40 53 2 93 23 46 1 19 9 83 36 25 47 61 76 29 12 92 14 70 68 38 62 79 64 50 30 85 90 52 81 95 33 75 51 89 11 97 73 66 96 65 58 88 72 21 94 16 20 56 71 67 42 6 43 91 82 28 10 31 37 84 35 98 63
59 17 36 3 15 73 80 43 13 24 42 93 48 95 46 41 7 84 53 70 45 26 27 74 60 61 37 83 39 75 14 51 86 47 11 44 29 81 32 16 20 68 76 65 35 55 77 18 71 90 25 57 1 97 62 96 66 94 34 52 50 82 92 56 8 88 5 67 21 9
40 51 67 62 98 38 29 47 43 86 30 76 81 73 56 49 24 71 96 33 6 32 84 16 23 5 28 58 18 20 89 4 95 2 85 63 78 79 31 88 72 21 44 53 70 91 99 57 93 1 35 83 36 14 41 26 61 3 22 75 54 39 94 66 10 19 59 60 80 13
30 15 77 86 59 85 37 81 91 98 19 40 22 57 64 14 2 67 3 27 32 21 46 13 62 84 51 39 71 4 78 50 47 25 89 72 1 97 36 63 76 93 92 26 18 5 23 29 49 6 38 11 33 16 9 83 0 53 70 52 68 88 12 35 99 58 8 45 10 95
30 65 75 39 55 40 46 82 2 79 50 47 93 31 80 36 72 90 42 43 71 44 91 1 94 81 29 68 89 19 12 95 21 17 97 28 15 26 98 99 9 18 57 58 14 48 69 78 38 49 34 7 96 10 52 59 32 5 24 16 86 62 37 45 60 88 13 4 22 11
76 86 21 81 55 62 57 13 9 3 56 98 12 41 73 22 83 65 99 80 94 60 89 25 61 52 85 70 16 67 30 45 78 38 90 82 17 4 63 6 53 10 75 15 32 50 2 31 87 47 92 11 34 23 64 19 8 7 44 54 69 68 26 72 91 39 48 66 14 96
50 19 56 28 76 53 0 6 74 35 89 85 63 22 65 95 27 43 20 23 30 40 62 46 98 59 12 34 26 9 92 54 24 1 44 8 51 93 78 66 39 25 55 61 69 18 2 90 37 58 4 10 17 45 71 38 79 7 41 31 13 11 48 21 3 68 70 88 5 14
19 70 59 25 52 61 6 23 88 40 18 9 93 86 36 3 66 7 4 94 47 26 71 89 79 92 95 84 69 1 82 75 96 35 51 37 21 68 49 43 22 15 65 85 10 48 46 16 45 58 20 8 99 24 62 78 83 44 34 97 28 17 41 74 80 27 53 32 64 42
70 61 12 6 62 38 48 28 63 16 26 5 69 41 74 65 89 99 1 35 3 77 72 53 81 66 52 37 79 14 17 46 19 30 33 88 94 47 55 15 34 23 97 24 2 43 80 59 8 39 76 13 44 96 40 71 20 83 18 75 73 51 57 92 4 85 36 87 31 54
32 2 6 63 57 36 70 75 86 34 42 37 3 52 96 66 84 9 71 14 60 62 97 64 29 87 99 20 58 31 93 39 1 28 90 82 51 59 27 56 80 26 45 25 33 11 24 44 54 55 67 47 7 13 43 53 98 89 73 68 12 23 78 77 0 38 92 81 19 95
0 41 27 48 94 4 59 62 98 56 9 28 17 93 81 97 51 77 79 69 86 73 74 31 85 70 42 24 53 61 33 7 14 64 95 78 47 82 22 88 44 65 30 76 36 10 92 37 40 3 91 29 50 15 87 11 26 55 84 43 80 2 99 52 66 96 68 60 35 58
85 55 48 34 98 84 68 37 11 32 16 70 95 62 29 51 80 27 23 21 30 33 8 13 66 43 6 88 18 63 45 38 24 81 90 46 14 53 82 20 25 44 1 12 89 54 7 96 52 4 50 39 60 78 19 59 40 15 94 41 47 2 74 67 36 76 72 28 42 83
56 28 65 0 81 39 4 20 86 53 42 36 16 63 44 55 47 17 35 66 12 30 59 69 94 83 41 14 9 37 5 87 38 72 51 85 93 80 60 15 96 18 64 19 82 77 89 67 10 3 61 40 62 74 26 92 68 6 31 79 24 84 46 57 33 49 2 29 13 25
91 8 33 66 57 20 52 42 18 44 34 7 69 87 88 54 30 40 25 94 84 19 46 99 49 28 24 3 64 93 56 17 83 12 1 48 71 50 58 75 53 11 78 45 98 9 74 14 15 26 79 4 62 63 41 60 47 21 72 76 70 13 77 37 32 16 89 36 61 97
14 28 69 4 70 30 64 78 48 96 97 41 52 26 12 57 42 85 76 38 37 56 43 67 72 54 60 50 88 6 51 90 82 86 62 68 49 66 83 65 80 77 44 87 45 2 22 47 46 63 13 18 36 40 8 9 19 34 11 81 21 20 25 33 84 73 27 3 0 61
24 96 31 79 50 76 59 35 43 83 42 25 62 28 51 0 29 5 20 8 15 22 71 37 44 26 2 38 16 3 63 95 87 70 17 33 84 32 89 58 82 23 6 21 11 57 69 47 81 66 99 53 40 30 9 72 90 65 75 78 39 77 46 74 41 64 98 45 18 85
86 90 12 53 0 14 69 22 49 42 16 41 45 50 52 57 36 39 80 28 13 1 56 5 20 89 15 83 32 64 11 30 8 18 74 72 7 6 67 79 85 3 46 70 94 99 55 25 10 47 87 58 54 48 21 33 51 27 73 43 82 91 96 76 95 62 93 77 35 59
58 53 22 20 90 32 7 54 89 18 59 68 79 96 40 83 74 2 34 93 9 31 67 55 1 19 98 44 60 57 51 78 86 29 42 69 97 62 41 63 24 46 82 52 12 76 35 45 66 77 43 14 94 80 13 87 33 91 11 15 70 23 47 95 92 71 50 16 48 4
8 59 60 84 96 22 4 24 39 20 52 12 29 89 35 31 10 55 71 48 81 64 94 37 41 76 25 45 43 82 86 36 46 51 83 15 88 2 6 95 19 47 32 23 49 27 56 57 38 42 34 92 14 65 97 53 5 16 98 3 67 50 91 30 28 63 72 40 73 44
33 54 15 37 80 49 58 12 74 18 31 56 67 95 42 27 43 11 63 23 32 90 45 8 7 9 61 24 16 79 28 5 26 40 71 60 98 96 4 46 17 22 20 83 81 94 14 21 38 88 82 89 30 91 19 69 73 47 72 76 97 50 59 35 10 36 62 34 25 53
31 3 40 20 9 24 94 87 33 84 58 8 76 2 50 15 88 75 7 62 66 35 81 89 11 72 30 45 69 37 96 14 54 80 61 83 4 79 74 53 39 90 73 27 63 71 65 47 13 42 0 51 22 25 95 19 93 12 43 36 21 77 86 78 5 97 64 70 92 85
90 62 16 27 66 8 42 21 97 18 58 33 65 17 6 24 54 19 53 32 86 80 34 96 60 25 4 72 41 30 35 7 77 92 44 43 39 0 12 3 5 22 63 40 10 23 28 13 55 57 88 91 93 26 45 31 81 14 89 75 74 79 52 15 76 87 69 99 67 51
54 65 36 14 58 52 92 85 5 2 48 76 64 78 24 42 34 46 90 75 10 66 11 21 94 44 26 59 28 47 35 30 51 61 80 62 71 0 79 23 89 96 83 32 25 39 27 19 88 4 20 84 18 77 3 68 70 22 49 60 73 9 72 12 97 13 50 15 98 29
20 34 55 73 81 9 19 23 61 70 51 48 93 90 43 60 59 84 1 4 25 38 57 42 27 24 80 3 56 49 17 13 7 16 54 41 95 79 21 72 58 63 5 75 76 44 2 62 92 97 85 18 50 82 10 6 98 26 45 47 32 28 77 68 86 46 29 52 66 15
50 87 30 49 92 75 11 78 58 9 16 35 79 83 26 33 84 25 23 22 27 65 82 19 1 63 69 3 62 70 41 53 48 31 37 38 8 18 2 81 73 99 32 24 59 36 13 56 7 55 57 60 51 74 90 10 80 97 95 98 96 86 0 29 68 93 4 14 34 94
32 23 22 36 97 56 40 65 49 58 72 71 42 66 74 52 28 63 26 46 11 10 69 53 17 60 88 1 34 3 20 8 68 9 43 48 81 92 62 37 93 76 89 59 80 61 38 87 95 55 30 73 86 82 64 29 77 91 94 44 12 2 84 99 6 78 16 85 79 19
95 37 2 56 62 54 18 86 31 45 38 90 35 94 0 67 81 8 10 24 17 1 63 60 76 64 85 13 19 26 12 33 80 21 65 78 40 74 71 92 11 3 9 58 14 48 55 49 52 43 77 50 28 34 39 98 61 53 75 42 25 57 84 96 82 27 59 23 47 5
93 41 88 9 27 74 91 14 56 38 59 13 30 32 97 81 45 64 50 47 26 44 85 75 48 43 55 80 82 1 54 19 18 12 92 84 53 83 98 63 34 71 17 15 3 2 77 67 6 42 40 94 29 16 23 78 25 65 69 52 62 68 89 0 20 86 39 7 72 87
25 89 82 52 60 28 91 34 77 35 67 85 95 31 42 50 33 27 10 15 20 0 69 81 59 86 54 96 51 11 71 7 14 40 62 75 36 88 38 23 76 93 68 44 29 72 92 45 43 47 65 22 97 26 94 61 41 30 99 39 78 12 24 3 70 5 55 84 21 79
7 88 71 26 72 55 24 15 39 8 4 57 50 29 31 54 74 47 34 22 70 40 99 73 35 62 46 32 6 10 86 49 65 92 60 59 95 84 38 97 69 68 93 52 77 0 66 13 58 41 17 42 76 83 80 18 21 19 89 85 94 81 56 67 33 25 16 51 44 98
56 79 8 45 47 15 6 74 84 41 42 70 27 66 89 78 63 69 58 4 28 54 80 87 48 50 19 57 85 67 17 39 99 40 88 97 23 36 3 76 33 96 5 86 94 26 72 68 46 51 18 75 62 55 37 95 60 9 25 22 34 7 82 35 73 83 44 81 61 30
38 58 90 1 98 66 28 9 93 97 47 26 62 19 25 61 35 64 68 29 43 72 88 12 49 21 54 79 30 45 18 6 67 77 44 94 15 32 34 7 22 20 53 59 0 74 40 73 36 75 10 87 33 95 63 51 48 17 55 99 78 14 76 13 83 24 69 65 3 46
10 32 36 47 91 87 55 92 27 78 83 95 69 5 90 29 80 21 58 89 17 39 72 65 62 37 4 42 79 33 19 3 1 34 52 59 99 54 86 67 23 11 20 75 77 41 74 76 18 46 49 71 51 40 43 50 56 63 45 60 66 6 0 38 7 70 82 13 12 31
50 78 49 36 37 98 70 66 5 24 91 26 48 93 58 20 7 77 67 31 60 25 85 10 0 51 79 96 35 89 46 40 22 44 33 82 56 65 92 73 1 83 87 81 42 27 62 32 39 23 84 12 34 15 43 75 4 74 80 45 69 95 54 47 9 76 30 17 38 13
59 41 96 66 44 23 1 93 94 90 29 72 95 7 48 79 68 37 78 27 62 74 82 58 49 45 89 98 39 64 70 42 73 85 16 28 25 0 65 87 60 75 61 2 57 53 50 56 40 47 55 71 84 36 38 67 21 34 18 15 10 6 54 14 51 26 76 20 17 43