0.008141152964
0
0
0
0.0337660288
0.01941392958
0
0.001877320108
0
0
0.02191976692
0.02346242835
2.64E-02
0
0.003995597077
0
0
0.02478100443
0.009517868981
0.01314404482
1.18E-02
0
0
0
0
0.01089391914
0
0
0
0
0.03418557141
0.02456100019
0.01770257185
0
0.01283789997
0
0
0
0
0
0.01995240344
0
0.002337774463
0.005058869078
0.05282146798
0.01268230513
0.03702132236
0
0.0001096998608
0.002375112594
0.0152512111
0.0602454207
0.0423922551
0.02616440163
0.02351597591
0
0
0.002863105937
0.04604537665
0.04033896968
0
0.04323393137
0
0.02047021386
0.02993829741
0.01067216467
0.009711346024
0
0
0.01882729837
0
0
0
0.00964606415
0.0154503845
0
0.01604782929
0
0.00E+00
0.01382333797
0
0
0
0
0
0
0
0.02799396819
0
0
0.004670914697
0.01188641991
0.001933201939
0.02800618437
0
0
0
0
0.01496806282
0.03511895646
0
0.01219182376
0.04807122056
0.01937792821
0
0.0162999676
0.02847996273
0.006128243041
0.02223001974
0
0
0.0333853579
0.0040704815
0
0.02968557773
0.01327530748
0
0.01226747761
0
2.25E-02
0
0.003154408283
0
0
0
0.01411291405
0
0
0.04059533952
0.03221157252
0.0308652909
0.006504448646
0
0
0
0
0.02508501416
0.007374098358
0
0.02184245158
0
0
0.03668030582
0
0.02432396097
0.008470789794
0.01010055699
0.03796776352
0.01944865311
0
0
0
0.004985340214
0.03406189534
0.02100218332
0
0.02316444457
0.00798846562
0
0
0
0
0.03199139571
0
0.006657199284
0
0.0002274968729
0
0
0.01321487463
0.01117788307
0
0
0.003322588139
0
0.02464584667
0.01783533136
0
0.0139045829
0
0.04684098352
0.000309838293
0
0
0.01359391431
0.01875627039
0.00486938148
0
0
0.003078476698
0
0.03576320042
0.01204254353
0.009895654398
0.01961690852
0.008154309047
0
0
0.0262211755
0
0.01108384203
0.02250679652
0.0008609505032
0
0.03199626706
0.01329223833
0
0
0.007299877911
0.03135466358
0.0108506358
0.01653740679
0
0.001396945028
0
0.03450987925
0
0.03002899486
0.03415259594
0
0
0.02891362564
0
0.05323285919
0.02740284723
0
0.04784780568
0.01401232034
0
0
0
0.03231951478
0
0
0.05010381242
0
0
0
0
0
0
0
0
0
0.01349288867
0.01609907702
0.007370465858
0
0
0
0
0.003291058895
0
0
0
0
0
0
0.0253940787
0
0.005347826546
0.0637559941
0.00E+00
0
0
0
0
0
0.02849225908
0
0.02282044113
0.06062495848
0.003661708304
0.01382687037
0.03528500855
0
0.03854294163
0
0
0
0
0
0.005582816942
0.04076360279
0.01882138022
0.00E+00
0
0.01239413384
0
0
0
0
0.02827181406
0.01903875839
0
0.006876287968
0
0
0
0.03054174956
0
0
0
0.03525417844
0
0.02848881572
0
0.03088945157
0.001061384349
0
0
0.006102475431
0.01697068259
0.007690383788
0
0.01140982464
0
0
0.042802509
0
2.35E-02
0
0.007779876943
0
0.01220728393
0
0
0
0.009617980365
0.009893804716
0
0.0198445533
0.001922805978
0.04761184315
0
0.01951589687
0
0.01182436101
0
0
0.02468995768
0.03900215251
0.02723598454
0.02995959153
0
0.03340703542
0
0.001227383344
0
0.01439938729
0
0.03755114577
0.0230475432
0.01189211217
0.018632924
0.01439281642
0
0
0.01934507215
0
0
0
0
0
0.01914804384
0.03888122978
0.02401204939
0
0
0
0.01095963673
0.02649989836
0
0.03219307856
0
0
0
0
0
0.001266865203
0
0.0176140191
0.01414877422
0
0.01305806491
0.0276069777
0.02354234857
0
0
0
0
0.01094990989
0.001234729262
0
0.03884761105
0.002253882241
0.05110460414
0.007476475184
0
0
0
0.004021503386
0
0
0.001711529473
0.03313054775
0.04342631184
0.01667145818
0
0.02560562484
0.01874530912
0.01515932404
0.009023715923
0
0.01373415098
0.01253873209
0.002407058204
0.002702656745
0
0.004414560758
0
0
0.05480492782
0.03539172336
0.02035814202
0
0.02995136965
0.008701403179
0
0
0.0009107979368
0
0.06470360056
0.02024331261
0.004960544022
0
0.01396223796
0
0
0
0
0.02131769998
0
0.003537252685
0.01405251752
0.003137323218
0
0
0.0007658538527
0.02870488481
0
0
0
0.02722480577
0
0
0.006696996987
0
0.01499451221
0.04164048431
0
0.05004152485
0.01174582579
0.001091752804
0
0.006706248872
0
0
0.04881794145
0
0
0.008548152589
0.02068989373
0.02547803725
0.01037730751
0.02149232713
0
0
0.02189956608
0
0
0.005232662331
0
0.03811142779
0
0
0
0.01929931411
0.01305106603
0
0
0.04416918442
0
0
0.0003208833448
0
0
0.004491124292
0.02908288583
0
0
0.01433550438
0
0.03188122384
0
0.007444417225
0
0.02745672891
0.02348775028
0.01796183482
0
0
0
0.002959290149
0
0.02707428167
0
0
0.03398985447
0
0.001008785269
0
0.05465882473
0.01833029026
0.001923716302
0.01010405595
0.02905472054
0
0
0
0
0
0.01213511847
0.04274922661
0.02712383252
0.01696761543
0.004675992302
0
0.01784958726
0
0.008837295891
0.02171483635
0
0.02878440084
0
0.002981968636
0
0.025044491
0
0
0
0.02903022904
0.005824808935
0
0.001326458992
0.04483158017
0
0
0.05009868258
0
0
0.001491033531
0
0.01363879941
0.0187614585
0.007910787417
0
0.03812632335
0.01178284726
0.004673515931
0.009695480211
0.0232054234
0.0152037347
0.03890681663
0.01850482618
0
0
0.01199395064
0
0
0.007425883221
0
0.01750278836
0
0
0
0
0.01164447267
0
0
0.01224474257
0.004227777414
0
0.001704157289
0.02968930399
0.01380859919
0.02113654791
0.02507332639
0
0
0
0
0.04452008379
0
0
0
0
0.05428940505
0.04258951174
0.01307791859
0.02172940189
0.02926032845
0.005195056198
0.006582827556
0.03615515381
0.005187786393
0.008868168876
0
0
0.00E+00
0
0.001184247815
0
0.03244997188
0.000174586292
0
0.007556670369
0.009442675761
0.03708023471
0
0.002372169159
0
0
0
0
0.04674159494
0.02576389612
0
0.02497372839
0
0
0.005550127899
0.01502043273
0
0.01200119617
0.0262842181
0.01400688365
0.006840465852
0.009914424286
0
0
0
0
0.01672722989
0
0.02456643638
0
0
0
0
0
0
0.02401333948
0
0.02192313449
0.01237707541
0
0
0
0.007076130178
0.02813906916
0
0.04713712224
0.02891894103
0
0.01249551105
0
0.01222102316
0
0.00693634206
0.03309095358
0.02298759334
0
0.02010306071
0.005365842406
0
0
0.001448631943
0
0.0007585001651
0
0.03387466665
0.00693203803
0
0
0.04015845283
0.02279211335
0.01461703042
0.01052659559
0
0.001351543041
0
0.001923475963
0
0
0.06052429378
0
0.03070375278
0.0202560148
0
0.02083454789
0.0115868989
0
0
0
0.06318824705
0
0.01359033966
0.0108208632
0
0
0.01454795764
0
0.04929795069
0
0
0
0
0.008340037295
0.04147582607
0.01491685966
0
0.007004535171
0
0.005899262169
0
0
0
0
0
0
0
0.01210662903
0.009653628366
0.06859257476
0.02104226062
0.01980415074
0.01216001729
0
0
0
0.02110712057
0.01633185517
0.004280073396
0.01635177469
0.01834657508
0
0.01716194725
0.01783670311
0
0
0.01457780993
0.006053863022
0.009305418178
0
0.004277045252
0.01443987665
0
0.0226188362
0.01998873959
0.02505667057
0.01607790038
0.007353151763
0.02106981516
0
0.007167276202
0.01982450936
0
0.008865754086
0
0.009082987485
0
0
0
0.04516122279
0
0
0
0
0
0
0.0371219614
0.02982494041
0.01546422462
0
0
0
0
0.03023396853
0.005396312582
0.01093815357
0
0.01176223832
0.0001961701492
0
0.05210702954
0
0.004674693041
0
0
0.04673095009
0.04093018886
0.01543815381
1.32E-02
0.01626576346
0.01662210395
0
0.01984260941
0.01137144902
0.004450734145
0
0.01954877821
0
0.02565508429
0.03862092107
0
0.01611969331
0
0
0.003761426798
0
0.02828437617
0.01237105011
0
0.001262092776
0.02891909467
0
0
0.006173402556
0.02620289225
0
0
0
0
0.02983142748
0.03538706655
0
0
0
0.03419262494
0.003080634552
0
0.0007449876017
0
0
0.01013994413
0
0.02952040692
0
0.002555172252
0
0.04050994606
0.02171964769
0
0
0.02195522168
0.01263003241
0
0.020252425
0
0.01333334043
0.006548000537
0
0.009029329865
0.01848023277
0
0.01989393072
0.002463111809
0.00206285664
0
0
0
0.0009478405405
0.02980218863
0
0
0
0.02947325153
0
0
0.006054184944
0.04880837176
0
0.003803010101
0.00E+00
0
0
0.01693388965
0.04042152568
0.01798700088
0
0
0
0
0.004605302184
0.0187226434
0.0003066026888
0.01197502337
0
0.0244622487
0.01018999323
0
0.01113831565
0
0.001297159485
0
0
0
0.0121910224
0
0
0.03339872636
0.02255225076
0.01839193057
0.06726469641
0.00E+00
0.04408921739
0.04066322275
0
0
0
0
0.06727493445
0.01323492796
0
0.006592246062
0.04170829091
0
0
0
0.00860856928
0
0.005323057033
0.007813213088
0
0.05834395566
0
0
0
0.04515104484
0.02711776517
0
0
0.04240939785
0
0
0
0.008117396295
0
0
0.02099366715
0.05334797676
0.003111885792
0
0
0.0249454849
0.01904783607
0.0008797871291
0.0028063221
0
0
0.008192987926
0.0008642679365
0.0219597313
0
0
0
0.001919316103
0.001200461326
0
0
0.008062799036
0
0.07108996041
0
0.03177029581
0.0136888709
0.01162554464
0.02457159764
0
0
0.01954061629
0
0
0
0
0.007437436818
0
0
0
0
0.00543339487
0
0.01078899178
0
0.03059851413
0.07195693436
0
0
0
0
0.01673214459
0.009273789816
0
0.0296207306
0
0
0
0
0.02645227209
0
0
0
0
0
0.03468690897
8.17E-03
0
0.01534461532
0.03333034412
0.01588977181
0
0
0
0
0.00E+00
0.04107258621
0.03080653189
0
0.001109934577
0
0.02570696311
0.01140270152
0
0.007461060476
0.004408383932
0
0.008009512613
0.0434182175
0.02951294855
0
0
0
0.0381737606
0
0
0.03134948896
0.009956457138
0
0.006832564774
0
0
0.01434078382
0
0
0
0
0
0.008661758396
0
0
0
0.002206065917
0
0
0.0643488848
0
0
0.06960667766
0
0.003598132582
0.0366584227
0
0.01421353376
0
0.02998623523
0.04695225036
0
0.01999926157
0
0.005918701683
0.03773043622
0
0
0.0350302486
0
0
0
0.01324999766
0
0.02174507257
0.02360561756
0
0
0.04228141266
0
0
0
0
0
0.03507119393
0
0
0.0148255708
0
0.01447542069
0.0370156713
0.0005768895442
0.006076648798
0.01271045362
0.02861043389
0.05963808206
0
0.02084501006
0.01770317637
0.003234440889
0.008399670677
0.01410495991
0
0.01216684071
0.01540340688
0.01132601666
0
0
0.01648663618
0
0.004927272122
0
0.003000510086
0.006476640133
0
0
0.005395769144
0
0
0
0.02791410487
0.03066658196
0
0
0.02920941143
0.01444938926
0
0
0.006451773525
0.02514165715
0.01329009395
0.01625300008
0.02779799091
0
0.008416750259
0
0.01500566784
0
0
0
0.007373922947
0.01147577905
0.0006380404294
0.04111990772
0.004256097747
0.0009050768409
0
0.00972552459
0
0.0008832202963
0.02027223464
0.007356799359
0.03208366722
0.0203615464
0.005604392614
0
0.01978433173
0.009816197862
0.02883828523
0
0
0.003177658079
0.002269972728
0.03808052085
0.01401331184
0
0.02184891291
0.000730194897
0
0.0006335952608
0.01633215851
0.005165438483
0.001510387711
0.02504358557
0.0001436488012
0
0
0.02856473088
0.0002289911105
0.005626460101
0.03850377717
0.03533783531
0
0.009871150957
0
0
0
0.04882790591
0
0
0
0
0.01980186168
0
0
0.02002030284
0.01284553358
0.0374699325
0.01331013328
0.01198198216
0.02624912422
0.002910475536
0
0
0
0
0
0
0.03395833784
0.005733041673
0.03549954708
0
0.0113136183
0
0.002579033792
0
0
0
0.03557744232
0.02416854843
0
0
0.01204056644
0
0.03986954623
0
0.03813113984
0
0
0.05188778244
0
0
0
0
0
0.009561378467
0.01849632821
0
0.01615683771
0.02575719637
0
0.04766647343
0.003948258365
0
0
0.00E+00
0
0
0
0
0
0.02384560693
0.008881763998
0
0.03933397575
0.03375539853
0.002466642484
0.002498697201
0
0
0
0.05640282386
0.005482362783
0
0.05927684422
0
0.004010144872
0
0.005007757472
0
0
0.005705020997
0.01971930399
0.009574733937
0.03524470239
0
0.01342764632
0
0
0
0
0.01735465474
0
0
0.007967669537
0
0
0.03619934346
0.01642162493
0
0.03699672006
0
0
0
0.01373624223
0.01376908647
0
0.02339325803
0
0
0
0
0.01719567118
0.008433387923
0
0
0
0
0
0.02598956235
0
0
0.01649170741
0.01317923113
0
0.006233239675
0
0
0.007473494689
0
0
0
0.001188904814
0
0.04714082932
0
0.02108420018
0
0.01493560125
0.04813897272
0
0.05121605792
0
0
0.003798735126
0
0.01013090369
0.005130941188
0.01854332519
2.22E-02
0.01915217089
0.01452952681
0.005621260544
0
0.02015908014
0
0
0
0
0.02160059995
0.03118638767
0.01364406504
0.02338547848
0.0185153972
0.0166724269
0.02665544287
0.02252560917
0.009138141978
0.04439720108
0.01259029007
0
0
0.02751751888
0.01733063038
0.00932940459
0
0.03123151075
0
0
0.02238536664
0.02234580395
0.009588320649
0.007161238953
0.0003229850896
0
0
0
0
0
0.008832262088
0
0.01608776168
0.01757124855
0.01749099059
0.01544599031
0.0149288979
0
0
0.0007576768997
0.004937142848
0.02551847955
0.04929927226
0
0.000486166817
0
0
0
0.003905460425
0
0
0
0
0
0.03826194834
0
0
0.02653031223
0
0
0.04884573699
0
0.01457256404
0.006003510513
0.02632460975
0
0.04264906732
0
0.0345978925
0.007344267709
0
0.003588721315
0
0
0.01549707083
0
0
0
0
0.0004299245661
0
0.01684512465
0.008950438989
0
0.03024357234
0
0
0
0
0
0
0
0
0.06446758171
0
0.02745815254
0.01225798541
0.06118222544
0
0.04357725124
0.03415557851
0.03896840711
0.007341934838
0.01059343963
0.01285179203
0
0.01623073889
0
0.03561263072
0.006305911062
0
0
0
0.03549922429
0.02919910962
0
0.01555993474
0.01958202134
0
0
0
0
0.02074502943
0
0.01246493947
0.00683617885
0
0
0
0
0.03314471386
0.01980671946
0.03094734491
0.01028231652
0.001526316995
0
0.00455688221
0
0
0
0.04689051949
0
0.03590168726
0.03572098991
0.01933036327
0
0
0.02268232983
0.02960657733
0
0
0
0
0
0.05742392306
0
0
0.0161187954
0.02277276248
0
0
0
0
0.00E+00
2.74E-02
0.009905357729
0.04060173036
0
0.03304825292
0.02030037251
0
0
0
0
0.0093933616
0
0.02629658341
0
0.01675905177
0.002591819488
0
0
0
0.01818525107
0.02191875467
0
0.01996464734
0
0.02932583313
0.02617115816
0
0.00E+00
0
0.04674429546
0
0.01472803379
0.01759955438
0.02112499611
0
0.0182018565
0
0.0211484934
0
0
7.58E-05
0
0
0.01722633825
0
0.001743864805
0.02542001188
0.01124518265
0
0
0
0
0.01443521204
0
0.02302750961
0.02509120937
0.007454421557
0
0.001563315639
0.02561573585
0.01213281211
0.03218719725
0
0
0
0.02055961564
0
0.03110762471
0.002805007088
0.0136720022
0.005626730431
0.02377589688
0.02282835294
0.008425179544
0.0258710857
0.02295968744
0
0.04187029772
0.03804489906
0
0.03032281473
0
0
0.004793047765
0.03526916757
0
0
0
0
0
0.00544990591
0
0
0
0
0.02573791741
1.26E-02
0
0
0.002789064532
0.03139867557
0
0.01138100131
0
0
0.02812873202
0
2.76E-02
0
0
0
0.01536925083
0
0
0
0.002080503603
0.02780640817
0.006015284385
0
0
0.02582867173
0
0.0063483279
0.0185540635
0.008684555948
0.02474046405
0
0
0.0001640196177
0.02196535019
0
0
0
0
0.00E+00
0.01480506499
0
0.04211739051
0
0.00E+00
0
0.01560560558
0
0.01719376198
0.006764728064
0
0
0
0.03696059425
0.02053181612
0.0009510818338
0.04163316652
0
0.01225777441
3.68E-03
0
0.013905032
0
0.05155468641
0.03933763262
0.01987342895
0.008677066723
0.00107394995
0.01490342747
0
0
0
0
0.01855881776
0.0007851180569
0.04580493962
0
0
0
0.03670446257
0
0.04321863815
0.01715151425
1.06E-02
0.03191821664
0
0
0.01061420723
0.00191328609
0.04625401691
0.0006093718694
0
0.001717711052
0.0108154819
0
0.007838199224
0
0.002910457154
0
0
0.01141848501
0.03215137019
0
0
0.02067093089
0.01699967954
0
0.03727317896
0
0
0
0.00E+00
0
0
0
0
0.004239831993
0
0
0
0
0.01050773289
0
0.008781065346
0
0
0.0205644816
0.02091419092
0.001138466309
0
0
0
0.00E+00
0.02909347729
0.05040477648
0
0.04103100762
0.04430623019
0.01618585281
0
0.002242286948
0
0.04155553605
0.007367032803
0
0.01241714926
0
0
0.04987276597
0.02782508693
0.04898976626
0.01765766389
0
0
0.001251248106
0
0
0
0.03783626843
0
0.01375322182
0.02440986364
0.01145004634
0.004558451855
0
0.02105296187
0.0008460593606
0.004827760683
0.01297910412
0
0.02659961964
0
0
0
0.02587313907
0
0.05027249275
0
0
0.006938197451
0
0
0.04559468377
0.01870694255
0
0.01881426488
0.02513878222
0.03408330882
0
0
0.002323900639
0.01730974735
0.008235230163
0
0.04312954856
0.007133870504
0.008064951467
0
0
0
0.007868904557
0.02985491357
0.0208169253
0.03334574026
0
0.03934020015
0
0
0
0.003610130405
0
0
0.01380463027
0.05125567093
0.0152731138
0.01564746071
0.01296946632
0
0
0
0.005698680889
0.02673512895
0
0
0
0.005440327866
0
0
0.01065501888
0
0
0
0
0.001891686842
0
0.00751655403
0.03093176096
0
0.0215135545
0.009230075084
0.03914363369
0
0
0.01307043174
0.01083295566
0.004004582786
0.01607885345
0
0
0.0208920174
0
0.01775915709
0
0
0.01976490283
0.05682820957
0.0125410325
0
0
0
0
0.04029050549
0
0.01988266256
0.008639506942
0
0
0.04014315343
0.002181665483
0.007112157361
0
0
0
0
0.02022260628
0.04085864972
0
0.01105525966
0.02056864179
0.01731110967
0.0008278285181
0
0
0
0
0
0.004702109068
0
0.02767685872
0
0
0.02740952321
0.01255295029
0.001343366072
0
0
0.009690059825
0
0
0.01452133184
0.004932078715
0.02479004924
0
0.01116542404
0.05560112937
0
0.008245866594
0
0.004631048835
0.01514383336
0
0
0.01894883577
0.01167744334
0.02056279973
0
0
0.01403118595
0
0
0.02718970925
0.008909570838
0.03287638059
0
0.03017713356
0.01867881082
0.02651783889
0
0
0.01503391959
0.009058162253
0
0
0.03765575257
0.007004134344
0.0243695625
0
0.004754407419
0.02678598395
0.009763086879
0.02170873776
0.01244432826
0
0.0475771305
0
0.03280602871
0
0.01945140061
0.006820844433
0
0
0
0
0
0
0.03605816157
0.01857598603
0
0.01179937265
0
0.01888198016
0.001439302666
0.01215490676
0.03119915508
0
0.00240124548
0
0
0.01876671177
0.01816193422
0
0
0
0.000438522308
0.03635352912
0.01483108668
0
0.01880294715
0.03161635879
0
0.03551544965
0
0
0
0
0
0
0
0.004680822777
0
0.01826180726
0.0008685219777
0.02172520553
0.005991432521
0.001110352744
0
0.00422489571
0
0.01028247072
0
0.01955467633
0.03657322921
0.01380138619
0.02247271218
0.04339944281
0
0
0
0.00954366383
0.00480989488
0
0.0443785907
0
0
0.05054964701
0.03556039307
0
0
0
0.0200370466
0
0
0
0
0
0.02738390906
0.02815458628
0.002332889325
0
0
0
0.04353002848
0.02483013597
0.009222206563
0
0
0.02594686722
0.01368027178
0.05306842426
0.009472618358
0.03092961348
0.01203328432
0
0.06634068803
6.90E-03
0
0
0.04749158182
0
0.003703130984
0
0
0.01266828805
0.003790291618
0
0
0
0.02011632563
0
0
0
0.01609148404
0
0
0
0
0.01030074445
0.001842311844
0
0
0.086842329
0
0.01504063013
0
0
0.006137014076
0
0
0.01960258703
0
0
0
0.006080712998
0.02291689801
0.0138793363
0
0
0
0
0.01678334231
0
0
0.01160461124
0.05074821392
0.003956929743
0
0.06350937561
0
0.03686041352
0.005587739916
0.01113023622
0
0.001200159566
0.01141211591
0
0
0
0
0
0.01043236242
0.0242168157
0
0.05368475069
0
0
0.00668183283
0.02310679773
0.0555260254
0.00363264545
0.0808824266
0
0
0
0
0.03790131061
0.01623944539
0
0.04467292438
0.00E+00
0
0.02908611922
0
0
0.02026484767
0
0
0
0
0
4.43E-06
0.004990551356
0
0.04020363924
0
0
0
0.01306385184
0
0
0.03629915617
0
0.0162330288
0
0.01488577543
0.05365335398
0
0
0
0.008401932123
0.004209793879
0.0062904813
0
0
0
0
0
0.04184339629
0.01814351579
0.007537025894
0.02231620047
0
0
0.01522280893
0.001973755017
0.006147067164
0.03358229513
0
0.04119297458
0.05208301803
0.008773506937
0.0534309551
0
0.005043048371
0
0
0.009659105655
0
0
0.03307568574
0.01948470783
0.03551279305
0
0
0.01005388114
0
0
0
0
0
0.02329785799
0.01545992379
0
0
0
0.03642553783
0
0
0.00804181661
0.02706404231
0
0
0
0
0.001197417871
0
0.01297265445
0
0
0.01412010314
0.02367630295
0
0.005227168139
0.0159471484
0.001144401268
0
0.01646450266
0
0.03012661381
0.01964498155
4.24E-02
0
0.004956305016
0
0
0.007876013154
0.006548815029
0
0.01007942236
0
0.02510345527
0
0
0
0.01907228328
0
0.01552365456
0.0005069486169
0
0.01112047472
0
0
0
0.007338852006
0.04981335589
0
0
0
0.01371139211
0
0.03064465622
0.002648209095
0.02391586811
0
0.03901038727
0.02379601303
0
0.009861545526
0
0
0.005080750221
0.04045024692
0.00433147632
0.00E+00
0
0.05040440754
0
0
0.03641921538
0.04771806825
0
0
0
0
0.007123298122
0.04698367902
0
0
0
0
0
0
0
0
0
0
0
0
0.06779752389
0
0
0.07314922101
0
0
0.01674438232
0
0
0
0
0
0.003471219799
0.01034068473
0
0
0
0
0.02083639348
0
0.02252756185
0.0284986743
0.0209735173
0.02524370015
0
0
0
0.02503168859
0.006192090541
0
0.0110569755
0
0.001058940682
0.01746563535
0.01893159976
0.01469517513
0.003280446562
0
0
0.002975774581
0.05662327044
0.00E+00
0
0.03258107161
0
0.003667090223
0
0
0
0
0.01218869449
0
0
0
0
0.02759586082
0.02542718719
0
0
0.0387917701
0
0.02492550468
0.06337274752
0.003814460639
0.02283850266
0
0.01874807455
0
0.03078187226
0.01967249252
0
0
0.0003380939529
0.01272369812
0.04418702602
0
0
0
0
0.05454820607
0.0048140765
0.02069377665
0
0.006392245301
0
0.001029044155
0
0
0
0.04402970199
0.02378470461
0
0
0.03614855376
0
0
0
0.003104600712
0.009178620477
0.02321855835
0.006427091087
0.04048157766
0.008750900817
0
0
0
0.01005691268
0
0
0.003266321444
0
0.04604073705
0.002681651017
0
0.0217226701
0.003676449586
0.01963196734
0.01769054308
0.04880530273
0.02278591188
0.0128538254
0.0001930904177
0.02936730319
0.01004905294
0
0.00503149058
0.03769559763
0.0183845454
0.03046087323
0
0.002288570822
0
0.00461500787
0
0.04464917277
0.03044300774
0
0
0.02129597835
0
0
0
0.04385820404
0
0.005527039534
0
0
0.02762231991
0.009766071365
0
0
0
0.01961644039
0
0.0005144742416
0
0.01025037024
0.001324835254
0
0
0.03111881607
0
0.008761133422
0
0
0.009343086666
0
0.02908825687
0
0.02923217035
0.00E+00
0
0.03289622422
0.0282137915
0
0.03895011109
0
0
0
0
0
0.01309038297
0.007330766923
0
0
0.01116660572
0
0.02497839413
0
0.02413714852
0.01582173571
0.003353789358
0
0.02797801389
0.0220379335
0
0.02400454662
0.03683083018
0
0
0.003042512314
0
0.003706527969
0.002081064954
0
0.05622651404
0.02599266223
0
0
0.007043399216
0
0.02127089085
0
0
0
0
0.01695216871
0.04126066221
0.01131082007
0.03254693791
0
0.03672142775
0.0117691317
0
0
0
0
0
0
0
0
0
0.0001814358867
0.01274569077
0.02586338096
0.01345598507
0.01438415644
0
0
0
0
0
0.000461403253
0
0
0
0
0.02185604454
0
0.04611319036
0.01752079562
0
0.002485658911
0
0.04281433904
0.02772542816
0.04013550569
0.0280265258
0
0.01419307628
0
0
0.02287885288
0.02123009015
0.001709191241
0.0202454308
0
0.01602665354
0
0
0
0.02755751425
0
0
0.04603220502
0
0.03553999709
0.0426210732
0
0.01104050914
0.01984031335
0
0
0
0.01198229169
0
0.01335393351
0.00453185185
0
0
0.0174117266
0
0
0
0
0.02919657519
0
0.02028008045
0.001107994994
0.007119787849
0.02647694072
0
0
0
0.03128356154
0.005282701871
0.033717523
0
0
0
0
0
0.0423705031
0.04241913155
0.09311481451
0.0004427941517
0
0.007704965328
0.003658041012
0
0
0
0.01850300848
0
0
0
0
0
0
0
0
0
0
0
0.02197019286
0.04534614218
0
0
0
0.06388702594
0.02437091025
0.04748253227
0.01555271485
0.03167236684
0
0.003865650924
0
0
0
0
0.01962673113
0
0.01765514535
0.04579359494
0
0
0
0
0
0
0.03967205179
0.03051510122
0
0
0
0
0
0
0
0.0096329521
0.01173693115
0.02471500401
0.01346022154
0.01839654547
0.0009727039846
0
0
0
0
0
0
0
0.01809337919
0
0.00619275492
0
0.02811878884
0.04551871845
0.03520747704
0
0.01951370458
0.01657821919
0
0.04856192047
0.01812050625
0.02720303137
0.009075540382
0
0.006797336734
0
0.04292605988
0
0.01891648237
0
0
0.004899646137
0.01905602713
0
0.04332996008
0.04377441375
0
0
0.004579943037
0
0.004597863162
0
0
0
0.03711566534
0
0
0
0
0
0
0
0.01068436176
0
0
0.04241290576
0.03816884533
0.02528934228
0
0
0
0.03734232442
0
0
0.004962114633
0.01714372134
0
0
0
0.03031050295
0
0.01702727396
0.004365661752
0
0
0
0
0.04284556623
0.01083378687
0
0.0263378212
0.03111857352
0
0
0
0.01737283632
0
0
0.02089737784
0
0
0
0
0.002666122234
0.04312906502
0
0
0
0
0.0285948242
0.02436605807
0.007090966555
0
0
0
0.02556935152
0
0
0
0
0
0
0.003511843584
0.001620080925
0.01255728821
0.04264622222
0.01148383876
0.01276130802
0
0
0.06164877525
0.008097848859
0
0
0.01843531572
0.01629589729
0.00773160731
0.03758724048
0
0
0.002229008596
0
0.03780047048
0
0
0.04279670658
0
0
0.04623584806
0.02292747507
0.01430342318
0.02173611788
0.009055293399
0.02971745639
0
0.02677513714
0.02589994616
0
0
0.03456389526
0.004785857361
0.01697301612
0
0.03881226049
0.04183648312
0.0004615534074
0
0
0
0
0.01425722947
0.00355052345
0.0151746909
0.01613364978
0.009094151986
0
0
0
0
0.02052445068
0.01306579432
0
0.005366686325
0.01945652999
0
0
0.005449655096
0
0
0
0
0
0
0.02690761338
0.01599422823
0.04385018166
0.0124366531
0
0
0
0
0
0.0008867323891
0
0.0409428136
0
0.04963057317
0.007978853256
0
0.007703757921
0.00E+00
0
0
0
0.0357984187
0.005303813885
0.01299860822
0.01575262045
0.04370194421
0
0
0.03918979123
0.0006495794085
0
0
0.009945730126
0.02667423634
0.01533697536
0
0.01063278734
0.003366523004
0.02853363477
0
0
0
0
0.0227919714
0
0.02022992929
0
0.01649860908
0
0
0.03268984586
0.009436175436
0
0.02716534745
0
0
0
0
0.01998237305
0.005211941662
0
0
0
0.001477842373
0
0
0.01026960247
0
0.04849027118
0.000411622333
0.01527807639
0
0.03464457468
0
0
0
0
0
0
0.009546158262
2.27E-02
0.01329242579
0
0.02432103194
0.003033496598
0.001424868756
0.0186269096
0.0137377186
0.01659199805
0.02585473865
0.009484980659
0.03248595061
0
0
0.02138608158
0.02793345935
0
0
0
0.00E+00
0.01300297502
0.04215733107
0.01831952178
0
0.02761737036
0
0.008620674883
0
0.008185399624
0.04214416717
0
0.02172741197
0
0.00548983728
0
0
0.01628433135
0.01636505228
0
0
0
0
0
0.02589655042
0.004685419938
0
0.02034448095
0.007978463362
0
0.03159044593
0
0.03011194314
0.008282846083
0
0
0
0
0.02778778931
0
0
0
0.03059540879
0.05167617902
0.026753162
0
0
0
0
0
0.01212603543
0
0
0.01210469556
0
0.01105319887
0.009727640924
0.05004220903
0.003402667434
0.03209660857
0
0.0221248231
0
0
0.03145451052
0.01285770996
0.02477363372
0.04504578852
0
0.03429078203
0.02460598191
0.01868226648
0.01948066365
0.01413233204
0.0159457491
0
0.01441569701
0.0009901953301
0
0.01432955883
0
0.01055134496
0.02346730365
0
0
0
0
0
0.02089265808
0.03527093434
0
0.02415926896
0.01950904398
0
0
0
0
0.0160552131
0
0.01083052305
0.00E+00
0
0.006474083685
0.006666420529
0.01635534101
0.02853090477
0.00724445485
0
0
0
0
0
0.04646784716
0.002488901183
0.01949103547
0
0.02233715426
0.02249217404
0.02464479719
0
0
0.004824099551
0
0.007359236317
0
0
0.02054276854
0
0.003396717398
0
0
0.04161548733
0.005243473897
0.01400873539
0.03437957649
0.03305668722
0
0.03399510649
0.02479541501
0.03655795856
0
0
0.003010111374
0
0.05176696229
0
0.01269821567
0.04911826787
0
0
0
0.0008643137149
0.01301630867
0.008559671909
0.01460583823
5.43E-03
0
0
0
0
0.02932874685
0
0
0
0.0001725703778
0
0
0.02176668659
0.01765907189
0
0
0.03472654855
0
0.003250418626
0.004001101796
0.00E+00
0
0
0.01281529643
0.009037698755
0.002457714394
0.01206625992
0.000489390918
0
0.04049483882
0
0.01980635912
0.007780283595
0
0
0.01405327436
0.03459221377
0
0
0
0.01253240862
0
0
0
0.01112856518
0.03050737846
0
0
0.06432353276
0
0.009434916477
0.01943023269
0
0
0
0.03646533124
0
0.04138101794
0.01374797982
0.01721844836
0.03818842752
0.02243177129
0
0
0
0
0.005254212163
0.02581785315
0
0.01586017084
0.01907419005
0
0.03385252524
0.01464221879
0
0.002563499198
0
0.005553565337
0
0
0
0
0.01142982326
0
0
0.0204511626
0
0
0.02520859173
0.01629324207
0
0
0
0.00507677603
0
0
0.05347423274
0
0.004881118235
0
0.04630404586
0
0
0.004031733855
0
0
0.002541731596
0
0
0.0122429385
0.02580667451
0.01948031837
0.0158347125
0
0.01171058093
0.03073335904
0.0170789731
0.002759112924
0.04484697966
0.01984674942
0
0.03943576399
0
0.006800272241
0.03027298155
0
0.003307320796
0.04563685262
0.01637059682
0.01628895744
0.00210570067
0.0152427155
0
0.006439592403
0
0.03645296241
0
0.05721813203
0
0
0.01446207974
0
0.02108840542
0
0.01483559307
0
0
0
0
0.002949423328
0.005501465073
0.02543996645
0
0.01054857608
0.01652423786
0
0
0.008840685843
0.00721761879
0.02612569213
0.03673523196
0.01493686838
0.01329579605
0
0
0
0.02378584869
0.00E+00
0
0
0
0
0
0.01533954014
0
0.0464174915
0
0.05269440003
0
0
0.01258312123
0.02240946406
0.001960238627
0.02056037194
0.008773403262
0.04404734962
0.02862952827
0
0.03592564143
0
0
0
0.02985725383
0.005874854848
0.0332340731
0.01515620732
0.008091518669
0.03346519491
0
0
0
0.01056944772
0
0
0
0.02283915077
0.008474537602
0
0
0
0
0
0
0.008295433764
0
0
0.006696418023
0.002879711785
0.005345920775
0.004340979346
0.02517848371
0.02263270123
0.005697137506
0
0.007473833839
0.01387625063
0
0.03830530368
0.04942407699
0
0.03122775036
0.001671599793
0.04679593867
0
0
0.03001479449
0
0.005745554603
0.0006099653073
0
0.02106620699
0
0
0
0
0
0
0.005220548824
0
0
0
0.04120047239
0
0.04622130536
0
0
0.001079767093
0
0
0.004367561888
0.004580407753
0.0308550587
0
0
0
0.01414761103
0.05048169386
0.02132466169
0
0.0186912133
0
0
0.02298528564
0.0185413141
0
0
0
0
0
0
0
0.0289143454
3.48E-03
0
0.02099817776
0.02775992128
0
0
0
0.007933239867
0
0
0.06475072206
0
0.01543400275
0
0.03249560541
0
0
0
0.01987742677
0
0.04057699322
0.0344160558
0
0
0.03246208464
0
0
0
0.03514993565
0
0
0.001593132188
0
0
0.008050016635
0
0.002641562362
0.02288216824
0
1.76E-02
0
0.0250489571
0.008685242545
0.02600866969
0.004940844913
0.01255273046
0.01969594453
0.04602661168
0.0192887216
0.02470662214
0
0.002051147393
0
0.03200976848
0.005319433471
0
0
0.02896938282
0
0
0.0227871795
0
0
0.02706702749
0
0
0.006500114628
0.007072746188
0.02444314399
0.03173860921
0
0.02207467506
0
0
0
0
0.02403965415
0.005534614799
0.01822212165
0
0.0459340989
0
0
0
0.02342391206
0
0.01980254717
0.01553997987
0
0
0.02985931476
0
0
0.08483076489
0
0.05283298121
0
0
0
0.01579368445
0
0
0
0
0
0.008149573135
0.0306020577
0.006789140331
0
0
0.02956647559
0.00660241247
0
0.007486973341
0
0.03362301576
0
0
0
0
0.01539940318
0
0.003385034632
0
0
0.0316130243
0
0
0
0.004769601479
0
0
0
0.02292742086
0
0.0262516331
0.007536990092
0.01445052125
0
0
0
0
0
0
0.02100995278
0
0.03064602662
0.002235614527
0.03951907161
0
0.05772604594
0.009408041659
0.06026390429
0.01330125104
0.0418574536
0.01039273
0
0
0
0.02753800773
0
0
0
0
0.01880503829
0.00719332114
0.01367853163
0
0.002707668308
0.01124531559
0
0.01725595624
0
0
0
0.03024911788
0
0
0
0
0.01922604915
0.005767289912
0.03848195304
0.004309140135
0
0.02401174946
0
0
0
0
0.006773175047
0.003239882358
0.03353811457
0
0
0
0.005475616043
0.03507232796
0.01878362998
0.01390135037
0
0.008483498779
0.009492579432
0.02298249624
0
0.001425645394
0
0
0.04459253735
0
0
0
0.0298130096
0
0.002836170219
0
0
0.01798459566
0
0.004558687951
0.008220100181
0.002825655822
0.004266917284
0
0.02948994324
0
0.03730214024
0
0
0
0
0
0.03795319942
0.01811404066
0.002633920661
0.006415358184
0.01021019398
0.009700886543
0
0
0
0.01687290825
0
0.04290133478
0.05075501802
0
0
0.006064618992
0
0
0
0.06569318445
0
0.01056135774
0.06929721469
0
0
0.04477557544
0
0.03473378966
0.0108052409
0.007196847659
0.01049987837
0
0.05242900469
0.002151179971
0.01693834533
0
0.01259163927
0
0.01398441729
0
0.003557911078
0
0
0.01030867855
0
0
0.01946389299
0.0003701069555
0
0.04864264265
0
0
0.01861764437
0
0.05924916704
0.03559872049
0.002613826435
0
0.01526271125
0.00287742912
0
0.01178764435
0
0.01021108419
0
0.03669989196
0
0.0007605679996
0.01565125794
0.01886030724
0.02886402372
0
0
0
0.03182096907
0.009128235626
0.008213751318
0
0
0.008688405136
0.008664337379
0
0
0
0
0
0.03071932727
0
0.04119578086
0.05354064971
0.02082939976
0.03217475273
0.02583879444
0.01759423561
0
0
0
0.007114242552
0.007456559886
0.003222906422
0.007575611317
0.01012602775
0
0.006206155058
0
0.001329164229
0.01833637904
0
0.00E+00
0.02348658351
0.01404299032
0
0
0.03638877784
0.01143198016
0
0.01162452146
0.04306739189
0.01785302203
0.01416168148
0
0.002821558754
0.02597637831
0
0.005700217378
0
0
0.01139384273
0
0
0
0.01361639891
0
0
0
0.06658697774
0
0
0
0
0
0
0.02654107367
0
0.04165284283
0
0.01002273378
0.006362033611
0.01155226936
0.0009430829051
0.02568963454
0
0
0
0.0296438797
0
0
0
0.01436589045
0
0.02693711521
0.02066686219
0
0.04656940173
2.65E-02
0.0003868483494
0.005105026903
0.02252221053
0.01390311336
0.003226061591
0
0.01302092873
0.03020967021
0.01143419388
0.0290658449
0
0.01424913891
0.0011877231
0
0
0.02654241953
0.001814393375
0
0.02679653281
0
0
0.01063870585
0
0.00153607547
0.00E+00
0
0.03250893409
0.0180936551
0.02410781318
0.01909407661
0
0
0.01626766394
0
0.02022197949
0
0.01291427843
0
0.03155491832
0.00E+00
0
0.04686835169
0.0294612517
0.01484588478
0
0
0
0
0.01780909006
0
0
0
0.003993205122
0
0.005817606899
0.0001536317337
0
0.01624673458
0.003347878613
0.03136676643
0
0.002730955153
0
0
0.02529875169
0
0.0172981962
0.01497492672
0.006256935989
0
0.00989401342
0
0.02542341773
0
0.02029268449
0
0
0.0605642963
0
0
0
0
0
0.01719803271
0
0
0.01847132917
0.004209307237
0.01917006375
0.04964826771
0.0009420097571
0.01171997108
0
0.01703341485
0
0.0361711422
0.01434127132
0
0
0.01065506812
0
0.0005926730765
0.01651829869
0
0
0
0.008822390777
0.008668803666
0
0.03027262963
0
0.05108158994
0
0
0.04622039303
0
0
0.02825286165
0
0
0
0
0.008656211188
0
0
0.04445808795
0
0.01445275706
0.004571799857
0.03879785014
0.01061818618
0
0.01330146439
0
0
0.02095295891
0
0.01858472261
0.0505403982
0
0
0
0
0.02209997906
0.01400915946
0.00E+00
0.02411366408
0.01044556793
0.010080682
0
0
0.03714848138
0.01472030729
0.01766747108
0.008594751473
0.005351140961
0.01870345705
0
0.04207384533
0
0.008899708151
0
0.02784067925
0
0
0
0
0.04186562967
0.03589099811
0
0
0.002850717678
0
0
0.00514024925
0.01789386753
0.01968568844
0
0
0
0.04032347239
0
0.01857157314
0
0
0.01078303837
0.01801870063
0.01943609502
0.0309318082
0
0
0
0
0
0.01482314551
0
0
0
0.00E+00
0
0
0.03614174673
0
0
0.03681163304
0.03362512428
0.04396479469
0.02396710515
0
0.02283748307
0
0.01166763325
0.01854909878
0.00532268735
0
0.05193521634
0.02870408334
0.01606095695
0
0.001735051078
0.002950796619
0.007205780377
0.04024466843
0
0.0114234966
0
0.01329763573
0.04274633926
0
0
0
0
0.009207346086
0
0
0.006119784711
0
0.01814274069
0
0.01471461472
0
0
0.005835589194
0
0
0
0.04379739638
0.01304065435
0.01946121117
0.007090528481
0.01086765084
0.05078607891
0.01878507108
0.01172890214
0.03372311069
0
0.02717657196
0
0
0
3.27E-02
0
0
0.001269868494
0.005124596619
0.003734933841
0
0
0.008136795678
0
0.01361062377
0
0
0.03925073472
0
0.003658323186
0
0
0
0.04205552611
0
0
0
0.03292650531
0.004140913171
0.03652567384
0
0
0
0.009235604657
0
0
0
0.01251952255
0
0.03987708508
0
0
0.03268189704
0.02154038497
0.003279343001
0.02106780121
0.01279233884
0
0.005254955773
0
0.005874172167
0.01952614636
0.02481870637
0.005613430588
0
0.02414602705
0
0.0128394572
0
0.01861530184
0.01268887912
0
0.001986443988
0
0.01520032696
0
0
0
0
0
0.0124301998
0.04102551331
0.01493850153
0.01789969458
0
0
0
0.005514089513
0
0.02087093231
0.02707714168
0
0.03507911839
0
0
0.001555463736
0.02491606575
0
0.007439821933
0
0.009189585535
0.02872404315
0
0
0
0.00165030279
0
0
0.06064522117
0
0.01019207723
0.08362710849
0
0
0.01529464862
0
0.01377114686
0
0.01692301033
0.0128629036
0
0.04182989993
0.02537961545
0.02196576836
0
0
0.008858016296
0
0.002001650533
0
0.00913358031
0.01274610954
0.001252326074
0
0
0.01435184302
0.0001957882976
0
0.02903467603
0
0.02770503138
0
0
0.01685720186
0.01020285815
0.005827532579
0.04746428889
0.000835981576
0
0.001284972778
0
0.01447533353
0
0.02115765769
0.02324394654
0
0
0
0.001352612233
0
0
0
0.01901249868
0
0.04279050247
0
0
0
0.02726932444
0
0.005222181512
0
0.01138288744
0.0315139198
0
0
0
0.035597345
0.0511896481
0.01343857109
0
0
0
3.97E-02
0.008738324399
0.03455332473
0
0.02522234838
0.02604416243
0
0.04013182961
0
0
0.002551050128
0
0.005630544325
0
0.02747752544
0.02541689562
0.034650848
0
0
0
0.005987957278
0
0
0
0
0
0.04380700602
0
0
0
0.02498613974
0.01496628869
0.01225184462
0.009956458695
0.02550168003
0
0.006224211944
0.001970149785
0.02047641878
0
0.01449983917
0.01201518968
0.02831360412
0
0
0
0.0129755371
0
0.01914533902
0.025422703
0.009313835629
0
0
0
0.01266141456
0.01165062087
0
0.01296529567
0.01788615248
0
0
0
0
0
0
0
0
0
0.05523888194
0
0
0
0.04288394426
0.02016913626
0.0009462212152
0
0
0.002478372005
0.03788769331
0.0008479391482
0
0
0.04185146335
0
0.0227742231
0.02157434936
0.01112075067
0.04199482474
0
0
0.008676514447
0.03954276318
0
0.05483554065
0
0
0
0
0.003957945782
0.0380121591
0.009185002171
0
0
0.0003157183896
0
0
0
0
0.01342915369
0.0185459451
0
0
0
3.23E-05
0.0102561598
0.03063778794
0.01898098616
0.03773557295
0.00959845055
0
0.03099899908
0.03539245147
0.0375520905
0
0.02725450373
0
0
0
0
0
0
0.0248593113
0
0.02235441063
0
0.04828574819
0.0143883804
0
0.02226979915
0
0
0
0
0.02361709299
0.01232295935
0.04271710182
0
0
0
0
0.0258800788
0
0
0
0.008342066793
0.01766742732
0
0
0
0
0.04074369694
0.01615682565
0.04359485964
0
0
0
0.04200917761
0
0.0138238235
0
0.04956681686
0
0.03071757725
0
0.01806695943
0
0
0
0
0.01312370669
0
0.004783296909
0.0265855261
0.02905410382
0
0.01934792656
0
0.003063247467
0
0.005660719757
0
0.04336691037
0.008135175537
0.001614081451
0
0
0.004166631021
1.20E-02
0
0.05373120288
0.01475630447
0.02542259228
0
0.005275931619
0.02438158733
0.003488036098
0.005303142727
0.009415139801
0.02448859198
0.04188456202
0
0.00E+00
0
0.01256532855
0
0.04151856937
0
0
0.003453589272
0
0
0.01210520396
0
0.02574041309
0.009432867329
0
0
0
0
0.01944861073
0
0
0
0.02576240744
0
0.005309769001
0.008220624323
0.0156629928
0.01869601592
0.01970062446
0
0
0
0.007723180583
0
0.008992330791
0.007643719657
0.05562552687
0.01673432689
0
0.009706844832
0.009320147674
0.004842629701
0.04663254932
0
0
0.03226468212
0.01296422945
0
0.01253932847
0
0
0.002839472275
0.004160633048
0
0.02079363435
0.001277160391
0.008328440268
0.02478343673
0.03547229886
0.01770584008
0
0.05046138319
0
0
0.008976539843
0
0
0
0.02321463832
0
0
0
0.04312485641
0
0.0008593907247
0
0.002328808643
0.01139047364
0.04659719911
0.03189637588
0.03209827986
0.00E+00
0.01049715607
0
0
0
0.007002275872
0
0.009023868832
0
0.01272556033
0.01133903403
0
0.007848269593
0.02582194349
0
0
0
0.01855382524
0.0008319287342
0.00533490659
0.02629280796
0.0481375602
0.02870205078
0
0
0
0.0155050315
0
0.0003934546414
0
0
0
0.002516339883
0
0
0.007429807066
0
0.003607520789
0
0
0.05448416301
0
0
0.02564548775
0.03949775446
0
0
0
0.01606442557
0.004438150549
0
0.02269500103
0.04261070937
0.01209605005
0.003523030875
0.007708392828
0.0250934765
0.0100007432
0
0
0
0.003985134439
0
0
0.03092002999
0
0
0.0102167698
0.005707379095
0.02720763282
0.04873644669
0.06754898386
0.007424226681
0
0.02775647217
0
0
0
0
0.03025867537
0.01392996873
0
0.02567267311
0.01823635061
0.04709252344
0
0
0
0
0.02738178824
0
0
0
0.01538838334
0.005946833572
0.005676379383
0.004462000841
0
0
0.04669609688
0
0
0
0.03789519882
0
0
0.005900036239
0.01775205659
0.008485650502
0
0
0
0.002372290215
0
0.02549758131
0
0
0
0
0
0
0
0
0.04039394117
0
0.007052627159
0
0
0
0.00773560608
0
0
0
0.01376309344
0
0.01165951112
0.01401638702
0
0.005939624187
0.04727546131
0
0.0519112274
0
0
0.02480291131
0.03686442185
0.03128303142
0
0.04458093581
0.002686737515
0.008283794585
0
0.03565448341
0
0
0.0479486425
0
0
0
0
0.01735252999
0
0.02722116382
0
0.033751264
0
0
0
0
0.01182922155
0.02838140034
0.085131018
0
0
0.008920597188
0.0002157395001
0.003502353959
0
0
0.04036658418
0
0
0
0.05541241956
0.05185578085
0
0
0
0
0.0573623338
0
0
0
0
0.02293228478
0.03096228471
0
0.002836848107
0.01557300882
0
0
0
0.003239012748
0.05147600315
0.02406974175
0
0
0
0.01937018546
0
0.009028795551
0
0
0
0.005186979904
0
0
0
0.01293441132
0
0.005363865572
0
0.01721609845
0
0
0.001017543459
0
0
0
0
0
0
0
0
0.04025075434
0
0
0
0.05739950116
0.00575626184
0.003062618096
0.0335964286
0
0.009526179348
0.007726144896
0.03379739853
0.04514022745
0
0.04670724706
0
0.02410065528
0
0.02690848599
0
0
0
0
0.02351862691
0
0.01166405189
0
0.01224247064
0
0.002820753522
0.02579824822
0.02052350354
0
0.05501731475
0
0.01129823915
0.01289405298
0.02638045637
0.00812726249
0.02398107163
0.002117291194
0
0.006669512705
0
0.01135048903
0
0.03573470828
0
0
0.009415378535
0.005777309905
0
0
0.001264316021
0
0.00170467559
0.02101132954
0.02754964932
0
0
0
0
0.03226575772
0
0.03472377763
0.0182996494
0
5.52E-05
0.01290052649
0.00266138869
0.002676228942
0
0
0
0.009339548358
0.02282104278
0.01935942713
0
0.007857907576
0.01028301834
0.03325333705
0.005034621408
0.02137093083
0.01146395441
0.01719544058
0.04588232398
0.009702395481
0.01487233683
0.00255267012
0
0
0.01515188071
0.05277595619
0.001741872788
0
0.001224357853
0
0
0
0.01507680101
0.0003231898884
0.01063642504
0
0
0
0.01665970546
0.02296588066
0
0
0
0.0277137261
0.01053084333
0.006434355804
0
0.02654242115
0.01255218962
0.007566359824
0
0.03002476759
0
0.01033577741
0.01794433048
0.003555960839
4.23E-02
0
0.06445393857
0.007931704895
0
0
0
0.02572229264
0
0.03977508886
0.009644213303
0
0.0371109765
0.01067451796
0
0.0007060882516
0.008394554882
0
9.57E-03
0
0.002590425532
0
0
0
0
0
0.02587085081
0.02879466433
0.01832632231
0.03441665797
0.01621255085
0.03607419366
0
0
0.03923098567
0.01633674825
0
0.01861396423
0.01076220346
0
0
0
0.02354165916
0.02540501565
0
0
0
0.02947364639
0.04141681118
0.008190507483
0
0
0.02135635096
0
0.0440074916
0.01020765689
0
0.03670474526
0
0.0141129934
0
0
0
0
0
0.002879101868
0
0
0
0
0.00801289166
0
0.02820711388
0.01924886625
0.02675688918
0.007291449488
0.008595860725
0
0
0
0
0.02592037917
0
0
0
0
0.009366953856
0
0
0
0.02296713149
0
0.007531216215
0.02679282841
0.005473068445
0.06209706084
0.01171654424
0
0.01150783872
0
0
0
0.06200909805
0.02642447763
0
0.03092526707
0
0
0
0
0.03525209945
0.001937376766
0.01500292205
0.02091925066
0.01422669558
0
0
0.0005425731097
0.06096184278
0
0.02671881812
0
0.005820006016
0.01408470866
0
0.01340025881
0.02456697012
0.05063033767
0.02238228018
0
0
0.04644283179
0.01359576789
0
0.03820030726
0
0.005251627667
0
0.009660123353
0
0.01607216041
0.006357935445
0
0
0
0
0
0.01904360753
0
0
0.0206454038
0
0.02398454773
0
0.02997304399
0
0
0.01300114599
0
0.01897456999
0.002927687637
0.02770028497
0.0371677342
0.01357278432
0
0
0
0
0
0
0.03007397929
0
0
0.006815304581
0.00430176342
0.06413437558
0
0.03333631994
0
0
0.01766047601
0
0
0.02223082736
0.02037676521
0
0
0
0
0.006960753752
0.004546985369
0
0
0
0
0
0
0
0
0
0.02118590278
0
0.03327332624
0
0
0.04783189776
0
0
0
0.002656821902
0.02774017579
0
0
0.01618755401
0.04356066677
0
0
0.03297288102
0
0
0
0
0.01695784632
0.005156323657
0
0
0.02882734697
0.03784363049
0.026364097
0.007496856666
0
0.01221890645
0
0
0
0.02178419089
0.004418299513
0.0160317389
0.01931943282
0.01254418105
0
0
0
0
0.0002935425651
0
0
0.0492576266
0.000982478865
0.02125886908
0
0.02805807402
0.01016713662
0
0
0
0
0.02697690204
0
0.02071171661
0
0.01968778925
0
0
0
0.01187834497
0
0
0.07564698238
0
0
0
0.0003431743708
0.003904412754
0
0.007185796345
0
0
0.01598497761
0
0.006478700717
0.01922906083
0.01638802187
0
0.01991005461
0
0
0
0.01738268809
0.04466034428
0.0457367197
0.02377619389
0
0.03294427617
0
0.02242628501
0.0007354093677
0.02290079078
0.02190745637
0
0
0
0.01093027063
0
0.01408668567
0.01106764906
0.01760391098
0
0
0.01346419859
0
0.0286490986
0
0
0
0
0.001522205636
0
0
0.00265037084
0
0.01841506897
0.02348938818
0.04462089849
0
0.02684197039
0.01993901516
0.02472405855
0
0
0
0
0
0.03218098987
0.004503525651
0.03009520186
0.005304554856
0.01208762888
0.01474895415
0.0253573919
0
0.003799218884
0
0.01749975181
0.02678453987
0
0.006053698647
0
0.03185666041
0.03181641586
0.003603111225
0.0006994228834
0
0
0
0.01015655618
0.01249636081
0
0
4.78E-02
0.01472517871
0.003871883573
0
0
0.01089254802
0
0.03596983018
0.01333977794
0.02097920703
0.02081377033
0.02299235084
0.0062784009
0.02766709702
0.01751000354
0.04340456415
0.01844825961
0.022444008
0.00E+00
0.04616023009
0.03878785995
0
0
0.001159984607
0
0
0
0
0
0.000638344409
0
0.01610722295
0.02291456516
0.005081820662
0
7.01E-05
0
0
0
0.0148453972
0
0
0
0.004699670489
0.01981296367
0
0
0.03939871687
0
0
0
0
0.05236227602
0
0
0.01608773349
0
0.02594577085
0.01195867111
0
0.002754181778
0
0.007007112833
0.07918572578
0
0.01737337151
0.05908159091
0
0.04384090381
0
0
0.004301368101
0
0.01357278326
0.02071221983
0.009417874692
0
0.02360339663
0.01644733219
0
0.007078239657
0.01175669159
0
0.002527555201
0.02016963187
0
0
0.04348183846
0
0.01572169409
0
0.01525962082
0.009737754454
0
0
0
0
0.01298090443
0
0.02146943829
0
0
0.0002278231373
0.00947150478
0.0310211737
0
0
0.01583108764
0.02143920723
0
0.01032194689
0.02685926499
0.02006400506
0.01314844266
0
0.03819032102
0.006743046537
0.006209037737
0
0.01439280156
0.02844265695
0
0
0
0
0.05124122689
0.01245562987
0.005672396275
0
0.002967743775
0
0
0
0.03401774832
0
0
0
0
0.00921393282
4.20E-05
0.01428000649
0
0.05865979539
0.0009967552339
0
0.01884693431
0.003893105838
0
0.01936374118
0
0
0.01428473914
0
0.007630689981
0.06650493823
0.0248327312
0.03309059566
0
0.02689167857
0
0.0006888461565
0.009287175096
0.007494520617
0
0.03898188215
0
0.03061506993
0
0
0.01201686411
0.006545748363
0
0
0
0
0.02873099012
0
0
0
0
0.01457760466
9.55E-03
0
0.01882209229
0.008847913144
0.00E+00
0
0
0
0
0
0.04153786837
0.006262397573
0.002396106516
0.01717537092
0.03321107652
0
0
0
0
0
0.02881962581
0.003873409646
0
0
0.03796173875
0.03260869805
0.0003049031602
0
0
0
0
0
0
0.00E+00
0
0
0
0
0.00884296024
0
0.02508698569
0.001890914468
0
0.03199259415
0
0
0.01727211885
0.03495648791
0.04187772675
0.0208967201
0
0
0
0
0.03960656807
0.0237049945
0.0428830179
0.009741111724
0.0257389368
0.0102041389
0
0
0
0
0
1.01E-02
0
0
0.04617318513
0.03006577282
0.02620425597
0.007496697037
0.02574003505
0.03609456592
0
0
0
0
0.0190943767
0.01663427801
0
0
0
0.01573610171
0.0148786701
0
0
0
0
0
0
0
0
0.03447213559
0
0.0233742096
0.0423990797
0
0
0.01150107108
0
0.0026284296
0.003088644697
0
0.02859957906
0.02026025501
0.002839259104
0.01956229236
0
0
0.01265073715
0.008791860693
0.04529640939
0.01652711238
0.02586999633
0
0
0
0
0.04086319239
0.05182791466
0
0.02453267431
0
0.01131052246
0.06652142447
0.02677966895
0
0.02679135624
0.01178661259
0
0
0.01950952066
0.03057924157
0.002839260361
0.0420499446
0
0
0
0
0.01473974535
0
0.01754023278
0
0
0
0
0
0.01195031703
0.0002048916794
0
0
0
0.005473185087
0.01074492226
0
0.01450824198
0
0.02333717372
0
0
0
0.01028755934
0.005259314289
0.01026482644
0
0.04528458756
0
0
0
0
0.02297500565
0.02328203186
0.01451482569
0.003165190586
0
0.01206322347
0.00711863614
0
0.003729506648
0
0.02698652664
0.04819673176
0.002052174739
0
0.04075463482
0
0.02431587367
0
0
0.02216467083
0
0.03271039823
0.002126380825
0.03267271415
0
0
0
0.003353574177
0
0.001655232157
0.001767655097
0.03060935295
0.04743124181
0.001460916435
0
0.03593639888
0
0.02649851515
0
0.02781699754
0
0
0
0
0.01814790405
0
0.02617590946
0.02283519451
0.01097382106
0
0.00724535889
0
0
0
0
0.03088725965
0.02298423397
0
0.01014615371
0.01326725921
0
0.03169247312
0
0.04525992697
0
0.0235299037
0
0
0.03282773007
0
0
0
0
0.03101921012
0.005951159039
0.006073581441
0.01737943122
0
0
0.002937955995
0
0.0361738969
0.002765717275
0
8.54E-05
0
0.01514144259
0.02004441284
0
0
0.04647289827
0
0.01108577994
0
0.002099823827
0
0.0008954124165
0.004804945826
0.01033936896
0.005298981548
0.00E+00
0
0
0
0.02160749141
0.02942884152
0.00260147111
0.01813519848
0.01664580029
7.16E-05
0
0
0
0.04706567539
0
0
0
0.01866959247
0.01869953808
0.02601457553
0
0
0
0
0.01979873596
0
0
0
0
0.01342694546
0
0.02366239704
0
0
0.0105795931
0
0
0
0
0
0
0
0
0
0
0
0
0.04831574969
0
0
0.01987367265
0.007585360494
0
0
0
0
0.02287218054
0.009001695146
0.04519202065
0
0.04048746874
0.04095637685
0.01911879793
0
0
0.02683234525
0.04895909658
0
0.04448424231
0.002845858451
0
0.02439092359
0.006868392281
0.02328294122
0.05519103426
0.02908982238
0.02110091293
0
0.01595055452
0
0
0
0.02773500578
0.02251777923
0
0.03406973641
0
0
0
0.01587333177
0
0.03593777501
1.25E-02
0
0
0.007225944978
0.03127003128
0
0.01386894788
0.009993281401
0.01304300856
0.06146878191
0.03750790936
0.001769268027
0.02763342948
0
0.03168613926
0.03137480608
0
0.0211214768
0
0
0.01092245348
0
0
0.01151507072
0.02140597371
0
0.00E+00
0.02455072666
0.0110950694
0
0
0.0320678897
0
0
0
0
0
0.02767957945
0
0.03878870825
0.006113688258
0
0
0
0.02143214845
0.02588105898
0
0.02966155977
0
0
0
0.02511915046
0.008220323174
0
0.05086116076
0
0
0.01777852477
0
0
0.0207255846
0
0
0
0
0
0.01533451398
0
0
0
0.01614534277
0.01510834645
0.02574164947
0.02187375266
0.01689449402
0
0.002465253506
0.0001962587858
0
0
0
0.02271385334
0
0
0
0
0.00090609285
0.01224694515
0
0.04409943478
0
0
0.02002491303
0
0
0.04604328712
0.01999430763
0
0
0.0134576593
0.01412959331
0.01227468989
0
0
0.02895718341
0.02280069425
0
0.04640983081
0
0
0.0001911192471
0.02806888554
0.003783301433
0.003752325856
0.006803800277
0.02397082708
0
0.02544577772
0
0
0.0514072187
0.003383220764
0.01627664626
0.01256637294
0.01379298487
0.02422378436
0
0
0
0
0.02760821841
0.02629056958
0
0.03504973881
0.01463005702
0
0.03092237065
0.02880193577
0.03185740821
0.003854094471
0
0.005092567258
0
0
0
0
0
0.008415386441
0.01355617206
0
0
0
0
0.008832142011
0
0
0
0.02549330992
0.01538345018
0.0305335465
0.05022175778
0.008344502953
0.02213338677
0
0
0.01844739508
0.01512558012
0.001921220015
0
0
0.01041650709
0
0.0187466229
0
0
0.03359549157
0
0
0
0
0.0409386662
0.002365747651
0
0.01831368841
0.01190519219
0.003178180344
0.02670208502
0
0.006402817428
0.008260122898
0
0
0.01815603805
0
0.002590550689
0
0.02002446321
0.004193100321
0
0.002667645454
0.04495399759
0.0460364704
0
0
0
0
0.02414995243
0.0005171221089
0
0.009435882468
0
0.03481319981
0
0.005828716166
0
0.02328240423
0.002762229995
0.0396611289
0
0
0.01426574159
0
0.01262527376
0.02802571143
0.02091283729
0
0
0
0
0.02580317631
0
0
0.01300591163
0.03751939568
0
0.006283100302
0.03360789667
0.07024206797
0.02036597545
0.00E+00
0
0
0
0.00800566524
0
0.001853077542
0
0.005749708271
0
0
0
0
0.00240305532
0.03823316831
0
0
0
0
0.01362454883
0
0.03104291953
0.003028793528
0
0
0.0165614319
0
0.005556749676
0
0.05286465199
0
0.01771210669
0
0.0356405578
0.0008213634785
0
0.05351987217
0.006799069194
0
0
0
0.03862267504
0
0
0
0.01575656639
0.001344173124
0
0
0.05598063198
0.0226996824
0
0.003846581217
0
0.0144837135
0
0.006657117488
0.001066969904
0.02935931188
0.0544595202
0
0
0
0.03455343757
0
0.002688197823
0.01064678233
0
1.18E-02
0.01543433346
0
2.23E-03
0.001621336253
0.01778874303
0.01061547093
0.04082082619
0
0.002014914345
0
0.002544041735
0.0102156747
0
0.05849043643
0.002075787335
0
0
0.0402622319
0.006600493911
0
0.01526672587
0
0.01198346283
0.0006933925755
0.01454508371
0
0
0
0
0
0
0
0.004656387919
0
0.0231066635
0
0.04610522426
0
0
0
0.03937169277
0.03544186094
0.03343062847
0.01508688237
0
0.005903151421
0.009999432597
0.01300217432
0.01701295866
0
0
0.02217511917
0.00264778036
0.01219176865
0.02819782609
0
0
0.01680943746
0
0.006942044632
0
0.001404118786
0
0.009110774055
0
0
0.0298560646
0
0
0.0215343167
0.03694722009
0
0.001771996747
0.01232640769
0.01399029016
0.002801619247
0
0.03432975663
0.01478033829
0.0006996999114
0
0
0.02564882867
0.0187966655
0
0.01040772628
0.03447105795
0.007654039893
0.0240019411
0
0.03000795056
0.0001711496239
0
0
0.001795952115
0
0
0.01005782151
0
0.0397653245
0
0.01803738838
0.05675243049
0.02297160478
0.0325276926
0
0.008335387872
0
0
0
0
0
0
0.007362213469
0.03395648498
0
0
0.03294420483
0
0
0
0.005292760466
0.002370566258
0.02109016839
0.007432876322
0
0
0
0.01794894858
0
0
0.007659595624
3.83E-02
0
0
0.01489440263
0.0184575708
0
0
0
0.01773641671
0.02116164197
0.04186093727
0.0358397119
0
0
0.0156184646
0.007823710221
0.01261792191
0
0.01263360402
0.02244479909
0
0.0007743149128
0.007966213986
0.03384109504
0
0.01798836787
0
0
0
0.03686220038
0
0.03129589522
0
0
0
0
0
0.0194629532
0.007144384562
0.0262158791
0
0.02372449963
0.001075225581
0
0.01193497062
0.04211446993
0
0
0
0
0.02044872585
0.007559332957
0.02337060364
0.004294738449
0.0510571827
0.01697765999
0
0
0
0
0
0.01249098112
0.009468152801
0.004709914935
0
0.01244750738
0.000923443968
0
0.007485544196
0
0
0
0
0
0
0.02339871877
0.00531905245
0.02324458084
0.02944220153
0
0
0
0
0.01931641375
0
0
0
0.008516322547
0
0.01107536864
0.01731867604
0
0
0.02948158318
0
0.02718669869
0.01861235816
0.01579190061
0.04368590049
0
0
0.0337732635
0.02776756741
0
0
0
0.02520899491
0.007376368352
0.02846724079
0.01838073928
0.02277742717
0
0.04275213098
0.02323280662
0
0.01982359687
0.01167131877
0.05554885375
0.008865137205
0
0
0.03274643948
0.03835337518
0.0260656067
0.02770105524
0.007187811886
0.008533883201
0
0.01130825065
0
0.003822831646
0
0.01913450811
0
0.008242912326
0.02308642898
0.00E+00
0.01854567907
0
0.01810931218
0.002825256391
0
0
0
0.01227596644
0
0.01154320257
0.005445927383
0.03487371086
0
0
0.006451634177
0
0
0
0
0.001009894274
0.03717554755
0.008203465948
0
0.01253608748
0.02603677159
0
0.001970412715
0.00963878628
0.01131250214
0.008201313825
0
0.03365229576
0.01623149922
0.02721949985
0
0.04615459829
0
0
0
0
0.01024931653
0.01392524171
0
0
0
0.01924188805
0.003381233295
0
0
0.006581393582
0
0.005805195999
0
0.01413449192
0
0
0.02573824696
0.01432013666
0
0.03280467144
0.0004647992891
0
0
0.02361526482
0
0.004650818402
0.0141865285
0
0.01226820582
0.05272546955
0.02578252774
0.01665270167
0
0.0003202905262
0.002459509061
0.01031231672
0.02377716967
0.01253475683
0.02572095936
0
0.03818701661
0
0
0.02014468955
0.02281438706
0
0.04790193239
0.004233401512
0
0
0.01019056695
0
0
0.008994203602
0.01181557286
0
0.04015583611
0
0.0427120047
0.03182820486
0.0007505154356
0.007376178857
0.03308428726
0
0
0
0
0.002052168793
0.02357445187
0.004079587149
0
0.002987063072
0.03571552083
0
0
0
0.001317199818
0
0.01385026091
0.02342458261
0
0.05601574815
0.01054702415
0.01737241816
0.006691029752
0.01493666749
0
0.005912264907
0
0.007730260203
0
0
0.0238565453
0.04947810309
0.01042783718
0.04891235041
0
0.01822272266
0
0
0.02340964263
0.009866339718
0
0
0
0.00646554238
0
0
0
0.02049965371
0.0004948629733
0.006217852453
0.03300817384
0
0
0.01132432957
0
0
0
0
0.01120177806
0
0.003533335887
0.03533078628
0
0
0
0.001475013063
0.01089350202
0.0140800474
0.02300147478
0
0
0.009625906131
0.021857364
0.03168253081
0
0.03263897975
0.03901932184
0
0
0.01849651767
0
0
0.02668295789
0
0
0.006508989561
0
0
0
0
0.009071954748
0
0
0
0.01885859921
0.02185558837
0
0.03813762114
0.03233098129
0
0.003905159084
0.008659376434
0
0
0
0.03869215915
0.01656017028
0.001955035344
0.01809851999
0.01260436419
0
0.009439728045
0.04211790119
0.002564366305
0.02952435533
0
0.02562461257
0
0.002581633468
0.00E+00
0
0
0
0.0388998681
0.0192154258
0.04386016256
0.03231874787
0.01430468288
0
0
0
0
0
0
0.009385053278
0.00862276798
0
0
0
0
0.01014839063
0
0.04568808035
0
0.01889010693
0.00917586211
0.02951790157
0.01741144329
0.002319014848
0.02330846995
0
0.01323075295
0
0.03810296086
0
0.03385259605
0
0
0
0
0
0
0.003523441527
0.07006508111
0.004649185777
0.05201351073
0.004348852188
0.04377671551
0
0.01365139973
0.0135319448
0.01445509781
0.002346788107
0.0006449168117
0
0.01020868834
0
0.02043726407
0
0
0.002788827424
0
0
0.02861323018
0
0
0.04765638012
0.009570667836
0
0
0.004823419464
0.0007734863665
0.001543941154
0
0.01742160186
0
0
0.01733077968
0
0.05165139226
0.02892621529
0
0
0.01652987744
0
0
0.01871546416
0.01835951091
0
0.00613534149
0
0.04161490044
0
0.02014395809
0
0
0
0.005495831336
0
0.03486466251
0.02789055677
0.01092054375
0
0.03318077526
0
0.02880617563
0
0
0.01555005843
0
0.04312054426
0.05450239454
0.03630165157
0.02807126461
0
0.01336589488
0.01761063125
0.0150223786
0.0044146751
0
0.01755738726
0
0.007416300444
0.04551111615
0
0.04543852344
0.01308532738
0
0
0.0005487218876
0.03851324732
0
0.02100109645
0.01827472171
0
0
0
0
0
0
0.0003554117178
0.001846867816
0
0
0
0.01131058711
0
0
0.02805888648
0
0
0.00395696895
0.04405638191
0
0
0.004008810048
0
0
0
0
0.05067409842
0.01664838828
0
0
0
0
0
0
0.00E+00
0
0.009110635164
0.00E+00
0
0
0
0.04448962477
0
0
0
0.01678900084
0
0.01050699359
0.04910419246
0
0.007589586632
0.006004346695
0.06176729436
0
0
0
0
0
0.02443300081
0.00939357594
0
0
0.002047757554
0.01824781223
0.008631129026
0.01455755205
0.01395591421
0.01250748299
0.0003703696059
0
0
0
0.0004517289139
0
0.01202036218
0
0.001119017572
0.006901562124
0
0.01832557955
0.02260872095
0.03146364532
0
0.00E+00
0
0.03095158782
0.01310046333
0
0
0.01215394817
0
0
0.0104938569
0.01800544378
0.02019651516
0.003471379922
0
0.002411401983
0.03158542893
0
0
0
0
0.01803695499
0
0
0.02687986256
0.0465725137
0
0
0
0.002256693413
0.01006689272
0
0
0
0.01545631652
0.001154281414
0.01483708459
0.01926440496
0.002861226681
0.04170156876
0.03809509309
0.007995189557
0
0.02032458853
0
0.004337016778
0.0185523423
0
0.01109905825
0.008246451633
0
0.01729130041
0.02061980577
0
0.01939256682
0
0.02005985803
0
0.03946971036
0.00227588533
0
0.01903142166
0.04364278203
0
0.01269248643
0.01102171028
0.007453479182
0.03011995272
0.02489191626
0.01926114663
0
0.001546843628
0.02713407608
0
0
0.01549944746
0
0.01977662583
0
0.05440669485
0.01002278837
0
0
0
0.02030014087
0
0.0012999057
0.01523791978
0
0
0
0.01485728738
0.02605786234
0.02329678337
0.01808994198
0.02802267566
0.02162947648
0
0
0
0.01443197873
0.01806537047
0.001076284598
0
0
0.06354786051
0
0.01248072011
0.02076804336
0.0440004943
0
0
0
0
0.00442813526
0.0142803831
0.03411628081
0.03371487943
0.03442603849
0
0
0.02197134345
0.01166709032
0.009667699702
0.008473316752
0
0.008746926264
0
0
0.01036252463
0.007103919588
0
0.01162580253
0
0.02678572044
0
0
0
0.01176806867
0
0
0.04530759789
0.02905587471
0.00E+00
0.02037380882
0
0
0.01010006995
0
0
0.02020846785
0.001640187452
0
0
0.005120883375
0.01027658904
0.02394135678
0.06482283929
0
0
0.02236728775
0
0
0
0
0.01595878529
0
0
0
0
0.0409976494
0
0
0.03697866335
0
0
0
0
0.005626355675
0
0.04577573675
0
0.009146971568
0.04091896592
0.01134708418
0
0
0.002796713671
0.01190022514
0.03007800465
0
0.03683537274
0.002140235701
0
0.01680833206
0.001476245771
0
0.0309567696
0.01392957555
0.01004189023
0
0
0
0
0
0.01002113668
0.02488804844
0
0
0.00E+00
0.006823920654
0.02244521342
0.01910597909
0
0
0
0
0.04963398258
0
0.002535692634
0
0
0
0
0.04879480637
0.009914142119
0
0
0
0
0
0.01983052536
0
0
0
0
0.00836857952
0.007527336814
0
0.02025911933
0.0112347955
0
0
0
0
0
0.02703139569
0
0.006191254609
0
0.001959935209
0.04677972946
0
0
0.0696589311
0.01035468902
0
0
0.05544805993
0
0
0.06769509876
0
0
0.03571708244
0
0.007305616317
0.01280852772
0.001984668039
0.02798461755
0
0
0.002878085325
0.005032384938
0
0.02680850663
0.03625706053
0.02753794066
0.02830546551
0
0.03164825683
0
0
0
0
0
0
0.0456217093
0
0.01664116987
0
0.02751110906
0
0.01331530682
0
0.01246173358
0.03562925917
0
0
0.007506622045
0
0
0.0002140418921
0
0
0
0
0
0.04853483451
0.01283470066
0
0.005017506392
0
0.003567539625
0
0
0
0.03966301112
0.01656957324
0.01506837543
0.01885252531
0.007416865113
0
0
0
0
0
0.0143832802
0
0.03987482081
0.001623920304
0.05440045027
0
0.03829074201
0
0.004262955087
0
0.01063818177
0.0239500637
0
0
0
0.02428846186
0
0
0
0
0.05139561328
0.007386858944
0
0.06367614236
0
0
0
0
0.007468425954
0
0.01736621462
0.00E+00
0
0.02678243017
0
0
0.04483792522
0.02760548018
0
0
0
0
0
0.04818231129
0.03739194504
0.0170691593
6.43E-02
0
0.0113249816
0
0
0.01328920248
0
0.02379912606
0
0
0
0.02085852833
0
0.01768291643
0
0.01978862624
0.03165627019
0
0.02703828595
0
0.01717948201
0.02972981994
0.003321274925
0.01977083132
0
0.002625674243
0.02686385923
0.004569998582
0
0.02127642732
0.01981072246
0.01023009209
0.02507541548
0
0
0.03404634305
0.02383961125
0
0
0.02518744758
0
0.0005884055567
0
0.02838935387
0.006839283026
0.004979034828
0
0
0
0.04329220729
0
0.03526526735
0
0
0.001412247548
0
0.01478234302
0.05424183273
0
0
0
0.00472834832
0
0
0.02972383541
0.04366255532
0.01821335131
0
0.001959844814
6.37E-05
0
0
0.02340401254
3.81E-05
0
0
0
0
0.003025657498
0
0
0
0.002135484702
0.01664702276
0.02140889754
0.004495329796
0.00E+00
0
0
0
0.02600590287
0
0.01632961786
0
0
0
0
0.0172181818
0
0.01741185792
0.03759125311
0.03024062329
0.0009375274101
0
0.02305260979
0.001289697394
0
0.05613328815
0.03351659971
0.0004251841319
0
0
0
0.01280588496
0
0.03595334556
0.01527195086
0.01705466752
0.02048454791
0
0.05166651597
0.01764564943
0
0.007771497702
0
0.01381299271
0.01239010797
0.004052586483
0
0.01782758772
0.01629050573
0.01684769548
0.01700259404
0.03235768367
0.002674480072
0.01369818904
0.01287440957
0
0
0.005149923408
0
0
0.01063352821
0
0.01849146595
0.02104374499
0
0
0.009839195095
0.02401983852
0
0
0
0
0.03863363606
0.001080983731
0.01966287935
0.03484777216
0.001746656543
0
0.008303456781
0
0
0
0.01610175232
0.06348313432
0
0
0.007997148983
0.01700910936
0
0
0.02877548032
0.01115955183
0.003045848714
0.01591877834
0
0
0.01323053754
0.009636144374
0.0006508387454
0
0.0008931455804
0.02049279119
0.01477742862
0
0
0.01100653522
0.002083025627
0
0.02385179485
0
0
0
0
0
0
0.03723635198
0
0
0.03332581808
0.03762880546
0
0
0
0
0
0.04411756793
0.05371880405
0.00192363339
0.007431243298
0.01251576988
0
0.009077088969
0.02089430345
0
0
0
0
0.01683296085
0
0
0.007468810683
0.00832735021
0.001614822857
0
0
0
0
0.01125069586
0.03884911727
0.00524513619
0.001300376526
0
0.01204173628
0.02191755531
0
0.02669440323
0
0
0.03607616881
0.0150462823
0.01837033705
0.01363279312
0
0
0
0.004293175157
0.02626302959
0
0.04264632253
0
0.02272868173
0.006334736575
0
0.000986148793
0.01070720667
0
0.00644647905
0
0.03463783585
0.03763426113
0.03072500472
0.002651480946
0.01499700089
0
0.02560893342
0.02846111414
0.03180032535
0.01466287994
0.04822845755
0.02371346513
0.003777976534
0.01863325015
0
0
0.02360654717
0.01136622309
0
0.04553682086
0
0
0
0
0
0.002790963361
0.002246526095
0.01811140658
0.009077755059
0.03421475701
0
0
0.01684652403
0
0.006918598505
0
0.01925066725
0.0004982077316
0.0119794429
0.00429645542
0.005181719506
0
0
0
0
0
0.03198532907
0
0
0.03556733838
0.005762669707
0.02292031903
0
0
0.0333751756
0
0.006337323733
0
0.04595084403
0
0
0
0
0.002587398289
0
0
0.02890222899
0
0.01304253374
0
0.00E+00
0.01141201623
0
0.02489669587
0
0.01020078804
0.005164504357
0.01566852418
0.04593205849
0.0040077009
0
0
0
0
0.05661115409
0
0.02101420352
0
0
0
0
0.006825563445
0
0
0.009817915363
0
0.04312807714
0.0454468794
0.0163391352
0
0
1.97E-02
0.002049507759
0
0.02295385435
0.02582360127
0
0
0.02050224085
0
0
0
0
0
0.02316330979
0
0
0.04277760372
0
0
0.003101692253
0.02279590264
0
0.008635496724
0
0
0
0
0
0
0.05001922392
0
0.0006406606267
0
0.02570580877
0.002061771199
0
0.01399381684
0
0.04456946719
0.02098719949
0
0.0500484707
0.02052820288
0.02523914186
0.04292529555
0.006818641952
0.02964602603
0
0
0
0.04034183
0.01789723816
0
0
0.001247136591
0
0.005536170678
0.007165158888
0.01735626201
0.03635000317
0.03278665302
0.01122548242
0.01451933248
0
0.005437344177
0.0270473617
0.01610436143
0
0
0.004780081837
0.0338755165
0.004343397126
0
0.00511615965
0.005278826176
0.04724089313
0
0
0.0008351000021
0.01989805576
0
0.005820765361
0.05095160616
0
0.02747421714
0
0
0
0.001063781807
0
0.01406893535
0.01265674244
0.005424222183
0
0.02190338235
0.04221673041
0.03247267202
0
0
0
0.03204694416
0
0.01254661683
0
0
0.02590604936
0
0.0236189656
0
0
0
0.01616581882
0
0
0
0
0
0
0.03045310361
0
0
0.01892323207
0.04934991297
0.03516618791
0
0.004155547769
0
0
0.008379435785
0.01652194666
0
0.00138016213
0.0291991785
0
0
0
0
0
0.02161346097
0
0.0325538473
0.00749301417
0
0.009213250058
0
0.02511002603
0.02524622366
0.006521655506
0
0
0.02001553921
0.01917998164
0
0
0
0
0.006221716906
0
0.008264246471
0.01348630767
0
0
0
0
0
0.006815869951
0
0
0
0.01019357716
0.04066710963
0.000183139972
0
0.01602924048
0.0134535871
0.02967426808
0.03198389845
0.02711897198
0
0.03529487996
0
0.03131045572
0.02499002842
0
0.02333885293
0.04484440018
0.03238307013
0.006583866278
0
0.007785072196
0
0.02504902301
0.03237802372
0
0.03712627195
0.001363443069
0.01239275755
0.01543641323
0.003204271735
0.01032637648
0
0
0.0171592196
0
0
0.01298012349
0
0.007104228107
0
0.02241087067
0
0.01111325865
0
0
9.09E-05
0.01048612218
0.01266448243
0
0.03459901625
0.005568233768
0
0.02463468237
0.03077568243
0.005051267858
0.01531348441
0
0.01148333375
0.00E+00
0.008708414838
0.004276392187
0.003785615836
0
0.02794849927
0.01128732797
0.03118569835
0
0
0.01955341447
0.02181823263
0
0.01352016888
0
0
0.004365568932
0
0.04502110554
0
0
0
0.009615452936
0
0.0198598955
0.0312301741
0
0.01750030172
0
0
0.0163488037
0
0.04394218234
0
0
4.00E-03
0
0.00583127054
0
0
0.02104552675
0
0.01647176309
0.03027727995
0.001918396013
0.02195699751
0.04336975978
0
0.014334766
0
0.02525546988
0
0
0.002033874381
0
0.0157433286
0.0130079639
0.02087644468
0.02234111837
0
0
0.0126233773
0
0
0.03247153715
0
0
0.01682146067
0
0.04496961238
0
0.007193084716
0.009805350581
0.009733784165
0.01609913525
0
0
0.04838433826
0
0
0.01255940294
0
0
0
0.01666859183
0.002626220601
0.001309856275
0.02177294608
0.01836803152
0
0
0.02755659178
0.02940352614
0
0
0.05259611508
0.01128442958
0
0
0.00578848896
0
0
0.02732804221
0
0.01062867079
0
0
0.004990880227
0
0.03055006133
0
0
0
0.01047182778
0
0.0289997701
0
0.03654699022
0.02505849054
0.0002579028652
0.0301721583
0
0.02034023918
0
0
0
0.02408649046
0.01969398925
0
0
0
0.006497542785
0.02354423338
0
0
0
0
0.03364147269
0
0.0266243238
0.002555990792
0.03205339448
0
0
0.02764511136
0.0463147388
0
0
0
0.01429757539
0
0.007393557835
0.01238406758
0
0.05635098947
0
0.02369835134
0.005981314278
0
0
0.02068680793
0
0.008690295035
0
0
0.02523955025
0.02997604923
0
0
0
0.008960583831
0
0.01987095898
0
0
0
0
0.001600681942
0
0.01615990374
0.03623816944
0.04292554029
0.00123399835
0.03721618739
0.001314587337
0.032141426
0
0.003717427823
0.008823463588
0.01640640029
0.05553642946
0.01869922751
0.01078335458
0.005513328192
0.0248017911
0
0.02203170026
0.01921664559
0
0.03364236143
0.03680693396
0.008258123593
0
0
0
0
0.004195268982
0
0
0
0
0
0.008049540354
0.006270131923
0
0.01471358678
0
0
0
0
0.008885253328
0.02829090863
0
0.004254643027
0.005109726656
0.03990097133
0
0
0.0362902183
0.02283441006
0
0.01106489686
0
0
0
0.02209011523
0
0.03132656476
0.007485706732
0
0.02891044555
0.0135526861
0.01009670418
0
0.02122652401
0
0
0.01450050218
0
0.01591888788
0.008161036936
0.0237564704
0
0
0
0.0191222741
0
0
0.02121216889
0.00405839593
0.00227007312
0.0266099998
0.0309375028
0.02478117351
0
0.01075822096
0
0
0
0
0
0
0
0.001489628325
0.02595017584
0
0.007197786667
0.03612473304
0
0
0
0
0.01206418342
0
0.02675765608
0.02565642626
0.03050169535
0
0
0.02524618073
0.01108355952
0
0.004349024509
0
0
0
0
0.01363831243
0
0.0007979084241
0
0
0.02328179951
0.01793840228
0.05186098131
0
0.02022719645
0.03913054804
0.03411907057
0
0.005207940126
0.0005652978105
0.02243124394
0
0
0.00325384753
0.05384455323
0.003320379145
0.02308418728
0
8.90E-03
0.01575158492
0.004339771143
0.003996476517
0.004738711028
0
0.02218898515
0
0
0
0.00919296071
0.02025019638
0
0.009080109356
0
0.04764518584
0.008679898908
0.0006019401631
0.04113153166
0.009274831683
0
0
0
0.03371548132
0
0.01617545076
0
0
0.004045723338
0
0
0.01629263132
0
0.03199416147
0
0
0.01876809599
0
0
0
0
0
0
0.02451575726
0
0
0.01291898029
0
0.03302919396
0
0.00E+00
0
0.009638836844
0
0
0
0.0038467452
0
0.02403994573
0.02636770808
0
0
0.01600224925
0
0
0
0
0
0
0.01853594259
0.03114032544
0
0.0128329551
0.03745457064
0
0
0
0.011444111
0.07315744729
0
0.02254150547
0.008436918346
0
0.007544714081
0.01113933887
0.04141652296
0.05529110222
0
0
0
0.025538799
0.02295644435
0.01939352397
0
0.08336911141
0
0.003191214287
0.0006371725187
0
0.02556279874
0
0.03594392234
0.004470454782
0
0.002294044115
0.03190075539
0
0.004355603542
0.03657804695
0.0005518381103
0.01158284967
0
0.01307771517
0.00972701095
0.04346854149
0.0003881646408
0.01570577025
0
0
0.002536026259
0
0.01790554358
0.001008906231
0
0.02421011923
0
0.02268930693
0.01649191769
0
0
0.01878731027
0
0
0
0.005976359144
0
0
0.03180003478
0.01870276697
0.04607983083
0
0.03727867039
0.005043460376
0.01783675632
0
0
0
0.001332035567
0
0
0.03486577612
0.082184129
0.000180381986
0
0
0.01946710872
0
0
0
0
0
0.04679122323
0
0
0.004326615709
0
0.009042355893
0.03787144736
0.004689335861
0
0
0
0.002473498219
0
0.01449110228
0
0.0256335419
0
0
0.0177131214
0.00319485923
0
0
0.0291461267
0
0.02081882761
0
0.02076881183
0.03176991104
0.02392459522
0.02829349281
0
0.01957273966
0.0216303846
0
0.006561980824
0
0.02180303242
0
0.004880411491
0.02612534925
0
0
0
0.04499384137
0.00E+00
0
0
0.02284241232
0.05447893067
0
0.02996559405
0
0
0
0.0206149543
0.01875893828
0.006885722959
0
0.02969652373
0
0.006111477086
0
0.003260362311
0
0.01476273036
0.0001293073604
0.00916541811
0.01727343311
0.04232572888
0.004626484045
0
0.03145746553
0
0.02047096654
0
0
0.03932839723
0.0464665223
0
0.01068599659
0.006451171985
0.01127414412
0
0
0.001784991394
0.01530350824
0.02827298012
0
0
0
0
0.02007786044
0
0.002822618605
0.0251106379
0
0.003990094286
0
0
0
0.003504876737
0.003675516597
0.01672568817
0.06250362413
0
0.04217861127
0
0
0.0089631115
0
0.01598238366
0.007177133957
0
0.02285551591
0
0.004972125494
0
0.009497479513
0.009619150632
0
0
0.04076324371
0.003273759132
0.01202692752
0.01170265693
0
0.02644450941
0
0
0.02801365677
0
0
0.028859366
0
0
0.006086045616
0
0.01935234076
0
0.02643306236
0
0.0003555845553
0.01682202374
0.009095086114
0
0
0
0.001909252093
0
0
0.0203020139
0
0
0
0.006329417598
0.01371679144
0.005307974663
0.03132986165
0.003470813293
0
0.01264197974
0.03347708249
0.01099248431
0.01189863617
0
0.005858074431
0.0004843201653
0
0.001564585729
0
0.02591216863
0.01173744169
0
0.02034838366
0.01698359203
0
0.008462425681
0
0.0121833692
0.02382586358
0.01330342801
0.02441238472
0.01869548157
0.007687863277
0.01151765172
0
0
0
0
0
0.01397297193
0.01013900501
0
0
0
0.008510114669
0
0.04563549816
0.0422353189
0
0.01729848657
0.04092556509
0
0.01811387565
0.006238697165
0
0
0.008242665952
0
0.03408618726
0.0167288088
0
0
0
0
0
0.04897750292
0.01631931173
0.02047387838
0.03711471167
0.0361212279
0
0.006814877954
0.01527719597
0.01413944818
0.007407704312
0.01995666146
0.03004619491
0
0.03466478453
0.02699576433
0
0.0006300913371
0
0
0.006129838935
0
0.01913087941
0
0
0.01704669506
0.03278752284
0
0.02138199675
0.00E+00
0.01443115234
0
0
0
0
0
0.01657626965
0
0.01090344662
0
0
0
0.01544834441
0
0.02011325404
0
0.03431107889
0.01019306502
0
0
0.03472763017
0
0
8.92E-03
0.04991880255
0.00319545874
0.008000979347
0.009979739993
0.01083573963
0.01106065859
0
0.01773771416
0.009219137633
0.03991702826
0
9.01E-03
0.01268024061
0
0.02915061814
0.01107458839
0
0
0
0.0001930623251
0
5.44E-02
0.03051656322
0.008954133499
0.004244614932
0.03251370602
0
0
0
0.03102311565
0
0.001439126225
0.01980732845
0
0
0
0.00523008914
0.01816996058
0.04892748831
0
0
0
0.01821902923
0
0
0.007557060228
0
0
0.004478782025
0
0
0.02969162626
0
0
0.008281005022
0.02462886553
0.005012672115
0.05805722256
0.01306281029
0
0.02608941576
0.01694385534
0
0
0
0.02133287804
0
0.03063864076
0.03901527937
0
0
0
0
0
0.03284444928
0
0
0.00E+00
0.00E+00
0.04881830816
0.002190089955
0.03210698923
0
0
0
0.03792310983
0.004079307182
0
0
0.0005545715202
0.009832292446
0
0
0
0
0.01058794368
0
0
0.01589185265
0.02951803805
0.003547978315
0
0
0.01121745062
0
0
0
0.04901376266
0.02438193512
0.01037763435
0.008582070007
0.00E+00
0.01015023842
0
0
0.01121876996
0.01075080428
0.06620492229
0
0
0
0
0.0252471239
0
0.02167064969
0
0
0
0
0.005512307632
0
0
0.04452226709
0.008477119303
0
0
0.02359189491
0.008717655138
0.03854736821
0.04642269068
0
0
0.05146999549
0.009233844295
0.03242346276
0
0
0
0.02085061827
0.01744476961
0
0
0
0.05414901891
0
0.03286275144
0.04888832324
0.01202455689
0.007573404756
0
0.02413495264
0
0
0
0.02226452024
0
0.003343159011
0.01083502789
0
0
0
0
0
0.02320616197
0.002816106851
0.007468613008
0
0.005040167439
0.01575853157
0.007823532045
0
0.04119998779
0
0.006779119579
0.01143378815
0.002145906663
0.02404698781
0.01988055101
0
0
0
0
0
0.02192897854
0
0
0.018762914
0.02384512938
0.03006381424
0.03656574623
0
0
0.03796120157
0.00432650991
0.02199362133
0.01746305445
0
0
0.02213852284
0
0.01082894331
0.00E+00
0.02527196832
0
0.02533954731
0
0.01867125147
0.04869301669
0.002416037314
0
0.005283665236
0
0.00387883015
0.003652827853
0.01847637231
0.03045126058
0
0
0.03695642644
0.01682148173
0.003846448791
0
0.03921579123
0.05193485472
0.02131153705
0
0
0
0.006735392208
0
0.01217246377
0.03582055085
0
0
0
0.005735590358
0
0.02522693396
0
0.0005798103238
0.01891135572
0
0
0.0123198651
0
0.004208128907
0.003843343882
0
0.0242262308
0.001395288712
0.003536173243
0
0
0.03325460389
0
0
0.009800590388
0
1.59E-02
0
0
0.02063870212
0
0
0
0.03518913029
0
0
0.02006874724
0.01792834284
0.009565570803
0.01722028937
0
0
0
0.03689338226
0.01151016828
0
0
0
0
0
0
0.0179715162
0.02206228246
0.01180696659
0.02141337205
0.009605611703
0.02254460041
0.007903026069
0
0
0
0
0
0
0.02657943648
0.01474898749
0.04405419421
0
0.04334198358
0
0
0.003765734858
0
0
0.002203134728
0.02152407373
0
0
0.04070320325
0
0.02234978114
0
0.01187327788
0
0
0.04295902931
0
0
0
0
0.005675977784
0
0.00928022007
0.002013267963
0
0.04114216654
0
0.0492130368
0.01672227762
0
0.0007201882392
0.005672683738
0.006615768417
0
0
0.04136358568
0
0.06159149704
0.04187532538
0
0.009226149326
0.05747524389
0
0.002639916572
0.005914874513
0
0.008241172177
0.0287359698
0.0006575726531
0
0.04884900655
0
0.001331002876
0
0.0044770402
0.002298324091
0
0.01248188885
0
0
0
0.01748651128
0.02185493508
0
0.009389977426
0
0.03602389593
0.01596090453
0
0.01170557151
0.01075101918
0
0
0.0209764895
0.0001490233272
0.004335499157
0.01429803324
0.02863104131
0
0.02609173077
0
0.04088156484
0
0.00873315424
0
0.04662608865
0.03626995959
0.03807506593
0
0
0.04797495149
0
0.01692064311
0
0
0.004828733906
0.05543247174
0.007601438034
0
0.005421226205
0.01226462536
0
0
0
0.02465347339
0.02039592694
0.01675972546
0.001411153867
0.005244204353
0
0.02774991343
0
0
0.0005116068611
0
0.00264107439
0.01202369617
0
0
0
0.0001261753466
0.01431422913
0.06583569129
0
0.01256627367
0
0
0.01172354649
0
0.03173917703
0
0
0.0004127886902
0
0.00454005194
0.006218754532
0.0162033122
0
0
0
0.05002218938
0
0.002527294506
0.01444631173
0
0.01895509658
0
0.004077462247
0.03680199199
0
0
2.06E-02
0
0
0
0
0.003857759164
0
0.03124867204
0.003739650752
0.015577101
0
0
0
0
0
0
0.04102888331
0
0.0134872414
0.02344970563
0
0
0
0
0.03083695115
0.02662856313
0.01308126794
0.01025685753
0
0.01491985906
0
0.01387142718
0.05288783557
0
0
0
0.02984199228
0.01226946547
0.005729542719
0.01216548447
0
0.0492811354
0.02688347028
0
0.02652484101
0
0
0.003447592378
0
0.0003492013268
0
0
0.0171739494
0.007400897683
0
0.01371537486
0
0
0
0.03321450169
0.0391110181
0.007480060213
0.01440728572
0
0.02100610265
0
0
0.02678650201
0.01791628816
0
0.01719476162
0.01950825783
0.01559736541
0.04187032577
0
0
0.01478681017
0.009866831859
0.01457008188
0.0002616937644
0
0.009838644323
0.01519039075
0.00167157219
0
0.009758226709
0
0
0.0256262268
0.01514510046
0
0.01645672375
0.007562986563
0.005875582976
0.027984886
0
0
0.01500240852
0.007445955547
0
0
0
0
0
0.0120569494
0.04374136885
0
0.03225645014
0
0
0.01759595612
0.006503367411
0.02181661274
0
0.02693643169
0.006549612977
0.01906229715
0
0
0
0.00150703395
0
0
0
0.04345540726
0
0.009311287896
0.005029250812
0.01929141148
0.0226377876
0.01236916985
0
0
0
0.04153633303
0.007671715164
0
0
0.02943008156
0.0312156237
0
0
0.02533355705
0
0
0.004542981109
0.004335903849
0
0.005965802199
0.02409558744
0
0.01331872413
0.02453064942
0.04052913916
0.01754580187
0.02196024709
0.03447309311
0.005277216433
0
0
0.04250302702
0.01588001195
0
0.0271819655
0.02917815051
0.01355943494
0
0.02893223688
0
0
0.008488593751
0.02523663348
0.009330994979
0.01577997576
0
0
0
0
0.04471701414
0.0006302044495
0
0
0.01585318442
9.85E-05
0.002203865141
0
0
0
0
0.02916069786
0
0.01259515126
0
0.01575186066
0
0
0
0
0.004394547636
0.0009157914364
0.03660207921
0.007972722516
0
0.008234711645
0
0.01581462903
0
0.02382359994
0.02133232933
0.003127242269
0
0.004661334614
0.001154189476
0
0.002118457583
0.01818481029
0.06399199162
0
0.02816205156
0
0.02566911982
0.02268701379
0
0.03483738685
0.01213998492
0.01422990969
0.01541070265
0
0
0.006129140688
0
0.009970630571
0.01434472711
0
0
0
0
0
0.009508695705
0
0
0.03017185662
0.01469809332
0
0.03933583341
0
0.00E+00
0.02242769136
0.005725260317
0.006324450328
0.02699162159
0
0.00354573452
0.01418371885
0
0
0
0
0.01576794622
0.006254652601
0.01130926308
0.008229998145
0.0305788574
0
0.01299874548
0.009033829919
0.01491116933
0
0.04160719998
0
0.01381621021
0.01827261986
0.02925829828
0.0500590187
0.01052305012
0
0
0.02975655326
0
0
0
0.01817325232
0
0
0.008936461931
0.01372189514
0
0
0.0235022487
0.0002794382672
0.02663701674
0.01048971345
0
0
0.007114588942
0.008176107509
0
0.01728175522
0
0
0.0319430229
0
0
0.01707480093
0
0.01790677465
0.01387627219
0.03277758902
0
0
0
0.007003608817
0.00672034983
0
0.02248648634
0.01600556881
0.04349536451
0
0
0
0.04653405449
0.05341343108
0.0318360282
0.00E+00
0
0
0.01016489147
0.01200022022
0
4.04E-05
0
0
0
0
0.02406174409
0.01876824625
0
0
0.001979117066
0
0.03475469398
0
0.01950017245
0
0.02567221153
0
0.02927076355
0
0
0.03812017597
0.007110375493
0
0.01874690379
0.01683156225
0.06808181211
0.01270005873
0
0
0.03306316062
0
0.03283405108
0.01830754822
0.04530810949
0.004679181276
0
0
0
0
0.004029275515
0
0.006069321959
0
0
0.05072850759
0.01019879499
0.003297001545
0
0
0
0
0
0
0
0.01473523265
0
0.02034813859
0
0
0
0.02323486831
0.01697898109
0
0.01320107234
0
0.004846409443
0.0192398594
0.006059776946
0.01760901587
0
0
0.04054736768
0
0
0.03397215639
0
0.005363370531
0
0.01005053856
0
0
0
0.01974828518
0
0
0
0
0.002443666531
0.02232308449
0
0.004995910988
0
0
0.00626342325
0
0
0.02047609701
0
0.01409215347
0
0.02314184167
0.001477087995
0.001802787328
0
0.0007941817262
0
0
0
0.03831443459
0.015460677
0
0.004832966292
0
0.02448663923
0
0.04987317003
0
0.02826174855
0.01104641282
0.01897442997
0.003611782756
0.04397339602
0.01296878291
0.03419518261
0
0
0
0.00930424582
0
0.01996101881
0
0.01298623259
0
0
0.01720121373
0.01264677301
0
0
0.0101731315
0
0.01156872476
0
0
0
0.002496105793
0.01868115505
0.02282142358
0
0
0
0.04639474584
0.02985557089
0.02829655559
0.01788826255
0.01791004143
0
0
0.005076545646
0
0.03786604705
0
0.005809108407
0.01972102032
0.01551089851
0.02591672132
0.0347656298
0.001203186411
0
0
0.04669391519
0
0
0.009934579331
0
0.01532282103
0.03958131916
0.04308721243
0.01776765204
0
0
0.03063485289
0
0
0
0.06625126915
0
0
0
0
0
0.02853003749
0
0.004981612909
0
0
0
0.001211986295
0
0.01283463473
0.000728254826
0.02860055093
0
0.01481174833
0
0.01081399151
0.01255217205
0
0.009106839714
0.01036679829
0
0.0008362509679
0
0.04039927147
0
0.0145030761
0.02472924138
0.002194985592
0.04394571962
0.004510263106
0
0.02714470074
0
0
0.02026973391
0
0
0
0
0.0363978747
0.02968167247
0.07529359385
0
0.009910691815
0
0
0
0
0.006023475605
0.01072665489
0.05065817174
0.01781872143
0
0
0.003984670275
0.02086316866
0.0364285064
0.02870734183
0.04701171332
0
0
0
0
0
0
0.01787650733
0
0
0.03540741194
0.001725182154
0.007299769573
0
0.006339111135
0
0.004076536822
0
0
0
0.02074337601
0.05538720355
0.01225212617
0.03040688247
0
0
0.01247238478
0
0.0121975705
0
0
0
0.0003516885631
0.03700192619
0
0
0
0.01354867635
0.03839583196
0.009895941326
0.01443045905
0
0.01135004978
0.02475247913
0
0.00E+00
0
0
0.03863557242
0.009589397593
0
0.0186062417
0
0.001517473421
0.003012717229
0.04710216612
0.0673871262
0.02004498512
0
0
0.01514491077
0
0.005876946171
0
0
0.06575571975
0.008262768603
0.02644392667
0
0
0
0.003989489833
0
0
0.01618822208
0
0.005470746958
0.01852483101
0
0
0
0
0.00184661834
0.0188332981
0.001273074518
0
0
0
0.0006454655567
0
0.006553237476
0.04235433205
0.02884764779
0
0.04087563038
0
0.03196114715
0
0.02506450881
0
0.01336414116
0.05938027032
0
0
0.0311076052
0.005145428922
0.02796764038
0
0.01607916441
0
0.003028927812
0.02953495009
0
0
0
0
0.01741023763
0
0
0
0.01361900389
0
0
0
0.00820946263
0
0.01893320424
0
0
0
0.01060693492
0.02642946282
0
0
0
0.04513563106
0
0
0
0
0.005890839398
0.01737635903
0
0.008768515464
0.02737981762
0.02610128311
0.002141505523
0.05484878168
0
0
0.04195288272
0
0.0258313961
0.0002696607419
0
0
0
0
0.01043303184
0
0
0.01759137502
0
0.04635184578
0
0
0
0
0.03080388935
0
0.02177205645
0.0218857105
0.01532422951
0
0
1.51E-03
0
0.01627878412
4.83E-06
0.02325510239
0
0.03951255263
0.01312721712
0.003227921233
0
0
0.02396678351
0.02592751189
0
0.02764240136
0.02976979069
0
0.03638517005
0.01243541856
0
0.00754717712
0.007938004594
0.02939605881
0
0.006115240278
0
0
0.01220004746
0.01255071156
0
0.02429354196
0
0.01046635453
0.02688556343
0.03134455177
0.02108993457
0.002573476872
0.0379216533
0.007965649179
0.02239456816
0
0
0
0
0
0
0.02089368834
0.0226946945
0
0.01193079383
0.005304498243
0
0
0.005593048944
0
0
0
0
0
0.03466339114
0
0
0.005836104964
0
0.02667682151
0
0
0.005323805423
0
0
0
0
0
0.01443756862
0.03436867896
0.003277400376
0.01603974629
0.004337497323
0
0.02336659627
0.02667398565
0.002760601339
0.002202038607
0.0001850146541
0.01928601886
0.03189417001
0.03635629523
0.03406692736
0
0
0
0.02096977203
0
0
0.04508430747
0.03048745432
0
0.0173439951
0
0.05236193181
0
0.0201492365
0
0
0
0.001465062772
0
0.007957199852
0
0
0
0.0004591038914
0
0
0.003049449171
0
0
0
0.01743490787
0
0.004811610808
0
0
0
0
0.01844015181
0.02278544289
0
0.01352643955
0.02939776499
0.024678826
0
0.005548547245
0.02979831791
0.003980023932
0
0.03516922087
0
0
0
0.005043431745
0.03930456115
0.01572490923
0.07269530954
0.0206062846
0
0.03121164844
0.02534763173
0
0
0
0
0.04579871058
0.01761608361
0
0
0
0
0
0
0
0.001676427652
0
0.04395952139
0.02283160279
0
0.02302597387
0
0
0
0
0
0
0.002017333052
0
0.01506598793
0.01872521002
0.01704799869
0.001012684473
0
0.009525572209
0
0
0.01874719537
0
0
0.03185820595
0.05878198095
0
0.002079220577
0.006508581808
0
0
0
1.49E-05
0.06320677106
0
0.01969367987
0.009802904279
0.04278726273
0
0.05288588629
0
0
0
0.006215241251
0.0286815292
0.04477350462
0
0
0
0.02660508306
0.01758817792
0
0
0
0
0.02315100974
0
0
0
0.002357219883
0
0.005582125136
0.01835126331
0
0.02154388684
0
0.01851671234
0.02447092341
0.03426646262
0
0.02256815767
0.03263777956
0
0
0.03648795692
0
0
0.02605934619
0
0
0
0.03569672022
0.04036020562
0
0.007793728743
0.0109283131
0
0.01828360973
0
0.01122342168
0.02460275744
0
0
0
0
0