3e-05 4e-05 3.5e-05 1.5e-05 0.00212 0 0.000225 0 4e-05 0.00202 3.5e-05 0.018055 0.00105 0.001205 0 0 0.005925 0.003885 0 5e-06 3.5e-05 0.01173 0 0.00027 0 3e-05 0 0 4.5e-05 0.001165 5.5e-05 0 0.004625 3.5e-05 3e-05 8.5e-05 1.5e-05 2e-05 0 0.007135 0 1.5e-05 0 0.00015 2.5e-05 1e-05 6e-05 0 5.5e-05 4.5e-05 1e-05 0 7e-05 0.001975 0.00028 0 0.00264 2.5e-05 2e-05 0.00064 0 0 1.5e-05 0.00231 5.5e-05 3e-05 2.5e-05 4.5e-05 3e-05 0 4e-05 3e-05 2.5e-05 0 1.5e-05 6.5e-05 0.00829 0 0 0.000605 4.5e-05 0 0 0.00025 0.00128 0.006335 0 5.5e-05 3e-05 0.00033 0 0 0.0046 0.001035 0.000625 0 0 0 4e-05 0.011915
0 4e-05 0 0 4.5e-05 0 0.00458 1e-05 0 1.5e-05 2e-05 3e-05 0 0 0 0 4.5e-05 5e-05 0.002265 0.00043 0 0 0.006465 2e-05 0 2e-05 0 5.5e-05 3.5e-05 0.000425 0.00013 5e-05 0.010315 1.5e-05 0.013985 2.5e-05 6.5e-05 0 0 0 0 0 0 4e-05 1.5e-05 7.5e-05 5.5e-05 0 3e-05 0 3.5e-05 0 6.5e-05 2.5e-05 0 0.000575 1.5e-05 0 0.00856 7e-05 0.00674 3e-05 0.00172 1e-05 0.00329 3e-05 2.5e-05 0.003595 2.5e-05 4e-05 0 0.00011 2.5e-05 0 0 4.5e-05 2.5e-05 3.5e-05 0 0.00071 0.006855 1.5e-05 0.003265 7e-05 4e-05 0.00187 0.00019 4e-05 1.5e-05 0 2.5e-05 0 2.5e-05 0.00265 8.5e-05 0.00745 3e-05 0 0.00545 4e-05
0.006105 0 0 0.00017 0 0 0.00621 4.5e-05 3.5e-05 0.000335 0.00237 3e-05 0.005105 0.0005 0.000555 4.5e-05 3e-05 0.00686 0 3.5e-05 0 0 0.008815 2.5e-05 3e-05 0 0 3e-05 0 2e-05 0 2e-05 0.0001 0 0.00036 0 0 0 0.005345 2e-05 0.00097 2e-05 0.0004 0 6e-05 4.5e-05 0.00121 1.5e-05 1e-05 0 3e-05 0.010275 3.5e-05 4.5e-05 0.000675 0 0 2.5e-05 0.00061 3e-05 0 3e-05 2.5e-05 0.00401 0.00514 3.5e-05 3.5e-05 0.003005 0 3e-05 0 0 1.5e-05 0 0 5e-05 2.5e-05 1.5e-05 0 0.00103 0.000715 0 0.000685 0 5e-05 7.5e-05 1e-05 3.5e-05 0 0.009715 0.000725 0.00828 5.5e-05 0.000825 0 0 0 0 0 0.003405
4e-05 7e-05 2.5e-05 0.0087 5e-05 3.5e-05 0 0 0 0 1e-05 4e-05 0 2e-05 3.5e-05 0 2e-05 0 0 4.5e-05 0 2.5e-05 0.004625 4e-05 0 0 0.00503 0.008 0.000605 0 0.00065 5e-05 0 0.006305 6e-05 1.5e-05 0 0.000275 0 5.5e-05 0.002695 3.5e-05 0 0 0 0 3.5e-05 0.01314 0 0.00182 4e-05 0 0 0 5e-05 0 2.5e-05 0 5.5e-05 4.5e-05 0.000245 0 2e-05 3.5e-05 2.5e-05 2e-05 0 0 0.00249 0 0.001655 0.009095 0.005385 2e-05 2e-05 0.003145 3e-05 3.5e-05 0 0 0 0.00208 4e-05 0.002545 2.5e-05 1.5e-05 0.0113 0.0077 3e-05 6.5e-05 3e-05 0.016525 0 2e-05 0.01144 2.5e-05 0.0003 0.001795 5e-05 1e-05
0 1e-05 0.01307 0 3e-05 1e-05 7e-05 0 0 2e-05 0 0.00246 0 0 0.00026 5e-06 4e-05 5e-05 0.001265 0.00584 2.5e-05 0.00153 4.5e-05 4e-05 0 0 4.5e-05 0 2.5e-05 1e-05 0.005145 0.001065 0.00897 2e-05 9.5e-05 0 2e-05 0 0.00013 4e-05 0 0.014525 2e-05 0.00013 0 0.00404 0.008235 3.5e-05 0 0.001255 0 4.5e-05 0 4e-05 0 3.5e-05 0 0.000425 0.004675 4e-05 0 5e-05 0.01371 0.00042 0 0.00661 2.5e-05 3.5e-05 0 0.012775 3.5e-05 0 0.00177 0.00637 0.004065 4.5e-05 0.007325 0.001935 0.000345 0 0.003395 0 0.00912 0 0 1e-05 4e-05 3e-05 0 2.5e-05 0 2e-05 0 3.5e-05 2.5e-05 0.003335 0 3.5e-05 0 0.001
0 1.5e-05 0 2e-05 3.5e-05 0.00689 0.003275 3e-05 0 0 3e-05 0.01542 0 3.5e-05 0 3e-05 0.0007 4e-05 0.00353 4.5e-05 3e-05 6.5e-05 0 2.5e-05 3.5e-05 5e-05 0 2e-05 4e-05 2e-05 0.000315 1e-05 0 0 0 5e-05 0 0.00808 0 0 4e-05 0.00352 3e-05 0 0.00846 0.003405 0.011015 3e-05 4e-05 0.00539 0 2.5e-05 3.5e-05 3e-05 6e-05 0 0.00071 0 1.5e-05 0.00193 0 0 9.5e-05 0 4e-05 0 0.0074 2e-05 0 0.001915 0 3.5e-05 3e-05 0 0 2.5e-05 0.00019 0.01202 5.5e-05 0 0 3e-05 0 0.000255 0.000495 0.002795 3e-05 5e-06 0 0.01058 5e-06 3e-05 3e-05 0 0.002485 0.00474 2.5e-05 0 5e-05 2e-05
0.000675 0 0 0 3e-05 0.00986 0.003735 0.00012 0.008385 0 2e-05 0.00138 6e-05 4.5e-05 3e-05 0.006565 0 3.5e-05 0 3.5e-05 3.5e-05 0 0.00776 4.5e-05 3.5e-05 0 3e-05 1.5e-05 0 1e-05 3e-05 0.00562 8.5e-05 3e-05 2e-05 0.00028 3e-05 0.00534 3e-05 0 1e-05 0 0 0 0 2e-05 0.000325 0.00101 2e-05 0 5.5e-05 3.5e-05 2.5e-05 3e-05 0 2.5e-05 0 0 0.00918 5e-05 2.5e-05 0.00838 0 3e-05 3e-05 3.5e-05 0 5.5e-05 3e-05 0 2.5e-05 0.000395 0.00024 0 3e-05 0 0 0.01436 0 4e-05 0 0.00089 0 4e-05 0.00546 0 3e-05 2e-05 0.00394 0 5e-05 3.5e-05 0 2e-05 0 0.008825 0 0.00602 0 4e-05
1e-05 0.005735 0 4e-05 0.014505 0.00036 2e-05 5.5e-05 0.00115 2.5e-05 0.000775 4.5e-05 0 0.007065 0 2.5e-05 0.00168 0.013895 0.00191 0.00652 0 3e-05 2e-05 0.00373 4e-05 5e-05 0.008915 4.5e-05 0 0.00285 2.5e-05 4.5e-05 3.5e-05 0 0 0 0.00138 0 3.5e-05 0.00018 0 0 0.00103 0 4.5e-05 0 0 0.002565 0 0.004135 0 8.5e-05 0.003375 1.5e-05 0 1e-05 0.0064 3e-05 2e-05 0.01176 0 0.001965 0.00228 0.008365 0.00754 0.00277 0 0.00114 1e-05 2e-05 0.001925 0 0 0 0 0 2e-05 0 0.006095 0 0 0 4e-05 0 6e-05 1e-05 2.5e-05 5e-05 2.5e-05 0 0.007225 0 0 0.004325 0 1e-05 6e-05 0 0.005885 0.0027
4e-05 0 0 0 3e-05 0 0 2e-05 0.001695 0.00771 3.5e-05 0 5e-05 0.000355 0.0001 1.5e-05 2.5e-05 4e-05 0 3e-05 6.5e-05 0 0.00028 0 1.5e-05 1e-05 4e-05 4.5e-05 1.5e-05 3e-05 0.0034 7.5e-05 0.001495 4e-05 0.0064 5e-05 5.5e-05 0.0009 0.008105 0 0 0.003335 0.013275 0 3e-05 0 1e-05 5e-05 0 0.005585 0 5.5e-05 0 2.5e-05 0.00127 0.003115 0 0 0.000195 3.5e-05 0 0 0 0 0 0 0 4.5e-05 4.5e-05 0 0 0 0.001625 0.00292 0.00208 4e-05 0.00273 5e-05 0 4e-05 0.001365 0 0.01198 0.008075 2.5e-05 0 4.5e-05 4e-05 5e-05 0.003445 0 0 0.002315 0.006705 0.000595 8.5e-05 0.002245 0.00031 1.5e-05 1.5e-05
0.005355 5e-05 0.00572 0.00063 4.5e-05 0 0.0014 2.5e-05 2.5e-05 5e-05 1.5e-05 0.008825 5e-05 0 0 0.011665 0.01818 3.5e-05 0.00033 4e-05 0 0.005905 0.00029 0 5e-06 0 4e-05 0.000155 0.010535 0 4e-05 0 0.00275 0 0 0.00263 0 0 0 0 1.5e-05 0 0 0.00064 0.001155 5.5e-05 4e-05 0 1e-05 0 0 0.002875 5e-05 0.016415 0.00808 4e-05 4.5e-05 2e-05 0 4e-05 3.5e-05 0.00025 5.5e-05 3.5e-05 0 3e-05 0.000355 0 4e-05 5e-05 1e-05 0 4.5e-05 4.5e-05 0 2e-05 2.5e-05 0.000395 0 0 0 0 0 2.5e-05 0.008295 0 2e-05 4e-05 2e-05 0.00375 0.00805 4e-05 0 4e-05 0.001515 0 0 1.5e-05 2.5e-05 0
4.5e-05 0.000195 0.000525 0.009345 0 0 2.5e-05 5e-05 3e-05 0.008385 0.00035 3e-05 2.5e-05 5.5e-05 0 0 4.5e-05 6e-05 7.5e-05 0 3.5e-05 0.001975 0 0.00821 0 0 5e-06 0.001195 0.008315 0 0 0.00736 0.00323 5e-05 0.00266 0.002615 4e-05 6.5e-05 0.012565 0.007995 0.000465 0 6e-05 0 0 0.0006 1e-05 2e-05 3.5e-05 0 0 3.5e-05 6.5e-05 0.0083 0 0 5.5e-05 0.010185 3e-05 3e-05 0 2.5e-05 0 3e-05 0 0 3e-05 0 0 8.5e-05 2.5e-05 1e-05 4.5e-05 0 2.5e-05 4.5e-05 0 0 0 0 2.5e-05 2.5e-05 1.5e-05 0 2.5e-05 2e-05 5.5e-05 3.5e-05 0.00264 3.5e-05 0.002245 0 2.5e-05 3e-05 0 5e-05 0 0 1.5e-05 0.00144
0 0 2.5e-05 3.5e-05 0 2e-05 3.5e-05 0 0.00089 0.00506 0.012505 4e-05 0 0.00187 3e-05 0 1e-05 0.00812 0 0.00051 0 0 2e-05 0 0.001815 0.00189 0 4.5e-05 4e-05 0 0.006105 2.5e-05 0.000155 0 0.009405 4e-05 0 0 0.005775 0.000885 0 0 0 0.000695 1.5e-05 3e-05 4.5e-05 3.5e-05 0 4e-05 3.5e-05 3.5e-05 0.00349 0.00074 0.000815 5e-05 3.5e-05 0.000645 4.5e-05 0 4e-05 0 0.00178 0.008105 3e-05 0 0 0.006725 0 0 0 4e-05 0.0015 7e-05 0 0.0058 0.006155 4e-05 0 0 0 0.000165 4e-05 3.5e-05 0 0 0 0.00976 2e-05 1.5e-05 1e-05 0.000755 0 0 2.5e-05 3.5e-05 3e-05 3e-05 0.004775 5.5e-05
0.001585 0 1e-05 0.014465 4.5e-05 0 0 0 0.012925 3.5e-05 0.000125 0 3.5e-05 4.5e-05 0 0.00287 0.012675 0 0 4e-05 3.5e-05 0 0.01207 0 3e-05 4e-05 5e-05 0.0001 5e-06 0.010895 3e-05 0.002315 0 2.5e-05 0 0 1.5e-05 0 0.00163 0.004375 3e-05 0 3e-05 4e-05 0 1.5e-05 3.5e-05 0.000155 4e-05 4e-05 4e-05 0.00026 0 0.01753 0.01251 0 4.5e-05 2e-05 4.5e-05 0 0 2.5e-05 5e-05 4.5e-05 3e-05 2.5e-05 0 3.5e-05 3e-05 3.5e-05 0.012045 0 0 0 5e-05 0 0 2e-05 0 0.002385 0.00307 0 2e-05 0 4e-05 0.00039 0 0.0004 5.5e-05 0 5.5e-05 3e-05 0.000225 0.00311 0 0 3e-05 7e-05 0.00547 0
0 5e-05 0.00984 0 4e-05 0 3e-05 0 3e-05 3.5e-05 4e-05 0.0001 0 0 0.00365 0.009965 7.5e-05 0 3e-05 0 0.00278 0 5e-05 0 8e-05 0 0.00251 0.000145 0.00134 1.5e-05 9e-05 0 0 0.01563 1.5e-05 0.002615 0 0.0052 0 2e-05 0.00011 0 6.5e-05 0.006065 0.002345 0.00073 0 0.003635 0.00388 2.5e-05 0 2e-05 0.000165 0.004975 4.5e-05 0.001435 0 0.000105 0 2e-05 0 2.5e-05 0 0 0 0 2.5e-05 0 0.002235 0 3.5e-05 0 0.000555 4e-05 3.5e-05 0 0.00675 0.003065 0 4.5e-05 0 0.005175 0.00129 3.5e-05 0.00943 3e-05 3.5e-05 0.00642 0 0.005115 0.00593 4e-05 0.00549 0.001735 0 0 1.5e-05 2.5e-05 2e-05 3e-05
0 0.00247 4e-05 0.01386 0 0 0 0.00271 0.0001 0 9.5e-05 0 2e-05 2.5e-05 0 0.001975 0 3.5e-05 2.5e-05 0 2.5e-05 0.008325 0 5e-05 1.5e-05 0.0007 0 0 0 0 0 4.5e-05 0 3.5e-05 0.011385 0 5.5e-05 0.00141 0.009155 0.00187 0.002635 2e-05 0.00023 0 2.5e-05 0.001045 0 2.5e-05 1.5e-05 0 0 3e-05 3e-05 0 0.012295 0 2e-05 4e-05 2e-05 4e-05 0 0 0.004265 1e-05 0.00751 0.00233 0 0 4e-05 0 0.000305 2.5e-05 3.5e-05 0 0.000575 2.5e-05 0.00125 0 0 0.00442 0 0 2e-05 0.002005 0 3e-05 0.00713 4e-05 0 2.5e-05 2.5e-05 0.00047 6e-05 2.5e-05 4.5e-05 5e-05 8e-05 3e-05 0 3e-05
5.5e-05 0 2e-05 0 0 0 6e-05 2.5e-05 3e-05 0 0 0 0.00059 0.00376 3.5e-05 0.00059 3e-05 0 3.5e-05 0.012335 0 0.004265 0 1.5e-05 0.002885 0.00236 0 2e-05 0 0.0032 0.00342 7.5e-05 0.000815 0.00173 0.00096 5e-05 0 0 0 0 0.015695 0 0.000755 0.004895 3.5e-05 2e-05 0.00114 0.000765 0 3e-05 0 4e-05 0.00603 2.5e-05 0.00018 0 0.00036 5.5e-05 4e-05 3.5e-05 0 3.5e-05 0 0 2e-05 0.004545 1.5e-05 0.00015 0 0 0 4e-05 1.5e-05 0.00037 0.004835 0.006485 5.5e-05 0.000465 0 0 0.000415 0.006595 3.5e-05 1.5e-05 4e-05 3e-05 0.00688 0.00947 4.5e-05 1.5e-05 0 0.00689 0.007495 0 0 0 2e-05 0 0.009695 0
4.5e-05 8.5e-05 0.00195 0 0.00397 5e-06 0.0015 0.004505 2.5e-05 5.5e-05 0.007545 5e-06 0 1.5e-05 0 0.003025 0.00332 0.000255 0 0.0007 0 7e-05 0.001785 0 0.009015 2e-05 5e-05 3.5e-05 0.001755 0.00053 3.5e-05 3.5e-05 0 0.00104 0.002365 0.00839 4e-05 0 0 0 0 0.00788 0 2.5e-05 0.009275 0.007545 0 1e-05 0 3.5e-05 0.00584 0.00064 0.000565 0.00498 0 1.5e-05 1e-05 4e-05 0 3e-05 3e-05 0 0.000845 0 0.00222 0.019265 0 2.5e-05 0 0.01357 6e-05 0.000345 4e-05 4e-05 0.00039 3.5e-05 4e-05 7e-05 0.012585 0 4.5e-05 2e-05 0 0 5e-05 0 0.00181 0 0 4.5e-05 3e-05 4e-05 3.5e-05 0 0 4e-05 0 3e-05 0 0.0056
0.00972 4.5e-05 0.005925 0 4e-05 3e-05 1.5e-05 0.003625 0.001015 3e-05 0 3e-05 3e-05 1.5e-05 0 2e-05 1.5e-05 0 0 0.001335 3e-05 0 0.00763 0.001205 0.00166 3.5e-05 0 0.00576 0.00412 0.00351 0 4e-05 4e-05 0 0.001745 0 2.5e-05 0.005525 0.007 0.004035 4e-05 0 0 0 0 0.016225 0 2.5e-05 0 0 0.005775 3e-05 0.002955 0.002215 0 1.5e-05 0 0 0.00019 0 3e-05 3e-05 1e-05 3.5e-05 4e-05 0.001605 0 2e-05 0 0.00043 0.00077 0 0 0 0 0 1.5e-05 0 0.00751 3e-05 0.00014 5e-05 0 0 2e-05 3.5e-05 0.00109 2e-05 0 3.5e-05 6e-05 0 4e-05 5.5e-05 5e-06 0.013515 0 0 1.5e-05 0
0 0 6e-05 0.011665 0.000235 0.00019 2e-05 1.5e-05 2.5e-05 0.00966 0 0.001325 0 0 0.006635 0 0 0 0 4e-05 3.5e-05 3e-05 0.000135 0 2e-05 0 0.001155 0.00018 0.009485 4e-05 2e-05 0.009115 0.006225 0.00598 0 3.5e-05 0 0 3e-05 0.000395 6e-05 4.5e-05 0.00859 0.002355 4e-05 2.5e-05 2.5e-05 8.5e-05 0 0.001695 4e-05 0.000115 1.5e-05 0.00749 0 0.018585 4.5e-05 0.002875 0.00623 0 0.01428 4e-05 2e-05 4.5e-05 0.00022 0 0 0.00241 3e-05 0 0 5e-05 4e-05 4.5e-05 0 2e-05 0 3.5e-05 0 0 0 0.00073 0 0 0.00333 0 0 0 2e-05 0.008665 0.00705 0.00071 0 0 0.01504 0.00054 0 0 4e-05 5.5e-05
0.00876 2e-05 0 0 0 0.0001 2.5e-05 0 0 4.5e-05 3e-05 0 3.5e-05 0 0 3e-05 2.5e-05 3.5e-05 1.5e-05 5e-06 5e-05 6.5e-05 0 4e-05 3e-05 0 4.5e-05 0 2.5e-05 4.5e-05 0.01666 5.5e-05 0.00706 4e-05 0 4e-05 0 0.00087 0 2e-05 0.00096 1.5e-05 0.008175 3e-05 6.5e-05 0 7e-05 0.0007 3e-05 0.005065 2.5e-05 0 3e-05 4e-05 0 0 0 0 0.004615 0 0 3.5e-05 3e-05 0 5e-05 2.5e-05 0.00354 0 2e-05 1e-05 7.5e-05 9.5e-05 0 0.000155 0.00289 0.00638 4.5e-05 3e-05 0 0.00066 0.004225 4.5e-05 2e-05 0.00028 3e-05 0 0.01274 0 0 5e-05 4e-05 0 0 0 0 2.5e-05 0.008085 0 2e-05 2.5e-05
0 4e-05 0 0 0 0 0.000105 4e-05 7e-05 3e-05 2e-05 0.00138 0 0.00763 7.5e-05 3e-05 3.5e-05 0 0.00134 0.00298 1.5e-05 0 3.5e-05 4e-05 0 2.5e-05 0.002245 4.5e-05 0.00173 0 5e-06 0 0.0083 0 0 2.5e-05 0 0.00149 0.00289 2.5e-05 7.5e-05 0.003685 0 0 0.0006 0 0.00043 4e-05 0.001155 0.00591 0.0069 2.5e-05 0 0 0.001705 3.5e-05 4e-05 0 0 1e-05 0 0.00955 9.5e-05 0.0103 6e-05 0 0.00696 0.00498 0.010915 0.007115 1.5e-05 3.5e-05 4.5e-05 0.00071 0.00583 3.5e-05 0 0.002385 0 0 2.5e-05 9e-05 1.5e-05 0.00966 4e-05 0 0 0 0 0.01534 0.00019 0 5e-06 0.00611 7.5e-05 0.001005 0 0 0.003675 0.00018
9.5e-05 0.00043 0 0.014035 2e-05 0 0 0.00067 5e-05 5e-05 0.000355 2e-05 4.5e-05 0 4e-05 0 0 0 2.5e-05 0 0 0 0.00975 2.5e-05 4e-05 0.00172 5.5e-05 0.001165 4.5e-05 0 0.00482 3e-05 5e-05 6e-05 0.00216 3.5e-05 0.004685 0.00015 0 0.00032 4e-05 0 0.00078 4e-05 6.5e-05 5.5e-05 0.00296 0.000455 2.5e-05 0.003325 3e-05 0 0 0 0 4e-05 2.5e-05 0 0 0 0 5e-05 0.00341 2e-05 0.007755 0.00246 0 0.0012 4.5e-05 0 0.012175 0.00332 0 0 0 0 6e-05 3.5e-05 0 0 0.01331 0.00313 3.5e-05 0.00254 0 3e-05 0 0.00371 5e-05 3.5e-05 0 0 0.00064 3.5e-05 0.002675 4e-05 2.5e-05 0.000405 2e-05 5e-05
0.012365 0.013255 0 0.003835 0.002105 0 0.00992 0 0 2e-05 1.5e-05 2.5e-05 3e-05 2.5e-05 3e-05 0 0.000485 0.00215 0.007055 0.013485 0 0 0 0 0 2.5e-05 4.5e-05 5.5e-05 2e-05 0 5e-05 3e-05 0.00474 0 9e-05 2e-05 1e-05 4e-05 0 0.001425 0 0 0 4e-05 0 2e-05 0 3.5e-05 3.5e-05 2.5e-05 4.5e-05 1e-05 1e-05 0.010755 0 3e-05 0 2.5e-05 7e-05 0 5e-05 0 0 2.5e-05 9.5e-05 0 0.00016 0.0014 4.5e-05 3.5e-05 0.008065 3e-05 5e-05 0 0.00924 3e-05 0.00235 5.5e-05 0.00415 0 5e-05 4e-05 3.5e-05 0.001185 2.5e-05 2.5e-05 0 0 5e-05 0 3.5e-05 0 3e-05 0.00137 3e-05 2e-05 3.5e-05 0 0 0
0.00883 3.5e-05 0 0 3e-05 0 0 0 0.00314 0.00368 4.5e-05 5e-05 3e-05 0 0 0 2.5e-05 3e-05 0 2e-05 4e-05 0 0.011285 0 0 0.00617 2e-05 0.0072 0.009985 3.5e-05 0.003115 0.00121 0.002985 0.00249 5e-05 0 0 0.000515 0.000185 2.5e-05 3e-05 0.002635 2e-05 0.003875 0.000415 0.0108 3.5e-05 0 0 0 0.005735 5.5e-05 2e-05 1.5e-05 0 0 5e-06 0.00069 3.5e-05 4e-05 3e-05 3.5e-05 0 1.5e-05 0 2.5e-05 4e-05 6e-05 4e-05 0 0 0.0065 0.010665 0.007735 4.5e-05 0 5e-05 0 0.000445 2e-05 0.00086 0.003665 0 5e-06 0.00061 4.5e-05 0.000105 0 0.000785 0 5e-05 0 2.5e-05 3.5e-05 0 0 4.5e-05 0.01491 1.5e-05 0
2.5e-05 0 0.005555 4.5e-05 0 0 2e-05 0.002655 1.5e-05 0 4.5e-05 9e-05 0 0.005035 2e-05 0 0 0 2e-05 0 0.009085 3.5e-05 1e-05 0.000595 0 0 0 0.000985 0.004585 0.00436 0 0 0 0.005155 0 0 6e-05 0 0 0 0.000765 0 3e-05 0.0024 0.003575 1e-05 6e-05 0 0.008615 4e-05 0 0 0.01538 0.00144 4.5e-05 0.00056 1.5e-05 0.005295 2e-05 4e-05 3e-05 4e-05 0 3e-05 4e-05 0.00146 2.5e-05 2e-05 0 0.000135 0 0.0035 0.00723 5.5e-05 4.5e-05 0.00265 0.000295 0 3e-05 6.5e-05 2e-05 1.5e-05 0 6.5e-05 5.5e-05 0 4.5e-05 0.00335 4e-05 0 0 4e-05 0.005125 0.002925 0 0 3.5e-05 0 0.002805 0.00026
3e-05 0.00121 0 0 0.00411 2e-05 0.0009 3.5e-05 3.5e-05 0 0 0 0.00419 0.001475 2e-05 0.001965 3.5e-05 2.5e-05 0.000255 0.00054 0 0.006175 4e-05 0.00143 0 0 3.5e-05 0 4e-05 4.5e-05 0 1.5e-05 2.5e-05 1e-05 0 0 0 5.5e-05 0 0 0.002955 0.003305 0 0 0.001965 0.012325 0 1.5e-05 0 3e-05 0 0 0.00806 2.5e-05 0.000135 4e-05 0 0 1e-05 0.00109 0 4e-05 0 0.007205 0 8e-05 0 0 0 0.014475 0.003855 3e-05 5e-05 0.010715 0 4.5e-05 0 3.5e-05 0 3.5e-05 2.5e-05 0 0.0006 0.0003 0 0 0 4e-05 0.000875 0 0 3.5e-05 2.5e-05 0.00154 5e-05 3e-05 0 5e-05 0.009705 0.003775
0 0 2.5e-05 2.5e-05 8.5e-05 5e-06 8e-05 1e-05 0 0 0.0033 0.00141 0 0 3e-05 2e-05 0 0.00727 0 0.01184 0.00508 0 3.5e-05 5e-05 2.5e-05 2.5e-05 0.00048 0 3e-05 3e-05 1.5e-05 3.5e-05 0.00058 0 0.00973 5.5e-05 6.5e-05 0 0 5.5e-05 0 3e-05 0.005935 3.5e-05 0.003265 0 0.011 4.5e-05 0.00108 0.00244 0.00162 0.00064 0 0 0.00063 1e-05 0.013335 3e-05 0 0 0 0 0.01457 0 0.002395 0 0 0.00647 0.00128 0 3.5e-05 1.5e-05 0 0 0.00042 3e-05 0.00645 0 0 5e-05 0.0005 0.00531 3.5e-05 0 4.5e-05 0 0 3.5e-05 0.003455 0 4e-05 0.00184 5e-05 1.5e-05 5e-05 0 0 1.5e-05 0.00534 0
0.007475 0.00627 2e-05 3e-05 0.001765 4.5e-05 0.00755 0 0 5e-05 0.000265 0 0 5e-05 2e-05 0 0 0.00747 7.5e-05 0.01117 0 0.00207 0 0 5.5e-05 2.5e-05 0 3.5e-05 2.5e-05 6e-05 0.004365 2.5e-05 0 2.5e-05 0 3e-05 5.5e-05 4e-05 1.5e-05 0.000995 0.00284 0 0.007495 2e-05 0.00081 0 0.00013 0 0 2.5e-05 0 0.002155 0.000285 0 0.002655 0 0 1.5e-05 0 0 3.5e-05 0 0.00534 0 4.5e-05 0 0.001055 0 2e-05 3.5e-05 0 0 1.5e-05 0.009775 2e-05 0 0.003555 4e-05 0 0.0082 0.00609 4.5e-05 5e-05 0 0 0.003465 0.009855 0.000845 4e-05 4e-05 3.5e-05 5.5e-05 0 0.000245 2.5e-05 4.5e-05 2.5e-05 0 0 5.5e-05
0 6e-05 0.00028 0 2.5e-05 0.01332 0.00011 0.00333 0.012945 2.5e-05 0 0.00201 3e-05 5.5e-05 0 0 0.00126 2.5e-05 0.008645 0 1.5e-05 0 5e-05 0 2e-05 3.5e-05 5e-05 0 0 0.00407 8.5e-05 4e-05 0 3e-05 4e-05 0 3.5e-05 0 0 0 4e-05 2e-05 4e-05 0 0.001655 3.5e-05 0.002045 6e-05 2.5e-05 0.00046 0.01154 4.5e-05 2.5e-05 6e-05 0.00379 3e-05 0.00869 6.5e-05 0.003955 0 2.5e-05 0.013645 0.01208 0 4.5e-05 0.005035 0 1.5e-05 5e-05 0 0.00402 4.5e-05 0 4.5e-05 0.000835 0.010805 0.00394 0 0.009095 3.5e-05 0 3e-05 0.000245 0 0 0 0 0.00263 0.000695 0 2.5e-05 2.5e-05 6.5e-05 6.5e-05 0 0 0.008975 0 0 2e-05
0.00122 3.5e-05 0.002395 6e-05 2.5e-05 0.0119 0 0.00856 0.008815 0 0 0 4.5e-05 4e-05 0 0.000915 0.01414 0.001915 0 0 4e-05 0.008795 0 2e-05 3.5e-05 0 1e-05 4.5e-05 0 0.004765 4e-05 3.5e-05 0.00464 0 2e-05 5e-06 2.5e-05 0 3e-05 0 5e-06 0.00015 0 3.5e-05 0.000855 0 3e-05 1e-05 3.5e-05 0 0 3e-05 0 1e-05 0.006385 0 0.00319 6e-05 0 1.5e-05 0 0.00806 5.5e-05 0 0 0.00732 0 3e-05 4.5e-05 3e-05 0 3e-05 2.5e-05 3.5e-05 0 0.004375 0 0.00113 0.01438 4e-05 0.002225 0.00637 0 0 3.5e-05 0.00368 0 2.5e-05 0 3.5e-05 3.5e-05 0 2.5e-05 3e-05 4.5e-05 0.000325 0 5e-05 5.5e-05 0
3e-05 0 0.00023 0 0 0.003195 0 0 0 0 1.5e-05 0 4.5e-05 0.00643 6e-05 3.5e-05 4.5e-05 0 0 0.00028 0.001175 0 5e-05 0 3.5e-05 0 0 0 3e-05 4e-05 0.005785 4e-05 3e-05 2.5e-05 0 4.5e-05 0 0.002115 0.005665 2e-05 0.00204 0.00198 0 0 0.00043 0 0.01516 4.5e-05 0 0.002065 3.5e-05 0 3e-05 0 3.5e-05 0.002815 0 0.0004 0.00501 0 0.00756 0 0 0.00314 2e-05 4.5e-05 0.00267 5e-06 0.00791 0.001295 0.005905 0.00479 0 1e-05 5e-05 0.003525 0 0 0.001395 3e-05 1.5e-05 2.5e-05 0.002625 0.001785 4e-05 0.00073 6e-05 0.003475 4.5e-05 0.00021 4e-05 0 0 2.5e-05 3e-05 6e-05 0 5.5e-05 0 3e-05
0 5.5e-05 6e-05 5e-05 0 0 0.00034 2.5e-05 0 2e-05 3e-05 0 0.005095 4e-05 0 0 0.00016 0.002885 2.5e-05 0 0 0 0 0.002975 0 2.5e-05 0.01147 3.5e-05 0.000295 0.000745 5.5e-05 0 0 0 2.5e-05 0.01013 0.00079 3.5e-05 2e-05 4e-05 0 5e-05 3.5e-05 0 2e-05 2.5e-05 4.5e-05 0.00923 0 0 0.000895 0.014335 0 0.00123 6e-05 0.000615 0 4.5e-05 0 0.000135 0 0 2.5e-05 0.00929 5e-05 2.5e-05 0.00781 0.000585 0.001815 0 1.5e-05 0.002235 2e-05 0 0.001855 0 0 0 0.003095 0.00121 2.5e-05 0 1.5e-05 0.005445 0.00015 0.00021 2e-05 4.5e-05 0.00363 0 5e-06 0 0 2e-05 0.00829 4e-05 0 5.5e-05 0 0.01091
0.016995 0 2.5e-05 0.000635 0 0.0027 2e-05 0.00288 0.000145 0.00776 3.5e-05 0.000415 0 3e-05 0 5.5e-05 0 0 0 0 5e-05 2.5e-05 0.00311 0 3e-05 0 0 0 3e-05 0.000645 4e-05 0 4e-05 3.5e-05 0.00403 3e-05 4e-05 1.5e-05 0.00016 9.5e-05 2.5e-05 0 5e-05 0.006335 3e-05 4e-05 0 0 1.5e-05 2e-05 0 0 3e-05 0.00117 0.002605 0 2.5e-05 5.5e-05 0.006195 4.5e-05 0.000705 4e-05 0 5e-05 0.003325 0 0 3e-05 0 5e-05 0.002365 1.5e-05 0 0.00029 0 0 0.00027 0 4e-05 0 0 4.5e-05 0.001025 0.005295 2e-05 0.000955 0 0.00133 3e-05 3e-05 0 4.5e-05 0.00137 0.00181 0.00309 2.5e-05 0 0.02428 0 1.5e-05
0 0 0 0 3e-05 0.00402 9e-05 0.000305 3.5e-05 0.002845 3.5e-05 0 0 4e-05 0.0052 0.005355 0.000485 3.5e-05 0.001 0 4.5e-05 0.00178 0 2.5e-05 2.5e-05 0 0 3e-05 1.5e-05 0.000415 6.5e-05 7.5e-05 0.017065 0 2.5e-05 3.5e-05 3e-05 0 3.5e-05 3e-05 0 0 4e-05 0.00019 0 0 0 0 3e-05 0.00911 0.017715 5e-05 0 0.00163 0.006865 3.5e-05 0.00334 5e-05 0.010365 2e-05 5e-06 0 5e-06 3e-05 0 0 0.00024 5.5e-05 8.5e-05 4e-05 0 0 4.5e-05 0 0.00292 3.5e-05 0.011465 0 3.5e-05 3e-05 0 0.004115 0 0.004395 0.00142 0.00114 2e-05 0 0 0 4e-05 0 3.5e-05 0.000225 1e-05 0.004385 0.008545 0 0.000835 0.002515
0.001375 0 3.5e-05 0 0.000425 3e-05 4e-05 3e-05 3e-05 2e-05 0.00332 0 0.004 0.0001 0 0.01037 3.5e-05 2e-05 0.008725 0 0.00158 0.009015 0 3e-05 4e-05 3e-05 4.5e-05 0 0 2e-05 5.5e-05 1.5e-05 0 0 0.007205 0 3e-05 5e-06 0.012335 0.009535 0 0.00173 0.00297 0 0.000865 0 0.00025 1.5e-05 0.00741 0 0 1.5e-05 0 0.002555 0 5e-05 2e-05 0.002065 0 2e-05 0 0 0 0 0 0 2e-05 0.000895 2e-05 0 0.00353 4e-05 5e-06 0.013575 0 0 0.004275 4e-05 0.00029 0 0.00273 0.006135 4e-05 0 0 0 0.006895 3e-05 0.00021 0 3e-05 5e-05 3.5e-05 0 4e-05 3e-05 1e-05 0 0.002105 0.004615
0 1.5e-05 4.5e-05 2.5e-05 0.000545 4e-05 0 5e-05 4e-05 0 0 0 0.00391 0.006435 0 5e-05 0 0.000325 0 0.00112 0.00143 0 0 0.002815 0 2.5e-05 6.5e-05 4e-05 3.5e-05 0 1.5e-05 0 3.5e-05 0.00147 0.001185 0.00748 0.00096 4.5e-05 0 0.003455 0 0.0018 6e-05 6e-05 4e-05 0 0.002985 3e-05 0.01317 0 7e-05 0.00062 0.000895 3.5e-05 2.5e-05 9e-05 0 0 8e-05 0 0 0.00854 0.00455 0 0 0.004575 0.0065 0.00015 0.015865 0 3e-05 0.00697 5e-05 2.5e-05 0.0001 3.5e-05 4e-05 4.5e-05 0 5.5e-05 2.5e-05 0 0.00049 0.00424 5.5e-05 0.000665 0 5e-05 0 0.001045 0.010415 0 4.5e-05 0 0 0 0 1.5e-05 2e-05 0.00061
0.000665 5e-06 0.010785 0.0041 4.5e-05 0 2.5e-05 0 0.014955 0 0 0.00065 0 6.5e-05 3.5e-05 0.003335 0.008355 3.5e-05 0 0 5.5e-05 0 0.003005 1.5e-05 0 0 5e-05 0 2e-05 5.5e-05 0.0053 2.5e-05 0 2.5e-05 4e-05 3e-05 0 0.000115 0 0 1e-05 8e-05 0 2.5e-05 0 3e-05 0 0.002675 4e-05 0.007425 0 5.5e-05 0 4.5e-05 0 2.5e-05 0 0 0.00343 0 3.5e-05 0.00297 0.0119 0 3e-05 0.005785 0.001445 5e-05 0 0 0 0.001535 0.00026 0 0.0034 0.00564 0.00689 0 0.00011 3.5e-05 0 0.004075 6e-05 5.5e-05 0.00028 0.007725 0.0092 0.00155 0.006825 2.5e-05 2.5e-05 2.5e-05 0 2.5e-05 2.5e-05 0 0 0 2.5e-05 0
5.5e-05 0 3.5e-05 0 0.004555 3e-05 0.000175 0.00534 3e-05 0 0.012855 3.5e-05 0.000855 2.5e-05 0 0 0.00928 6.5e-05 0 2.5e-05 0 0.003375 0.00297 2.5e-05 0 0.001525 0.003455 4e-05 0 4.5e-05 3.5e-05 0.000355 0 0 0 4.5e-05 0 0.001025 0 4e-05 0.000355 2.5e-05 0.0002 0 3.5e-05 0 3e-05 9e-05 2.5e-05 0.00101 0.00215 0.00744 2.5e-05 0 0 0 4e-05 2e-05 0 1.5e-05 0 0 0.00306 0 0 0.00036 3e-05 0 2e-05 0.000715 0 0 0 0 0 4e-05 0 1e-05 0.004385 0.00689 0 0 2.5e-05 0.004085 0.001855 0.00234 0.00245 0 0.009325 0 3e-05 0.002955 3.5e-05 2e-05 0.00275 2.5e-05 0.00293 3.5e-05 6e-05 0.00444
7e-05 0.00038 0 4e-05 0 5e-05 0 0.004345 0 0.00096 0.000945 2e-05 0.007975 0.00415 0 4e-05 0 0 3.5e-05 4e-05 0.000115 2e-05 2e-05 0 1.5e-05 0.01028 0 0.00593 0.014855 0 0.00058 3.5e-05 0 1.5e-05 0 0.001525 0.000985 0.00045 0.001335 0.001465 0.008705 0.00645 3.5e-05 0 7.5e-05 0 6e-05 0 0.00601 0 5e-05 1.5e-05 0.00756 4e-05 5e-06 0 0 0 2.5e-05 0 0.00229 5e-05 4.5e-05 2.5e-05 2.5e-05 0 0 6e-05 0 3.5e-05 0.00345 0.008685 0.00527 0.00135 3.5e-05 0.00156 4e-05 0 0 3e-05 3.5e-05 0 0.000345 3e-05 0.00025 1e-05 0.000155 0 0.006465 0 4e-05 0.000985 0.00056 3.5e-05 3.5e-05 0 0 3e-05 0 2e-05
0 2e-05 0.000405 2.5e-05 0 0.002905 4.5e-05 0 0.000725 5e-05 4.5e-05 0 4.5e-05 0.00999 2.5e-05 0 0 4e-05 0 2.5e-05 0 6e-05 0 4.5e-05 0.004145 1.5e-05 0 0.00019 0 2.5e-05 0.00084 0 3.5e-05 0.00064 0 0.00426 0.00349 0 5.5e-05 3e-05 0 0 2.5e-05 0.00314 0 0 0.001125 0.003355 0 3.5e-05 0.00472 0 0.00012 0 0 0.00337 0.00394 0 0 3.5e-05 0 0.01014 4e-05 5.5e-05 0 3e-05 7e-05 2.5e-05 0.009035 0.006335 0.00457 0.01109 0.01413 4e-05 4e-05 0.007955 5e-05 0.01116 0 5e-05 4.5e-05 0 0.01056 0 0.007195 3.5e-05 0.000155 0.00509 1e-05 0.001105 0 0 0.00393 0 3.5e-05 0 5e-06 1.5e-05 0.000325 0
0 3.5e-05 0.00022 0 4e-05 2e-05 0 3.5e-05 0 0 4e-05 0 2e-05 0 0 0.0002 0.000785 7e-05 0.002065 0 1.5e-05 5.5e-05 0.01118 0.0152 3e-05 0 6e-05 0.00542 0.004155 0.008835 0 3e-05 2.5e-05 0 0 0.013615 1e-05 2.5e-05 0 0 3.5e-05 0.00106 6e-05 2e-05 0 0.00019 6e-05 3e-05 0 0 3e-05 0.00069 0 0 0 0.000985 1e-05 0.000275 0.007995 0.00945 0 0.00068 3e-05 2e-05 0 0.00436 0.006405 1e-05 5e-05 3e-05 0.011225 2.5e-05 0 0 0 5.5e-05 5e-05 3.5e-05 0 0 7e-05 3.5e-05 0.000195 0 4.5e-05 0 0 5e-05 0.000135 1.5e-05 0.00048 3e-05 3.5e-05 2e-05 0 0.007585 0 0 0.00159 0.008055
0.00083 2e-05 0 5.5e-05 0 0.00692 2.5e-05 1.5e-05 0 0.009975 6e-05 9.5e-05 0.002275 0.00024 0.00493 0 3e-05 2e-05 0 0 0 0 0 2.5e-05 3e-05 0.001965 0.00016 0 3.5e-05 2e-05 0 0.013245 5.5e-05 6.5e-05 0 3e-05 0.003085 0.00077 0 0 0 0.001745 8e-05 0.01407 3.5e-05 0.00414 0 3e-05 5.5e-05 0.00192 0.00801 4e-05 6.5e-05 2.5e-05 0.0033 0.000575 0 0.00761 0.006425 0 0.00982 2.5e-05 0.002705 0 1.5e-05 4.5e-05 0 0 0 0.00508 0 5e-05 4.5e-05 0.01289 0.00043 0 0.000495 0 0 0 0 2.5e-05 0 0.0016 0 3.5e-05 0 0 0 0.00321 2.5e-05 9.5e-05 0.00038 0 0.00018 0 0.0101 0 4e-05 6e-05
0.000155 1.5e-05 0.000555 0 5e-06 5e-05 3e-05 0.00064 0 0.007695 5.5e-05 0 0.000285 3.5e-05 0 0.001825 0 3e-05 4e-05 0 4e-05 0.002635 0 0 0.00722 0 3e-05 0 0.009365 3.5e-05 0.00228 0.016025 0.010665 0.00072 0 2e-05 0.00067 0 0 0 0 0.0028 0.007355 0 6e-05 0 0 4.5e-05 4.5e-05 0 0.002655 3.5e-05 0 0.00723 4.5e-05 0 4.5e-05 0.01487 0.00342 7.5e-05 4.5e-05 4e-05 2e-05 2.5e-05 0 2.5e-05 0 3.5e-05 0 0.002195 2.5e-05 1.5e-05 0.00878 0 0 3.5e-05 0 2.5e-05 8.5e-05 4.5e-05 0.011645 0.00724 0 0 7.5e-05 3e-05 6e-05 0 0 0.0005 3e-05 0 0.006405 0.00045 6e-05 0 0.00047 0 4.5e-05 0
0 0.00973 3.5e-05 3.5e-05 0 2e-05 0.006775 0 0 0.00085 0.01136 0 0.011515 4e-05 2.5e-05 0.000855 0.000915 0.00659 4.5e-05 0.00384 0.00179 0.007945 4.5e-05 2.5e-05 5.5e-05 0 0 1e-05 3e-05 0 4.5e-05 2.5e-05 0.001805 0 0.00014 3.5e-05 2.5e-05 3e-05 4e-05 0.000895 0.00028 0 0.00556 0.00018 1e-05 0 1.5e-05 4e-05 0.004985 4.5e-05 0 2e-05 2.5e-05 0 0.000225 0 0 0 3.5e-05 4e-05 6.5e-05 2e-05 0.00162 0.001305 0.00014 0.007465 0 0 0 0.007165 2.5e-05 0 3e-05 0.00019 0 0 0 0 0.00292 0.008215 0.00164 0 0 1e-05 0 3e-05 0 3e-05 0 4e-05 8.5e-05 5e-06 0 0 4.5e-05 2e-05 0 2e-05 0.006485 0.011855
0 0.003405 0 0.01436 0 0 0.00198 0.006655 0.000885 3.5e-05 0.004065 3e-05 3.5e-05 2e-05 0 0 0.00306 3.5e-05 3e-05 0 0.00489 0 0.0007 0.000135 0.000145 0.006055 0 0.012895 0.00038 0.001505 3e-05 2e-05 4e-05 0.00484 0 0 0.00165 0.00052 1.5e-05 0.00241 0 2e-05 4e-05 0 3e-05 4e-05 3e-05 0 3e-05 0.00486 0 0.00087 0.00255 0.00987 2.5e-05 0.00976 0 5e-05 0.00038 0 0.00023 0 2e-05 5e-06 0 0 0 0.002185 0 0 0 0 5.5e-05 3e-05 1.5e-05 0 4.5e-05 2e-05 0.000375 0 1e-05 3.5e-05 1.5e-05 4.5e-05 0.002195 2e-05 0.0019 3e-05 3.5e-05 0 0.00088 0 0 3e-05 0 0.00018 4e-05 0.001 0 0
0.00247 0.00322 0 0.006475 0.0057 0 0 0.002985 0 4e-05 0.004575 3e-05 0 0 0 5e-05 0 0 0 0 0.00408 2e-05 0.00013 5e-05 0.005505 0 0 0 4.5e-05 2.5e-05 5e-05 3.5e-05 6e-05 0.000445 5e-05 0.00082 0.00487 0.00134 3.5e-05 0 5e-05 2e-05 4.5e-05 0 3e-05 0 5e-05 0.001685 0 0.00016 5e-06 0.013505 2.5e-05 0 0 0.00492 0 4e-05 0 0 0.00226 4e-05 0 0.00522 0.000485 0 0.00471 0.00063 0.008525 0.002665 0.000955 0 2e-05 3e-05 0.00255 3e-05 3e-05 1.5e-05 0 0.009685 0 0 4.5e-05 0.002615 1.5e-05 3e-05 0 3.5e-05 0 3.5e-05 0.00179 0.010075 0 0 9.5e-05 0 4.5e-05 4.5e-05 0 0
0 0.00065 0.0079 4e-05 0 0 5e-05 0.005755 0 4.5e-05 3.5e-05 4.5e-05 3.5e-05 0.007475 0 2.5e-05 4e-05 8e-05 0.00236 3.5e-05 0 0 4e-05 0 0.00536 0 4e-05 0.00621 0 5e-05 0.01431 0 2e-05 3.5e-05 0.005045 2.5e-05 0.000725 0.007505 0 3.5e-05 5e-06 0.00441 2e-05 0.006165 4e-05 0 4.5e-05 0 0.00088 0 5e-06 0 0.01214 3e-05 0 0.006855 0 1e-05 0 9e-05 0.001865 0 4e-05 3.5e-05 0 0 1e-05 0 3e-05 5e-05 0.012605 0.000225 0 0.013545 4.5e-05 0.002435 0 4.5e-05 6e-05 0 0.002885 3e-05 4e-05 0 0.003735 0 0.00015 2e-05 3.5e-05 4.5e-05 4e-05 5e-05 0.004015 0 6.5e-05 0.00084 0 0.01492 0.00041 0
0 0 0 0.009685 2.5e-05 4.5e-05 1e-05 0 6e-05 0 1e-05 0 5e-05 0 0.022565 0.007485 0.000205 2.5e-05 0.00077 0 1e-05 3e-05 0.014845 0.00299 0.00372 0 0 0.01068 0 0.006 3e-05 1.5e-05 6.5e-05 0.0001 1e-05 0.005265 4.5e-05 0.00465 0.002715 0 4.5e-05 0 3e-05 0.005625 0 0.016475 6e-05 3.5e-05 4e-05 3.5e-05 3.5e-05 0 0 0.000185 0 0 0 0 0.000745 5e-05 3e-05 0 3.5e-05 4e-05 0 0 0 6.5e-05 0 0.002945 0 0 3e-05 3.5e-05 3e-05 6e-05 0 0 0 0.00178 2.5e-05 5e-05 2e-05 3.5e-05 0 4.5e-05 4e-05 0 0.008295 1e-05 0.007235 0 4.5e-05 2e-05 0 0.000525 0 0.00119 5e-05 0
0.018855 3.5e-05 0.00492 0 4.5e-05 0 3.5e-05 3e-05 0 4e-05 0 1.5e-05 2e-05 0 0.0017 0 0 1.5e-05 0 4.5e-05 3e-05 0.0014 0.00336 0.001955 4.5e-05 5.5e-05 0 0.01175 0 0.00132 0 0.003725 0.010095 4.5e-05 0.01147 5e-05 4.5e-05 0.0008 0.006295 0 0 0 0.002285 0.01218 0 0.012975 3e-05 3.5e-05 5.5e-05 3.5e-05 2e-05 3.5e-05 3.5e-05 0.00696 0 0 5e-06 0.015385 0.007265 0 0.002485 0 0 3e-05 0.008925 3e-05 0.000215 2e-05 2.5e-05 1.5e-05 0.00144 0.00042 0.005855 0 3.5e-05 2.5e-05 0 7e-05 3e-05 0 0 3.5e-05 0 3.5e-05 0 0 0 4.5e-05 3.5e-05 0 2.5e-05 0 0.00012 0 0.00018 0.000155 0 0 0 0
2e-05 2e-05 0.00925 0 0 3e-05 4e-05 0 0 2.5e-05 1e-05 2e-05 0 0.00637 0.003305 8.5e-05 3e-05 0.00011 2.5e-05 0 0 0.001475 0 0.007515 0.004735 3e-05 2.5e-05 5e-05 0.00116 0 3.5e-05 3e-05 3e-05 0.00102 0 0.009685 0 0 0 0 6.5e-05 0 3.5e-05 0.000405 0 0.000635 0.00071 0 0.000135 0 0 4e-05 0.00184 0 3e-05 5.5e-05 2.5e-05 0.005935 3.5e-05 0 0 0.00209 0 0.010655 0 0.00056 1.5e-05 0 0.006835 0.00105 1.5e-05 0.00226 0 2e-05 2e-05 0.00087 0 0 0 0 0 0.001825 0 3.5e-05 0 1.5e-05 5e-06 6e-05 0.00833 0.002475 0.00039 2e-05 3.5e-05 1.5e-05 2e-05 2e-05 2e-05 4e-05 0.002535 0.000585
0 0 0 2.5e-05 0 0 2.5e-05 4.5e-05 0 2e-05 4e-05 0 1.5e-05 0.01199 0.00152 2.5e-05 5e-05 0 0.007025 1.5e-05 0 2.5e-05 5e-05 0.000855 0 2e-05 1.5e-05 2e-05 0 2.5e-05 0.00451 3.5e-05 2.5e-05 3.5e-05 0 2.5e-05 0.000275 0.00627 0 2.5e-05 0 0 2e-05 0.004475 1.5e-05 0 0.01158 0 3e-05 0.005795 2.5e-05 0 0 4e-05 2.5e-05 0.003035 0 0.001745 0 0 0 0.006515 1e-05 0.00275 0 4.5e-05 0.00753 0.003335 0.0001 8.5e-05 0.00316 0.000165 0 0.00208 0 4e-05 5e-05 0 0 3.5e-05 0 0 0.00894 7e-05 2e-05 3e-05 6e-05 2.5e-05 0 0.01065 0 3e-05 0 0.003515 0.003825 0.006375 0.00323 0 0 5e-05
4e-05 0.00983 1e-05 0 0.002175 0 1e-05 4e-05 0 4.5e-05 0.00587 3.5e-05 0.00786 0.01146 4.5e-05 0 0 0 0.001025 0.00523 0.014445 4e-05 0 0 0.00967 0 0.00114 0.000365 5e-06 2.5e-05 0.000515 0 2.5e-05 4e-05 0 3.5e-05 0.00198 2e-05 0 0.00602 0 2.5e-05 0.009745 0.002685 2e-05 2e-05 0 0.00267 0 4.5e-05 6.5e-05 0 0 1.5e-05 0 5e-05 0.00015 0 0 0.00578 0.004605 0 2.5e-05 0.003235 0.00116 0 2.5e-05 0.00052 0.00139 8.5e-05 0 0 0.000705 0.00026 0 8e-05 0 2e-05 0.000205 0.00256 1.5e-05 2.5e-05 0 0.000385 2e-05 4.5e-05 0.012055 0 4.5e-05 0 0.000165 0.008525 0.00896 5e-06 2.5e-05 4e-05 0 0 0 3e-05
0 3e-05 0.00642 4e-05 0 3e-05 0 0 0.001315 2e-05 0 0 5e-05 0.01004 2.5e-05 8e-05 3.5e-05 3.5e-05 0.001065 0.00017 0 0.007395 0 0.005705 0 1.5e-05 0 3e-05 1e-05 0 0.0029 2e-05 4.5e-05 3.5e-05 0.00085 3e-05 4e-05 4e-05 0 0 2.5e-05 0.004895 4e-05 0 0.010595 0.004955 0 4.5e-05 0.00523 0 3.5e-05 4.5e-05 0.008035 3e-05 0.00686 0 3.5e-05 2.5e-05 0.00249 1e-05 0 0.003805 0 4.5e-05 0 0.008945 0 0 0.0004 0 0 0.00117 0 0 0.00232 3e-05 0.000395 1.5e-05 0.00035 1e-05 0 0 0.006205 0 3.5e-05 3.5e-05 3e-05 4e-05 4e-05 3.5e-05 2.5e-05 0 7e-05 0.000955 4e-05 5.5e-05 0 0.003745 0 0.001925
0.000795 0.014055 0 0 2e-05 4.5e-05 6e-05 0.015435 0 0.00014 0 0 2.5e-05 0 5.5e-05 0.009555 0.000495 5.5e-05 0 3.5e-05 2.5e-05 0 1.5e-05 0.00642 0 0.002015 3e-05 4e-05 5e-05 0.00037 0 0.00262 0 0.00014 3.5e-05 0.000265 0 0 0 0 3e-05 2.5e-05 3e-05 2e-05 2.5e-05 2.5e-05 3e-05 0.000375 1.5e-05 0 4.5e-05 0 6e-05 2e-05 0.001235 3e-05 5e-06 2e-05 4.5e-05 0.00058 0 3e-05 4e-05 2.5e-05 0.00173 0.001285 0 1e-05 4e-05 6e-05 0.013105 0.0023 8.5e-05 0.0018 2e-05 0 0 0 2.5e-05 1e-05 3e-05 4e-05 6.5e-05 0 0 3.5e-05 0 0.014955 2.5e-05 0 0 0 0.0146 0 0 0 3.5e-05 3e-05 0.000345 1e-05
4.5e-05 0 3e-05 0.00018 0.00568 0.007405 3e-05 0.001545 4e-05 0 0 0 0.006265 0 0 0.00031 0.002965 0 0 5e-05 2.5e-05 4.5e-05 0 0.00024 0.00122 0 0.000825 6.5e-05 3.5e-05 0.00526 0 0 0 0.01109 2e-05 0.00027 4.5e-05 5.5e-05 3.5e-05 0.00013 0 0 0 2.5e-05 0 0 8e-05 0.00588 3e-05 4e-05 1e-05 0.0056 0 0 0.00128 0 3.5e-05 3.5e-05 0 2.5e-05 0.000395 1e-05 2.5e-05 0 3e-05 4e-05 3e-05 0.00119 2.5e-05 2.5e-05 4.5e-05 0 5e-05 0 1.5e-05 0.000115 0 0 4e-05 0.00394 0.002105 0.00172 0 3.5e-05 0.01216 0 0 0 0 0.00436 0.009155 0.010965 0.008665 6.5e-05 0.0028 0 3.5e-05 9.5e-05 0 0
0.006165 2e-05 0 0 7.5e-05 4e-05 0.00044 0 0 4.5e-05 2.5e-05 3.5e-05 0 0 0 0 4e-05 4.5e-05 0 0 2.5e-05 0.001215 0.0003 0 3e-05 0.001645 0 5e-05 0 0 0.00257 4e-05 0 0 0.00561 4e-05 0 0.00342 0.006615 0 0.002095 0 0 0 4e-05 5e-06 0.00599 3.5e-05 0 0.01059 0.004695 0 3.5e-05 6e-05 3e-05 0 1.5e-05 0.000705 0.0037 2e-05 0 0 0 0.0038 0.00294 4.5e-05 0 0.010985 0.00033 0.007175 4.5e-05 0 0 0.00329 0 3e-05 3.5e-05 2e-05 0 0 0.010175 0 0.00027 0 3.5e-05 0 3.5e-05 1.5e-05 0.00695 0.003975 2.5e-05 0.001215 0 2e-05 0.000355 0 0.00824 5e-06 2.5e-05 5e-05
0 0 0.001425 2.5e-05 3.5e-05 3.5e-05 4.5e-05 3.5e-05 0 0.00011 0 2.5e-05 0 0 2e-05 0.004175 3e-05 4.5e-05 0.00449 0 2e-05 0.0114 5e-05 0.005205 5e-05 0 0 4e-05 2.5e-05 2e-05 0 0.01623 0.000355 2.5e-05 0 0 0 0.003085 0.003895 2.5e-05 4e-05 0 0 0 0.01019 0 0.000705 4.5e-05 0.00021 3e-05 0.009295 3e-05 0 0 0.00029 0 0.006655 0.002285 0.000105 0 0 0 1.5e-05 0 0 2e-05 0 0 0.000435 0 0 5e-05 4.5e-05 0.005825 3.5e-05 0.0025 0.00809 0 6e-05 0 2e-05 5e-05 0 2.5e-05 0.008145 0.00023 2.5e-05 0 2e-05 0.010745 0.00369 0 0 0.0025 3.5e-05 0.00072 0.005295 1.5e-05 0.009035 0
3.5e-05 0 3.5e-05 4.5e-05 0.00412 0.00703 0 0 0.00639 3.5e-05 0.006955 0.00064 0 1.5e-05 3e-05 0 0 0 3e-05 0 0.009735 4e-05 0 2.5e-05 1.5e-05 0.001155 0.00646 0 0 4e-05 0 0.001955 0 0.00029 3e-05 0 0.01191 0 1.5e-05 0 0.00619 3.5e-05 0.008595 0 2.5e-05 0 1.5e-05 0.015135 0.004595 0 2.5e-05 0 0.003385 3e-05 0 0.005335 1.5e-05 0 2.5e-05 0 0 0 0 1.5e-05 5e-05 0 0 0.007615 5e-06 2e-05 0 3e-05 0 2e-05 2.5e-05 0 0 0.00302 4e-05 0.00026 2.5e-05 0.00199 4e-05 0.002135 0 0.00148 0.008315 0.00123 4e-05 0.00078 0.00012 0 0.01132 0 0.000375 3.5e-05 0.00381 3.5e-05 3e-05 1e-05
0 0.001015 0 0 1e-05 4.5e-05 4e-05 0 2.5e-05 4.5e-05 0.000395 3e-05 1e-05 0.001145 0.0061 0.00891 0 0 0.012165 0.007785 0.000155 0 0 0 0 3.5e-05 0 5.5e-05 9.5e-05 0.00455 0 5e-06 3.5e-05 0.00146 0.00473 0 2e-05 2e-05 0 4.5e-05 0 9e-05 5e-06 2.5e-05 0 0 0.002185 0 0.00997 3.5e-05 0 5e-06 0.005885 0 2.5e-05 1.5e-05 0 0.00045 0 0.005055 3e-05 0.003075 0.009015 0.0001 0.000395 0.00043 2.5e-05 3e-05 0 0 0 0.010065 0 0.002085 0 4e-05 4.5e-05 0 0.01057 0 5e-05 3e-05 2.5e-05 3.5e-05 0 5e-06 0.003535 3.5e-05 0.01216 6e-05 0.000285 2.5e-05 0 0 4e-05 0.00119 0 4e-05 0 0.00316
5e-06 0.008105 0 0 0.003885 3e-05 3.5e-05 0 3e-05 0.000155 0.01221 4e-05 0 0 0.008065 0.00922 0 0.001375 3e-05 0 3e-05 0.00183 0.00054 4.5e-05 2e-05 0 0.001865 0.00106 6.5e-05 0.00232 1e-05 0.000615 0.000185 0.0184 2.5e-05 0 0 3e-05 0 0 0 1.5e-05 0.003265 0 2.5e-05 1.5e-05 1e-05 0 0.001195 2.5e-05 3.5e-05 3.5e-05 0 0.01608 0 0.000635 3e-05 0.00791 3e-05 3e-05 6e-05 3e-05 0 0 4.5e-05 0 2.5e-05 0.00307 3.5e-05 0 0 2e-05 3.5e-05 0.000185 2.5e-05 3.5e-05 0 0 3.5e-05 0 0.00371 0 2e-05 2.5e-05 0.01111 0 5e-06 0.00388 0.00023 0.00226 0.009055 0 0.00126 0 2e-05 3e-05 2e-05 3.5e-05 2.5e-05 1.5e-05
0 4e-05 0 2e-05 0 5e-05 5e-05 3.5e-05 0 0 5e-05 0 3.5e-05 0.001405 0.00109 0 0.00882 3e-05 4e-05 2.5e-05 7.5e-05 0.00014 0 0 0.001645 2e-05 0.002765 0 0.007985 0.002245 6e-05 0 0.00866 0 3.5e-05 0 0 2e-05 0.000345 0.001485 4e-05 1e-05 3e-05 0.012415 2e-05 0.002955 4e-05 0 1.5e-05 3e-05 5e-05 0 0 0.017685 0.000185 5e-06 1.5e-05 0.008945 0 1.5e-05 0 1e-05 0 0 1.5e-05 1.5e-05 4.5e-05 4.5e-05 3.5e-05 5e-05 4.5e-05 6e-05 0 1.5e-05 2e-05 0 0 0.00343 0 0.003565 0 4e-05 2e-05 0 0 2.5e-05 3.5e-05 6e-05 1.5e-05 0.01014 0.00099 0 0 0 0 0.00053 3e-05 4e-05 4.5e-05 0
0 0 3e-05 0.003485 0.001015 0.00072 0.001115 1.5e-05 3.5e-05 0 4e-05 0 0 0 0.00504 3e-05 0.001455 0 0 6.5e-05 0.00367 3.5e-05 0.000155 3.5e-05 5e-05 0 0 3e-05 0.01479 4e-05 3.5e-05 1e-05 0 0.002855 0 0.000325 0.0113 0.000655 3.5e-05 0 3e-05 0.00028 0 0 0 0 0.003385 0.006605 6.5e-05 0 0 7.5e-05 1e-05 6e-05 3.5e-05 0.013485 0 0.00455 0.002945 0.00369 9.5e-05 0 2.5e-05 0.00029 4.5e-05 2.5e-05 0 0 0.013535 9.5e-05 3.5e-05 0 5e-05 4e-05 0 0 0 0 2.5e-05 3e-05 4.5e-05 0 0.001955 0 0.00034 0.00504 4.5e-05 3.5e-05 0.00028 0.001235 0 4.5e-05 0 1.5e-05 3.5e-05 0.007265 0 0 4e-05 8e-05
0.01063 5.5e-05 0 0.006235 3.5e-05 0 0.00669 0.00414 0 5.5e-05 2.5e-05 0.000145 3.5e-05 4.5e-05 4.5e-05 1e-05 0.016445 0.000195 3.5e-05 3e-05 4.5e-05 0.00155 0.007655 4.5e-05 2e-05 3e-05 4e-05 3.5e-05 0 0 6.5e-05 0 0 4e-05 3.5e-05 0.00102 3.5e-05 0.00148 0 0 3e-05 2.5e-05 0.00044 3e-05 9e-05 0 0.000855 0 3.5e-05 0 0.001955 0.00826 2e-05 0 0.006035 5e-06 0.002595 4.5e-05 0 0.00034 0 0.000205 0.000185 2e-05 0.000645 0 0.00034 0 0 0 4e-05 0 2e-05 0 0 0 3e-05 0 0 0 0 2.5e-05 0 0.002045 4e-05 0.01855 0 4e-05 0 2.5e-05 0 4e-05 0 0 4.5e-05 0.011035 0.0019 0.006695 2.5e-05 0
0.000315 0 5e-06 0 0 2.5e-05 4e-05 3e-05 0.00011 0 0.00654 3e-05 0.002075 0.000835 0 2.5e-05 4e-05 2.5e-05 4.5e-05 4e-05 0 3.5e-05 0.00328 5.5e-05 0 0 0 0 0.007525 0 0.007445 0 0.00453 0 0.00957 2e-05 3.5e-05 0.008755 0.002825 0 5e-06 0 0 0.00191 6e-05 0.008165 0.00054 3.5e-05 0.00116 0.001025 0 0 0 0.00011 0 0.010325 0 0.00091 0.000195 2.5e-05 0.013615 2.5e-05 2.5e-05 3e-05 0 6e-05 0 0.001635 2.5e-05 0.00262 1e-05 0 0.00111 0.009885 0.00209 1.5e-05 0 2.5e-05 0 0 0.012715 0 0 0.00806 0 0 0.01142 2e-05 0 2e-05 4e-05 0 3.5e-05 0 0.00808 3e-05 0.000825 0 3.5e-05 1e-05
1e-05 1.5e-05 0 3e-05 0.010925 1.5e-05 0.001635 4e-05 2.5e-05 0 0 5e-06 0.006535 6e-05 0 3e-05 2e-05 0 3e-05 0 0 0.007515 3.5e-05 2.5e-05 0 3.5e-05 0.00935 0 0.00102 0 0.002145 0 0.00529 0 0.00811 3e-05 2.5e-05 0 2e-05 0 0 3.5e-05 0.00066 0 3e-05 0 3.5e-05 4.5e-05 0.00025 2.5e-05 3.5e-05 0 0 0.000125 0.00226 0.00775 0.00254 0.004635 4e-05 5e-05 0.001065 1.5e-05 4.5e-05 0.00043 3e-05 0 1.5e-05 0.00032 0 0 4e-05 0 2.5e-05 0 0.001065 3e-05 5e-05 3.5e-05 3.5e-05 0 3.5e-05 0 2.5e-05 0.01085 6e-05 0 2.5e-05 0 2.5e-05 0.01504 0 0.005185 0 0 0 2e-05 6e-05 5e-06 0.00634 0
0 0.000585 0 0.00029 3e-05 0 4.5e-05 0 0.00447 0 7.5e-05 0 2.5e-05 0 0.00013 0.000725 0.01045 0.00188 0 0.002055 0 0.00428 0.010255 0 0.000135 0 4.5e-05 3.5e-05 2.5e-05 0.006345 3e-05 1.5e-05 2e-05 0.00611 0 0 0.0015 0.00484 2e-05 3.5e-05 5e-05 0.0002 3e-05 0 0 0 3.5e-05 0.002495 1.5e-05 0.00315 5.5e-05 1.5e-05 5e-05 0.00464 0.00266 2.5e-05 2.5e-05 5e-05 2e-05 0 0 0 0.00116 0 0 0 3e-05 5e-06 0 4.5e-05 4.5e-05 0.000105 2.5e-05 2e-05 0 0.004105 0.01085 0.00299 0 0.00016 0 0 2e-05 2.5e-05 0.000195 0.00167 4.5e-05 0 0 4e-05 0 3e-05 2.5e-05 3.5e-05 0 0.00013 0 0 2e-05 0
0.00522 0.00272 4.5e-05 0 3e-05 0.002 0.00046 3.5e-05 0.003155 0 0.001235 0 0 0.00394 0 0.00762 0 4.5e-05 0 0 5e-05 0 2e-05 0 2e-05 0 0 0.00054 0 0 0.00477 0 0 3e-05 7e-05 2e-05 5e-05 4e-05 0.00081 0 0.00526 2e-05 0.0002 0 0 3e-05 0.000945 5.5e-05 0 5.5e-05 6.5e-05 1.5e-05 0 0 0.00793 2.5e-05 1.5e-05 2.5e-05 2.5e-05 5e-05 2e-05 0 3e-05 0 0.00413 2e-05 0 0 3.5e-05 2e-05 0 0 3e-05 0 4e-05 0.00658 0 5e-06 2e-05 0.00094 0.000945 1.5e-05 0 0.0005 0 3.5e-05 5.5e-05 0.007845 3.5e-05 4e-05 4.5e-05 0 0.00049 0.019845 2.5e-05 3e-05 0 0.00657 0.00292 0
0 5e-05 0 0.00953 4.5e-05 0.000935 3.5e-05 0.013485 0.00459 0.00589 0 3e-05 0.003865 2e-05 0.004505 5.5e-05 0.002215 0.000725 0 0 0 6e-05 0.000415 3.5e-05 0.00595 0 1e-05 1e-05 0.007175 4.5e-05 0.002225 3e-05 3e-05 0 3.5e-05 0 0.00017 0 4e-05 2.5e-05 0.00089 0 0.00359 1.5e-05 0.002225 0 0.002745 0 0 0.00012 0.01023 0 0 5.5e-05 4.5e-05 5.5e-05 2e-05 2.5e-05 0.00018 2.5e-05 0 3.5e-05 0 0 0 0.00505 0 0.00013 0 0.000175 2e-05 0 0.002805 0.001245 0 0.000445 0.003635 3e-05 0 0 0 0 0 8e-05 0 0 0.011 4e-05 0.00977 0 3e-05 0 3e-05 4.5e-05 2e-05 0.000155 0.0103 0 0 5e-05
0 4.5e-05 0 0 0 0.0057 4e-05 0.00016 6.5e-05 0 3e-05 0.00085 0 3.5e-05 0 0 0 0 0 0.007945 0.00029 0 1e-05 1.5e-05 4e-05 4e-05 0.0032 0 1.5e-05 0 0.002285 0.004455 0.00452 0.004955 0.001255 3e-05 0 0 4.5e-05 4e-05 0.00772 0.00133 2e-05 0.00401 0.01333 0.00044 5e-06 5.5e-05 0.005515 4.5e-05 0.00475 6.5e-05 0.000935 0 0 0 0.00028 0 2e-05 0 3e-05 0 0.013 0 2.5e-05 0.00838 0 0 0 0 5e-06 5.5e-05 8.5e-05 0.000155 0.003915 0 0.01683 0.002165 0 3e-05 0.00181 0.008385 3.5e-05 3e-05 0.003895 0 6e-05 0.000655 0 0 4.5e-05 1e-05 2.5e-05 0.000185 3.5e-05 0 0.008565 2.5e-05 0.005005 0
0 0.007175 0 0 5e-05 0.00479 2e-05 0.00249 3e-05 2e-05 6e-05 0 0.001025 0.001535 4e-05 0.01369 3e-05 3e-05 1e-05 0 3e-05 0 5e-06 6.5e-05 0 4e-05 0.00021 0 3.5e-05 0.003025 0 0.00894 0 0.00281 0.000525 0.000205 0 3.5e-05 7e-05 0 0 0 0 0 0.012655 0 1.5e-05 2e-05 0.000545 1e-05 0.002055 2.5e-05 0.01459 3e-05 0.0011 0 0 2.5e-05 0 0.002055 1.5e-05 0.003595 5e-05 0.000905 4e-05 0.001185 0 0 2.5e-05 0 0.000795 2.5e-05 0.000315 5.5e-05 0 0.01495 0.002875 0 0 0 0 0 4e-05 3e-05 0.010445 2e-05 0 0.00034 3.5e-05 4e-05 0.00117 4.5e-05 0.00076 0.00955 2.5e-05 0 4e-05 0 0.01187 5.5e-05
0.00066 4e-05 0 0 0.00064 3.5e-05 0.005335 0 2e-05 0 0.002965 4e-05 2.5e-05 4e-05 0.00149 3e-05 0 0 0.005305 0.001075 0 0 0.000495 0.00207 0 0.001535 0 0.00164 0.00035 0.004415 0 0 3e-05 4e-05 4e-05 0 0 0 2e-05 0 0 5.5e-05 4e-05 4e-05 0.0005 0 0 0 0.003815 0.008845 4.5e-05 0.010965 0.002225 0 5.5e-05 0 0.00364 0 0.001905 4.5e-05 0 0.00015 0 5.5e-05 0.007885 0 0.009125 0.002295 0.0001 4.5e-05 0.00988 0.016545 0 0 0.00017 2.5e-05 5.5e-05 4.5e-05 0 0.003065 4.5e-05 0 3.5e-05 4.5e-05 4e-05 2.5e-05 0.00167 3.5e-05 0 0 1e-05 1.5e-05 4e-05 1e-05 0 0.000165 3e-05 0 0 0
3.5e-05 0.007745 0.005345 5e-05 0 0 0.00305 0.00109 1e-05 0.00017 0 0.000115 3e-05 2e-05 4.5e-05 0.000365 0.00517 4e-05 0 0.00012 4e-05 0.00837 0 2e-05 0 0 0 0 4.5e-05 0 3.5e-05 0 1e-05 0.003315 1.5e-05 0.01166 3e-05 3e-05 2e-05 0 3.5e-05 0 2e-05 0 0.001135 1.5e-05 3e-05 0 2.5e-05 0 0 2e-05 0.00782 5e-05 0.002285 2.5e-05 0 2.5e-05 2.5e-05 0.001 4.5e-05 0.00151 4.5e-05 2e-05 0.00127 0.004465 0 3.5e-05 5e-05 0 0 0 1.5e-05 0 0 0.000305 0.009095 0 2e-05 0 3e-05 2.5e-05 1.5e-05 1.5e-05 0 2.5e-05 0 0 0 4e-05 0.010165 0 0.001095 5e-05 2.5e-05 0 0 0.0008 0.011555 0.011005
2e-05 0 1e-05 0.00135 0 1.5e-05 3.5e-05 0.001505 0 6.5e-05 0 0.0174 0.000145 0 5e-05 0 0 0.005245 2.5e-05 0 0 0.000955 0.000435 5e-06 3.5e-05 4.5e-05 0.0016 5e-06 0 3.5e-05 0 0.00022 0.000705 0 2e-05 0.000655 0 0.000415 2.5e-05 3e-05 3e-05 0.00325 3.5e-05 6e-05 3e-05 0 0 0.00976 3.5e-05 0.00352 0.014725 0 3e-05 9.5e-05 4e-05 1.5e-05 0 0 0 0 1.5e-05 0.002465 0.001975 0 0 4.5e-05 1.5e-05 5e-05 0 3e-05 5e-05 2e-05 0 2e-05 1e-05 0.00672 0.008175 0.012655 0 3e-05 0.00898 0 0 0.000165 0.01023 0.003665 0 0.0022 0.008785 0.001105 0 0.005565 0.000205 1.5e-05 0 4e-05 0 2.5e-05 0 6.5e-05
0 0.01339 2e-05 0 0 1e-05 4e-05 0.008945 0 0.00255 0 0 0 0 0 0.000765 0.005455 0 2e-05 0.000385 8.5e-05 0 0 0 0 0.01018 2e-05 0.004775 0 0.00518 0 5e-05 0 0 3e-05 0 0.000745 5e-05 3.5e-05 0.00839 6.5e-05 4e-05 0.00082 1.5e-05 0 1e-05 0 0.01214 0 3.5e-05 3e-05 0.00181 0 7e-05 4e-05 0.005555 0 3.5e-05 4e-05 0.000625 2e-05 2.5e-05 5e-05 2.5e-05 0.000955 0.000275 4e-05 0.000135 0 3.5e-05 0.000815 0.00552 3.5e-05 0 2.5e-05 0.001175 5.5e-05 2.5e-05 0.0013 0.01703 0 0.003435 1e-05 0 5e-06 2e-05 0.00034 0 0 3.5e-05 0 0.001615 0.00051 1e-05 0 3e-05 0 0 5e-05 0.0001
0.01201 0 5e-05 3.5e-05 3.5e-05 0 0 5.5e-05 0 0 4e-05 4.5e-05 4e-05 0 3.5e-05 0 2.5e-05 4.5e-05 0 0 2.5e-05 3.5e-05 4.5e-05 0.000215 0 3e-05 0 5.5e-05 4.5e-05 0 0 0 0 3e-05 4.5e-05 5.5e-05 2.5e-05 0.00011 0.000525 1.5e-05 2.5e-05 4.5e-05 0 0.007535 5e-05 0 1e-05 3e-05 4e-05 0 3.5e-05 0 0.00533 2.5e-05 2e-05 0 5e-06 0 0 0.00873 0.00079 2e-05 2.5e-05 4e-05 0 7e-05 0.00189 2.5e-05 6.5e-05 0 0.00813 0.00365 0.00753 0 2.5e-05 0.00393 3e-05 0 5.5e-05 3.5e-05 0 0 0.004225 0 0.000685 0 5e-06 0.005995 2.5e-05 0.00011 0 2.5e-05 0.01469 0.000285 0 0.00948 0 0 0.006765 2.5e-05
4.5e-05 0 0.002795 0 0 0 3.5e-05 6.5e-05 2.5e-05 0.001195 0.00359 5e-05 0 0.00023 0 2.5e-05 0 0 0 0.003945 6e-05 0 4e-05 0 0.006575 0.004255 3.5e-05 0.002155 0 0 0.001645 0.001185 0.005515 0.014115 0.003605 0 4e-05 0.001075 0.01006 0 0.00025 0.00563 4.5e-05 0.021445 0 0.007745 3e-05 2e-05 0.00071 0 0.0005 0 0 0.00287 4e-05 4e-05 0 0.005285 2.5e-05 4e-05 2e-05 3.5e-05 2e-05 0 3.5e-05 0.00121 4e-05 4.5e-05 0.00049 5e-06 0 3e-05 0 0.00834 2e-05 0 3.5e-05 2e-05 3e-05 4.5e-05 5.5e-05 0 0 0 0.010225 3.5e-05 2.5e-05 0.00074 0 0.000185 0 0 9e-05 6.5e-05 4e-05 2.5e-05 4.5e-05 2e-05 7.5e-05 0
1.5e-05 2e-05 0 2.5e-05 2.5e-05 0.00209 5e-06 0 2e-05 0 3.5e-05 0 0.00024 4e-05 0.00484 0.00844 0.00013 5e-05 0.00052 0.00117 0.00013 0.003005 5e-05 0.004095 0 5e-06 5e-05 1.5e-05 0.00118 4.5e-05 2.5e-05 0 1.5e-05 0.0002 2.5e-05 0 5.5e-05 0 6.5e-05 3.5e-05 0 0.008655 0 1.5e-05 0 0.005385 4.5e-05 0 0 0.002405 0 3e-05 0.004955 5e-05 4.5e-05 6e-05 2e-05 3e-05 0.001685 0 0 0 0.007575 0.00172 0 0 2e-05 0 0 0.012175 2.5e-05 0 4.5e-05 2.5e-05 2.5e-05 0 0.005625 0.012115 0.004975 4.5e-05 0 0 0.00012 0 0 0 0 4e-05 0.00012 0 0.00825 0 4.5e-05 1.5e-05 0 0.005265 0 0 5e-05 0.00271
0 0.002685 5e-06 0.006305 4e-05 0 0 0 0 0 5e-05 0 1.5e-05 0.01297 2e-05 4e-05 5.5e-05 2.5e-05 0 5e-05 0.004565 1.5e-05 0.000585 0 2.5e-05 0 4.5e-05 0.013455 0.005985 0.000485 0.002035 2e-05 3.5e-05 0 0.00102 0 0.0004 7.5e-05 0.000515 0.00506 1.5e-05 0 0 0 0 0.00231 2e-05 0.00774 0 0 0 0.006035 0.000155 0.0001 0 0 0 0.000345 0.00432 0 0 4.5e-05 0 3e-05 0.002555 5e-05 0 0 4.5e-05 0 0 0.00018 0.00403 3e-05 3.5e-05 2.5e-05 2.5e-05 1e-05 5.5e-05 0.00172 0 6.5e-05 0.003235 3e-05 2e-05 6e-05 0.003845 0.00074 3.5e-05 2e-05 0 0 0.00739 0.00479 0.010465 0 4e-05 0 3.5e-05 6e-05
4.5e-05 0 0.003475 0 2.5e-05 0.000945 2e-05 0 0 3.5e-05 9.5e-05 2e-05 0.000565 2.5e-05 0 5.5e-05 0 0 0 0.004015 0.01342 2e-05 2.5e-05 2.5e-05 0 0 2.5e-05 4.5e-05 3.5e-05 0.00043 0.00148 0 0 3e-05 0 0 0.011195 0.0008 0 0 0.00538 0 0.007475 5e-05 0.003145 4e-05 0.01322 0.000865 0.00607 0.00252 0.00038 0.0019 0.00034 3.5e-05 0 4.5e-05 0 2e-05 2.5e-05 0.00269 0 5e-05 0 0 0 0.00015 0.001425 0 0 0.00018 0 0.000485 0.005945 0.000715 0 0 0 0 0.00287 3e-05 0.00529 0 5.5e-05 0.00077 0 0.00362 0 0.008135 0.00454 0 3.5e-05 0 0 5.5e-05 4e-05 4e-05 0 0.00258 3e-05 0
0 4e-05 0 0.006135 0 3.5e-05 8.5e-05 0.003215 0 0 0.006395 0 3e-05 0.000515 2.5e-05 0 0.00297 0.00017 5e-05 0 0.009255 2.5e-05 0 0.012195 0.00442 0.00194 0 0.01185 0.000185 0.0003 0 0 3.5e-05 0.00079 5e-05 0.01228 0.001145 4e-05 4e-05 0 3.5e-05 3e-05 3e-05 4e-05 3e-05 3e-05 0 0 0.00703 2.5e-05 7e-05 0 0.001605 0.00199 1e-05 0.0001 0 3.5e-05 2e-05 0 2e-05 0.003865 0 5e-05 2.5e-05 0 0.000215 0.001985 0 3e-05 0.00777 0 0 0 5e-05 0 0 1.5e-05 0.004675 0.000485 3.5e-05 4.5e-05 4e-05 3.5e-05 0 0 0 0.00306 5.5e-05 3e-05 0 0 0 3.5e-05 0.00565 0 3.5e-05 0.000425 4e-05 0.003085
0 3e-05 2e-05 0 0 0 0.00254 2.5e-05 1e-05 2e-05 2e-05 0 2.5e-05 0.002765 0 5e-05 0 0 3e-05 5e-05 0.00166 3.5e-05 5e-05 4e-05 2e-05 0.002415 0.002085 5.5e-05 0 0 4.5e-05 0 3e-05 0.000295 0 0 0.00357 0.000655 5.5e-05 2.5e-05 0.00029 0 8e-05 0 2.5e-05 0.000215 0 2e-05 0 0.008805 0 0 0 3.5e-05 1.5e-05 0.005225 0.008815 0.00457 0.006765 0.00198 0 0.003475 0.00025 0 0.000815 5e-05 0 0.001595 0.001295 0.010515 6.5e-05 0.00329 1.5e-05 0 0.002345 0 3e-05 4.5e-05 0.00052 2.5e-05 3e-05 0.00184 0 0.006745 0 0 3e-05 4e-05 0 0 0.00895 0.005905 2.5e-05 3e-05 0 0 0.00194 3.5e-05 3.5e-05 0.001655
0.012685 0.00105 0.00058 0.00441 3e-05 0 0.003195 0 0.00068 0 1.5e-05 5.5e-05 2e-05 0.00024 0.001515 0.005495 6e-05 3.5e-05 0 0 0 0.00237 7.5e-05 0.007775 0 0 5.5e-05 0.00236 3.5e-05 0.00866 4.5e-05 2.5e-05 1.5e-05 0 0 0 4.5e-05 0 0.015375 0 3.5e-05 0.004995 3e-05 0 0.003055 0.00234 0.0031 3.5e-05 4e-05 5e-05 0 0 0.006605 0.00079 0 4.5e-05 0 0.005295 2.5e-05 0 5.5e-05 0 0 4.5e-05 0.000855 5e-06 0.005335 4e-05 8e-05 0 0.015325 0.00618 0 0.003845 2e-05 3e-05 5e-05 0 0 0.000285 0 2.5e-05 0 1.5e-05 1.5e-05 0 0.00346 1.5e-05 0.001675 4e-05 0 0 0 0 0 0.003515 2e-05 0.00979 0.000205 0
3e-05 2e-05 0 0 3.5e-05 5e-06 0 0.01201 0.00191 2.5e-05 4.5e-05 0 0.00126 4e-05 0 0 3.5e-05 4.5e-05 3e-05 3e-05 0.013715 0 0 0 0 0 2.5e-05 0 0.0013 0 0.000285 3.5e-05 0 0.0009 7.5e-05 0 0 0 3.5e-05 0 0.000235 0.006435 0.000295 2e-05 0.003275 2e-05 0.00847 0.000135 0.005675 0.005385 0 2e-05 0 3.5e-05 2e-05 0.000125 0.000225 0.002645 0 0.008405 0 0 0.000615 0.00014 0 2e-05 0.00035 4e-05 0.00929 0.00167 0 0.01218 0 3.5e-05 6e-05 0.00845 5e-05 0 0.00765 2e-05 0 4e-05 0.00198 1.5e-05 0.00358 4e-05 0 0.00819 0.00771 4e-05 2.5e-05 5e-05 2.5e-05 3e-05 0.00123 0 0 0 0 3.5e-05
0.004425 0.00023 0.002175 0.006795 0.008735 2e-05 0.00016 0 3.5e-05 4e-05 0.004955 0 0 0 0 0.002325 5e-05 0 4e-05 0.009805 5.5e-05 0.00726 0.007175 0 0.00414 0.00091 2.5e-05 1.5e-05 0 0 2.5e-05 2e-05 2e-05 0.00261 0 5e-06 2.5e-05 4e-05 0 0.00035 0 5e-05 0.000135 2e-05 0 0.01298 2.5e-05 0 0 0.00051 0 3.5e-05 0 0 0 3.5e-05 0 0.00245 0 4e-05 0 2e-05 0.00846 0.00491 0.00017 0 0 0 0.006595 0.00076 2.5e-05 3.5e-05 0 0 5e-06 2e-05 5e-05 5e-05 0.00885 0.001735 0.002745 0.00832 0 0 0 0 0.000715 4e-05 0 0.00189 0 0.001645 0 3.5e-05 0.00014 4e-05 0 2e-05 0 0.011575
0.00015 0.000425 2.5e-05 3e-05 3e-05 0 4.5e-05 5e-06 0 4.5e-05 6e-05 5.5e-05 0.00022 0.000205 2e-05 2e-05 5.5e-05 0.00251 4e-05 0 9.5e-05 0 5.5e-05 0 0.000635 0 0.007815 0.00013 2.5e-05 1.5e-05 8e-05 3e-05 5.5e-05 3e-05 0 1.5e-05 5e-06 0 0 0 0 2e-05 0 0 2.5e-05 1.5e-05 2e-05 0.00138 0.00874 5.5e-05 0 0 0.00731 3.5e-05 4.5e-05 0 2e-05 0.00598 0 0 0.00086 0 2e-05 4e-05 5e-05 3e-05 0 8e-05 0 4e-05 0 2.5e-05 0 0 3.5e-05 0.011035 5e-06 0.00018 3.5e-05 0.00266 3.5e-05 2.5e-05 0 0.00246 0 0 0 0.013665 4e-05 0 0 0.00502 0.004765 0.001395 0.00272 2e-05 2e-05 0.00763 0 0
0.000975 0 0 0.00507 0.00443 0 0 0 0.00871 0.00011 0.007405 0 0.00097 4.5e-05 0 0.00025 0 0.01099 1e-05 5e-05 4.5e-05 0.00017 0.00588 3e-05 0 0 0 0 0 0 4e-05 0.00604 0 0.000105 0 3.5e-05 0 2.5e-05 1.5e-05 4e-05 0 2.5e-05 0 2e-05 5.5e-05 3e-05 0 0.000955 2.5e-05 0 0 0.00483 0 0.00223 0.008195 2.5e-05 7e-05 3e-05 4.5e-05 4.5e-05 4e-05 1.5e-05 2e-05 0 1e-05 0 1e-05 5.5e-05 3.5e-05 5e-06 5.5e-05 1.5e-05 4e-05 1.5e-05 0.003275 0.009465 0.00124 2e-05 2.5e-05 0 0.00668 0 0 0.00675 0 0.004025 2.5e-05 0 5.5e-05 5.5e-05 5e-05 0.005825 0.006835 0 0.001835 2e-05 0.00029 0 3.5e-05 0
5.5e-05 0 0 0.00019 0.004835 0 0.007135 3.5e-05 0.00863 1.5e-05 0.00114 4e-05 0.00163 0.000135 3e-05 2.5e-05 1.5e-05 0 0.00457 0 0.001865 2.5e-05 0 3.5e-05 4.5e-05 1e-05 0.000365 0 5e-05 3.5e-05 0.00593 0 0.001855 4.5e-05 0.00975 1e-05 0.00574 1e-05 0.00965 0.001835 0.000375 1e-05 0.015075 0 0 0 0 4e-05 0 9.5e-05 0 0 2.5e-05 2.5e-05 0.0001 0 0 0 0 0.00212 0.00843 0 0.005665 0.002085 0.004675 0.00074 8e-05 0.01401 0.000525 2.5e-05 0.00627 5e-05 2.5e-05 0.003505 0.001585 2e-05 0 3.5e-05 0.001015 0.0037 0.005895 0 0 0 1.5e-05 0.00515 0.00842 0 0 4e-05 4e-05 0 4.5e-05 0 0 0 0.002415 0 0.000185 0
0.00499 2.5e-05 0.004705 0.006745 0.00101 0 3e-05 0 3.5e-05 0 0 0 0.000125 0 0 5.5e-05 3e-05 0 0 0 0 0 0.005785 0.00014 0.000105 4e-05 0 0.007335 0 2.5e-05 0 0.003125 0.0004 0 0.00331 0 0 0.0033 0.000525 0.00136 0 0.00027 7e-05 0.016065 5e-05 0 3.5e-05 4e-05 0.001965 0 4e-05 0 4e-05 0.00843 0 0.011415 4e-05 0.00052 0 6e-05 4e-05 1.5e-05 4e-05 6.5e-05 0 1.5e-05 3.5e-05 0 0.001385 0 0 0 0 3.5e-05 5e-05 3.5e-05 0 0 2e-05 0.00176 0 3e-05 0.0014 3e-05 0 0 6e-05 3.5e-05 0.00267 0.00025 0.004645 1.5e-05 2.5e-05 1.5e-05 0.00558 0.001175 6.5e-05 2e-05 0 0.007325
0 0.00323 0.01656 0.00054 2.5e-05 1.5e-05 5e-05 5e-06 0.000135 1e-05 0.0036 4.5e-05 9.5e-05 1e-05 0 0 5e-05 4e-05 0.00121 0.002865 0.0004 5e-06 0 0 0 0 4.5e-05 3e-05 0.002645 0.00012 0.001345 2e-05 0 0 0.001415 0.00166 0 0 3e-05 2e-05 0 0.01178 4e-05 2.5e-05 0.008535 0.00216 4e-05 0 0.00632 4e-05 0 0 0.009835 0 4e-05 2.5e-05 0.000135 0 3.5e-05 0.00231 0 0.000125 0.01117 0.00215 3e-05 0 1.5e-05 4.5e-05 0.00028 0.009685 0.008995 0 1e-05 0 0 0 0 0 0.01268 4.5e-05 0.00173 0.003595 0 4e-05 0.002175 3.5e-05 0 0 2e-05 2e-05 3e-05 4e-05 4e-05 2e-05 1.5e-05 0.00155 0.000705 0 2e-05 0
0.010375 3.5e-05 0.004525 0.002485 3e-05 0 0.00476 0 0 0 0.009965 0 8e-05 0 0.014015 0.01667 0 3e-05 0.0001 0.00267 0 0 1.5e-05 3e-05 2.5e-05 2e-05 1.5e-05 3.5e-05 5.5e-05 1e-05 0 0 0.0005 0.0037 7e-05 0.002405 2e-05 4.5e-05 0 0.005735 4e-05 2.5e-05 3.5e-05 5e-05 0.000205 0.004795 2e-05 0 1e-05 0 0.00597 0 3e-05 0.000685 0.009525 0 1.5e-05 5e-05 2e-05 4.5e-05 0 3e-05 0 0 1.5e-05 0.01005 0.00032 1.5e-05 3.5e-05 0 5e-06 2e-05 0 0 0 3.5e-05 0 2.5e-05 0.003825 0.006835 0 0 3e-05 5e-05 2.5e-05 3.5e-05 0 1e-05 0 3.5e-05 5e-05 0 4.5e-05 3e-05 5.5e-05 0 3e-05 0 0 0.003415
0.00106 0 0 0 5e-05 5.5e-05 3e-05 0 0 0.01281 0 0.000155 2.5e-05 2e-05 0.00037 0 0 1.5e-05 1e-05 0 2e-05 0 0.005675 1.5e-05 0.003275 0 4e-05 0.00582 0.000165 2.5e-05 0.00243 0.01619 0 0.00973 5e-05 2e-05 3.5e-05 0.01176 0 0.0018 2.5e-05 0.00259 0 0.02144 3e-05 0.015765 0 7e-05 5.5e-05 0 0.00176 4e-05 5.5e-05 0 0.00188 2e-05 4.5e-05 0 0.00607 2.5e-05 0 0 0 4.5e-05 2e-05 0 2.5e-05 0 1.5e-05 0.007875 4.5e-05 2e-05 0 0 4e-05 0 2.5e-05 3e-05 1.5e-05 0 0.000365 0 0.00231 4.5e-05 0 4e-05 0 3e-05 0.00425 0.000105 0 3e-05 3.5e-05 4e-05 2.5e-05 0 2.5e-05 0 0 5.5e-05
0 0 0 2.5e-05 2e-05 0.0015 1e-05 0.02034 0.00658 0 0.00026 3e-05 6.5e-05 1.5e-05 0 0 0 4e-05 0.001475 7.5e-05 0.000615 0 0.002255 0 0 0 3e-05 0.001845 0 8.5e-05 0.008075 0 3.5e-05 4e-05 0.00054 3.5e-05 4.5e-05 0.005425 5e-05 1.5e-05 3.5e-05 0.000125 2e-05 4.5e-05 0.00278 0 0.00547 0.00262 2.5e-05 0.00066 0.00509 2.5e-05 0 0 1.5e-05 4e-05 0 0 0.003025 0.00224 2.5e-05 5e-05 0.003425 2.5e-05 2.5e-05 0.003125 3.5e-05 2.5e-05 2e-05 5e-05 0.015715 0 0.00541 0.007895 0 0 4.5e-05 0 0.00846 4.5e-05 0.00707 0 0.0052 0 0.001735 0 2e-05 0 0 0 3e-05 0 6.5e-05 0 2e-05 0.00768 3.5e-05 0.01975 8e-05 0
0.000145 0 0.00923 2e-05 7e-05 3e-05 2e-05 2.5e-05 0 0.00244 2.5e-05 0 0 0.001375 0 0 4e-05 3.5e-05 0.003155 1e-05 0 0.008585 0.00258 0 0.000225 0.00279 4e-05 4e-05 0.001375 0 0 2e-05 0.009995 0.00093 0.000265 3e-05 0.004015 0 0.007635 2.5e-05 0 0.00298 0 3.5e-05 0.000975 2.5e-05 0.005405 2.5e-05 0 0 0.010435 0 0 2.5e-05 0 0 0.00897 0 0.00308 3.5e-05 0.006895 3e-05 0 0.002875 1.5e-05 2.5e-05 0 0 0.00066 0.013065 3.5e-05 0 0 0.000255 0.004185 4.5e-05 3.5e-05 0 0.00054 2e-05 0.00857 0.00497 0.011975 0 1e-05 2.5e-05 0 0 0.0018 0 4.5e-05 5e-05 0 0 0 0.003905 0 4e-05 0 7.5e-05
0.002325 0 0 0 0 5.5e-05 0 5e-05 3.5e-05 0 1e-05 0 0 0.011855 0.004995 0 0 4.5e-05 0 4.5e-05 2e-05 0.0052 0.00012 0.00026 3e-05 3e-05 2e-05 0.00964 0 2e-05 0.008725 0 0.0018 0 0.00184 1e-05 5.5e-05 0 0 0.00513 4e-05 0.00038 2.5e-05 0.010495 1.5e-05 0 1e-05 4e-05 5e-05 0 0.000265 0 0 0 0 0 2e-05 5e-06 0.0009 4e-05 4e-05 5.5e-05 5.5e-05 4.5e-05 2.5e-05 2.5e-05 2.5e-05 0 3.5e-05 0 3.5e-05 3.5e-05 0 0.006695 2e-05 3.5e-05 3e-05 3.5e-05 2.5e-05 0 4.5e-05 2e-05 0.00067 0 0.00463 4e-05 3e-05 2.5e-05 0 0.00652 0.002045 4.5e-05 0 0.01065 0.00032 0 0 0.0001 0 0
0.000455 1.5e-05 0.018195 0 0 4.5e-05 6e-05 0.006115 2.5e-05 0 0.00177 0 0 0 0 0.00445 3.5e-05 1.5e-05 0.001 0 5e-05 7e-05 0.000275 3.5e-05 0.007385 0.003455 3.5e-05 2e-05 0 1e-05 0 5e-05 0 2e-05 0.01008 0 4e-05 0.00014 0.00671 0 0.00541 0 0.00199 0 0 0.01325 0.000155 0 0 3.5e-05 0.00143 0 0 3.5e-05 0 3.5e-05 0 0.001415 3e-05 3.5e-05 0 2.5e-05 0 5e-05 2.5e-05 0 3.5e-05 5e-05 0 0.01325 0 0.000695 0.004935 0.01401 0.00304 3.5e-05 0 2.5e-05 0.000415 3e-05 0.009685 0 0.00432 4e-05 0 4.5e-05 0.000185 5e-05 0.00022 0 4e-05 0 3e-05 3.5e-05 0 0 0.0005 0 3e-05 3.5e-05
0 0 0 0 0 3e-05 0 6e-05 0.001825 0 0 1.5e-05 4.5e-05 0 8.5e-05 0.002995 0 0 0.00062 0.002505 0 0 0.01255 3e-05 0.000555 0.01151 4e-05 0 0.000815 9.5e-05 0.00278 3.5e-05 3.5e-05 3e-05 0 3e-05 0.001615 0.001165 5e-06 0 0.00079 0.00094 0 2.5e-05 4e-05 0.00507 0 3e-05 4.5e-05 0.00184 0 0 4e-05 0.006285 0.00214 2.5e-05 0 2.5e-05 0 1.5e-05 0 3e-05 0.004195 5.5e-05 0 0.002015 0.001205 0.00037 4.5e-05 3.5e-05 0.00014 0.00157 0 0.00233 0.00919 0 0 4e-05 0 0 0.01706 0.01027 0 3.5e-05 3.5e-05 1.5e-05 0.01366 6e-05 0 3e-05 2e-05 0.00128 1e-05 0 2e-05 0.00091 4e-05 0 4.5e-05 2.5e-05
0 2e-05 0.00105 0 4.5e-05 0.01403 5.5e-05 0.010155 0.0018 0.01089 0 0 0 0 3.5e-05 0 0.005955 5e-06 0 5.5e-05 0 0 3.5e-05 3e-05 0.00058 0 0 4.5e-05 0.000395 3.5e-05 0.000645 0 0.000275 0.008185 0 4.5e-05 0 0 5e-06 2e-05 0 0.000185 0.00317 2e-05 0.00399 0 0 0 3e-05 0.00304 0.00014 3.5e-05 0 3e-05 4.5e-05 5e-05 0 4e-05 0.00039 5e-05 0 0 0.003465 0 0 3.5e-05 1.5e-05 3.5e-05 0.001915 0.001625 3.5e-05 5e-05 0 0 3.5e-05 0.005135 0 1.5e-05 0.00123 0 0.009885 0.01009 0.00117 2e-05 0.001745 0 0.005795 0 0.000475 5e-06 1e-05 0.00786 0.001275 5e-05 6e-05 3e-05 0.0147 0 3e-05 2.5e-05
0.00442 0 3e-05 0 0.00035 0.001665 0.013105 4e-05 6e-05 0 5.5e-05 0.004425 1e-05 0.000815 3.5e-05 0 0 0.00023 0.01036 3e-05 0 3e-05 0.00355 0 4.5e-05 0 3e-05 0.0034 0 4e-05 0 2e-05 4.5e-05 4e-05 2.5e-05 2.5e-05 2.5e-05 4e-05 3e-05 0.002595 0 0.000885 2.5e-05 3.5e-05 0.008125 2.5e-05 0 0.000545 4.5e-05 0.0001 0 0 0.0063 0 0 0 0 0 0.007445 0 1.5e-05 0 3e-05 1.5e-05 0 0.00335 0 8e-05 0.00421 0 0.00013 0.011685 0 0 0 0 2.5e-05 0 0.00159 4.5e-05 3e-05 2.5e-05 0.001365 0.00114 6e-05 0.00619 4.5e-05 2.5e-05 0 0.00015 0.00682 0 0 3e-05 0.00385 0 3e-05 0.000815 8e-05 0.00078
3.5e-05 4.5e-05 3.5e-05 0.004305 0.003335 5e-06 3e-05 3.5e-05 5e-05 0.00216 0 0.00106 0.00169 0.001635 0.001105 0 0 0 0 0 0 0 0.001185 0 0.004795 0.00738 0.00288 0 0.0011 4e-05 4.5e-05 0 0.002 0 0 5e-05 0 5e-06 0.0028 4e-05 0.004575 0 0.004975 0.01046 1.5e-05 0 1e-05 5.5e-05 0 0.0037 0 0 0 0.000165 2e-05 0.00013 0.00241 0 0.00488 0 0 2.5e-05 2e-05 9.5e-05 2.5e-05 1.5e-05 0.00121 0.00125 0.00306 0.011175 4.5e-05 0.000405 2.5e-05 0 4e-05 4e-05 0 3.5e-05 0 3.5e-05 0.00121 2e-05 0 0.003075 0.000905 0 0 5e-06 0.006685 0.000765 0.008015 2.5e-05 0 0 0 0.00089 2.5e-05 4.5e-05 0 0
0 2.5e-05 0 4.5e-05 0 2.5e-05 0.005375 4e-05 0 0 1.5e-05 0 3.5e-05 0 4e-05 2.5e-05 0.000105 0 0.00323 0 5e-05 2e-05 4e-05 2.5e-05 4e-05 1e-05 3.5e-05 0.00012 0 0 2.5e-05 2.5e-05 3e-05 0 3e-05 0.000555 4e-05 4e-05 0.00294 0.00435 0 0.00287 0 3.5e-05 5e-05 0 0 0.00153 0 0 5e-06 0.003465 0.013645 3e-05 0 0.004435 0.00204 0.001155 0.01085 7.5e-05 2.5e-05 0.01433 0 3e-05 0.00036 4.5e-05 0 4e-05 0 2.5e-05 0.000475 0.01308 0.004025 0 5e-06 0 0 0.00633 2e-05 7e-05 4e-05 0 0 2.5e-05 3.5e-05 0.000725 0 6e-05 4e-05 0.00305 0 5.5e-05 0.00139 0.00573 0.00055 0 0 0 0.00679 0.0016
