0.01235314579
0.03137552997
0.01053317981
0
0
0.01088899107
0.05288481133
0.03052747882
0.02854258135
0
0.02100110059
0
0.01841573216
0.007563015006
0.001839805561
0
0.002935756845
0
0.02669528987
0
0
0
0
0.03913510762
0
0.03582160603
0
0
0.02254661233
0.05393756709
0
0.007327550314
0
6.81E-05
0
0
0
0
0
0.03530229022
0
0
0.004203920198
0.0343368289
0
0.007144378958
0
0.04402278886
0.03941718874
0
0
0
0.002156579781
0
0.01680467303
0
0.0342622625
0
0.01415593191
0
0.04781699655
0.004784242578
0
0
0.01771594871
0.005964528288
0
0.01647889795
0.02387009143
0
0.01425020987
0
0
0
0
0
0.00801735419
0
0
0
0.02626529703
0
0
0.01303628634
0
0
0
0
0.05660450035
0
0
0.01206298933
0.02706322557
0.001155506809
0.05029818004
0
0.02140263235
0
0.00701332543
0
0
0.01917068987
0.02511190607
0.01774115535
0
0
0.001695096808
0.02167691846
0
0.007375017353
0.004045995512
0.03873025371
0
0
0.01883382179
0.01793961482
0.02960650465
0
0
0
0
0
0.03258049697
0
0.0118386689
0
0.004360631051
0.02003282099
0.01988800414
0
0.02837806403
0
0.0382576205
0
0.02922002095
0.0254683892
0.01035806968
0.04241190424
0
0.01182989148
0.0156612841
0.03017142131
0
0
0.0111349337
0
0.01446563672
0.02611077743
0
0
0.00253118523
0
0.03755124032
0.03917576795
0
0
0
0
0.02988102502
0
0
0
0.01992837816
0.01717148375
0
0.02295487523
0
0
0
0.0253127106
0.01134870542
0
0
0
0.01278766541
0.002464329572
0
0.004412028077
0.0009764917843
0
0
0
0.01105941384
0.01636188753
0
0.01586687823
0.001682453838
0.02588508445
0.01296425368
0.01515911904
0.002650919594
0.02387633681
0
0.02661484596
0
0.02116220369
0
0.02612510704
0
0
0
0.01464126019
0.002698319583
0.01434007903
0.02705450338
0.02620812193
0.002210808187
0
0.00245589244
0
0
0
0.01388471415
0.01058799918
0
0.006212063589
0.00859561574
0
0.01702006152
0.03241832179
0.01165453984
0
0.01227286623
0.02593961056
0.02681088838
0.01246107117
0
0.01147473352
0
0
0
0.03377313783
0.002086520084
0.02121120462
0
0
0
0
0.03325194959
0.02514984202
0.02824379766
0.0178996512
0.02539035478
0.001142406553
0
0.01891455917
0
0.00206414904
0.01024600751
0
0
0.01640334093
0
0
0.02924972934
0.008381907051
0.01491331714
0
0
0.01249409993
0.02033058442
0.0345843558
0
0
0
0.01069854471
0.03312894399
0
0.02389571211
0.005661503915
0.02609793178
0.009329076838
0
0
0
0.01530759047
0
0
0.01727390915
0.02875154999
0.008108903379
0.03470230987
0.01717167429
0
0.002622082328
0
0.01673697794
0
0
0.002332952505
0.005669976834
0
0.03366988909
0
0.008015735143
0
0.03664531063
0.02126536189
0
0.008241678069
0
0.03569828145
0.03253913439
0
0
0.01138023155
0.05489905074
0.04188398539
0.0174655032
0
0.009959907524
0.01639508979
0
0
0.006666018668
0.02506031973
0.04248230176
0
0
0
0
0
0
0.01813480126
0
0.03875574273
0
0
0.03137582472
0.04315482401
0
0.012101374
0.02539863985
0
0
0.008118508121
0
0.03073128421
0
0.04913987874
0
0.01577953467
0
0.01941386726
0
0
0
0.06434804281
0
0
0
0
0.03310596485
0
0.005685192264
0
0
0
0.0501112275
0
0.0132729649
0
0
0
0.02069465629
0.0307190422
0
0
0.01760635307
0
0.01582764982
0
0
0
0
0
0
0
0
0
0.003629196938
0
0
0.01111989931
0.001365952455
0
0
0.00535881639
0.05789203255
5.11E-05
0
0.02015576018
0.01288856386
0.01076808584
0.02953688492
0
0.009328542679
0
0
0
0
0.01769540985
0.006339545352
0.03811220359
0.006955938454
0.001163486692
0
0
0
0
0
0.0127000109
0
0
0
0
0
0
0
0.01997892387
0.01115354463
0
0.02974813574
0.009869237162
0.03391626768
0
0
0.03353178339
0.002666742567
0
0.02000981229
0.005223500888
0.01383855717
0
0.02469357859
0.004506167712
0
0.01572569061
0.02632952256
0.0009608995995
0.03469592866
0.02315542362
0.008520464104
0
0
0.02025131624
0.005907081352
0
0
0.0215873095
0.007771807995
0.01842137934
0.001236053863
0.0198061605
0.02496198274
0
0
0
0
0.01976756677
0
0.01368468049
0
0.02039880389
0
0.006188648254
0.02792109789
0
0
0.03130826415
0.02495370968
0.009609190655
0.01488289942
0
0.005672874266
0.01584920375
0
0.0001167265333
0.03281179507
0.02768692383
0.002207872111
0.0196176899
0.01830870229
0.0157905125
0
0.01055405569
0.01395498027
0.01702375175
0
0
0.02521448732
0.006000885617
0.006107572804
0.01103910637
0
0.01323890949
0.006460103247
0.03534690525
0
0.02684821356
0
0
0
0.02631742407
0.01228530933
0
0
0
0.0004123631839
0
0
0
0
0
0.01086974103
0.01125408684
0
0.0069265173
0
0
0
0
0.03094757382
0
0.02742571305
0
0
0.0193456704
0
0
0.03887297193
0
0
0
0.02634459693
0.01373680487
0.01561807628
0.02178696574
0.02045287554
0
0.02498272514
0
0
0
0.01451200491
0.02488887267
0.02968078006
0
0
0.02965935976
0.03875897872
0.02635572954
0.01767797161
0.02706197027
0.008243843788
0
0
0
0
0.03225565057
0
0
0.0006279173777
0.009361498581
0
0.01730152243
0.02356530636
0
0
0.03954647079
0.01524764691
0.01379641322
0.0002243502057
0.01551464609
0.003227670846
0.02988439028
0
0.01180551364
0.02666785576
0.01655144231
0
0.00257149044
0.01525770514
0.02196972256
0.02151295064
0
0.03265051284
0.02603973769
0
0
0.02458680198
0
0.0007375805605
0.003384431428
0
0.006697861397
0
0.02518702372
0
0.03940695948
0
0
0
0
0
0
0.04389611983
0
0.04716211224
0
0
0
0
0
0.01879945055
0.05687559598
0.02948011111
0.008322616075
0
0
0
0
0.0254396848
0
0
0
0
0
0
0.04216453903
0.03876543362
0.009386652518
0
0
0
0.01706399417
0.02326226423
0.04781623618
0
0.009899283638
0.0005177155677
0
0
0
0.04346637104
0.003405861515
0.02078457125
0.04697791425
0.003433156932
0
0.03207715004
0
0.05824586946
0.02270645619
0
0
0
0
0.0558202624
0
0
0
0.007874783657
0
0
0.05707349128
0
0.0008625352894
0
0.01891972976
0.01013316158
0
0
0.009405009963
0
0.02056795751
0
0
0
0
0
0
0
0.02224608021
0.05759130248
0
0.04342242803
0.02401091157
0
0.01120927189
0
0
0.008992675099
0
0
0
0
0.0019212391
0
0
0
0.01401383287
0.008772709782
0.01830038043
0.003667493807
0.0020630429
0.01093889238
0
0.002320800679
0
0
0.02403925806
0
0
0
0.03803490697
0.03926940138
0.0003653491698
0
0
0
0
0.04390232999
0.003028176982
0.03138620338
0.001682963568
0
0.01970112435
0
0
0.02813634285
0.02445741945
0.02819472113
0
0.01481668977
0
0.01077878097
0.04244160494
0.008537282718
0.02649544626
0.0333360717
0.03226313675
0
0
0.000395353949
0.001537177302
0.002527879472
0.02928353945
0
0
0.0041727645
0
0.0305941265
0.02464826286
0.01194084842
0.0008478344105
0
0
0.03792419445
0
0
0
0.005757135652
0
0
0.04208084708
0.006479596493
0
0.002879834037
0.03316296636
0.02621662953
0
0
0
0.0007307128293
0.02732732193
0
0
0.0061324966
0
0
0
0.02818614986
0.009542614085
0.02049795943
0
0.02793753554
0.01272152755
0
0.02408293214
0.005922480042
0
0.01293958838
0
0
0
0.01258594115
0.0377047426
0
0.002294644112
0.03286020694
0
0
0
0.03332038953
0
0.009176922972
0
0.03556681125
0
0
0
0
0.01890691676
0
0.04234361153
0.01986825666
0.0563158623
0
0
0
0.00252572522
0.003354007726
0
0
0.008966962202
0.01242856656
0
0
2.90E-05
0.01298919803
0.01291090268
0
0.00309873231
0
0
0.05467242825
0
0
0
0
0
0
0
0.04074304356
0
0.02599707002
0
0.003929446556
0.01140088991
0.03098554481
0.009755103328
0.01141303082
0
0
0.03074007288
0
0.04328380306
0.0280669616
0
0
0
0.03540738933
0
0.02098129111
0.02027867255
0
0.0174968576
0.01737910455
0.00782598163
0
0
0
0.003889376102
0.01940555483
0.04311413259
0.03682988286
0
0
0
0
0
0.02829314535
0
0.04835729637
0
0.02183256242
0
0
0.04263043838
0.01162898063
0
0
0
0
0
0
0
0.01707303435
0.01192688182
0
0.03737425374
0.02324130148
0.0232161666
0
0
0.003555627811
0.03298940841
0
0.006355101799
0.02806997799
0.02117694772
0
0
0.03283800926
0
0.00348977422
0
0
0
0
0
0.01806633074
0.01083656188
0
0
0
0.009239724823
0.03292568569
0.01042673592
0.02165539839
0
0.02190917992
0
0.02199968477
0.03849690262
0
0.03496749003
0
0.00706359881
0.01186710146
0.0156900944
0
0
0.001928689513
0.008168224346
0.006773254867
0.02744582167
0
0
0
0
0.0321471658
0.03450889789
0.01691334854
0
0
0
0.009436371056
0
0
0
0
0.03112035619
0
0.0100997822
0
0
0
0.01346299724
0.02202649593
0
0.007944823493
0.006913454183
0
0
0
0.02078598094
0.01900821441
0
0.00854477932
0
0
0.03777858789
0
0.01001599083
0
0.04009796856
0.03117831206
0
0
0.04115430314
0
0.04324774639
0.01193642754
0.02311192
0
0.01679902751
0
0
0
0.03125115404
0.02626266899
0.03079505711
0
0.01195069704
0
0.01350336431
0
0.008857928427
0.01800299908
0.01445100758
0.007434911328
0
0.003547808872
0
0
0
0.02581033335
0.02820438951
0.03368158789
0.007901772811
0.004368050367
0.01515444256
0.01168683395
0
0
0.02429024442
0.03118945173
0
0
0
0.01648819066
0.003143115419
0.01499141257
0.008939281734
0
0
0.01620009861
0.002419993619
0.01717857528
0.0204971858
0.02528507494
0.00993726103
0
0.01262266201
0
0
0
0.008820801914
0
0.005510388603
0
0.007695721391
0.02619418217
0
0
0
0
0.008288266327
0
0.01997416439
0
0.03265172644
0
0
0.01490873407
0
0
0.004745132747
0.01704464515
0.01237156902
0.03141466212
0
0.002183448658
0
0
0.009127759359
0.02834443711
0.02643587575
0.03327621123
0.01833431039
0
0.01373478982
0
0.02103904027
0
0.01202109114
0.01561635769
0
0.01055901425
0.02915023964
0
0.02583606885
0.02361889196
0.02210172482
0
0.01726739155
0
0.005685798111
0
0.03203222848
0.04831921958
0.005046234627
0
0.01511774432
0.01680342117
0.03924615441
0
0.001628420282
0.007205039556
0.04754172141
0
0
0.007308253563
0.01594398493
0.04444547676
0
0
0
0
0
0.01968059664
0
0.0002414303967
0.0195386156
0.005851331202
0.01114204973
0.03974401656
0.002433552766
0.004051012125
0.003343670102
0.05180003371
0
0.01164675116
0.01387557587
0
0.03507556892
0
0.03429873919
0.007493266223
0.04111587976
0
0.009710832645
0
0
0
0.0393224239
0
0
0
0
0.02891464827
0.0229754255
0.00112841317
0.006358999764
0
0
0.03836836805
0
0
0
0.0161679923
0.009496815234
0.01256752313
0.01907621256
0
0
0
0.002963311457
0.009852722625
0
0
0
0.007741458449
0
0
0
0
0
0.003488183137
0
0.005152483829
0.003829118744
0
0.01550684077
0
0.009579186097
0.03823232596
0.01889123558
0
0.03084769307
0
0.02388992711
0.01239623316
0.01376164762
0
0.01780998881
0
0
0.01160397649
0
0.007410940924
0.001858368123
0.03544515023
0.03779110442
0
0
0
0
0
0
0.03169769587
0.03144047681
0
0.0005883270863
0.009673926662
0.005497996346
0.02432495287
0.03616193852
0.01906984311
0
0
0.01031995382
0.02024949916
0.02339464934
0
0.01122574494
0
0
0
0.03302765881
0.004850987025
0.0394361804
0
0
0
0
0.0208207837
0.01972502807
0.0144429264
0.01725214994
0.03597873223
0.01634113295
0
0.0002544076518
0
0
0.00959717283
0.002479849031
0
0.01991465309
0
0
0.01299268412
0.02936797672
0.01664800297
0.005805518606
0
0.004166410888
0.01959518077
0.03735862089
0
0
0.009693787837
0
0.02489605908
0
0.03324857955
0
0.00566536357
0.01313698048
0
0
0.002437304703
0.01601449687
0.01051381527
0
0.0005603703521
0.02151924186
0.01244931883
0.03947917882
0.02428655415
0
0
0
0.0009144753489
0
0
0.01563880693
0.01291429754
0
0.02393509524
0
0.008499316153
0
0.03165872649
0.00943857801
0
0.005289051102
0
0
0
0
0.01998187067
0
0.02076994174
0
0.04085089438
0
0
0
0
0
0
0.01030838357
0
0
0
0
0
0
0.0004517907023
0.03793568468
0.003927210747
0
0
0
0
0.03350295883
0.01019189507
0.01470175384
0
0
0
0
0
0.0006395626777
0.03874934466
0
0.01206364168
0
0
0
0.0002391987445
0.05044228678
0
0.008682412074
0.04548550091
0
0.02413787889
0.02644451889
0.002464146787
0
0.02590865678
0
0.0404051171
0
0
0.04457878269
0.03386319196
0.01637118126
0
0
0
0.02121637633
0.03442521423
0
0.006121522552
0.004355816305
0.02784061588
0.02833086616
0
0.01878456561
0
0.0105972466
0.01217917078
0
0.02605821898
0.02778051966
0
0.01037861667
0
0.02750911718
0.03649351447
0
0.04450438516
0.01260416257
0
0
0
0
0.03892269598
0
0
0
0.02963101206
0
0
0.01916855673
0
0
0.003506140812
0.01929933779
0.01768706378
0.004710671931
0
0
0
0
0
0.02389404337
0
0
0
0.03243448269
0.03246548642
0.01558887595
0
0.001852152829
0
0
0.04122513821
0
0.03688314825
0
0
0.02804361679
0
0
0.02607531616
0.023187357
0.02531886397
0
0.02017895349
0
0.02214420126
0.02970780723
0.009138086624
0.01412999601
0.03164515631
0.03054143369
0
0
0.001177121751
0
0.009453355606
0.00883766925
0
0.01115644766
0.01003415246
0.002711277269
0.01763298714
0.0210916988
0.004088757636
0.01108507768
0
0
0.02611922622
0
0
0
0.01424209067
0
0
0.03095630918
0.01221639275
0
0.003178862619
0.03597268811
0.01511953929
0
0
0
0.01492811428
0.03774192266
0
0
0.004805090095
0
0
0.005811305648
0.03938957027
0
0.01863076064
0.002123588314
0.02479502495
0.003148404427
0
0.03202103543
0.02300678797
0
0.006497517405
0
0
0
0.009138042678
0.03674590837
0
0.01648594223
0.03310253409
0
0.03056915034
0
0
0.00865113706
0.01543417699
0.04903106358
0
0.02845265654
0.0264321944
0.02492965109
0.01880720612
0.01773412778
0.01339643139
0
0.01869758767
0.01387489879
0.002042738402
0
0
0.02061136226
0
0
0
0.03021469402
0.0408451714
0
0.0317593914
0.008398639382
0
0
0.0215977382
0.002097071332
0
0.008904513258
0.01184715975
0
0
0.002290978798
0
0
0
0.03827109066
0.01816271518
0
0
0.01024963937
0
0
0
0
0.00534432814
0
0
0.02481658937
0
0.03637131091
0.01806777911
0
0
0
0.03417332249
0
0.05153267154
0
0
0.03756052345
0.005489496371
0
0
0
0.001422463365
0
0.0191937941
0
0.0166998329
0.007331011508
0
0
0.009488104956
0
0
0
0
0.02103270349
0
0
0.03350953765
0.01708321424
0
0.02372598721
0
0.0119621667
0.01714359643
0.01411774393
0
0
0.0475281029
0
0.03335848366
0
0
0
0.03984646133
0.01442539636
0.005942984135
0
0.02207089581
0
0
0.005750753478
0.009844699006
0.03226624368
0
0.03816506538
0.0332043088
0.05189625279
0
0
0
0
0.004312027719
0
0.00920322127
0.02650092391
0.01266580727
0
0
0
0
0.0281096264
0.004078379502
0.02250870702
0
0
0.04513326976
0
0
0.004216240676
0
0.003118267891
0
0
0.01630637871
0
0.005028904111
0
0
0.006015042222
0.005417562782
0.006700841577
0
0
0
0.04822582907
0
0.0419706054
0.02741137702
0
0
0
0.03246739575
0
0.0306408654
0.0150909886
0
0.003457805353
0.03310923965
0.002081182487
0
0
0
0
0.02496845207
0.04153995692
0.03084002612
0
0
0
0
0.003218018027
0.04048443074
0
0.03185838756
0
0.01043796035
0
0
0.05277409746
0.01604051122
0
0
0
0
0
0.007570276206
0
0.01618642846
0.003539420905
0.04707409666
0
0
0
0
0
0.006710319725
0.01857058884
0.01730163879
0.03529038897
0.0123851761
0.001947167487
0
0.01913432075
0.0202877235
0.01001419621
0.00391344641
0.04835797875
0
0
0
0.0334405398
0
0
0
0.009397993925
0.04717534163
0
0
0.007109776522
0
0
0
0
0
0.01060060784
0.04718739671
0
0
0
0
0
0
0.008978994399
0.0530387417
0
0.03112872476
0
0
0.0003317972346
0.01764512809
0
0.0122555508
0
0
0.0242533116
0
0.05797530894
0.01536872384
0
0
0
0.05049828252
0
0.04503052726
0
0
0.05434694318
0
0
0
0
0
0.02667702844
0.02893748063
0
0.04228437124
0.01989143488
0
0
0
0
0
0
0.01436930401
0.0119885505
0
0
0
0.02601011213
0
0
0
0
0
0.009246979506
0
0
0.05384400574
0
0
0
0.004449049865
0.02056709203
0.02985458343
0.01477505435
0
0
0
0.003532503655
0
0.02093639038
0.0006404217143
0.005512882213
0
0.009628865524
0.01416037424
0.02446924285
0
0.01878749612
0.003740564103
0.005744840612
0.02576762721
0
0.03647316163
0
0.00605795471
0.03596398579
0
0
0.01067457129
0.01682751163
0.01990359059
0.01397636729
0.02134062806
0
0.0228974537
0.002190372032
0.01152973835
0
0.02462489698
0.02671661561
0.01319222315
0
0
0
0.008692594842
0
0
0.0298225388
0.006307124415
0.02433291164
0
0.008244506088
0
0.02203195225
0
0.004841449724
0
0.00740474649
0
0.01193594277
0.01672700097
0.001629412741
0
0.003426369834
0.01998265404
0
0.004094450988
0.02766340895
0.0007243437656
0.005771382246
0.009448788718
0
0.02893444321
0.0362334037
0
0
0.006331077109
0.01285529121
0
0.02463071308
0.04302335659
0
0.001732990502
0.0175646236
0.008795219775
0
0
0.0308467306
0.03974670227
0
0
0
0
0.008232883901
0.005668767994
0.02883021271
0
0.02855594538
0
0.02924414564
0.03466435283
0.03358943665
0
0.01091390318
0
0.01504786482
0
0.009327083814
0.00566945443
0.03683146145
0
0
0.004106321229
0
0.01305701484
0
0.00288397262
0.01666694711
0.01196231473
0.0002918072955
0.02587785503
0.0009618138475
0.02285275451
0
0.00352931462
0.03528477484
0.02980073406
0
0.01198025793
0
0.03837343417
0
0.02861594451
0.01244653949
0
0.02091259418
0.005308591789
0.01100218389
0.02566815764
0.03844821881
0.01268812299
0
0
0
0.0002679063822
0.004482289924
0
0.007732311931
0
0
0.007201850645
0.02576333713
0.01733010625
0
0
0
0.0006981962676
0
0
0.002122891897
0.005196286775
0.02942708296
0
0.0009894639302
0.00466948729
0
0
0.02138931326
0.01755594477
0
0.02061554579
0
0.01527158382
0
0
0.001339887387
0.01892248584
0.00922421725
0.01316390569
0.006066825038
0.01443921152
0.0107428973
0
0.02653728467
0
0.01598277155
0.01135883685
0.005139022156
0.01691902815
0.02763730425
0
0.02634100066
0.005493558594
0.02645566796
0
0.03233278362
0
0.003182339545
0.02003465762
0.01450137517
0.0274876049
0
0.0005771506248
0.03778340434
0.0001177824989
0.01545398506
0
3.53E-05
0.01014924688
0.0005370924155
0.04547750641
0.0329262983
0
0
0
0
0.04628792331
0.0319930328
0.03657298852
0.00736926441
0
0.01306354006
0
0.02885201524
0.006465677502
0
0.02756309826
0
0
0.006842585448
0.005817261771
0.03727676322
0
0
0
0
0.0008819895814
0.01630643504
0
0.007587941913
0.04221163895
0.04604903461
0
0
0
0
0.01466111316
0
0
0
0
0
0.009043231305
0.01937110343
0.0244922124
0.007757642507
0
0
0.02867454645
0.03103619648
0
0
0.0253015511
0
0
0.006501305849
0.02349667117
0
0
0.009914112812
0.01615873993
0
0
0
0.01280467936
0
0
0.01071773364
0.04301316705
0.02327887655
0
0
0
0.007734070948
0
0
0.02574958408
0
0
0.009524916934
0.008154922571
0
0.04212141383
0
0.01429905402
0
0.01997059857
0
0.01303523357
0.009401002298
0.03706611151
0.0005104799779
0.006127192184
0.0417901249
0
0.0120078596
0
0.008855143303
0
0.02316712813
0.03907637626
0.02888682445
0
0
0.009949018543
0.0009112811678
0.03375594927
0.03300287271
0.03120878836
0.01244835006
0
0
0.002804705158
0.02535069567
0.01695051196
0.01555964081
0.02765557983
0
0
0.009836900295
0.02659116058
0.03547034413
0
0
0
0
0
0.01567700365
0
0.02681368967
0.04192261253
0.03708658062
0
0
0
0
0
0
0
0
0
0
0.001899475693
0.03119507533
0.00101557258
0.01185146611
0
0
0.006532652457
0.02464971561
0.004525702084
0.005193788692
0.02530858051
0
0
0
0.01951945331
0
0
0.0003337906229
0.02112353706
0
0.01831908493
0
0.00212997546
0
0
0.005832602844
0.03240845651
0.02461390952
0.01287312019
0
0
0.02392512605
0
0
0.01335304799
0.01434617616
0.009545247997
0.008955639282
0
0
0.02557032768
0.007971998763
0.007460471857
0.0004641872246
0.0161626563
0
0.009927410898
0.02337071902
0.007804172274
0
0.004694989235
0.02822680825
0.03214430002
0.0006888625721
0.01947265116
0
0
0
0.02791699073
0.02024283358
0
0
0.005858079507
0
0.03188432714
0.02128732331
0.01048456583
0
0
0.03795330494
0
0.03434046176
0
0
0.007499300828
0.0259491882
0
0.02749107108
0
0.02188553542
0
0
0
0
0.01733020706
0.03640054585
0.0008794146727
0
0.02391822893
0.02760466377
0
0.01265927523
0
0.0224315832
0.03404624809
0
0
0
0
0
0.02535183219
0.004270002162
0.03495744614
0
0.003750574539
0
0.04553647349
0.02899313531
0
0
0.01040767336
0.004925620329
0.009967559762
0
0.03501454551
0
0.01964946973
0
0
0
0
0
0.008425384169
0
0
0.01157813015
0.02384284271
0.01675076134
0
0
0
0
0.0004622471734
0
0.02889339897
0
0
0
0.03771830291
0
0.03745919495
0
0.03765234254
0
0
0
0
0.04347968014
0.008920747743
0.02016354302
0
0.008929350117
0.01821342962
0.0009954211568
0.003175241149
0
0.001730295581
0
0
0
0
0
0
0
0.01855012805
0.02044626934
0.009301732258
0
0.01066408125
0.04627104143
0.01071961849
0.002660188183
0
0
0.01351870942
0.02014571717
0
0.01676972899
0
0
0
0
0
0.01450014808
0.03303628164
0.0300969374
0.02670196988
0.01107320312
0.01188057608
0
0
0.03458537808
0
0.0279003763
0.01409457247
0
0
0
0.002794481548
0
0.04500167488
0
0.01608673045
0
0.0007769931841
0.009662772327
0.02601456252
0.02261824225
0
0.002493969922
0
0.01625893357
0.02377389717
0
0.005111862614
0.001008600633
0.04367503869
0
0
0
0
0
0
0
0.03098095425
0.02670688054
0.01950313844
0.01350170976
0
0.02956638299
0
0
0.01555033301
0.01589939535
0.0263211061
0
0
0.009446201669
0.03467354296
0.007907564371
0.02785539493
0
0.03000007123
0.01828519849
0
0
0
0.01360675785
0
0
0.004094229791
0
0.03713341451
0
0.04242354088
0
0
0
0
0
0.002589315072
0.02526662886
0
0
0
0
0
0
0.01193133034
0.04042413476
0.003122352976
0
0
0
0
0.04398037012
0.01636230501
0.01939933138
0
0
0
0.001565000276
0
0.02248220746
0.03021280578
0.0167313132
0.01658755109
0
0
0
0.002203641123
0.0430016734
0
0.03463606246
0.03423133213
0
0.01546865535
0
0.02274482283
0
0.02819674897
0
0.02447085886
0
0.01730180266
0.02295167975
0.02798518148
0.002748785839
0
0
0
0.0389950975
0.02133465888
0
0.007122883435
0.007071132592
0.03699202148
0
0
0.007432400374
0
0.005669467576
0
0
0.02010168419
0.01259683505
0
0
0
0.03469103179
0.03890830509
0
0.04598502438
0.02070602466
0.002682651506
0
0
0
0.0403955853
0
0
0
0.02987898562
0.00493052555
0
0.0006518508396
0
0
0
0.01758792251
0.02559177259
0
0
0
0.01124002099
0
0
0
0
0
0
0
0
0
0.01045916237
0.01723364043
0.01636506453
0
0.001105895159
0.02727884185
0.01598712598
0
0
0.0001956588661
0
0.002232663022
0.006735879989
0.005658982996
0
0.006578406278
0
0
0
0
0.04224096338
0
0.01783528895
0
0.004580475703
0
0
0.04591998731
0.001071744958
0
0.02907731514
0.02097288421
0.0217098764
0.04492817424
0
0
0.02667920016
0
0.03355484099
0
0
0.05297751045
0.02145355285
0.02925157279
0
0
0
0
0.04358305632
0
0
0.01119525345
0.02067146247
0.04610920293
0.004053344108
0.01748732529
0
0.01280240033
0.007097596871
0.005042090443
0.03626635324
0.04303966828
0.00221854682
0.02860789198
0
0.01837118491
0.01242795166
0
0.02817797373
0.008438476866
0
0
0.01008473743
0
0.02479820265
0
0
0
0.02042504053
0.006096808692
0
0.03650100589
0.01796140606
0
0
0
0.0416922439
0
0
0
0.01468971561
0.007648014106
0
0
0
0.01473721576
0
0
0
0.03610392052
0
0
0.00110119236
0.02251992868
0
0
0.01058395034
0
0.005548742844
0.001539911461
0
0
0.01219946148
0
0
0.01339802686
0.00533770468
0
0.03010097291
0
0.01381838909
0
0
0
0
0
0.02008178265
0.01457222156
0.02965760892
0
0.01753532532
0.04428709743
0.04278987304
0.05512654255
0
0
0
0.003608152036
0.01845368495
0.02310798009
0
0.0460976783
0
0.0079117605
0.006962404426
0
0
0
0.02466845806
0.01351062143
0
0.0143832379
0
0.04674167258
0.005342332135
0.02754995052
0.01276646411
0.03569542527
0.0340749815
0.01067565994
0.005692937883
0.01758923234
0
0.01741061609
0.0155131744
0
0.02619338087
0
0.0216460398
0
0
0.003586790034
0.03251547855
0
0
0
0
0
0
0
0.006423323501
0.04884731463
0
0.02638022685
0.002227971359
0
0
0
0.05628312618
0.01604190383
0.03444549465
0
0
0
0
0
0.01179780085
0.04287530305
0.03743154607
0
0
0
0
0
0.01874631744
0.0231116553
0
0.01881291967
0
0
0.001669120106
0.04997508121
0.01600538974
0.01710239476
0.007295542962
0
0
0.01339690205
0
0.04714679789
0
0.04000023318
0.006739480399
0.004134290279
0
0
0.01153139293
0.005477692627
0
0.06669760172
0.005295960169
0
0
0
0.04944235602
0.01193972768
0.01127416465
0
0
0
0.05560993662
0
0.00838092436
0
0
0
0
0.05234198147
0
0
0.009223310246
0.0007356520727
0.02889446664
0
0
0
0
0
0
0
0
0
0
0
0
0.02794165366
0.03034702299
0
0.02596384557
0.02169500772
0.03389224671
0
0
0.001764513204
0.02295496087
0.003144319857
0.00352777093
0
0.01448667132
0.005817322109
0
0
0.006412838271
0
0
0.008103684312
0.04388011587
0.02233791203
0
0
0.002386943967
0
0
0
0.01733034973
0.0232272198
0
0.005593596489
0.001772004224
0.01449812111
0.01036101087
0.02910120818
0.012038046
0
0.007743201139
0.00547138364
0.02861592985
0.006830397004
0
0.01571697373
0
0
0
0.0296187077
0
0.03134261303
0
0
0.0050908438
0
0.02693936387
0.005506380755
0.01979906031
0.008963811177
0.02361030505
0
0
0.00957421368
0
0
0.008708046865
0.01833926773
0
0.03510227245
0
0
0.01050042187
0.0218161056
0.0142024777
0.004996960224
0
0.0207633604
0.01096756546
0.03272473383
0
0
0
0.0004534797458
0.03350684841
0
0.02344832988
0.008949285376
0.006073621515
0.02306656607
0
0
0.005441250913
0.03094057254
0.01141052353
0
0.008331850481
0.0264134753
0
0.03903853237
0.03019606785
0
0.008486953706
0
0.0153758689
0
0
0.01570199774
0.02450591544
0
0.02170702772
0
0
0
0.02749630923
0.01462981801
0
0.02483825754
0.01620952225
0
0
0
0.0273729731
0
0.0295988088
0
0.06016697733
0
0
0
0
0.005216682606
0
0.01922325679
0
0
0
0
0
0
0
0.02510911973
0
0
0
0
0
0.04279269048
0.00655043906
0.01280491124
0
0
0
0
0
0
0.02514319405
0
0
0
0
0
0.01863647432
0.04056777825
0.002632272762
0.004596725225
0.05822092699
0
0.03385466064
0.02750735997
0.002941905151
0
0.004644461219
0
0.04802504036
0
0
0.04247510847
0.03703110874
0.005643209534
0
0
0
0.02103524413
0.02274831945
0.0172030093
0.01363663773
0
0.008676103901
0.02942717236
0
0.02893511129
0
0.01540525478
0.03673941893
0
0.006109198968
0.01200542853
0
0
0
0.01535494204
0.05283012092
0
0.04616629957
0.001675506666
0
0
0
0
0.0342200618
0
0
0
0.02451075449
0
0
0.0163558081
0
0.01071136584
0.00673047578
0.02413836606
0
0
0
0.02112488798
0
0.03081895882
0.03391947847
0.01200844675
0
0
0.036616366
0
0
0
0
0
0.01332374265
0.02481714387
0.004932528906
0
0
0
0.01664474091
0.01686815245
0.02097375173
0
0.02116893527
0
0.005353407299
0
0.03382107854
0.03905511394
0
0.009846648801
0
0
5.93E-05
0
0
0
0.01140852322
0.006829232288
0.0272734358
0
0
0.02171630846
0.01780897951
0.002355935831
0.01222025774
0.03213413699
0.001127082309
0
0
0
0
0.01159339204
0
0
0.007824164454
0.04250355899
0
0
0
0.004902378189
0
0.01492468094
0
0.00976739914
0.03250534109
0.02874080724
0.01247041208
0
0
0.03995226835
0.02112894483
0.00539222163
0.01021251023
0
0
0.0266120655
0
0.02730474523
0
0.03417801411
0.004387449069
0
0.01292519899
0.03623982056
0
0.04162517151
0
0.03895786738
0
0.005563924434
0
0.01448086437
0
0.03043998602
0.03862496237
0
0
0
0.02160256254
0.05533130345
0
0.01268303437
0.03276506754
0.03388564577
0
0
0.03241058318
0.003049379147
0.0241607235
0
0
0
0
0
0.002955415429
0
0
0.008352883164
0.01177357493
0
0.04460733088
0.01981875532
0.005874108841
0
0.03463189828
0
0.009876174787
0.03538752747
0
0.032190179
0
0.0175798671
0
0.01705544124
0
0.01136110424
0.01140213737
0
0
0.04072318482
0
0
0
0
0.03725894084
0.02669537738
0
0
0
0
0.03003842021
0
0
0
0.01374941116
0.01846269677
0.01171678135
0.00925542061
0
0.005860770409
0
0
0.001371718335
0
0
0
0
0
0
0.01392310008
0
0
0.00739882821
0
0
0.01890156751
0
0.01330910546
0
0.02436030789
0.04923750261
0
0
0.04511582136
0
0.04002017121
0.0191213066
0.02046879388
0
0
0.005191127389
0
0
0
0.01701967555
0.006123819168
0.02353702556
0.02486552784
0
0
0
0
0
0.03262624636
0.001766357456
0.008277000127
0
0.03045770783
0.04266591952
0.02565213693
0
0.009697024886
0
0
0.02895558357
0
0.03089653558
0.01787428146
0.003389055734
0.02649807975
0
0
0.005727676377
0.02996980793
0.03503554994
0.01106127848
0.01058664341
0
0.02557308987
0.01440894425
0
0.02170515759
0.02114315296
0.0376241308
0.008445109098
0
0
0
0
0.003432699642
0
0.005387914031
0
0
0.002419838017
0.005779509951
0
0.03471693669
0
0.008967559164
0.02760789929
0
0
0.0008707012283
0.02320880163
0
0.01022741447
0.02064177479
0.002926335434
0
0.01980403639
0.02035200722
0.0009681712545
0
0
0
0.02540712434
0.03469127289
0
0
0
0
0
0.01160150429
0.04626075343
0
0.009285445061
0.009707294041
0.008045723137
0
0
0.04664435723
0.02304137838
0
0.003555414074
0
0
0
0.01145163124
0.02777137019
0
0.003642614473
0.008242824935
0
0
0
0.03630069755
0.008732518023
0.02321958098
0
0.03357055188
0
0
0
0
0.01055031473
0
0.0522814225
0.03959793124
0.02694514775
0
0
0
0
0.02415620288
0
0.02231259945
0.0221945633
0
0
0
0.004947258467
0.01009065092
0.04223582728
0.001417487067
0.005230256557
0
0
0.02661949608
0.01642070541
0.005846399326
0.02337348693
0.01529123176
0.008659066165
0
0
0.007807670613
0
0
0.01733359481
0.003737729333
0
0.007533933767
0.001204253785
0.01219761834
0
0
0.02634509588
0
0.01051399708
0.04051028861
0
0.000576218358
0
0.007904524129
0
0.006003069378
0.04196407544
0.008200912574
0
0.03294977954
0.01549759298
0.006001046072
0
0
0
0
0.04429091692
0.009653505705
0
0
0
0
0.003896675236
0.03532300174
0
0.04539143712
0
0.0362891714
0
0
0.03874225168
0.002607233302
0
0.02466318351
0
0
0
0.02689918625
0.01426763507
0
0.003458180165
0.04703870905
0
0
0
0
0
0.02730267209
0.01683516007
0.02732685043
0.01434499926
0
0.01075938069
0.004993390888
0.02459257855
0.001769691374
0.03196869614
0.033207543
0.04552255055
0
0
0
0.00933474853
0
0
0
0.03376327509
0.03390596132
0
0
0.01436732435
0
0
0.005467966495
0.0003644732355
0
0
0.04386611453
0
0
0
0
0
0
0.01375221477
0.04231899598
0
0.01157694748
0.01149765567
0
0
0
0
0.01721335146
0
0
0.03854289827
0
0.05460500364
0.0407791575
0
0
0
0.04711384378
0
0.05421988621
0.00706719804
0
0.03956458449
0.01976876201
0
0
0
0
0
0.02126510897
0.002941898444
0.03683102899
0
0
0
0
0
0.004279971168
0
0.0229544071
0
0
0
4.36E-05
0.04178880023
0
0
0
0
0
0
0
0
0.04514263674
0
0
0.03125751938
0.05302381497
0.00483606713
0
0.01543757809
0.00513302217
0.04895742743
0
0.01647554195
0.02299296333
0.04679180945
0.001730646563
0
0.01360865796
0
0.02854458379
0
0.00417327901
0
0.0009939051425
0.0009599392306
0.005299887875
0
0
0.014758316
0.01858943324
0.01151797351
0.0506340414
0
0
0
0.04874920544
0
0.01399650574
0.01889859317
0
0.02030868413
0
0.02214990214
0
0.03518703754
0.006486936332
0.02159083916
0
0
0
0.02509566085
0
0
0
0
0.01695658457
0.01955447592
0
0.004828099882
0
0
0.02008185138
0
0
0
0.01734308748
0.02218932108
0.01703606389
0
0
0
0
0
0
0
0.01074505842
0
0.01366232963
0
0
0.002068068726
0
0
0.01896859643
0
0
0.001720490647
0
0.027903217
0
0.008324665496
0.04251085738
0.00954821497
0
0.04260211441
0
0.03336580301
0.02260974308
0.02584027261
0
0.007570095242
0.006391216616
0
0.02944184466
0
0.02296293038
0
0.0009631238391
0.03087290314
0
0.01705460364
0
0.01674741438
0.01582670889
0.002185957024
0.04615066281
0.03738274449
0
0
0
0
0.0422434707
0.02498869961
0.03843556377
0.02547266344
0
0
0
0.02206576624
0.02350106421
0
0.02477771226
0
0
0
0.002807432405
0.03880693762
0
0
0
0
0
0
0
0
0.03826607445
0.04645197948
0
0
0
0
0.01012224247
0
0
0.00248160843
0
0
0
0.02403383082
0.02062147944
0.02252505199
0
0
0.0186478347
0.02334829438
0
0.005016715017
0.03174684836
0
0
0.01939507083
0.01582310976
0
0
0.01665857721
0.02590952657
0
0.0108513442
0
0.02253322653
0
0
0.004213592177
0.03987962113
0.01855065502
0
0
0
0.01938932571
0
0
0.01608359423
0
0
0.01053632532
0
0
0.03376279944
0.006588564204
0
0
0.03387450463
0
0.02956539103
0
0
0
0
0
0.07124494195
0.03551395225
0.05302682193
0
0.01640097993
0
0
0.002853832457
0.01854851874
0.02893331963
0.02222836932
0
0
0
0
0
0
0.007005575169
0
0.03939344797
0
0
0.002496983125
0.06958222986
0
0
0
0
0
0.01005462267
0
0.01170748444
0
0.02442755396
0
0
0
0.01890228906
0.02923405024
0
0
0.05751211672
0.03260399701
0
0
0
0.03456635344
0
0
0
0.01363344846
0.01393456359
0.04806008419
0
0.02672547609
0
0
0
0.0358193788
0.02517490923
0
0.03967179951
0.02100029449
0
0
0
0
0.00810842509
0
0
0.0234419069
0
0
0
0
0
0
0.005394648297
0.0267971554
0
0
0
0.0465606008
0
0
0.0001730540798
0.006615977208
0
0.01893924382
0
0
0
0.02414620315
0
0
0
0.0007164004916
0.02748172874
0.02782347528
0.01164965238
0
0
0
0
0
0.01284710006
0
0
0
0.009540784882
0.009953672331
0.01037059004
0
0.022021152
0.004460511476
0
0.02994939313
0
0.03984997076
0
0
0.03376443465
0
0
0.01415105389
0.02015318204
0.01412440485
0.008471808294
0.01796333215
0
0.01051243556
0.007969531596
0.02387152315
0.00424311579
0.03319737303
0.0252169702
0.01228497458
0
0
0.009178888881
0.003693415721
0
0
0.02494080232
0.006973696877
0.02547938835
0
0.008747978641
0.01396214304
0.009473373504
0
0
0
0.01584406485
0
0.01741391124
0.00192892275
0.002376632067
0
0.01004168057
0.02944532438
0
0.002587425424
0.03054449651
0.01522758383
0.008632808653
0.00550212973
0
0.01479580591
0.03353178128
0
0
0.01867956033
0.02261902604
0
0.02741727166
0.03619802545
0
0.00441538332
0.007515504658
0.01810258697
0
0
0.01863395797
0.03321600097
0
0.009922797686
0
0
0.002278416142
0.01413933531
0.03407093427
0
0.02988037335
0
0.01175789199
0.004042883879
0.03214291451
0.01848344711
0.01259512512
0
0
0
0
0
0.00166367994
0.007160014881
0
0
0
0
0
0.01842380402
0.03413049266
0.02925837543
0.004967860976
0.01252623746
0.01300049708
0.02923957984
0
0
0.02964294493
0.001503326068
0
0.001053341385
0.007275334656
0.003248152589
0.01488009281
0.01298454176
0
0
0
0.03141887345
0
0.02733418503
0.01573735479
0.02573221282
0
0
0.02123002277
0
0
0
0.02552608676
0
0.0321807025
0
2.19E-05
0.0254993783
0
0.005489004284
0
0
0.02776467465
0.001101232876
0.03127279658
0
0.0170923036
0
0
0.03522991471
0
0
0.01690599213
0.01743595832
0.0283531279
0.02360382974
0
0.005445167023
0.01139984534
0
0
0.0317004858
0.03842637976
0.01655768336
0.03554317859
0.01559068621
0.003154343779
0
0.01121102497
0.00468530716
0.0007398844176
0
0
0.02759889531
0
0.01008505765
0.00112968147
0.002960419336
0.008626096562
0.0130176757
0.0242318449
0
0.02898620322
0.004670531959
0
0
0
0.005615989148
0
0.04186429179
0
0.06349624755
0
0
0
0
0
0.01833688103
0.04025620956
0
0.003581710678
0
0
0
0
0.00353625363
0.01180694016
0
0
0
0
0
0.05315535643
0.02943661675
0.004398131727
0
0
0
0.0112577539
0.01176923155
0.02216641216
0.004777376681
0
0
0
0
0
0.04252280227
0.02783405354
0.01963626108
0.02836907436
0.03794682624
0
0.044495057
0
0.03868404384
0.001718988812
0
0
0.01912168021
0
0.02786047153
0.02132751748
0.01404920676
0
0
0
0
0.04236981996
0
0.017234361
0.0001250536203
0.0065740964
0.00809120579
0
0
0.03242149369
0
0.01661386879
0.02068049528
0.005583543162
0
0
0
0
0
0.02728681311
0.06450521311
0
0.05124568877
0.02089672572
0
0
0
0
0.02036470709
0
0
0
0.007425700439
0
0
0.004889296252
0.05005881354
0
0
0
0.04553680921
0.007135474494
0.00770391773
0
0.03620023089
0
0
0
0.02419135349
0.04663305555
0
0.01581016599
0
0.0417711471
0
0
0
0.007080228927
0
0
0
0.02224110126
0.0062017391
0
0
0.001441999124
0
0.01938717901
0
0.03556974857
0
0
0.02733196923
0
0
0
0
0
0.0008523063305
0.006962985851
0.01270909829
0
0
0
0.03348708951
0.006546724417
0.008937542989
0.0263992565
0
0
0
0.03599614028
0.02953889728
0.04572496043
0
0.008875767489
0.01975964777
0.009323121677
0.009152159707
0
0.02908930693
0
0.002438670729
0.02520771775
0.035600864
0
0
0.02040877704
0
0.0006791497079
0.004616203225
0.02603482357
0.05663327977
0
0
0
0
0.01259370026
0.0138172387
0
0.03087136429
0
0.008601731413
0
0
0.02268796136
0.004017841526
0
0.009004330248
0
0
0
0.01338643229
0
0.02770351404
0.008046461408
0
0.04860260583
0.02711595163
0.003374315669
0
0
0.03750971924
0.03969351342
0.003693247705
0
0.02337203824
0.01105471406
0
0
0.0222756897
0.007614669929
0.01913593946
0
0
0
0
0
0.008025286946
0.0292770544
0
0.01033660966
0
0
0.03549879944
0.03793700804
0.004374327492
0
0.01839443663
0
0
0.02617731913
0
0.03624648088
0
0.03468468253
0.005638997628
0.01307341956
0
0.005308569547
0
0.007389004991
0
0.05543378583
0
0
0
0
0.0349977323
0.01499281191
0.02342135188
0
0
0
0.02923223063
0
0.008396359683
0
0
0.00749169803
0
0.02445853289
0
0
0
0
0.03063228609
0
0
0
0
0
0
0.001056657643
0.005951946053
0
0.01187647355
0
0
0.03594278741
0
0
0
0.02947114279
0.05438796706
0
0
0.03437938293
0.01122934348
0.03063692773
0.0303808092
0
0.003945012771
0.005880358378
0
0
0.01775491147
0.007544057186
0
0
0
0
0.05916678644
0
0.05899273331
0
0
0
0.005327275229
0.009616506353
0
0.01687102115
0
0
0.008896050549
0
0
0
0
0.04392661992
0
0.02647214713
0
0
0
0.06396551975
0
0.02062013835
0
0
0
0
0
0
0.0138333791
0.0249894842
0
0
0
0.008184997391
0
0.02803183174
0
0.03862588288
0.06165964189
0
0
0
0.004819576153
0
0.01611357681
0
0.05091226428
0
0.01609905085
0.005189087396
0.05655176745
0.007799919791
0
0
0.003236269801
0.02346509286
0.002286755549
0.01653959249
0.03091929612
0
0.01847685415
0
0
0.005896663013
0
0
0.02605997285
0
0
0
0
0
0
0.01566640101
0.03265535951
0
0.02459405004
0
0.02435062114
0
0
0
0.04447406142
0
0.02407783815
0
0.03533694514
0
0
0
0.01959557744
0
0.04027064818
0
0
0.03306631171
0
0.02469234259
0
0.02135030782
0.00374730874
0.03558838459
0.03059334401
0.02526893171
0
0
0.02154440187
0.01516689573
0.01663914454
0.01219038937
0.01448958243
0.01914456234
0
0
0
0.02750051687
0.0328291118
0.01130927761
0.02958708902
0
0
4.69E-05
0.0355134865
0.02418427047
0.001443313557
0
0.008335670574
0
0
0.01054403171
0
0.02587514479
0.02593972512
0.03528425352
0
0
0
0
0
0
0
0
0
0
0
0.03725235095
0
0.02556295929
0.003133194751
0
0
0.0006454137556
0.02659245414
0.004267633389
0.03792153589
0
0
0.005890422248
0.0139545088
0
0
0
0.01637036063
0
0.03082177427
0
0.004247852647
0
0
0
0.01916667506
0.002651252769
0.0141264871
0
0
0.03164436766
0
0
0.0149124221
0.027912144
0.007107730039
0.01362722235
0
0.001115336706
0.01477942586
0.01616306231
0
0
0.0283925009
0
0
0
0
0.005438213632
0.02250088804
0
0
0
0.01655501511
0.003881994996
0
0
0
0
0.01090409828
0.02233365351
0
0.03185697798
0
0
0
0.005838356548
0.02208216954
0
0.0171526406
0
0
0.006525385952
0
0
0.03987553404
0
0
0
0.02154219109
0.009191650219
0.03852607856
0.01405537819
0.005439551295
0
0.007388197876
0
0
0
0.03602890257
0.01211434277
0.04272096841
0
0
0.03449395561
0.05282295635
0.03043644376
0.01950202202
0.02181549629
0
0
0
0.007622911281
0.003210974115
0.0306157592
0
0
0.01689469415
0
0
0.01765833726
0.01215164055
0.0008256844755
0
0.03505696203
0
0.01463829744
0
0.0254181469
0.01154418746
0.04095175888
0.007871502142
0.01331692907
0.006276432392
0
0
0
0.01910876021
0.007453141251
0.03906638073
0
0.03531152217
0.01534793576
0
0.01134806162
0.02610874354
0
0
0
0
0.0004636741614
0
0.008763540534
0
0.04195095943
0
0
0.006663815023
0.02444188516
0.02876990687
0.01828194575
0
0
0
0.002681221877
0
0.01627076033
0.006855330598
0.007348839916
0
0
0.005362684371
0.01531257613
0.003818482026
0.02750802865
0.01519585596
0.007104389305
0.02039876127
0
0.03538931184
0
0.003088068655
0.03594625589
0
0
0.004347451353
0.01539171923
0.01630066573
0.01876655417
0.01812068661
0
0.01178997956
0
0.01832829606
0
0.02572228001
0.02542694822
0.02164085659
0
0
0.0008891211467
0.002290208252
0
0
0.02965424026
0.001088609543
0.02856301736
0
0.003057964123
0.007982582816
0.0176200507
0
0
0
0.01335510886
0
0.02140919057
0.007216106937
0.006451939574
0
0
0.02599759657
0
0.003717935201
0.02295919357
0.004833520381
0.01446237074
0.01611934924
0
0.02374419885
0.02882634521
0
0
0.0137354211
0.02251167459
0
0.03179677049
0.03668613756
0
0
0.01769542819
0.005082648976
0
0
0.0207795739
0.03814450197
0
0.00252410364
0
0
0.008667182002
0.009286526195
0.02762108404
0
0.02895674031
0.02097405243
0
0
0
0.007569198179
0
0
0
0.02045521295
0.01869569242
0.02236667018
0
0
0.00307677083
0.02786730717
0
0
0.01184570083
0
0
0.008251071148
0.0325636072
0
0
0
0
0.008154872213
0
0
0.01268410844
0.007565521636
0
0
0
0
0.01775608959
0.008428618965
0
0.0034442937
0
0
0
0
0
0.03231762636
0.02574754859
0.03368584441
0
0.03711631214
0.03074799287
0.04707392853
0.04239223311
0
0
0
0
0.03665201144
0.01702987748
0
0.05153397059
0.00992283254
0
0
0.004878378074
0
0
0.007827496227
0.04393909867
0
0
0
0.05574850351
0.0132549849
0.06306113245
0
0
0.04041789999
0.04409173051
0.009467518938
0.01251484977
0
0
0
0.01373475124
0.01551311377
0
0.007664546815
0.01235189472
0
0
0.003661285083
0
0
0
0
0.001949234904
0
0
0.02045512944
0.03354948505
0.02562772647
0
0
0
0.04145423051
0
0
0
0.02363762366
0.0008390026904
0
0
0
0.01925519158
0
0.03562905861
0.01629305632
0.0559665295
0
0
0
0.006368140062
0.01010511822
0
0.01297701871
0.002919719606
0.01202862847
0.0009329816688
0
0
0.0140439502
0.01591001184
0
0.009790423866
0.003082492962
0
0.05305280276
0
0
0
0
0
0
0
0.03028214556
0
0.02557580468
0
0
0.02377134115
0.0303881112
0.02260317784
0.002190028876
0
0
0.03223434811
0
0.03811939766
0.0177498492
0.004225493923
0
0
0.03326162085
0
0.01329007978
0.01519925594
0
0.006555019367
0.01527941279
0.01631816672
0
0.001190425667
0
0
0.02591000657
0.04967622992
0.03043743977
0
0
0
0
0
0.03821580291
0
0.04093423353
0
0.0222380336
0
0
0.04375349158
0.02600487036
0
0
0
0
0
0
0
0.01031307898
0.02436942578
0
0.01635247264
0
0.01225169816
0.005544012193
0
0
0
0.002249599136
0
0.01450972023
0
0.01310340897
0.003311918524
0
0
0
0
0.03448140098
0.02501337109
0.03436973585
0
0
0.03753581408
0
0
0
0
0
0.01041192984
0
0
0
0.01256862192
0
0
0
0
0.03568729365
0
0.005454718224
0
0.01911617201
0.007220285878
0
0.04197448035
0
0
0.03541511632
0.003868996491
0
0.02903387128
0
0
0.03268636586
0
0.04371929213
0
0
0.04088456352
0.03532778376
0.03535871969
0
0.009145682984
0
0
0.0327945308
0.001430535897
0
0
0.01954614046
0.04436851334
0.01477875798
0.01690390375
0
0
0.006407689542
0.01023511846
0.03423268944
0.0423726709
0.03045295094
0.02665934238
0
0.02042391241
0
0
0.004644005966
0.006300058894
0.004789893406
0
0
0.002077133211
0.02284066682
0.00241338201
0.02723254212
0
0.01858117324
0
0
0.01391734227
0.0137549027
0
0.03377774807
0.0004641755728
0.006632049852
0.03220951391
0
0.01091916756
0
0.02193619624
0
0.03343211534
0.02855195705
0.0242279102
0
0
0.01442828027
0.01891963626
0.01679284865
0.02086126066
0.02101857615
0.02285226963
0
0
0.005658341988
0.01697885219
0.0305482406
0.0231509429
0.02157639642
0
0
0.00219409287
0.03248308742
0.02789143674
0.009312477973
0
0.01143224338
0
0
0.003475556838
0
0.02782702785
0.03010164487
0.02647240526
0
0
0
0
0
0.01071646046
0
0
0
0
0
0.03591007111
0
0.02215401931
0
0
0
0.009431979568
0.0247288422
0.008707370419
0.02699569328
0
0
0
0.01018866133
0
0
0
0.0235744001
0
0.03565416133
0.0006321428045
0.002190127061
0
0
0
0.01751585329
0.01511534976
0.02377875401
0
0
0.03481457861
0
0
0.0001563568149
0.02821685093
0.02231784449
0.007807274475
0
0
0.006819500695
0.01911350727
0
0.00274132379
0.0208375215
0
0.01109781727
0
0
0
0.03796838061
0.001130336128
0.008699171742
0
0.03155202205
0
0
0
0.01051394018
0.01850119942
0
0.002893654943
0
0
0.01270253234
0.01571932777
0.006328895399
0
0
0.0284752041
0.008115707991
0.001346727862
0
0
0
0.01350503601
0
0.02393721375
0
0.02134805114
0
0
0
0
0.0369490941
0
0.008275434321
0
0.007829569539
0
0
0.03569907982
0
0
0.04456952379
0.003269786263
0.009407518681
0.03741161181
0
0
0.01899722172
0
0.04518005826
0
0
0.04006973089
0.03749609977
0.03280790156
0
0
0
0.004940039209
0.0377774435
0
0.02240851279
0
0.01425362119
0.03710623602
0
0.00379201712
0
0.01630280739
0.02586627307
0
0.01572547524
0.03184678632
0
0.02978248114
0
0
0.02499349192
0
0.03011958793
0
0
0
0
0
0.03749246239
0
0
0
0.03512178273
0
0
0.02067313281
0.005081436417
0.003415676514
0
0.002364443689
0.03062131225
0.01475270059
0.005044126263
0
0.01664470368
0
0
0
0.01870722732
0.01868389056
0
0
0
0
0.02420249205
0.02771464804
0.01735280729
0
0
0.03184491918
0.01119145911
0.007293336305
0
0
0
0.006103744556
0
0.02519698204
0
0.02579814205
0
0
0
0
0.03675660408
0.01003054123
0.01336392141
0
0.02160313341
0.003982156815
0
0.03060016514
0
0
0.03494594267
0
0
0.02926544503
0
0
0.02649781422
0
0.03939289464
0
0
0.02997239368
0.03661208674
0.03909852426
0
0
0
0
0.03651876487
0
0.02341466173
0
0.01892291828
0.03081716486
0
0
0
0.007446279481
0.01447009367
0
0.01837531119
0.03466570858
0.01140272321
0.03507144383
0
0
0.008051165812
0
0.0182205433
0
0
0
0
0
0.0365691018
0
0.01224544036
0
0.03651969051
0.0006754153652
0
0.01247790191
0.02062166866
0
0
0
0
0
0
0.01918866359
0
0.04800558367
0.03002443244
0.007099789018
0.006633558963
0.008535477402
0.02387419455
0
0
0.02414632983
0.001540407721
0
0.0161237342
0.05019239723
0
0
0
0
0.04615846462
0.002275830875
0.01004894359
0
0
0
0
0.002787333959
0.0196324864
0.01942263385
0.02174358542
0
0
0
0
0
0
0.01169934105
0.02341056687
0
0.02909717096
0
0
0.0272327822
0.01363470389
0.0085044292
0
0.007457102961
0
0.004823407583
0
0.03151254693
0
0
0
0
0.03151804489
0.02483992954
0.01701350418
0
0
0.03605318374
0
0
0
0.01767788529
0.03486427129
0.03155042176
0.0335156095
0
0.01912211689
0.03656048661
0
0
0.008092108932
0
0
0
0
0.03580151463
0
0
0
0
0.0176713473
0.01899263535
0
0.0188936568
0
0.03565755971
0
0
0.0386346653
0.008113490651
0.05611622288
0
0
0
0.006087703065
0
0
0.001962461752
0.01898161949
0.03044804493
0.01965570627
0
0.02159229024
0.03641444149
0.0112410699
0
0
0.03423401021
0.004944698194
0
0.005692648475
0.04324441518
0
0
0
0.001265590203
0.03681008113
0
0
0.006906707566
0
0
0
0.01962168424
0
0
0.02268910713
0
0
0
0
0
0
0.0206861628
0.03266488815
0
0.01828810694
0
0.03049500643
0.01208295871
0.0164707036
0.01589183832
0
0
0
0.01403714289
0.02900158276
0.0540092554
0
0.007106602507
0.009717713345
0
0.01981189736
0
0.0349216474
0
0
0.06228699184
0.0009279073986
0
0
0.03033699288
0.009015397064
0.04083018912
0.01215128648
0
0.0615020456
0.02617655335
0
0
0
0
0
0
0.003795681273
0.002894284723
0
0
0
0
0
0
0
0
0
0.0003748487049
0
0
0.05661381263
0
0
0.02711370407
0.04138381322
0.01815847875
0.0008515069324
0.03626633538
0
0.008591599286
0
0
0
0.03542903355
0.01452506269
0.003049164165
0
0.002840512888
0.03037514432
0
0.0145996878
0.02849242057
0.01188226479
0
0.0179860215
0.006133497632
0.02261631001
0.01954714335
0
0.02710311691
0.02667806691
0
0
0.02156562303
0.04200404535
0.0130656672
0.00580066987
0
0
0.009095990973
0.006068804946
0.0327277345
0.02361274883
0.04556577766
0.02893794023
0.01450753153
0
0
0
0.01032727028
0
0
0
0
0
0.001327863744
0.01734358799
0.0191473659
0
0
0.01098527928
0
0
0.01625387314
0.0007987505732
0.00588122048
0.005521562843
0.00483153095
0.005424740636
0
0.0141430432
0.005590717129
0.01601690722
0
0.006255738591
0
0.01076271488
0.001704454408
0
0
0.00322375218
0.006103224644
0.01683859077
0.01830101605
0.02313765443
0
0
0.01584581652
0
0
0.01564277319
0.01927246048
0.008544355737
0.01060181835
0.008412405597
0.002307851851
0.01484310986
0.005294433774
0.01524750904
0.02749118743
0
0
0.002394341571
0.003556015738
0
0
0
0
0
0.02361640137
0
0.0248741305
0.05323079142
0
0
0
0.04252320395
0
0
0
0.017931585
0
0.02507239758
0.0289898799
0
0.008972431335
0
0
0.009926087363
0
0.01399617542
0.01897656756
0
0
0
0
0.0003349893586
0.03682575408
0
0
0
0
0
0
0
0.008007561875
0.01267806124
0.02156768836
0.01479658058
0
0.02294985841
0.006840317048
0.01576478339
0.008414401849
0
0.001187769454
0.0004918985559
0
0.02684445045
0
0
0.0270654982
0.01164180483
0
0
0.03085578793
0
0
0
0.03789482874
0
0
0
0.03519043335
0.02855539333
0.05389430965
0
0
0.01110372069
0.05162269136
0.01718764696
0.01025642449
0.026412954
0
0
0.03072773772
0
0.00392479105
0
0.02726632467
0.01605080136
0
0
0.03142050144
0
0.03434478123
0.02263369984
0.01985286889
0
0
0.01826492474
0.003067952179
0.01606778215
0
0
0
0.008373086845
0
0
0
0.0275505292
0.01641015574
0
0
0
0
0.02400351454
0.02535423448
0
0.04390394732
0
0
0
0.01591921799
0.003422797046
0
0
0
0.0167835672
0
0
0.007136736949
0.03394147997
0
0
0
0.0142432052
0.01752524383
0.05065621204
0.009358007345
0
0
0
0
0
0
0.05826757036
0
0.05028415285
0
0
0.02295833381
0.05426418033
0.01159509829
0.02824943395
0.01930394156
0
0
0
0.02964352998
0.01322449723
0.0115358959
0
0
0.03370037383
0
0
0.01262109315
0
0.02850135629
0
0.01714391634
0
0.001727053159
0
0.03791661628
0.0156821629
0.02842393571
0.0254387137
0.02308929069
0
0
0
0
0.00541804626
0
0.04305105689
0
0.0215173784
0.01080224559
0
0.01575218725
0.01073873609
0
0
0
0
0.001689808063
0
0
0.01393368591
0.02287599136
0
0.001835203113
0
0
0.001492977726
0
0.05109788441
0
0.0466232645
0
0
0
0
0
0
0.05891538723
0.04137549214
0
0
0
0
0
0.02628282068
0.01284434047
0.004151530606
0.01809830247
0
0
0
0.04051128712
0.02248436841
0.03075849323
0
0
0
0
0.008427375488
0.04274906171
0
0.03321200964
0.01151754359
0
0
0
0.01917908989
0.00536908436
0
0.05374093813
0.008900476521
0
0.009351674273
0
0.04453455793
0.00685128396
0.001947409952
0
0
0
0.05872334167
0
0.004979384874
0
0
0
0
0.06038112755
0
0
0.01936536513
0.01195063513
0.02249595145
0
0
0
0
0.02045168766
0
0
0
0
0
0
0.004359594904
0.01332686911
0.05170450947
0
0.04303129611
0.008995846695
0.003476717583
0.01503493749
0
0
0.02810652474
0
0
0
0.02171280457
0.009651548329
0
0
0.02881602935
0
0.004721384752
0
0.01323826857
0.01095081829
0
0.000822271797
0
0.03555849286
0.007180314769
0.007935218058
0.02744094156
0.03039284605
0
0
0
0.03086310137
0.01561630307
0.01046107543
0.02676926409
0.04436035342
0
0
0
0
0.04028260731
0.01124239035
0.003246248003
0
0
0
0.0006977104079
0.02985318728
0.008853569933
0
0.02031268014
0
0
0
0
0
0.02018326585
0.02124535477
0.002069985543
0
0.01078871671
0
0
0.02977042008
0
0.02226515652
0
0
0
0.02724013293
0.001648633396
0.0368303335
0
0.001663167808
0
0.00709781181
0.02613290338
0.01093504982
0.02426590794
0
0
0.02236461778
0
0
0
0.02493810478
0.03299791251
0.007598749099
0.03712491013
0.0005833384544
0.02634121393
0.01114168384
0
0
0.01359440198
0.01323585701
0.01123719899
0
0
0.03344253676
0
0
0
0.01427060795
0.02826483827
0.0002214880909
0
0
0
0.02226460678
0
0
0.03601854314
0.01260747355
0.01440310207
0
0
0
0.006951833326
0
0
0
0.00194695224
0.03372450364
0.01269745662
0
0
0
0.02637250639
0
0
0.03276700067
0
0
0
0.04007967661
0
0
0
0
0.02704402935
0
0
0
0.02053595123
0
0
0
0.0212090082
0.02024696816
0.03378516398
0
0
0
0
0
0
0
0.0399346202
0.0007018768244
0.04742172262
0
0.001997557122
0.04208645993
0.04803445132
0.03324146954
0.0003495258781
0.01298610762
0
0
0.001072155888
0.02570597529
0
0.03111711214
0
0
0.02348794554
0.01224936197
0
0
0
0.03230133523
0
0.01024006828
0
0.03396454622
0.0184923678
0.04831020215
0.0218986163
0.01255848754
0.02585620223
0.03952960789
0
0
0
0
0
0.0007109387894
0.01199004584
0.01297326882
0.001473735615
0.01083058626
0
0
0.02479072991
0
0
0.004113360593
0
0.02060572542
0
0
0.02092875098
0.03628092976
0
0.03643425746
1.26E-05
0
0
0
0.02247175787
0.03444888832
0.006742806984
0
0.04838440178
0
0
0
0.03469177537
0
0
0
0.0236247201
0
0.0147286725
0
0
0.03808249002
0
0
0
0
0.02815093479
0.04358711823
0
0
0
0
0
0.03215395864
0
0
0.005413001166
0.0001016317728
0
0
0
0.01451772854
0
0.02963553621
0
0.02341292886
0.02921530523
0
0
0
0.008343252592
0
0.02455843982
0
0.02918983548
0
0
0.008183416386
0.03000992126
0
0
0.01857751393
0
0
0
0.01945345459
0
0
0.01838185657
0.00740376724
0.004587392752
0.03000925017
0
0
0
0.02957756711
0.02003986249
0.008233786735
0.03287828048
0
0
0.0437376443
0
0
0
0.03119891054
0.04752304298
0
0
0.03633387112
0.007434093478
0.03444915755
0.04408518179
0
0
0
0
0
0.004913730784
0.02163682225
0.02722445745
0.006181600353
0
0.01913032239
0
0.02651769596
0
0.01782137085
0.03302949216
0.002136091478
0.03213671931
0.01356783452
0.002346280751
0
0
0
0.04564517951
0.02780915034
0.04687345228
0.02266585326
0
0.01157112316
0
0.002693806871
0.01383805966
0.002717116692
0.03855990036
0
0
0
0.003247466666
0.02106272357
0
0.002243110357
0
0
0.001346978661
0
0
0.001925625476
0.03536264792
0.03799815335
0
0.0002119382154
0
0
0.005635291375
0
0
0.001465854728
0
0
0.0125804192
0
0.01849208912
0
0
0.0006861982671
0.0164539361
0.02396003509
0
0.02690417743
0.008684272798
0
5.66E-05
0.01068912475
0
0
0
0.02129530584
0.03700296874
0.002970627293
0
0
0.0004348108987
0.01363078562
0.01008633909
0.01818857915
0.05065929619
0.01626660356
0
0
0
0.02175415532
0
0
0.02775599363
0
0
0.03156908731
0
0.02130356401
0.0429668888
0.01847037934
0
0
0.01762188776
0
0
0
0
0.02113954226
0
0
0
0.002896529525
0
0.0272434942
0.03227760471
0
0
0
0.0327704435
0
0
0
0.004460911519
0
0.02336014051
0.03067071246
0
0
0
0
0.01055399498
0.008396330311
0.003021522132
0
0.01631073962
0
0
0
0.02428143448
0.03177398653
0
0
0.008558634375
0
0
0
0
0
0.01058145013
0.02353125533
0.02858388933
0
0.0001515173202
0.03290931878
0.02895015623
0.02746920591
0
0.0178222782
0.004114816998
0
0.006628436482
0
0
0.03757139727
0
0
0
0.03735415826
0
0
0.01072191384
0.01370872511
0
0.01022237691
0
0.0384386893
0.03539191531
0.04308587773
0.003715664301
0
0
0.04483989524
0.02965409983
0.0219816421
0.01213911449
0
0
0.02685982056
0
0.01665585181
0
0.02967635856
0
0
0.01616093223
0.02204855829
0
0.03017688418
0
0.02968577939
0
0
0.0009220076472
0.03052999183
0
0
0
0.02168147511
0.02556559483
0
0
0
0
0.01457405269
0
0
0.008188767885
0.008486394898
0
0
0
0.009802608248
0.0145574414
0.02396758336
0.03185367289
0.02669550394
0
0
0.01836996643
0
0.007005804893
0.02261884723
0
0
0.001574314515
0
0
0.01896388944
0.0152585741
0
0.003455206549
0
0.02342806085
0
0.009706745763
0
0.01791169243
0
0
0.0184621764
0.01320534187
0
0.002765415216
0.043290224
0.01755517779
0.04961511403
0
0
0.00676618336
0
0.01371981652
0.00216599395
0
0.04163386104
0
0.02585871912
0
0.01772819051
0
0
0.03188554574
0
0
0.01281400398
0
0.04838422019
0.03208397414
0.01460691213
0.0151258895
0.01471617914
0.008412281547
0.01316303279
0.02530821646
0.03603755799
0.01041086157
0.03247522942
0.01150525231
0
0
0.01562546418
0.0009289745164
0
0
0
0.03668359974
0
0
0
0
0.01410313086
0
0.006471674665
0
0.04282558789
0.003428603475
0
0
0
0
0
0.02360018563
0.0119865743
0.02035148822
0.006549197508
0
0.02178986177
0
0
0.02052108932
0.04643499939
0.03944089483
0.03028467206
0
0
0
0
0.01950498228
0
0
0.004678198172
0.01406838001
0
0
0.01522534699
0.03076175736
0
0.0167830423
0
0.01326120633
0.01946619514
0.04333299046
0.03895810999
0
0.0006565728213
0
0.0004118999616
0
0
0.04859189723
0
0.03007563782
0.03002094124
0
0
0.0219675369
0
0.05108184379
0.03009219326
0
0.007936437179
0
0.01858110381
0.05366669216
0
0
0
0.04193677372
0
0.01500011717
0.03567452277
0
0.01049389604
0
0.01451708692
0
0
0
0.003361650604
0.01511539416
0.01669789062
0
0.001735983344
0
0
0
0
0.01123246474
0
0.0343014883
0
0.01139142528
0.01128834662
0
0.03513181321
0
0
0
0.0005909557201
0
0.001535063988
0
0
0.006484595116
0
0
0.009569956502
0
0.01574530948
0
0
0.003551080434
0.01459906492
0.0002019276278
0.008776775411
0.0187845739
0.007159261504
0
0
0.04397639464
0.01179747323
0
0
0
0
0
0
0.02538706766
0
0
0
0
0.002126655213
0.001354046408
0.01584347007
0.04504530734
0
0.002298142054
0
0.02955241376
0.04655386888
0.008655662217
0.04334566241
0
0
0.00674418222
0
0
0
0.03264141002
0.01160463463
0.0347273821
0.02217682552
0
0.002701412311
0.03343135405
0
0.04904047982
0.04575011212
0
0
0
0
0.01682765828
0.002759665065
0
0
0.008417377669
0.02126780158
0
0.02280686171
0
0
0
0.0286098115
0.01214925745
0
0
0.02777004823
0
0
0
0.03119432876
0.01417551716
0
0
0
0
0.04180376727
0.01401236431
0.0001976200911
0.01738339309
0.04895671357
0.003682217465
0
0
0.02229782985
0
0.03428137675
0
0.01935905092
0
0.01248081601
0
0.006424616827
0
0.006665037667
0
0.009003989195
0.03205109532
0.01429252077
0.007096704196
0
0.01660662948
0
0
0
0.008696684577
0.01002530378
0
0.007992428919
0
0
0.01308528253
0.02544753506
0.006916451479
0
0.007585813799
0.0309180364
0.0222516047
0.00638748311
0
2.82E-05
0
0.004011290226
0
0.03229993161
0
0.01818319245
0
0
0
0
0.03883150169
0.01713665645
0.02444398524
0.0002669883526
0.01613150467
0
0
0.03040239046
0
0.0005087233338
0.02502022063
0
0
0.02524426509
0
0
0.02914150939
0
0.02731501164
0
0
0.02613381801
0.02812744286
0.03426964342
0
0
0
0.01334376982
0.03834023172
0
0.0229974414
0.00464592398
0.02658138123
0.01984190924
0
0
0
0.01779315861
0.003614253201
0
0.02029544353
0.032229597
0.001103442009
0.03297298302
0.009153433902
0.001157463668
0.01517263324
0
0.0275936431
0
0
0
0.000820356108
0
0.03918693838
0
0.003075927089
0
0.03909297059
0.01369860235
0
0.01476966078
0
0
0.002008631087
0.006425774272
0.02873692799
0.01423794038
0
0
0.003119584414
0
0
0.02218087299
0
0.002959850756
0
0.03747937453
0.03877933693
0.02750963288
0
0.003168696407
0
0
0.03355226311
0
0.03370365576
0.01070503591
0
0.0226831977
0
0
0.01509902156
0.03133295469
0.02392537805
0.004627704278
0.01034577064
0
0.02923206262
0.0190604017
0.003619687481
0.01703570214
0.02410329078
0.02884516831
0
0
0.0008605367193
0
0.003848391254
0.004591179371
0
0.008671309382
0.004281091092
0.003870775558
0.008594136417
0.008310557078
0
0.02758703313
0
0.006163614372
0.02946605793
0
0
0
0.01973208534
0
0.001438313754
0.02880669547
0.008758718546
0
0.01741876224
0.02715488889
0.004754402962
0
0
0
0.01936161381
0.04276621807
0
0
0
0
0
0.009667317344
0.04590448925
0
0.02256224848
0
0.02149653245
0
0
0.04360569783
0.02306354519
0
0.00816915031
0
0
0
0.01363912458
0.02889054303
0
0.01208705279
0
0
0
0.0160379002
0.03247886714
0
0
0
0.01073851282
0
0
0
0
0
0
0
0
0.003731693779
0.0003399221829
0.01083890025
0.01159229791
0.004755954674
0.003533671425
0.01301459814
0.01865320423
0
0
0.004606824174
0
0
0.01376550351
0.00158350464
0
0.006215202831
0.002271755478
0
0.0005015001782
0
0.03669894902
0
0.01474228233
0
0
0
0
0.03987622372
0.0145707037
0
0.02342358354
0.03396355515
0.03382225982
0.05310485603
0
0
0.01456980885
0
0.02711368037
0
0
0.05633538826
0.01048654193
0.02260220441
0
0
0
0
0.04171485613
0
0
0.0180671268
0.01007452058
0.0497192457
0.00643497575
0.0232335399
0
0.02396880201
0.01308954877
0.009319424966
0.03145481335
0.038625801
0
0.02651458742
0.003284108496
0.01195473814
0.01830352784
0
0.02986569711
0.006752585247
0
0
0.02195028389
0
0.01532523129
0
0
0
0.01192309683
0.005396149957
0
0.04705748815
0
0.01763624002
0.04240668179
0.01896702756
0
0.01806387837
0
0.02812506083
0
0.02840311321
0.01870608691
0.03947578268
0.01192692965
0
0.004596289493
0
0.004467146591
0
0.01626417167
0.01757879869
0.02578572507
0.02275437178
0.002360413433
0
0.004868675112
0
0.02674640646
0.02961585214
0.04015191795
0
0
0
0.03801246552
0.005349315009
0.02451087965
0.009682364988
0
0
0
0
0.00298808773
0.03125705286
0.02298661165
0.01903283948
0
0
0
0
0
0.0102741491
0
0
0
0.01412803
0
0.008956498813
0
0
0
0
0
0.001962305695
0.01700407732
0.03326818368
0.00779517313
0
0
0
0
0.001377216208
0
0
0.03521224189
0
0.02873873469
0
0
0.008752253432
0.002598028308
0.0003038537714
0.02687349007
0.004850078375
0.008166192156
0
0
0.04161253766
0
0.0007717908437
0.01581338501
0.007480622224
0.01780905097
0.03442196221
0
0.02758409014
0.01532226732
0.03599043135
0
0.01168533108
0.008527838279
0
0.0369903564
0
0
0
0.0366707037
0.003126166504
0.02773901972
0
0.04582154334
0
0
0
0.003098793506
0.02904064613
0
0.04749930499
0.02997137806
0.04298244478
0
0
0
0
0
0
0
0.0299020049
0
0
0
0.01242281066
0
0.03102947114
0
0.0139105229
0
0
0.03744063583
0
0
0.008315048938
0
0
0
0
0.02376469942
0
0.0009699532444
0.006706903809
0.01786666938
0
0.01048348334
0.0003454365399
0.004521357216
0
0
0.03648315676
0.005226175013
0.03758150261
0.03596666787
0
0.006277796844
0
0.01879472433
0
0.02790953889
0.02730969769
0
0.01140537407
0.03804404068
0
0
0
0
0
0.002177173018
0.03640155326
0.03877827599
0
0
0
0
0
0.02392984954
0
0.04884121625
0
0.02341410771
0
0
0.04009210822
0
0
0.01247675866
0
0
0
0.0151500902
0
0.01312083792
0
0
0
0
0.004565713248
0.03411535279
0
0.00582891148
0
0.03308009183
0
0
0
0
0
0
0.02412152385
0
0.008136859901
0
0
0
0
0.01722397243
0.01415202655
0.02080358455
0
0
0
0
0.01106387862
0.02326472308
0.0191018755
0
0
0
0
0.009448701122
0.007305064995
0.03151133048
0
0.01887061557
0
0
0
0.01039805589
0.03492702043
0.01191104398
0
0.02378709797
0.0144183129
0.03545311265
0.03416176315
0.006388640274
0
0.01074345735
0
0.01801289872
0
0.001874463622
0.04031885443
0.009907367796
0.007905209029
0
0
0
0.02659037701
0.03339152623
0
0.004768223469
0.02319724618
0.01734527613
0.02223480454
0
0.01105213688
0
0.03618273719
0.01046922279
0
0.01806897017
0.02007775188
0
0.01184087267
0.01022242428
0.01235963293
0.04393808664
0
0.04845728807
0.006591005959
0
0
0.007526281158
0
0.02688221921
0
0
0
0.02169943721
0.01020289254
0
0.03410006269
0.03532831222
0
0.01623274616
0
0.01146840315
0.02004908225
0
0.007125357069
0
0.02603425198
0
0.02718789249
0.02314572378
0.03276860902
0
0.005888810376
0.02240673118
0.04445065119
0
0
0
0.02684224918
0
0
0
0.02383472101
0.04167812298
0.005542664889
0.001695868194
0
0
0
0.02230292807
0.02431568368
0.003163123499
0
0.0369775953
0
0
0
0
0.01043860232
0.008801745051
0.02142673535
0.01192078554
0
0.006001458356
0
0
0.008153069567
0
0
0
0
0
0.04795233672
0
0.04751255656
0.009369228913
0
0
0
0.04455143626
0
0.04415252352
0
0
0.01791315655
0.01602299991
0
0
0
0.006054936627
0
0.04237451021
0.010465507
0.02421228921
0
0
0
0
0
0.02600249776
0
0
0.02750034722
0
0
0
0.04453781816
0.01728795497
0
0
0
0
0.01085802097
0
0
0.03804995556
0
0.01511786339
0
0.01449364027
0.003368807574
0.02957844704
0.03268106598
0
0
0
0.007801049564
0
0.01576089743
0.02959166048
0.03068369398
0
0
0.00782926189
0.02255990548
0.01735356087
0.02937548519
0.02175236185
0.01555988495
0
0
0.01800244437
0.01410796344
0.01613848148
0.02317338743
0
0
0
0.01598726389
0.01609364195
0.03713168032
0.002110270077
0
0.01173932015
0
0.003275133602
0.002170543681
0.005506820924
0.02069325899
0.03296408333
0.0165602697
0
0
0
0
0
0.01926601412
0
0.02076922744
0
0
0
0.03641850967
0
0.02004716475
0
0
0
0.02433915825
0.01291396269
0
0.01692915677
0
0.01176579986
0
0.01916386264
0
0
0.01250073732
0.01659160183
0
0.02789923248
0.01740536204
0.01072344747
0
0
0.01093876796
0.01032981399
0.03176380369
0.03180719643
0
0
0.02058427862
0
0
0
0.0269826421
0.02939520103
0
0
0
0
0.003962654282
0.008650127332
0.007417092484
0.01085971222
0.01141332324
0
0.03348080295
0.01802640227
0.006403299101
0.00325407555
0.02694419238
0.02700456872
0
0.008859615089
0
0
0.002576858957
0.008205534635
0
0
0.01620532959
0.02613905977
0
0.01354184629
0.02066843542
0
0
0.01308697231
0.03437584752
0.01401291921
0.02614356881
0
0
0.00935999467
0.01479512713
0
0.03476975282
0.01405530139
0.006054218138
0
0
0
0.0139127765
0.0216926668
0.04557887544
0.02432084095
0.02427901049
0.01680416099
0.00788565041
0
0.01255979684
0
0.03335510434
0.0081941185
0
0
0
0.0006351749529
0
0.03235126867
0.00207260118
0.00755452439
0
0.02075168883
0
0.02382922669
0.02062842398
0
0
0
0.02498150502
0.01448424558
0
0.02657891248
0
0.03443757656
0
0
0
0
0
0
0
0.00853612223
0.01085505951
0.009857096795
0.01449849387
0.002957232592
0.005231571331
0.002136306258
0
0.01313236379
0
0.02339980358
0
0
0
0.03687437134
0
0.02171063294
0
0.03715636002
0.01880271343
0
0
0
0.0235453845
0.04342042042
0.0121222341
0
0.02189828035
0.006214696084
0.02059238079
0
0
0
0.04918086897
0
0
0
0.02134242943
0.04773614575
0
0
0.003179624682
0
0
0.02916757935
0
0.01729559311
0.01802047934
0.004300426094
0.02394218565
0.02727317818
0
0.006948366737
0.01473166434
0.05342837974
0
0.01611944909
0.0008232395966
0.005723680144
0.03201699805
0
0.03333662644
0.01878645794
0.04825321669
0.004825342636
0.002590929008
0
0
0
0.02772061221
0
0
0
0
0.02044890326
0.02104920131
0.002520472024
0.01670255914
0
0
0.03563757297
0
0
0
0.0192019225
0.004889414668
0.008801341784
0.02128516405
0
0
0.005046886336
0.01405838661
0.0110500662
0
0
0
0.01671279971
0.0042440285
0
0
0
0
0
0
0.02440792365
0
0
0.01744301248
0
0.001041341566
0.01943412655
0.03111227794
0.002418005769
0.01638626192
0
0.01107560686
0.0003637713285
0.01115076029
0.0001402302857
0.02884109291
0
0
0.01533544985
0
0
0.001296674026
0.007670958067
0
0
0
0
0.03597219702
0.02081989156
0
0.002972726964
0.008030352379
0.01819534127
0
0
0.02002415199
0.005487332135
0
0.02449374637
0.04686718817
0
0
0
0
0.02793062923
0.003138296922
0
0
0.002487627964
0
0
0.007722622485
0.01623281266
0.0128484034
0.01519978602
0
0
0
0
0
0
0
0.01789163411
0.005409774976
0.03182350101
0
0.006977019781
0.04339692168
0.03076651955
0.04069270361
0
0.0004230430354
0
0
0.01388017488
0.02121147042
0
0.03610273696
0
0.001375197368
0.01097553754
0.02206354253
0
0
0.005562016675
0.02993550205
0
0
0
0.04861744027
0.03574577373
0.04275422764
0.02031730871
0
0.02552726795
0.03839534884
0.007988330419
0.01369518692
0.005536165772
0.005844361676
0
0
0
0.02086480127
0
0.003094891396
0
0
0.02688252467
0.001880837665
0
0.007911754241
0
0.02464895327
0
0
0.02405050131
0.0350308396
0
0.02506248134
0.02485524529
0.01996497093
0.00439552655
0.02131168576
0.008892800357
0
0
0
0
0.02876658867
0
0
0
0.02640665314
0.03993904125
0
0
0.01388392056
0
0
0.03593958091
0.01071307481
0.031293358
0.01342984426
0
0.02310143444
0.008135792551
0
0.01028830769
0.03014881196
0.03600910585
0
0.007325698433
0
0
0.03074354288
0.01247180979
0.03705098805
0.03445246158
0.04220263364
0.007626327619
0
0
0
0
0.02658652161
0
0
0
0
0.01416356721
0.01234387467
0.02044715358
0.009017190564
0
0
0.02989775308
0
0
0.005017685048
0
0
0
0.03115400165
0.009920359755
0
0.01259848425
0.02176438139
0.02851459296
0
0
0
0.0001051869993
0.01734655272
0
0
0.00713334757
0.002176545087
0
0.008646411894
0.02746213672
0.001488104238
0.003696226677
0
0.01496653752
0.001356377156
0.006680052681
0.02207846956
0.004260634593
0
0.01827543703
0
0
0
0.02104267965
0.03744804783
0
0
0
0.024501897
0
0.03149250887
0
0
0
0.01062392089
0
0.01093967861
0.02892587832
0
0
0
0.02952765317
0
0
0
0.005685492513
0.0038672673
0.01826516535
0.00797604989
0.007607410472
0.01601600695
0.003945146574
0
0
0.01270566894
0.0164112754
0
0.01904189507
0
0
0
0.0223380926
0.03278329019
0
0.01074732936
0.01670451347
0
0.01295262891
0
0
0
0
0.02937346602
0.01352551728
0
0
0.0144741535
0.0143578993
0.009370575343
0.008138675921
0.02365001799
0.02319000355
0
0
0
0
0.02588507617
0
0.001349633013
0
0.03740663268
0
0
0.01347766155
0
0
0.01519459624
0.01942361048
0.01865780902
0.02541460427
0.02515700629
0
0
0
0.03218316798
0.03766904136
0.02381197949
0.0163286934
0
0
0.03866274744
0
0.009683791602
0.001085901172
0.03780018044
0.00816584449
0
0.004542471795
0.03045301772
0
0.0365058383
0.009041281257
0.02399688075
0
0.01180779515
0
0.0171556592
0
0.02775348028
0.007452102648
0.02463990102
0.009835624055
0.01807357551
0
0
0
0
0
0
0.01296212926
0.000539216567
0
0
0
0
0.029398561
0.03604420567
0.02900162102
0
0.004103948106
0.03343502093
0.01870310213
0
0
0.0127485968
0.008788325342
0
0
0.01438788715
0
0.01469051583
0
0
0
0
0.03617293258
0.01412805566
0.02523982018
0.01188882479
0.02878993997
0.005891163677
0
0.02933125464
0
0
0.01094133571
0.00135369803
0
0.01812731911
0
0
0.03806458724
0
0.02001346477
0
0
0.02196097319
0.02173917345
0.03700610409
0
0.008575101864
0
0
0.03404576217
0
0.005906407024
0.001923065496
0.02930469434
0.02168020973
0.01150011567
0
0
0
0
0
0.03214289103
0.03902682981
0.02669437413
0.03336097464
0
0.01110574933
0
0
0.005630072999
0.000684477283
0.00643636643
0
0.003236317661
0.002733004595
0.02604492414
0.0002950266253
0.02269751977
0
0.02646403831
0.01743686808
0
0.009868748441
0
0
0
0.02496878077
0
0
0
0
0
0.02310761369
0.0117123606
0
0
0
0.02362505821
0
0
0.007269334288
0
0
0.007714453648
0.02384575198
0.01212852234
0
0.01205720341
0
0.01005044731
0.02058372237
0
0
0.02890610363
0
0
0
0.03341535294
0.02480131552
0.01335409945
0.004477671791
0.0079332849
0
0.007906542325
0
0
0
0.01607125045
0.01597713009
0.03580689012
0
0
0.03925142836
0.03574842112
0.02849051321
0.005583259489
0.0269168153
0
0
0
0
0
0.03212316791
0
0
0.008221097815
0.02896242242
0
0
0.01286973334
0.0003254245147
0
0.02731994747
0
0.02628969651
0.0254768924
0.0303976316
0.01551740496
0.01083544387
0
0.03233330782
0.02468317277
0.0158179726
0
3.82E-05
0.002657745844
0.01885172462
0
0.01784182233
0.007118546007
0.02630683877
0
0
0.02906917932
0.009042407548
0
0.01987293983
0
0.02754024686
0
0.01050445993
0
0.03827925471
0.009206383612
0
0.01018827825
0
0.004196534709
0
0
0.003643580377
0
0.03563892417
0
0.03397407436
0
0.004514217995
0.003894118712
0.00392793294
0.01309814652
0.04199019548
0
0
0
0.03180846744
0.008883238662
0
0.006819214517
0
0.04064814607
0.02463855166
0
0
0.01188088808
0
0.02533947409
0.001019544902
0.03150248707
0.004686515398
0.04357931123
0.0004395712866
0
0
0
0.01411100131
0
0
0.02213835396
0
0.03030328524
0
0
0.02921481756
0.01296055879
0.002763391569
0.003140686309
0.02036447382
0
0.02608068524
0
0.03043052137
0.003927886369
0
0
0
0.04851708208
0.01133037209
0.01677568425
0
0
0.006564686234
0
0.01526036096
0
0
0.01751862798
0.0001139488995
0.04915310519
0.01972670147
0.002556542756
0.008677010036
0
0
0
0
0.03035680462
0
0
0.03746459867
0
0
0
0.03784187259
0.03432638327
0.002146013462
0
0.003584667865
0
0.03015953502
0
0.003973531109
0.02015073101
0.01284828138
0
0.001476101169
0
0.005329340902
0
0
0.000232970246
0.007095225919
0.01294573743
0.009623135815
0.03939518021
0
0
0
0.05083451664
0
0
0
0
0
0
0.009368430922
0
0.01383466461
0
0
0
0
0
0.03139132565
0.02642887563
0
0
0
0.007859493486
0.04647766833
0
0.007189584197
0.006324181667
0
0
0
0
0
0.02905667533
0.03802208224
0.0301865405
0
0.02159820578
0.008281521184
0.04092990404
0.009935876879
0.02246836838
0.01931586411
0.005664831154
0
0.01764775804
0
0
0.03821103741
0.002930406567
0
0
0.02275147429
0
0
0.001002417166
0.02569086214
0
0.003841597961
0.006035209377
0.02680445203
0.007191401305
0.06020705197
0
0
0
0.05142886782
0.02707028815
0.00891640766
0
0
0
0.0504356211
0.00923527927
0
0.01346485985
0.04740194415
0.00215544037
0
0
0.01875475321
0
0.03138773053
0
0.01016270308
0
0
0
0.01600613413
0
0.02546241539
0
0.01909773414
0
0
0.008894792534
0.007123498517
0.007944968794
0
0.02690674564
0
0
0
0.0373294835
0
0
0
0
0
0
0
0.00759052564
0.02982615434
0
0
0
0
0.001885184999
0.03043999617
0.02679757833
0
0
0
0.006746746999
0.03814148448
0
0.02357786235
0.01920507147
0
0.009617289694
0
0
0
0.008968477008
0.04249599745
0.0121577895
0.01891559035
0.01263771947
0
0.02356081795
0
0.02702384628
0.02185130334
0.02640142057
0
0.009388035966
0
0
0.02802742824
0.005914795267
0
0
0.02031262817
0
0.01139447161
0.01053234704
0
0
0.01214015115
0.02950714164
0.009823376248
0
0.03386577758
0
0
0
0.03086447227
0.03585481059
0.01587433791
0.001167940078
0
0
0.05450421289
0.006556730291
0
0.02093561319
0.0480380425
0.01408567084
0
0
0.02086822806
0.007676949905
0.03068444404
0.006459935249
0.003049179007
0
0.004000249775
0
0.007872535572
0.01570515823
0.01802342319
0.04733243974
0
0
0.04207970135
0.01061740908
0.03109193529
0
0.002797086187
0.005066766521
0.02919157006
0.03599888844
0.02466250565
0
0
0.02735748368
0
0.02781150397
0.01815305566
0.0149052639
0
0
0
0
0.04112709009
0.01495946858
0
0.03822572813
0
0
0.01100193754
0.03490573801
0.02450265734
0
0
0
0
0
0.03168912565
0
0.02852705177
0.03181240944
0.04447975594
0
0
0
0.01164500909
0
0
0
0
0
0
0
0.03127588425
0
0.01162063549
0.01060030168
0
0.00933756944
0.008943444779
0.006646919234
0
0.03764217896
0
0
6.34E-05
0.02537066063
0
0
0
0.004573317316
0
0.008731065701
0
0
0
0
0
0.02959845785
0.003926850677
0.001616141622
0
0
0.01580138489
0
0
0.03579837799
0.0164061062
0
0.01650478782
0
0.00017410143
0.03413359964
0.001232324524
0.006079098709
0
0.02025327197
0
0
0.02155230637
0.03135580039
0
0
0.01895771019
0.0431995659
0.02152479535
0.01363262871
0
0
0.03113287763
0
0
0
0.0432192585
0.0606781671
0
0
0
0
0
0.02010763923
0.002799428376
0
0.03915560586
0
0
0.01577874596
0.02133072207
3.01E-05
0.02762434628
0.0392241418
0
0
0
0.0005644820366
0.03746832134
0
0.05072222723
0.006822884794
0.0328876427
0
0.005524203265
0
0
0
0.05555685964
0
0
0
0
0.03317898008
0.006487809704
0
0.01680716211
0
0
0.06031258009
0
0
0
0.009156484669
0
0.02024179361
0.04174236948
0
0
0.02427405332
0
0.01367075231
0
0
0
0
0
0
0
0
0
0
0
0.009795704918
0
0.01271802129
0
0.00417378972
0
0.03248821433
0.02917805467
0
0.001999753299
0.01233867877
0
0.00473917583
0
0.01329678482
0.01254938867
0
0
0
0.006181236355
0
0.01205929487
0.01272149494
0
0.000420955723
0
0.01920549266
0
0.004517929397
0
0
0
0.00449077401
0
0
0
0.0142119348
0.01049901098
0.01546141746
0
0
0.03817407977
0.002387782186
0
0
0
0
0.01992869177
0.004176819774
0
0
0
0
0.00179512212
0
0
0.04173062268
0
0.01062366301
0
0
0
0
0.05378147306
0
0
0.0408229348
0.00838289055
0.02034609923
0.03627496341
0
0
0.03128546632
0
0.04341399215
0
0
0.05368463146
0.03192807236
0.02602645713
0
1.26E-05
0
0
0.03884423806
0
0
0.001447037536
0.02488079445
0.04562180317
0
0.02715215264
0
0
0.008017058713
0.01243840288
0.03836481067
0.04145548701
0.007812506068
0.01950448931
0
0.03078765008
0.01242298
0
0.02766320125
0.01676705653
0
0
0
0
0.02830031692
0
0.007466126849
0
0.02014022736
0
0
0.02636771272
0.01613502957
0.002207100141
0.01397869528
0
0
0.0189809824
0.05408894901
0.01087886604
0.03432021628
0
0
0.01259082759
0.00243714474
0.0104022885
0
0.04985073559
0.05806883428
0.005530518014
0
0
0
0
0.004738953944
0
0
0.05065008334
0
0
0
0.03133752261
0
0.03389221118
0.0203384061
0
0
0
0.007065963753
0.02258385309
0
0.04772709905
0
0.01430080519
0
0.01067380346
0.006076037526
0
0
0.05166551598
0.002991380069
0
0
0
0.02516209557
0
0
0.02735670013
0
0.01117761983
0.06194582566
0
0.009839476819
0
0.008721451526
0
0.03361140834
0.04099168107
0
0
0.0396417388
0
0.001150716704
0
0
0
0
0.002914788047
0.004233834212
0
0
0
0
0
0.006792371516
0
0.02709778978
0
0.007572243329
0
0.02437668825
0.03265546396
0
0
0.01802507251
0
0.001247535748
0
0.01920309422
0
0.002770581254
0
0
0.009747178194
0.02036102131
0.03016926908
0.009451758413
0.01292822956
0
0
0
0.002916045518
0
0.03386966202
0
0
0
0.009642574603
0.02188338775
0.007662849267
0
0.01621414699
0.001024068819
0
0.0349036507
0
0.03634368895
0
0.001819349807
0.03988460731
0.005977853538
0
0.01750095915
0.01227313461
0.03464687539
0
0.02845347027
0
0.01220228727
0.01981696573
0.009463064282
0.009325968793
0.03146814404
0.03876427254
0.009622400826
0
0
0
0.006184966873
0
0
0.01868480924
0
0.005678548702
0.004575414783
0.0220938353
0.009412435426
0.009958232965
0
0
0.007685204377
0
0
0.004214688476
0.01365878597
0.01327182145
0
0.01077113765
0.01339956493
0
0
0.03179480239
0.01311795509
0
0.01008293516
0
0.02362809993
0.02432547881
0
0
0.01286374217
0.009163218973
0
0.01432370665
0.03576763788
0
0
0.02095185309
0.006047362664
0.003872695333
0
0.02442514102
0.03075348817
0.002794908244
0
0.004576755273
0
0.01614744326
0.002117050397
0.03801622658
0
0.01730316801
0.04560406002
0
0
0
0.02043171982
0
0.006283355805
0
0.04683242303
0.007366799433
0.004059665792
0
0
0.0217650835
0.01406834171
0
0
0.03140122843
0
0
0
0.02274692079
0
0
0
0
0.008435046519
0
0
0.02550911471
0
0
0
0.004034939389
0
0
0.02431079436
0
0
0
0
0
0
0
0.0443184828
0.008796212722
0.02821333556
0
0.04913142691
0.0152866039
0.04457571715
0.03239289224
0
0
0
0
0.04109766168
0.03960112368
0
0.035122576
0.01753402582
0
0.002484084265
0
0.00882225686
0
0
0.05525620385
0
0
0
0.04076089682
0
0.05408845784
0
0.006708117049
0.0633499529
0.02554465065
0
0
0
0
0
0
0.03821222544
0
0.01342853295
0
0
0
0
0
0
0
0
0
0
0
0.03337604666
0.01904902297
0
0.01543921657
0
0
0
0
0.04800886608
0.02149269603
0.04010328932
0
0.02698028481
0
0
0
0.04220633988
0.0150169191
0
0
0
0
0
0
0
0.02464741939
0
0
0
0
0
0.06441199102
0.01925461448
0
0
0
0
0.03797305047
0
0.03041784444
0
0.002829514718
0
0
0
0
0.03008103835
0.0235244732
0.006007987532
0.04866986626
0.02692344441
0
0.01778844872
0
0.04695237104
0.01207998875
0.005133150352
0
0.01164924921
0
0.02452960976
0
0.01549283759
0
0
0
0
0.02895081034
0
0.02098025776
0
0
0.01667699433
0
0
0.03397671656
0
0
0
0.02280799415
0.001365218544
0
0
0
0
0.04810343499
0.02779210416
0
0.02108493481
0.04020452674
0.03166086174
0
0
0.01261604816
0.00907582005
0.01953788281
0.007551883371
0
0
0
0
0
0
0.003706157283
0.01145969054
0.02026575781
0
0
0
0.0152205514
0
0.02384154779
0.01208855851
0.02969665733
0
0
0.02685502283
0.002254547047
0.00640837941
0.006410461637
0
0
0
0.01225037533
0.02416310931
0
0.009258149739
0
0.01669872707
0.02349373002
0.01224918278
0
0.03152264951
0
0.02395488153
0
0.03844750646
0.03129537377
0.0186158943
0.02822393457
0
0
0.007957382356
0.01519981242
0
0
0.01957489625
0
0.03061785235
0.001307345485
0
0.01698836741
0.01864697249
0
0.02774679661
0.04067578748
0
0
0
0
0.007803914634
0
0
0
0.02528654033
0.02778230552
0
0.005049577829
0
0
0
0.02756942365
0
0
0.01402954768
0.01021057375
0.02306269131
0.004700091439
0
0.02207664438
0.006262670192
0
0
0
0.008913464775
0.01548335246
0
0.02578047998
0
0.02805491577
0
0.00841968035
0.01744698743
0.02363596003
0
0.02985661782
0
0.03295542379
0
0.01832902522
0
0.01019405285
0
0.0224129011
0
0
0
0
0.02858243253
0.03573095424
0.0192801926
0
0.05400335345
0
0
0
0.04523595856
0
0
0
0.01413460514
0
0.004422757195
0
0
0.03041997331
0
0
0
0
0.01849384468
0.05457776499
0
0
0
0
0
0.03908214647
0
0
0
0
0
0
0
0.01108698378
0.0120174304
0.02680457314
0
0.02291058755
0.03743511595
0
0.002698405075
0
0.01511215724
0
0.01069153105
0
0.03316131598
0
0
0.009240633291
0.02975544645
0
0
0.01300052837
0
0
0
0.03660532259
0
0
0.006604755335
0.008463830587
0
0.04574849531
0
0
0.00528774669
0.03948187873
0.01031890103
0
0.0229884969
0
0
0.04480413967
0
0
0
0.03351501318
0.04400776167
0
0
0.03242396705
0.0003171681303
0.03298829597
0.0371188641
0
0
0
0.009033770512
0
0
0.03301144786
0.02740899161
0.02552065936
0
0.01761022601
0
0.01502910055
0
0.005563743765
0.01957893497
0.00915873642
0.01618567422
0
0
0
0
0
0.03465039152
0.03244737915
0.0387670467
0.006769822633
0
0.02031442404
0.006337657641
0
0
0.0180194635
0.03341411284
0
0
0
0.01257142099
0.01017269594
0.005759101192
0.003572479281
0
0
0.01722672325
0.006065180986
0.01298938525
0.01739566287
0.03146766905
0.01870547546
0
0.01307382963
0
0
0
0.002806825527
0
0.004659750275
0
0
0.02819933273
0
0.006958651041
0
0
0.007289877493
0.0087319243
0.02607573368
0
0.02882851634
0
0
0.01509127844
0
0
0
0.016429257
0.01511750423
0.03065249637
0
0
0
0
0.005875518973
0.0261805994
0.02816783234
0.04039919306
0.02178973078
0
0.01055161989
0
0.01729933525
0
0.005877177487
0.02108737318
0
0.004317996708
0.02820579552
0.00321244426
0.02232541006
0.03243437865
0.01674285196
0.004905316386
0.01099884197
0
0
0.03405491341
0
0
0
0.03654695612
0.01367739857
0
0
0
0.01760089502
0
0
0.02782999246
0.03892572196
0
0
0
0.03899961954
0.01026817373
0.01342920302
0.01778870295
0.03143345297
0
0
0.002787211051
0.004380995483
0.02568939635
0.007159262847
0
0
0
0.002286604957
0
0.03813569917
0
0
0.0255847038
0
0
0
0
0
0.01903141469
0.0117578698
0.0006081763786
0
0.006683082563
0
0.005865427358
0.03096920138
0.004878357811
0.03582717223
0
0
0
0.03414695249
0.01222691372
0.03907770586
0
0.01256088706
0
0.01635223308
0.0190628189
0
0.02099690643
0
0.007328158444
0.01547611817
0.01402259116
0
0
0.03100792133
0.01646524977
0.0007604250014
0.02954878347
0.02021316189
0.03662579228
0
0
0.005824674445
0
0.02437873562
0.0225716644
0
0
0.01545378148
0
0
0
0.02153139855
0.03063799063
0
0
0
0
0.001727202024
0
0
0.02763292147
0.02216940674
0
0.0286170431
0.0006813578489
0.03721093259
0.0005364654353
0
0
0
0
0
0
0.001746287526
0
0
0.001892666309
0.001982081823
0
0
0
0.01550054318
0.003950195458
0
0.03130166932
0.02598046551
0.03038560128
0
0
0.02216014612
0.001097005891
0
0.02288989318
0.00910738865
0.005706687682
0
0.01542991204
0.008640910238
0
0.02470400121
0.03365396033
0.009916051738
0.03814660336
0.01735211996
0.001268229797
0
0
0.03333645313
0
0.01011900581
0
0.007498681552
0.007650107857
0.0109651655
0.0107083387
0.01892082916
0.03609855612
0
0
0
0
0.02224147358
0
0.01303659401
0
0.01507355759
0
0.01812300923
0.0305663703
0
0
0.02953912893
0.03862750978
0.005130397968
0.002384126476
0
0
0.00977909774
0
0
0.0389548905
0.02950995393
0.0009874784524
0.01430766078
0.00606254086
0.03030893211
0.001230838178
0
0.02464177523
0.02623626318
0
0
0.008950550895
0.006087910119
0.01873136005
0.01232029773
0
0.001848896536
0.01509157677
0.03520337691
0
0.01986907476
0
0.04007114101
0.01074246648
0.00815281206
0
0
0.01026486728
0.03173282065
0
0
0.04368036131
0
0.003244633923
0
0.02564616192
0
0
0
0.03088700743
0.006713645563
0.02569454342
0
0
0.03629558041
0
0
0
0
0.03403066125
0.02756821907
0
0
0
0
0
0.02543241431
0
0
0.01050402161
0.002686041286
0
0
0.007187376663
0.01811099316
0
0.02701523975
0
0.014691305
0.01984174978
0
0
0
0
0
0.02917328157
0
0.02434426474
0
0
0.008571191841
0.02578083735
0.009348763751
0
0.0248549354
0
0
9.23E-05
0.00935845364
0
0
0.02011269782
0.01094896322
0.01499211072
0.01968552734
0
0
0
0.02422638888
0.02486439674
0.01672622761
0.04005038995
0
0
0.03675553467
0
0
0
0.02558499764
0.04388972857
0
0
0.03807681164
0.006829228442
0.03436167937
0.04549915554
0.005678114439
0
0
0
0
0
0.03159637852
0.03115281157
0.03084269259
0
0.003144913681
0
0.02473737121
0
0.01753114316
0.02506076338
0.02519314906
0
0
0.01621884589
0
0
0
0.01419462314
0.0154986838
0.02430082534
0.01088642657
0.009443872137
0.005635892465
0.00776083207
0
0.007468211597
0.02579518034
0.0371439064
0
0.005386104305
0
0.02512186548
0
0.0251356381
0.02227288463
0
0.009497793954
0.003968499853
0
0.01371342594
0.02311194385
0.01370440847
0.005053350813
0
0.004406754088
0.0009770378802
0
0
0.007834171502
0
0
0.001083701481
0.02163097302
0.01817571971
0
0
0
0
0
0
0.003646190769
0
0.03925149151
0
0
0.001944550275
0
0
0.009587459957
0.01303764301
0
0.03159768919
0
0.008567456814
0
0
0.01745575052
0.02353288851
0.01360989352
0.02681148665
0.003080744321
0
0.01870276132
0
0.0279905249
0
0.0216962912
0.01978869702
0
0.009500703326
0.03896113829
0
0.03703947553
0.01804955839
0.03206013402
0
0.01813662287
0
0.001270052084
0.02770270928
0.00624061668
0
0
0
0
0.07091732592
0.02633536727
0.0530419135
0
0.008698345863
0
0.005191667751
0.009204502144
0.00548247751
0.02637562239
0.0209606867
0
0
0
0
0
0
0.01949875792
0
0.04413552577
0
0
0.001156953229
0.06719276715
0
0.01024997
0
0
0
0
0
0.005768356117
0
0.03299508199
0
0
0
0.02269278056
0.01364834971
0
0
0.05569751107
0.03991878092
0
0
0
0.02292729315
0
0
0
0.0239861693
0.007326498594
0.04223073473
0
0.03827261031
0
0
0
0.03188600895
0.02497334648
0
0.03002244011
0.03048195109
0
0
0
0
0
0
0
0.02295461792
0
0
0
0
0
0
0.003536736811
0.02456624416
0
0.0008344742139
0
0.04595117889
0
0
0
0.02044525464
0
0.02621484816
0
0.01353021811
0
0.01675330494
0