0.000495 0.008225 0.01389 2.5e-05 0.001205 0 0.000225 0 0.00022 0.00202 0.0097 1e-05 1.5e-05 0.001205 0 0 2e-05 1e-05 0 5e-06 0.000755 0.009105 0 2.5e-05 0 0.002125 0 0 4.5e-05 2.5e-05 0.00129 0 4e-05 3.5e-05 0.00093 5e-06 0.00018 2e-05 0 0.007285 0 0.00409 0.000795 5.5e-05 0.001595 1e-05 6e-05 0 5.5e-05 0.006585 2e-05 0 0.006705 2e-05 3e-05 0 0.000585 2.5e-05 2e-05 0.007885 0 0 1.5e-05 0.005835 5.5e-05 0.008555 0.002595 4.5e-05 0.00571 0 0.00097 3e-05 2.5e-05 0 1.5e-05 6.5e-05 4.5e-05 0 0 0.00748 4.5e-05 0 0 1.5e-05 5.5e-05 0.00697 0 0.004455 0.016755 0.00033 0 0 3e-05 5e-05 1.5e-05 0 0 0 4e-05 5e-05
0 0.006935 0 0 0.000145 0 4.5e-05 0.00451 0 0.010475 2e-05 9e-05 0 0 0 0 0.009275 5e-05 0.00138 3.5e-05 0 0 0.01086 0.00022 0 0.0004 0 0.000935 0.001275 0.000425 3e-05 0.00318 3e-05 3.5e-05 3.5e-05 2.5e-05 0.006945 0 0 0 0 0 0 4e-05 1.5e-05 7.5e-05 5.5e-05 0 0.006945 0 3.5e-05 0 0.00019 2.5e-05 0 4e-05 1.5e-05 0 0.00311 0.00064 0.01229 0.00706 0.003945 1e-05 2.5e-05 3e-05 2.5e-05 0.005895 0.00511 4e-05 0 0.0079 0.000135 0 0 4.5e-05 2.5e-05 0.00066 0 0.00684 2e-05 0.00799 0.00196 1.5e-05 4e-05 3e-05 4.5e-05 4e-05 1.5e-05 0 0.00349 0 0.0052 0.009685 8.5e-05 2.5e-05 0.00063 0 2.5e-05 0.00139
0.000445 0 0 0.00017 0 0 0.010615 4.5e-05 0.00417 4e-05 0.002525 3e-05 0.009475 4.5e-05 0.000555 0.008465 3e-05 5e-05 0 0.00422 0 0 1e-05 0.00462 3e-05 0 0 0.000235 0 3e-05 0 2e-05 0.0001 0 4e-05 0 0 0 0.00668 0.001045 0.00096 2e-05 2.5e-05 0 0.000405 1e-05 1.5e-05 1.5e-05 1e-05 0 0.00582 4.5e-05 3.5e-05 0.006585 4.5e-05 0 0 2.5e-05 3e-05 0.003575 0 3e-05 0.002115 0.004515 2.5e-05 0.00072 3.5e-05 4.5e-05 0 0.004575 0 0 1.5e-05 0 0 0.017335 2.5e-05 1.5e-05 0 4e-05 0.000715 0 4.5e-05 0 5e-05 1.5e-05 1e-05 3.5e-05 0 0.00795 2.5e-05 0.00801 0.00723 6e-05 0 0 0 0 0 2e-05
4e-05 4.5e-05 2.5e-05 0.005235 5e-05 0.00192 0 0 0 0 1e-05 4e-05 0 2e-05 0.00272 0 0.00299 0 0 0.00986 0 0.00099 5.5e-05 0.004455 0 0 0.00301 0.005045 5e-05 0 3.5e-05 5e-05 0 0.002805 6e-05 1.5e-05 0 0.000275 0 0.00372 3e-05 3.5e-05 0 0 0 0 3.5e-05 0.012115 0 3e-05 4e-05 0 0 0 5e-05 0 2.5e-05 0 5.5e-05 4.5e-05 0.000245 0 0.016805 0.00178 2.5e-05 0.011255 0 0 4e-05 0 0.001655 4e-05 0.01012 0.00371 2e-05 0.006195 3e-05 0.000525 0 0 0 2.5e-05 4e-05 0.00569 2.5e-05 0.014985 0.003525 2.5e-05 5e-05 5.5e-05 3e-05 2e-05 0 2e-05 0.005775 0.000635 1.5e-05 0.00202 5e-05 5e-05
0 0.00045 0.011575 0 0.010175 1e-05 7e-05 0 0 0.00746 0 3.5e-05 0 0 0.00026 5e-06 0.00719 5e-05 1e-05 0.00844 3e-05 0.00153 4.5e-05 0.00025 0 0 0.00135 0 2.5e-05 1e-05 3.5e-05 2.5e-05 0.00496 2e-05 6.5e-05 0 2e-05 0 2.5e-05 0.00119 0 4e-05 0.001675 2e-05 0 0.000975 0.0143 0.00279 0 5.5e-05 0 4.5e-05 0 4e-05 0 3.5e-05 0 1.5e-05 0.006045 9e-05 0 5e-05 2e-05 2.5e-05 0 3e-05 2.5e-05 3.5e-05 0 3.5e-05 3.5e-05 0 0.00508 2.5e-05 5e-05 4.5e-05 0.009535 0.005885 0.000345 0 0.004435 0 0.01169 0 0 1e-05 4e-05 0.00188 0 2.5e-05 0 2e-05 0 0.00258 0.002895 0.00441 0 3.5e-05 0 0.00258
0 1.5e-05 0 0.013885 0.001585 0.006725 2.5e-05 3e-05 0 0 3e-05 0.00347 0 3.5e-05 0 3.5e-05 0.0007 4e-05 0.00951 4.5e-05 3e-05 6.5e-05 0 2.5e-05 3.5e-05 0.001185 0 2e-05 4e-05 0.012445 0.000315 1e-05 0 0 0 5e-05 0 3e-05 0 0 4e-05 0.00352 0.00114 0 0.00786 5e-05 0.00132 0.00052 4e-05 0.00539 0 0.016475 0.00677 3e-05 0.009335 0 3e-05 0 1e-05 3.5e-05 0 0 9.5e-05 0 0.01971 0 4.5e-05 2e-05 0 0.00533 0 0.0007 3e-05 0 0 0.001765 0.00019 0.003 5.5e-05 0 0 0.013525 0 0.000255 3.5e-05 0.000735 3e-05 5e-06 0 0.00891 5e-06 3e-05 3e-05 0 2.5e-05 2.5e-05 2.5e-05 0 1e-05 0.001555
0.000675 0 0 0 3e-05 0.002955 3.5e-05 0.00012 0.009585 0 2e-05 0.00138 6e-05 4.5e-05 4e-05 0.00457 0 3.5e-05 0 3.5e-05 0.000735 0 0.006965 0.00196 3.5e-05 0 0.004575 1.5e-05 0 1e-05 3e-05 1e-05 8.5e-05 0.004685 0.01904 0.00028 3e-05 0.001905 6e-05 0 1e-05 0 0 0 0 0.00134 0.00033 5.5e-05 0.00052 0 5.5e-05 3.5e-05 0.00268 0.00126 0 8e-05 0 0 2.5e-05 0.000355 0.004825 2.5e-05 0 0.00034 3e-05 3.5e-05 0 0.007985 0.000965 0 2.5e-05 5e-05 0.00445 0 0.00588 0 0 4e-05 0 4e-05 0 2e-05 0 0.00145 0.007025 0 0.002215 2e-05 4e-05 0 0.012985 0.00056 0 2e-05 0 5.5e-05 0 0.01213 0 4e-05
1e-05 3e-05 0 0.004605 1e-05 0.00036 2e-05 0.000515 3e-05 9e-05 0.000775 4.5e-05 0 4e-05 0 2.5e-05 0.013095 0.004005 3e-05 0.005255 0 0.009845 2e-05 0.00463 0.000335 0.00806 4e-05 4.5e-05 0 0.011675 2.5e-05 4.5e-05 3.5e-05 0 0 0 2.5e-05 0 3.5e-05 3.5e-05 0 0 0.00104 0 0.00023 0 0 0.01305 0 4e-05 0 8e-05 3e-05 1.5e-05 0 1e-05 2.5e-05 3e-05 0.001075 0.00162 0 0.001965 0.003225 0.00763 2e-05 0.007565 0 0.00114 1e-05 2e-05 0.006575 0 0 0 0 0 0.00018 0 0.009955 0 0 0 4e-05 0 6e-05 1e-05 0.000535 5e-05 0.001385 0 4.5e-05 0 0 0.005 0 1e-05 6e-05 0 0.004965 0.0027
4e-05 0 0 0 0.00029 0 0 2e-05 1.5e-05 0.00171 3.5e-05 0 5e-05 0.002245 2e-05 1.5e-05 0.007025 0.00459 0 3e-05 6.5e-05 0 0.00028 0 0.005125 1e-05 4e-05 4.5e-05 0.01481 0.004625 0.0034 7.5e-05 2e-05 4e-05 0.00313 5e-05 5.5e-05 0.0009 0.001595 0 0 0.00483 0.005325 0 0.001335 0 1e-05 5e-05 0 0.009825 0 0.00033 0 0.000185 2e-05 3e-05 0 0 0.000195 0.002105 0 0 0 0 0 0 0 4.5e-05 0.00542 0 0 0 2.5e-05 0.001465 0.006675 0.008345 3.5e-05 0.00538 0 0.00091 5e-05 0 3.5e-05 3e-05 2.5e-05 0 4.5e-05 4e-05 5e-05 0.00372 0 0 0.011905 0.001065 1.5e-05 0.00059 0.002245 3e-05 0.00152 1.5e-05
0.00791 5e-05 7.5e-05 5.5e-05 4.5e-05 0 4e-05 2.5e-05 0.00679 5e-05 1.5e-05 3.5e-05 5e-05 0 0 2.5e-05 0.001995 3.5e-05 4e-05 0.00357 0 0.00043 0.00029 0 5e-06 0 4e-05 1.5e-05 5e-05 0 0.002315 0 2.5e-05 0 0 0.00263 0 0 0 0 1.5e-05 0 0 3e-05 0.001145 5.5e-05 7.5e-05 0 0.011165 0 0 5e-05 5e-05 4e-05 0.008785 4e-05 0.00866 2e-05 0 4e-05 3.5e-05 4e-05 0.00314 3.5e-05 0 3e-05 3.5e-05 0 0.018255 5e-05 0.00355 0 4.5e-05 4.5e-05 0 0.0017 2.5e-05 6e-05 0 0 0 0 0 2.5e-05 5.5e-05 0 2e-05 4e-05 2e-05 4.5e-05 0.00195 0.000375 0 0.00085 0.000155 0 0 0.002665 0.00187 0
4.5e-05 0.000195 2.5e-05 0.00516 0 0 0.00896 0.013865 3e-05 3.5e-05 0.00035 0.006455 2.5e-05 5.5e-05 0 0 4.5e-05 0.000205 7.5e-05 0 0.00615 0.001975 0 0.00736 0 0 5e-06 2.5e-05 3.5e-05 0 0 3e-05 0.010445 5e-05 0.01198 3.5e-05 4e-05 0.00248 3.5e-05 0.00366 4.5e-05 0 0.00303 0 0 2e-05 1e-05 2e-05 0.00315 0 0 3.5e-05 0.00126 0.0083 0 0 5.5e-05 0.00402 3e-05 0.0003 0 2.5e-05 0 0.014 0 0 0.000775 0 0 1e-05 2.5e-05 1e-05 0.00019 0 0.00474 4.5e-05 0 0 0 0 2.5e-05 1e-05 1.5e-05 0 2.5e-05 0.005425 0.00093 3.5e-05 1.5e-05 3.5e-05 0.002245 0 2.5e-05 3e-05 0 2.5e-05 0 0 0.00469 4.5e-05
0 0 2.5e-05 3.5e-05 0 2e-05 0.003655 0 1e-05 0.006795 1.5e-05 4e-05 0 2.5e-05 3e-05 0 0.01069 3e-05 0 0.00051 0 0 0.002245 0 0.001815 0.00189 0 4.5e-05 4e-05 0 0.00849 2.5e-05 4.5e-05 0 2.5e-05 0.0082 0 0 5.5e-05 0.000885 0 0 0 1.5e-05 1.5e-05 3e-05 4.5e-05 3.5e-05 0 0.002355 3.5e-05 3.5e-05 0.014255 4e-05 4.5e-05 5e-05 3.5e-05 0.006345 0.007505 0 4e-05 0 0.009015 5.5e-05 0.000205 0 0 3e-05 0 0 0 0.003895 3e-05 7e-05 0 3.5e-05 0.009395 0.002915 0 0 0 1.5e-05 0.010585 3.5e-05 0 0 0 4e-05 5e-05 3.5e-05 6e-05 0.000755 0 0 2.5e-05 0.008355 3e-05 0.00223 1e-05 5.5e-05
3.5e-05 0 0.00401 4.5e-05 4.5e-05 0 0 0 3.5e-05 0.00169 0.000125 0 3.5e-05 4.5e-05 0 2.5e-05 0.007485 0 0 4e-05 3.5e-05 0 0.007625 0 3e-05 0.00082 5e-05 2e-05 5e-06 0.00506 0.00073 0.01109 0 0.01038 0 0 2e-05 0 0.00163 1.5e-05 3e-05 0 5.5e-05 4e-05 0 1.5e-05 0.008665 0.000155 4e-05 0.003415 4e-05 5.5e-05 0 4.5e-05 0.005205 0 4.5e-05 2e-05 4.5e-05 0 0 0.000245 0.001645 4.5e-05 3e-05 2.5e-05 0 0.001125 0.00175 0.00561 0.00055 0 0 0 5e-05 0 0 2e-05 0 3e-05 0.001315 0 0.008155 0 4e-05 4.5e-05 0 4e-05 5.5e-05 0 5.5e-05 0.001365 4e-05 3e-05 0 0 0.002135 3e-05 0.00476 0
0 5e-05 0.004975 0 0.005685 0 3e-05 0 3e-05 2e-05 0.00028 0.0001 0 0 4.5e-05 0.002485 7.5e-05 0 3e-05 0 3e-05 0 5e-05 0 3e-05 0 4.5e-05 0.000145 0.00134 1.5e-05 9e-05 0 0 0.00404 1.5e-05 2.5e-05 0 0.00137 0 2e-05 0.00011 0 6.5e-05 0.006065 0.002345 0.001645 0 2.5e-05 3.5e-05 2.5e-05 0 2e-05 2e-05 0.0067 4.5e-05 0.001435 0 0.000105 0 0.000215 0 0.00548 0 0 0 0 0.007565 0 2e-05 0 0.00038 0 0.00024 0.000305 0.001115 0 0.006065 0.00293 0 0.00139 0 0.001105 3e-05 0.004765 0.00943 0.00521 0.000815 0.00946 0 2e-05 0.005365 4e-05 4e-05 3e-05 0 0 1.5e-05 2.5e-05 2e-05 0.002545
0 0.00488 0.00937 0.00068 0 0 0 0.002715 4.5e-05 0 9.5e-05 0 0.002975 0.00018 0 0.00819 0 0.00521 0.00045 0 0.004915 3.5e-05 0 0.00541 1.5e-05 4e-05 0 5e-06 0 0 0 0.011225 0 3.5e-05 1.5e-05 0 0.007075 2.5e-05 0.00206 3e-05 0.006705 0.000155 0.00023 0 0.00149 0.001945 0 2.5e-05 0.00059 0 0 3e-05 0.00935 0 4.5e-05 0 2.5e-05 0.000205 2e-05 0.00212 0 0 5e-05 1e-05 0.00621 2.5e-05 0 0 0.000765 0 2.5e-05 2.5e-05 3.5e-05 0 0.000575 2.5e-05 0.013315 0 0 1.5e-05 0 0 4e-05 4e-05 0 6e-05 0.005265 0.00128 0 2.5e-05 2.5e-05 0.00047 6e-05 2.5e-05 1.5e-05 5e-05 0.006115 3e-05 0 3e-05
5.5e-05 0 2e-05 0 0 0 6e-05 2.5e-05 3e-05 0 0 0 5e-05 2e-05 0.000635 3e-05 0.00021 0 0.003275 0.014755 0 0.00342 0 1.5e-05 0.00132 2.5e-05 0 2e-05 0 3.5e-05 0.00743 7.5e-05 4.5e-05 0.00173 0.00089 5e-05 0 0 0 0 0.01156 0 0.000755 4.5e-05 0.00034 0.010555 5e-05 3.5e-05 0 3e-05 0 4e-05 3e-05 2.5e-05 5.5e-05 0 0.00212 0.004115 0.014005 0.001605 0 0.000175 0 0 0.001395 2.5e-05 1.5e-05 3.5e-05 0 0 0 0.002135 0.004575 0.00037 0.009515 3e-05 5.5e-05 0.015565 0 0 2.5e-05 5.5e-05 0.005785 1.5e-05 4e-05 0.00217 2.5e-05 4e-05 4.5e-05 3.5e-05 0 0.002795 0.00033 0 0 0 2e-05 0 3e-05 0
4.5e-05 4.5e-05 0.00195 0 0.00935 4e-05 3e-05 2.5e-05 0.006795 5.5e-05 0.007935 5e-06 0 1.5e-05 0 0.003025 3.5e-05 5e-05 0 4e-05 0 4e-05 2.5e-05 0 2.5e-05 2e-05 0.00025 0.00291 0.01173 0.00053 0.003065 0.00081 0 4e-05 2e-05 2.5e-05 0.00124 0 0 0 0 0.004885 0 0.001335 0.00886 3.5e-05 0 0.01125 0 3.5e-05 0.001895 3e-05 2e-05 0.007935 0 1.5e-05 1e-05 4e-05 0 0.00616 0.001945 0 0.000845 0 0.004045 3.5e-05 0 2.5e-05 0 0.007305 1.5e-05 2e-05 4e-05 4e-05 1e-05 0.013175 4e-05 7e-05 0.00579 0 9.5e-05 2e-05 0 0 0.00443 0 0.00193 0 0 4.5e-05 3e-05 4e-05 3.5e-05 0 0 0.002165 0 3e-05 0 0.0056
2.5e-05 0.00012 0.00462 0 0.016065 3e-05 1.5e-05 5.5e-05 0.003895 3e-05 0 3e-05 0.0018 0.003295 0 2e-05 0.000155 0 0 1.5e-05 3e-05 0 5.5e-05 4e-05 0.002195 0.00357 0 0.005195 0.012265 2.5e-05 0 0.007335 0.00043 0 4e-05 0 0.00864 3.5e-05 0.005315 2e-05 0.00987 0 0 0 0 0.00021 0 0.00395 0 0 0.00272 3e-05 4.5e-05 3.5e-05 0 1.5e-05 0 0 0.00019 0 3e-05 0.00754 5e-06 3.5e-05 4e-05 5.5e-05 0 2e-05 0 0.00043 0.00077 0 0 0 0 0 1.5e-05 0 3.5e-05 3e-05 0.00014 0.005045 0 0 6e-05 3.5e-05 6e-05 0.003365 0 3.5e-05 0.00488 0 0.000545 5.5e-05 5e-06 0.015685 0 0 1.5e-05 0
0 0 6e-05 0.015035 2.5e-05 3.5e-05 2e-05 0.00521 2.5e-05 3.5e-05 0 0.008355 0 0 3e-05 0 0 0 0 0.00052 0.004365 3e-05 0.000135 0 0.00584 0 2e-05 0.00018 4e-05 4e-05 0.006085 4e-05 1e-05 2.5e-05 0 0.000325 0 0 3e-05 0.016835 6e-05 4.5e-05 1e-05 0.002355 4e-05 2.5e-05 2.5e-05 3.5e-05 0 0.001695 4e-05 2.5e-05 0.00214 0.000795 0 3.5e-05 4.5e-05 0.002875 5e-05 0 1.5e-05 4e-05 2e-05 0.00149 2e-05 0 0 2.5e-05 3e-05 0 0 5e-05 0.000415 4.5e-05 0 2e-05 0 3.5e-05 0 0 0 4.5e-05 0 0 0.00556 0 0 0 0.012115 3.5e-05 0.004815 0.00071 0 0 3e-05 2.5e-05 0 0 4e-05 5.5e-05
3e-05 2e-05 0 0 0 0.0001 2.5e-05 0 0 0.000195 0.00835 0 3.5e-05 0 0 0.00135 0.00138 3.5e-05 5e-05 0.0016 5e-05 0.002575 0 0.00506 3e-05 0 4.5e-05 0 2.5e-05 0.001735 0.01211 5.5e-05 3e-05 0.007095 0 4e-05 0 3.5e-05 0 2e-05 5e-05 0.016385 0.006675 3e-05 0.001915 0 7e-05 0.01219 0.001645 0.00383 2.5e-05 0 3e-05 4e-05 0 0 0 0 2.5e-05 0 0 0.002205 0.000395 0 0.00019 0.00874 4e-05 0 0.000755 1e-05 7.5e-05 3e-05 0 2.5e-05 4e-05 0.003015 0.0109 0.005235 0 5.5e-05 0.00385 0.009395 2e-05 2.5e-05 3e-05 0 2.5e-05 0 0 5e-05 4e-05 0 0 0 0 2.5e-05 0.007175 0 0.000275 0.00022
0 0.001115 0 0 0 0 5e-05 4e-05 7e-05 0.00733 2e-05 4.5e-05 0 3.5e-05 7.5e-05 0.00046 0.008385 0 0.00132 0.00711 1.5e-05 0 0.00105 4e-05 0 2.5e-05 4e-05 0.004905 0.010655 0 5e-06 0 1e-05 0 0 0.00077 0 0.002895 0.002955 0.0033 7.5e-05 0.008565 0 0 2e-05 0 0.00043 4e-05 2.5e-05 1.5e-05 3.5e-05 2.5e-05 0 0 0.001705 3.5e-05 4e-05 0 0 1e-05 0 0.0051 9.5e-05 2.5e-05 0.00013 0 2e-05 3.5e-05 0.021415 4.5e-05 1.5e-05 3.5e-05 4.5e-05 1.5e-05 0.001315 3.5e-05 0 0.00435 0 0 0.01359 0.000865 1.5e-05 3e-05 4e-05 0 0 0 0 0.000355 2.5e-05 0 5e-06 5e-05 4.5e-05 0.001935 0 0 6.5e-05 2e-05
9.5e-05 0.00043 0 1.5e-05 0.001675 0 0 4e-05 5e-05 0.001835 5e-05 2e-05 0.006115 0 4e-05 0 0 0 0.004685 0 0 0 2e-05 0.00013 4e-05 4e-05 0.00387 0.016535 0.00134 0 0.01902 3e-05 0.01218 0.00197 0.00216 3.5e-05 0.00042 0.00015 0 5e-05 4e-05 0 3e-05 0.003515 0.007135 5.5e-05 0.00358 4.5e-05 2.5e-05 0.0023 0.00747 0 0 0 0 4e-05 2.5e-05 0 0 0 0 0.013565 3.5e-05 2e-05 0.00906 1.5e-05 0 0.0012 4.5e-05 0 2.5e-05 3e-05 0 0 0 0 0.00011 3.5e-05 0 0 0.00426 4e-05 3.5e-05 0.00254 0 0.000195 0 0.00473 0.0001 3.5e-05 0 0 0.00064 0.001655 0.00191 4e-05 2.5e-05 5e-05 2e-05 5e-05
0.01356 0.006215 0 0.00554 3e-05 0 0.00511 0 0 0.010885 1.5e-05 0.000105 0.016245 0.00334 0.000165 0 0.001725 5e-05 2.5e-05 0.003125 0 0 0 0 0 2.5e-05 4.5e-05 0.00026 2e-05 0 5e-05 3e-05 3e-05 0 9e-05 2e-05 1e-05 4e-05 0 3.5e-05 0 0 0 4e-05 0 2e-05 0 0.000375 3.5e-05 0.00338 4.5e-05 1e-05 0.000135 0.0074 0 0.00166 0 2.5e-05 7e-05 0 5e-05 0 0 0.013615 4.5e-05 0 2e-05 3e-05 0.00054 9.5e-05 4.5e-05 0.003345 5e-05 0 3e-05 3e-05 2.5e-05 0.006575 3e-05 0 5e-05 4e-05 0.001965 4e-05 2.5e-05 2.5e-05 0 0 5e-05 0 3.5e-05 0 3e-05 0.00383 0.00083 0.00725 3.5e-05 0 0 0
2.5e-05 0.000145 0 0 3e-05 0 0 0 0.00745 5e-05 0.002165 0.000905 0.00364 0 0 0 2.5e-05 0.0002 0 0.002835 0.00273 0 0.003505 0 0 0.00617 2e-05 4e-05 5.5e-05 0.0049 3e-05 0.00041 0.000155 0.014685 0.000225 0 0 0.0002 0.000185 2.5e-05 3e-05 0.002635 2e-05 2.5e-05 0.00091 3.5e-05 3.5e-05 0 0 0 4.5e-05 0.000125 2e-05 1.5e-05 0 0 5e-06 4.5e-05 3.5e-05 4e-05 0.007905 8e-05 0 1.5e-05 0 0.00124 4e-05 0.01549 4e-05 0 0 0.001035 2.5e-05 0.00871 4.5e-05 0 5e-05 0 1.5e-05 0.004165 3e-05 0.002935 0 0.000945 3.5e-05 4.5e-05 4e-05 0 0.000785 0 0.00497 0 0.00475 0.008655 0 0 4.5e-05 5e-05 6.5e-05 0
0.00942 0 2.5e-05 0.005855 0 0 0.00837 4.5e-05 1.5e-05 0 0.00141 2e-05 0 5e-05 0.000135 0 0 0 2e-05 0 4e-05 0.01446 1e-05 0.000595 0 0 0 7e-05 3.5e-05 0.00331 0 0 0 4e-05 0 0 6e-05 0 0 0 2.5e-05 0 0.00151 1.5e-05 0.00366 1e-05 6e-05 0 0.0061 4e-05 0 0 3e-05 0.00078 4.5e-05 0.00056 1.5e-05 1.5e-05 2e-05 4e-05 0.005845 3e-05 0 0.000895 4e-05 0.018165 2.5e-05 2e-05 0 3e-05 0 4.5e-05 0.012505 5.5e-05 4.5e-05 0.00265 0.003685 0 0.01331 0.00829 2e-05 1.5e-05 0 0.00016 3e-05 0 0.00047 3e-05 4e-05 0 0 4e-05 5e-05 0.00849 0 0 3.5e-05 0 0.00551 0.00026
3e-05 4e-05 0 0 0.00506 2e-05 0.00883 0.001275 3.5e-05 0 0 0 3e-05 0.001475 2e-05 3.5e-05 0.000385 0.00661 0.000255 0.00054 0 3e-05 0.001345 0.000545 0 0 3.5e-05 0 0.007965 4.5e-05 0 0.00097 0.001625 0.00897 0 0 0 0.002135 0 0 0.002955 4.5e-05 0 0 3.5e-05 0.00241 0 1.5e-05 0 0.001765 0 0 2.5e-05 0.00036 1.5e-05 0.00869 0 0 0.013115 0.011145 0 4e-05 0 2.5e-05 0 2.5e-05 0 0 0 0.00429 0.009195 0.00998 0.004075 0.01558 0 4.5e-05 0 3.5e-05 0 0.004815 2.5e-05 0 0.0076 1.5e-05 0 0 0 4e-05 0.001465 0 0 3.5e-05 8e-05 3e-05 5e-05 0.004855 0 5e-05 4.5e-05 0.00293
0 0 2.5e-05 2.5e-05 8.5e-05 5e-06 8e-05 0.003015 0 0 1.5e-05 2e-05 0 0 0.00145 5.5e-05 0 0.006285 0 1.5e-05 0.004515 0 0.00684 5e-05 9.5e-05 2.5e-05 4.5e-05 0 0.001505 3e-05 0.00726 0.012795 0.00078 0 2.5e-05 5.5e-05 6.5e-05 0 0 5.5e-05 0 0.0014 0.004875 3.5e-05 3.5e-05 0 3.5e-05 4.5e-05 0.00108 0.00244 0.00162 0.00064 0 0 0.00063 1e-05 3.5e-05 3e-05 0 0 0 0 2.5e-05 0 0.00245 0 0 3.5e-05 0.00128 0 3.5e-05 7.5e-05 0 0 0.00042 3e-05 0.003495 0 0 5e-05 4e-05 0.00609 3.5e-05 0 4.5e-05 0 0 0.00305 1e-05 0 0.000815 0.0023 0.00601 0.000135 5e-05 0 0 1.5e-05 0.00548 0
0.007155 0.00601 0.00574 3e-05 4.5e-05 0.0004 3e-05 0 0 0.00182 5e-05 0 0 0.001175 0.00758 0 0 0.00812 7.5e-05 2.5e-05 0 2e-05 0 0 5.5e-05 2.5e-05 0 3.5e-05 2.5e-05 0 7e-05 0.00036 0 0.003775 0 0.007085 0.000245 0.007835 1.5e-05 2e-05 2.5e-05 0 2.5e-05 2e-05 0.001205 0 0.00013 0 0 0.005375 0 0.009755 5.5e-05 0 0.002655 0 0 1.5e-05 0 0 0.00129 0 1.5e-05 0 4.5e-05 0 6.5e-05 0 0.012535 3.5e-05 0 0 1.5e-05 7.5e-05 2e-05 0 2.5e-05 4e-05 0 0.00151 0.008125 0.004755 5e-05 0 0 4e-05 2.5e-05 0.000845 4e-05 0.000155 0.004025 0.015795 0 0.000245 0.000445 4.5e-05 2.5e-05 0 0 5.5e-05
0 0.000665 0.00028 0 0.00044 5e-05 0.00011 3.5e-05 0.003515 2.5e-05 0 2.5e-05 0.005735 0.000355 0 0 5.5e-05 0.004885 3e-05 0 3e-05 0 5e-05 0 0.0002 3.5e-05 0.005095 0 0 0 4.5e-05 0.003565 0 3e-05 4e-05 0 0.008975 0 0 0 0.011085 2e-05 4e-05 0 4.5e-05 5.5e-05 0.002045 6e-05 2.5e-05 5e-05 0.00291 4.5e-05 2.5e-05 0.000295 2.5e-05 3e-05 0.013705 0.002775 0.007245 0 2.5e-05 3e-05 2.5e-05 0 4.5e-05 4e-05 0 0.000155 0.007285 0 3.5e-05 0.004115 0 4.5e-05 0.000835 6.5e-05 1.5e-05 0 0.00221 0.00138 0 0.00027 0.000245 0 0 0 0 0.007775 0.005925 0 0.00782 0.00165 6.5e-05 5.5e-05 0 0 5e-05 0 0 2e-05
0.002755 3.5e-05 5e-05 2.5e-05 0.00163 0.008365 0 5e-05 0.011835 0 0 0 4.5e-05 4e-05 0 2e-05 1e-05 3e-05 0 0 4e-05 0.010145 0 2e-05 0.00245 0 0.009725 0.000505 0 0.00046 4e-05 3.5e-05 0.00464 0 0.00133 5e-06 2.5e-05 0 3e-05 0 0.000325 4e-05 0 3.5e-05 0.000855 0 3e-05 0.001495 3.5e-05 0 0 3e-05 0 1e-05 0.007155 0 0.00175 6e-05 0 0.004945 0 3e-05 5.5e-05 0 0 3e-05 0 0.000335 4.5e-05 3e-05 0 3e-05 0.0001 0.0005 0 0.011925 0 0.001125 0.012325 9.5e-05 7e-05 5.5e-05 0 0 3.5e-05 1e-05 0 2.5e-05 0 0.00833 3.5e-05 0 0.007865 3e-05 0.004795 0.000325 0 5e-05 0.0001 0
0.00056 0 6.5e-05 0 0 2e-05 0 0 0 0 1.5e-05 0 4.5e-05 2.5e-05 6e-05 3.5e-05 4.5e-05 0 0 0.01039 4.5e-05 0 5e-05 0 3.5e-05 0 0 0 3e-05 4e-05 3e-05 0.01102 0.001915 0.003205 0 4.5e-05 0 0.00268 4e-05 0.000575 0.00204 4.5e-05 0 0 0.00043 0 5.5e-05 4.5e-05 0 3e-05 0.000525 0 2e-05 0 3.5e-05 5e-05 0 3.5e-05 0.014425 0 0.003685 0 0 0.003195 0.00398 0.000815 0.005105 0.000125 0.00411 2.5e-05 0.000255 0.00849 0 1e-05 5e-05 2e-05 0 0 0.015315 3e-05 1.5e-05 2.5e-05 3.5e-05 3.5e-05 0.00148 0.00455 6e-05 2.5e-05 4.5e-05 0.00021 0.002305 2.5e-05 0 2e-05 3e-05 2e-05 0 0.000855 0 3e-05
0 5.5e-05 0.006135 5e-05 0 0 2.5e-05 2.5e-05 0 2e-05 3e-05 0 4e-05 0.000315 0 0 0.00016 0.002885 0.000865 0 0 0 0 2e-05 0 2.5e-05 2e-05 0.003765 0.000295 0.003425 0.000605 0 0 0 2.5e-05 3e-05 0.004065 0.00462 3e-05 4e-05 0 0.008045 0.00022 0 0.00664 0.010285 0.004215 1.5e-05 0 0 0.00442 0.01228 0 0.002245 0.00289 1e-05 0 4.5e-05 0 6e-05 0 0 2.5e-05 0.00398 5e-05 7.5e-05 0.00928 5e-06 0.001815 0 1.5e-05 4.5e-05 2e-05 0 0.001195 0 0 0 0.002785 3e-05 0.00853 0 1.5e-05 4e-05 6e-05 0.00021 0.008555 0.010475 5e-06 0 5e-06 0 0 0.0042 0.002415 1.5e-05 0 5.5e-05 0 0.00331
4e-05 0 5e-05 0.000635 0 0.0027 2e-05 0.006305 5e-05 4.5e-05 0.009865 0.000415 0 0.00035 0 5.5e-05 0 0 0 0 0.005825 2.5e-05 0.00578 0 3e-05 0 0 0 3e-05 0.000645 4e-05 0 4e-05 0.00588 0.003705 3e-05 4e-05 1.5e-05 2.5e-05 3.5e-05 2.5e-05 0 5e-05 5e-05 0.010545 4e-05 0 0 0.00594 0.008925 0 0 0.000115 2e-05 3e-05 0 2.5e-05 0.00248 4e-05 4.5e-05 0.000715 0.00137 0 0.003285 0.000105 0 0 0.005075 0 0.003985 0.006265 1.5e-05 0 0.00029 0 0 2.5e-05 0 4e-05 0 0 0.00553 5.5e-05 0.00556 2e-05 0.010305 0 3e-05 3e-05 3e-05 0 0.002535 7e-05 0.00181 4e-05 2.5e-05 0 0.003055 0 0.00521
0 0 0 0 0.0008 5e-05 9e-05 3e-05 3.5e-05 5e-05 3.5e-05 0 0 0.00307 0.008025 3.5e-05 3e-05 0.00105 0.0016 0 4.5e-05 3e-05 0 2.5e-05 2.5e-05 0 0 0.00043 0.000445 0.00039 6.5e-05 7.5e-05 0.007515 0 0.002635 0.012075 0.008425 0 3.5e-05 0.00512 0 0 4e-05 0.00019 0 0 0 0 3e-05 2.5e-05 0.018365 5e-05 0 0.00681 2e-05 3.5e-05 0.004355 0.000365 4e-05 2e-05 2e-05 0 5e-06 3e-05 0 0 2.5e-05 5.5e-05 0.009505 4e-05 0 0 0.01346 0 2.5e-05 3.5e-05 0.007855 0 0.01083 3e-05 0 0.00263 0 0.005275 3e-05 2.5e-05 0.000885 0 0 0 9.5e-05 0 0.0041 0.000785 1e-05 0.003215 0.011895 0 5e-05 3.5e-05
0.002115 0 1.5e-05 0 3.5e-05 0.00546 0.00894 0.00039 3e-05 2e-05 3.5e-05 0 2e-05 3e-05 0 3.5e-05 3.5e-05 2e-05 0.005965 0 0.00046 0.00726 0 0.0032 4e-05 0.00368 0.001245 0 0 2e-05 5.5e-05 1.5e-05 0 0 0.00719 0 3e-05 5e-06 4e-05 0.01016 0 6.5e-05 2e-05 0 0.000865 0 4.5e-05 1.5e-05 0.003355 0 0 1.5e-05 0 0.01146 0 0.000595 2e-05 0.002305 0 0.002645 0 0 0 0 0 0 0.00011 0.00673 2e-05 0 0.00342 0.00018 7e-05 0.012725 0 1e-05 3.5e-05 4e-05 4e-05 0 4e-05 3e-05 4e-05 0 0 0 0.003775 3e-05 3e-05 0 0.003005 5e-05 3.5e-05 0 4e-05 3e-05 0.000455 0 2.5e-05 2.5e-05
0 1.5e-05 4.5e-05 0.00247 0.000545 4e-05 0 5e-05 4e-05 0 0 0 2.5e-05 0.008685 0 0.003075 0 4.5e-05 0 1.5e-05 6.5e-05 0 0 2e-05 0 2.5e-05 6.5e-05 0.00805 3.5e-05 0 0.01014 0 3.5e-05 2e-05 2.5e-05 3.5e-05 0.00279 0.001995 0 5e-05 0 0.001895 6e-05 0.011845 4e-05 0 4e-05 3e-05 0.00292 0 7e-05 0.00062 0.000895 0.000125 2.5e-05 4e-05 0 0 1e-05 0 0 4.5e-05 4e-05 0 0 0.005975 0.0066 5.5e-05 0.00604 0 3e-05 0.000875 5e-05 2.5e-05 0.0001 3.5e-05 4e-05 0.00853 0 0.003195 0.00155 0 1.5e-05 0.001125 0.002065 0.007605 0 0.000345 0 0.001045 0.00223 0 9.5e-05 0 0 0 0 1.5e-05 2e-05 2.5e-05
0.00185 5e-06 0.0022 6e-05 0.004825 0 0.002895 0 1.5e-05 0 0 0.00178 0 6.5e-05 0.000135 1e-05 3e-05 3.5e-05 0 0 5.5e-05 0 2.5e-05 1.5e-05 0 0 0.001025 0 0.004595 2e-05 4e-05 0.009065 0 2.5e-05 0.00044 0.00451 0 3e-05 0 0 1e-05 2e-05 0 0.004625 0 0.01242 0 0.00177 0.00722 0.004805 0 5.5e-05 0 0.000555 0 0.001485 5e-06 0 2.5e-05 0 0.0053 2.5e-05 3.5e-05 0 0.0006 0.009735 5e-05 5e-05 0 0 0 0.001535 0.00026 0 2e-05 4.5e-05 0.00243 0 0.00011 3.5e-05 0 7e-05 6e-05 0.000825 0.00028 3e-05 4e-05 4e-05 3.5e-05 0.002905 0.000745 0.000965 0 2.5e-05 2.5e-05 0 0 0 2.5e-05 0
0.011725 0 0.001785 0 0.003795 3.5e-05 2.5e-05 0.000265 0.00013 0 0.00478 3.5e-05 4.5e-05 2.5e-05 0 0 0.01135 3e-05 0 5e-06 0 3e-05 0.00297 0.016035 0 0.001525 0.00568 0.00021 0 4e-05 0.00061 0.000355 0 0 0 4.5e-05 0 4.5e-05 0 4e-05 3e-05 0.0007 0.0002 0 3.5e-05 0 0.006655 3.5e-05 2.5e-05 0.00304 3e-05 3e-05 2.5e-05 0 0 0 0.00052 0.000745 0 0.00168 0 0 3e-05 0 0 0.00036 3e-05 0 2e-05 3.5e-05 0 0 0 0 0 0.005815 0 1e-05 1e-05 1.5e-05 0 0 0.00104 0.002325 0.00767 2e-05 0.002825 0 0.004095 0 3e-05 2e-05 3.5e-05 0.001295 2e-05 2.5e-05 0.01048 3.5e-05 0.01169 3e-05
7e-05 0.00038 0 4e-05 0 5e-05 0 0.00368 0 3.5e-05 4.5e-05 0.0023 0.01571 0.004345 0 4e-05 0 0 0.001195 4e-05 0.000115 0.006125 0.00659 0 1.5e-05 3e-05 0 4.5e-05 0.005235 0 4e-05 3.5e-05 0 1.5e-05 0 3e-05 4e-05 0.00045 0.00287 2.5e-05 5e-05 2e-05 3.5e-05 0 0.000205 0 0.00222 0 5e-05 0 5e-05 0.002745 5.5e-05 0.009925 5e-06 0 0 0 2.5e-05 0 2.5e-05 5e-05 4.5e-05 2.5e-05 0.008155 0 0 6e-05 0 3.5e-05 0.00365 7e-05 5e-05 0.008615 0.015275 1.5e-05 0.003585 0 0 0.001935 0.000765 0 2e-05 0.005895 2.5e-05 2.5e-05 0.000155 0 0.009815 0 2e-05 0.000985 2.5e-05 0.001635 3.5e-05 0 0 3e-05 0 2e-05
0 2e-05 0.000405 2.5e-05 0 0.00548 4.5e-05 0 2.5e-05 0.000275 4.5e-05 0 4.5e-05 2e-05 0.002675 0 0 4e-05 0 2.5e-05 0 6e-05 0 2.5e-05 4e-05 9.5e-05 0 0.00019 0 0.01924 0.00084 0 3.5e-05 0.000835 0 5e-05 2e-05 0 0.00024 0.00098 0 0 2.5e-05 2.5e-05 0 0 0.001125 0.00249 0 0.001405 1e-05 0 5.5e-05 0 0 0.00016 2e-05 0 0 3.5e-05 0 0.013735 0.00657 5.5e-05 0 3e-05 7e-05 2.5e-05 2e-05 2e-05 2.5e-05 2.5e-05 3.5e-05 4e-05 0.000265 0.006085 0.00086 0.003515 0 5e-05 0.00934 0 0.00266 0 0.00249 0.00225 3.5e-05 3e-05 1e-05 1.5e-05 0 0 2.5e-05 0 3.5e-05 0 5e-06 1.5e-05 4e-05 0
0 3.5e-05 0.00022 0 4e-05 0.01272 0 3.5e-05 0 0 0.009185 0 2e-05 0 0 0.0002 0.000785 8.5e-05 0.002065 0 1.5e-05 0.000305 4e-05 1.5e-05 3e-05 0 0.005935 0.0027 0.003825 0.009785 0 0.000225 2.5e-05 0 0 3e-05 1e-05 2.5e-05 0 0 3.5e-05 0.012565 6e-05 2e-05 0 0.00019 0.00126 3e-05 0 0 0.003155 0.00069 0 0 0 1.5e-05 1e-05 3.5e-05 3e-05 4.5e-05 0 0.00068 3e-05 0.000185 0 0.005235 5.5e-05 0.00044 5e-05 3e-05 2.5e-05 1.5e-05 0 0 0 0.014685 5e-05 0.00493 0 0 0.00523 0.01091 4e-05 0 4.5e-05 0 0 5e-05 4e-05 1.5e-05 3e-05 3e-05 3.5e-05 0.00188 0 2e-05 0 0 0.001245 0.01436
2e-05 2e-05 0 0.00099 0 0.00536 0.00973 0.01274 0 3e-05 6e-05 9.5e-05 2e-05 3.5e-05 2e-05 0 0.002625 2e-05 0 0 0 0 0 2.5e-05 3e-05 4.5e-05 5e-05 0 8.5e-05 0.00126 0 0.009015 5.5e-05 6.5e-05 0 3e-05 5e-05 5e-05 0 0 0 3.5e-05 8e-05 0.00876 0.0013 4.5e-05 0 3e-05 5.5e-05 0.00392 0.003865 4e-05 0.00535 0.00203 0.00051 0.000575 0 0.00596 0.00492 0 3e-05 0.001995 0.000795 0 0.006555 4.5e-05 0 0 0 0.0111 0 0.006145 0.00513 0.00611 0.00043 0 2.5e-05 0 0 0 0 2.5e-05 0 0.0016 0 3.5e-05 0 0 0 0.00321 2.5e-05 5.5e-05 3e-05 0 3e-05 0 0.011 0 4e-05 0.00551
4e-05 0.00292 0.000555 0 0.00516 5e-05 3e-05 0.00064 0 0.00072 5.5e-05 0 0.000285 3.5e-05 0 0.00175 0 3e-05 4e-05 0 0.00024 4e-05 0 0 4e-05 0 0.015035 0 0.00539 3.5e-05 8.5e-05 4e-05 0.0104 0.00072 0 0.000215 0.00067 0 0 0 0 2.5e-05 2.5e-05 0 6e-05 0 0 7e-05 4.5e-05 0 1.5e-05 3.5e-05 0 0.002865 0.00017 0 0.00831 0.002475 0.00265 0.00141 4.5e-05 0.00642 2e-05 2.5e-05 0 2.5e-05 0 0.000495 0 0.00123 2.5e-05 0.004275 0.00302 0 0 3.5e-05 0 2.5e-05 8.5e-05 4.5e-05 0.0055 2.5e-05 0 0 7.5e-05 3e-05 3.5e-05 0 0 3.5e-05 0.00501 0 0.00351 4.5e-05 6e-05 0 3e-05 0 4.5e-05 0
0 4e-05 3.5e-05 3.5e-05 0 0.00679 0.01113 0 0 7e-05 0.001635 0 2.5e-05 4e-05 0.00036 2.5e-05 0.009295 4e-05 0.00754 0.00384 0.001805 0.00896 0.00023 0.00201 2.5e-05 0 0 1e-05 0.00606 0 0.00611 2.5e-05 0.001165 0 0.00014 3.5e-05 0.006795 0.004685 4e-05 0.000895 0.00028 0 0.01058 3.5e-05 0.00127 0 1.5e-05 4e-05 0.001905 4.5e-05 0 2e-05 0.007645 0 4e-05 0 0 0 0.003885 0.00306 0.003805 2e-05 0.00162 0.001305 3.5e-05 0.00492 0 0 0 0.00265 2.5e-05 0 0.00504 1.5e-05 0 0 0 0 0.010985 3.5e-05 3.5e-05 0 0 1e-05 0 3e-05 0 0.002515 0 4e-05 4e-05 5e-06 0 0 4.5e-05 2e-05 0 7.5e-05 6e-05 0.00465
0 0.007525 0 4e-05 0 0 0.006765 0.007285 5e-05 0.012295 0.000925 3e-05 3.5e-05 2e-05 0 0 0.00306 3.5e-05 3e-05 0 0.00629 0 0.0007 0.000135 2.5e-05 4e-05 0 4.5e-05 3.5e-05 5e-05 3e-05 2e-05 0.001435 3.5e-05 0 0 0.00473 5.5e-05 1.5e-05 0.01412 0 2e-05 0.00016 0 3e-05 4e-05 3e-05 0 3e-05 3.5e-05 0 3e-05 0.00595 0.004205 0.00416 0.00658 0 5e-05 0.00038 0 5.5e-05 0 6.5e-05 0.01013 0 0 0 4.5e-05 0 0 0 0 0.003975 0.00399 1.5e-05 0 4.5e-05 2.5e-05 0.000375 0 1e-05 3.5e-05 0.00581 4.5e-05 3.5e-05 2e-05 4e-05 3e-05 3.5e-05 0 0.00088 0 0 3e-05 0 3.5e-05 4e-05 0.001 0 0
4e-05 0.00861 0 0.004075 3e-05 0 0 0.01003 0 4e-05 0.004575 0.00241 0 0 0 0.00463 0 0 0 0 0.002065 0.002575 3.5e-05 0.0003 2.5e-05 0 0 0 4.5e-05 2.5e-05 0.000305 3.5e-05 0.00029 3.5e-05 5e-05 5.5e-05 0.008675 2e-05 3.5e-05 0 0.006585 2e-05 4.5e-05 0 0.00013 0 0.002965 6.5e-05 0 3.5e-05 5e-06 3e-05 0.002285 0 0 0.010225 0 0.015245 0 0 0.002425 0.00582 0 1.5e-05 4e-05 0 0.005085 2.5e-05 2e-05 0.002665 5.5e-05 0 0.00067 0.00195 0.00255 3e-05 0.004935 0.002105 0 2e-05 0 0 0.00161 0.00421 0.00124 0.00346 0 0.009205 0 3.5e-05 2e-05 5e-05 0 0 4.5e-05 0 4.5e-05 5e-05 0 0
0 0.00065 0.00084 0.019735 0 0 5e-05 2.5e-05 0 4.5e-05 0.001515 0.00829 0.00122 0.005565 0 0.00208 4e-05 8e-05 0.00152 3.5e-05 0 0 4e-05 0 0.01164 0 0.005805 0.000615 0 5e-05 6.5e-05 0 2e-05 3.5e-05 2.5e-05 2.5e-05 3e-05 4.5e-05 0 3.5e-05 5e-06 3e-05 2e-05 0.014075 4e-05 0 3.5e-05 0 3e-05 0 3e-05 0 0.01527 3e-05 0 4.5e-05 0 1e-05 0 5e-05 2.5e-05 0 4e-05 0.011565 0 0 0.002145 0 3e-05 0.007435 5e-05 0.000225 0 2.5e-05 4.5e-05 0.00019 0 0.004555 0.014045 0 2e-05 0.000135 3e-05 0 0.000535 0 0.00015 2e-05 0.01204 0.00701 4e-05 5e-05 6e-05 0 0.002895 4e-05 0 2.5e-05 2e-05 0
0 0 0 0.00833 0.00447 4.5e-05 0.00119 0 6e-05 0 5e-06 0 5e-05 0 2e-05 0.002295 0.000205 2.5e-05 0.00077 0 1e-05 3e-05 2.5e-05 1.5e-05 0.006485 0 0 0.01075 0 0.002595 0.003735 1.5e-05 6.5e-05 1.5e-05 1e-05 1.5e-05 4.5e-05 0.003365 4.5e-05 0 0.00016 0 3e-05 0.01148 0 0.004825 6e-05 3.5e-05 0.003155 0.00145 3.5e-05 0 0 0.000185 0 0 0 0 3e-05 5e-05 3e-05 0 0.00021 4e-05 0 0 0 6.5e-05 0 4.5e-05 0 0 3e-05 3.5e-05 0.010625 0.00332 0 0 0 0.00178 2.5e-05 5e-05 2e-05 0.007835 0 0.01291 0.00224 0 3.5e-05 0.000145 4e-05 0 0.000585 0.004915 0 3.5e-05 0 0.00119 5e-05 0
3.5e-05 0.00415 0.00987 0 0.000205 0 3.5e-05 0.00337 0 4e-05 0 0.008445 2e-05 0 3e-05 0 0 3e-05 0 4.5e-05 0.002275 0.001555 4e-05 0.008985 0.003255 0.006655 0 0.004125 0 3.5e-05 0 0.00086 0.00318 0.0002 1e-05 9e-05 0.00498 5e-05 0.00363 0 0 0 0.002285 0.006785 0 2.5e-05 0.00062 0.00054 5.5e-05 3.5e-05 2e-05 3.5e-05 3.5e-05 1e-05 0 0 0.00095 0.0082 1.5e-05 0 0.004255 0 0 3e-05 4.5e-05 0.00523 0.000215 0.000265 2.5e-05 0.011615 0.00144 0.001275 0.001925 0 3.5e-05 2.5e-05 0 0.001635 3e-05 0 0 0.00056 0 3.5e-05 0 0 0 0.009825 6.5e-05 0 2.5e-05 0 4e-05 0 0.00018 0.000155 0 0 0 0
2e-05 2e-05 0.002955 0 0 0.008105 4e-05 0 0 0.00032 1e-05 0.00286 0 4e-05 0.01341 8.5e-05 3e-05 1.5e-05 2.5e-05 0 0 3e-05 0 0.00915 5.5e-05 3e-05 2.5e-05 5e-05 5e-06 0 0.001015 3e-05 3e-05 0.00102 0 0.00631 0 0 0 0 3.5e-05 0 3.5e-05 3e-05 0 3e-05 3.5e-05 0 0.000135 0 0 4e-05 0.00184 0 0.001755 0.01051 2.5e-05 0.013905 3.5e-05 0 0 0.00209 0 3e-05 0 0.00056 1.5e-05 0 0.00583 1.5e-05 1.5e-05 3e-05 0 0.00089 9.5e-05 3e-05 0 0 0 0 0 2e-05 0 0.000185 0 0.00041 5e-06 0.001825 3e-05 2.5e-05 0.00039 0.01645 3.5e-05 1.5e-05 2e-05 2e-05 2e-05 0.00031 0.00137 6.5e-05
0 0 0 2.5e-05 0 0 2.5e-05 4.5e-05 0 2e-05 0.00513 0 1.5e-05 6.5e-05 0.0013 0.00453 5e-05 0 3e-05 1.5e-05 0 2.5e-05 5e-05 6e-05 0 2e-05 1.5e-05 0.00015 0 2.5e-05 0.00068 0.00025 0.000885 3.5e-05 0 2.5e-05 0.000275 3.5e-05 0 2.5e-05 0 0 2e-05 0.00976 0.000225 0 0.00929 0 1.5e-05 2.5e-05 2.5e-05 0 0 0.011455 0.000695 3e-05 0 0.001745 0 0 0 0.00013 1e-05 2e-05 0 7e-05 0.012175 3e-05 5.5e-05 8.5e-05 2.5e-05 2e-05 0 4.5e-05 0 0.00612 0.004285 0 0 3.5e-05 0 0 0.002005 5e-05 0.000125 0.00154 0.00013 0.006375 0 7.5e-05 0 3e-05 0 2e-05 0.002575 0.005325 0.003205 0 0 0.01056
0.002295 4e-05 1e-05 0 2.5e-05 0 0.001345 4e-05 0 4.5e-05 0.001515 0.01025 0.0148 0.012175 4.5e-05 0 0 0 0.00052 3e-05 0.004785 0.003795 0 0 0.01633 0 0.001115 2e-05 5e-06 0.000655 2e-05 0 2.5e-05 4e-05 0 3.5e-05 2.5e-05 2e-05 0 2.5e-05 0 0.001315 0.002265 0.01569 2e-05 2e-05 0 2.5e-05 0 0.006865 0.000155 0 0 1.5e-05 0 5e-05 1e-05 0 0 1.5e-05 5e-05 0 2.5e-05 0.00155 4.5e-05 0 0.00035 0.00052 5e-05 8.5e-05 0 0 1.5e-05 0.00026 0 4.5e-05 0 0.001445 0.00542 0.00195 1.5e-05 0.006575 0 0.000745 0.00607 4.5e-05 0.001935 0 0.009655 0 0.001185 3.5e-05 0.004345 5e-06 0.000165 4e-05 0 0 0 0.000785
0 0.00049 0.00165 4e-05 0 3e-05 0 0 0.001315 2e-05 0 0 5e-05 0.00766 2.5e-05 1.5e-05 3.5e-05 0.0095 0.001065 7e-05 0 2.5e-05 0 0.00424 0 0.007615 0 3e-05 0.000305 0 4e-05 0.006865 0.00078 0.0093 0.00085 0.008025 4e-05 4e-05 0 0 0.00065 0.00438 0.0094 0 0.000995 2.5e-05 0 0.002995 2.5e-05 0 3.5e-05 0.00472 4.5e-05 3e-05 0.00151 0 5e-06 2.5e-05 0.00988 1e-05 0 0.003805 0 4.5e-05 0 4.5e-05 0 0 2e-05 0 0 0.008535 0 0 2.5e-05 0.00077 3e-05 1.5e-05 3.5e-05 1e-05 0 0 0.010585 0 3.5e-05 1.5e-05 3e-05 4e-05 0.000285 0.002865 0.002325 0 0.001445 3.5e-05 4e-05 5.5e-05 0 3e-05 0 0.006585
5.5e-05 5e-05 0 0 2e-05 0.00659 6e-05 0.00421 0 0.00014 0 0 2.5e-05 0 0.00858 0.000525 0.000495 0.001675 0 3.5e-05 2.5e-05 0 1.5e-05 0.0048 0 2.5e-05 3e-05 2e-05 0.004835 0.00037 0 0.00607 0 0.00014 3.5e-05 3.5e-05 0 0 0 0 3e-05 0.008415 0.00516 2e-05 0.01724 3.5e-05 0.00012 0.000375 0.002255 0 4.5e-05 0 3e-05 2e-05 0.001865 0.00531 5e-06 2e-05 0.001445 0.003995 0 0.008475 0.004945 0.0057 2e-05 2e-05 0 0.00297 4e-05 0.001085 0.000825 3e-05 4.5e-05 2.5e-05 2e-05 0 0 0 2.5e-05 1e-05 0.00347 0.00876 6.5e-05 0 0 0.00194 0 3e-05 2.5e-05 0 0 0 3e-05 0 0 0 0.00325 3e-05 0.000345 0.01429
4.5e-05 0 0.004195 4.5e-05 0.004165 4e-05 3e-05 3.5e-05 0.000525 0 0 0 0.0004 0 0 0.001355 0.002965 0 0 0.000105 2.5e-05 4.5e-05 0 0.00024 0.004225 0 4e-05 3e-05 0.0013 0.002265 0 0 0 0.004915 2e-05 6e-05 0.004725 0.00728 0.01504 3.5e-05 0 0 0 2.5e-05 0 0 0.00041 2.5e-05 0.005955 4e-05 0.000935 0.00527 0 0 1e-05 0 0.00375 3.5e-05 0 0.002655 0.002215 0.000175 2.5e-05 0 7.5e-05 4e-05 0.0043 0.00119 3.5e-05 0.000675 0.00986 0 5e-05 0 0.000875 1.5e-05 0 0 4e-05 0.001435 0.002695 0.00172 0 3.5e-05 3.5e-05 0 0 0 0 2e-05 1e-05 0.00427 0.002275 6.5e-05 0.0028 0 3.5e-05 2.5e-05 0 0
0.00637 0.003525 0 0 0.003355 4e-05 0.00044 0 0 4.5e-05 2.5e-05 3.5e-05 0 0 0 0 0.00656 0.00848 0 0 0.00242 3.5e-05 0.0003 0 3e-05 4e-05 0 5e-05 0 0 0.00466 0.01157 0 0 0.004965 4e-05 0 0.00342 0.003835 0 0.00276 0 0 0 4e-05 5e-06 0.002295 3.5e-05 0 3.5e-05 0.001375 0 0.006125 0.002425 3e-05 0 1.5e-05 0.000705 0.0037 0.010875 0 0 0 0.000925 0.00066 4.5e-05 0 3.5e-05 0.00033 0.00561 4.5e-05 0 0 0.00329 0 3e-05 0.00039 0.00563 0 0 0.00037 0 0.00027 0 3.5e-05 0 3.5e-05 0.005265 0.0004 0.00408 0.00312 0.001215 0 2e-05 6e-05 0 0.00154 5e-06 0.000185 3.5e-05
0 0 2.5e-05 2.5e-05 3.5e-05 3.5e-05 0.000785 0.00013 0 0.00011 0 2.5e-05 0 0 0.000675 3.5e-05 0.012665 4.5e-05 0.00639 0 2e-05 0.007705 0.001055 0.00265 5e-05 0 0 4e-05 7.5e-05 0.001885 0 5e-05 0.000355 2.5e-05 0 0 0 0.0045 4e-05 0.005915 0.00622 0 0 0 0.00596 0 2e-05 4.5e-05 3.5e-05 3e-05 2e-05 3e-05 0 0 5.5e-05 0 5e-05 0.002285 0.000105 0 0 0 0.01161 0 0 2e-05 0 0 5.5e-05 0 0 5e-05 4.5e-05 0.00416 0.009715 1.5e-05 3.5e-05 0 0.00119 0 2e-05 5e-05 0 0.00115 2.5e-05 0.00023 0.003115 0 2e-05 2.5e-05 4.5e-05 0 0 2.5e-05 3.5e-05 0.00072 0.00454 0.004465 3.5e-05 0
0.0061 0 0.00561 4.5e-05 4e-05 0.00435 0 0 0.00908 3.5e-05 0.00079 2e-05 0 0.00221 0.000665 0 0 0 0.00032 0 0.009975 4e-05 0 2.5e-05 1.5e-05 4.5e-05 0.00646 0 0 4e-05 0 0.00209 0.00196 3e-05 3e-05 0 0.002335 0 0.00411 0 4e-05 0.00088 2.5e-05 0 0.00126 0 0.00807 3.5e-05 3e-05 0 0.00014 0 3e-05 3e-05 0 2.5e-05 1.5e-05 0 2.5e-05 0 0 0 0 1.5e-05 5e-05 0 0 0.00383 5e-06 2e-05 0 3e-05 0 2e-05 2.5e-05 0 0 2e-05 0.00939 4e-05 2.5e-05 0.00199 4e-05 2.5e-05 0 2e-05 0.008555 0.00123 4e-05 0.005395 2e-05 0 0.002855 0 0.000375 3.5e-05 0.0031 3.5e-05 0.01363 1e-05
0 4e-05 0 0 1e-05 0.00428 0.00563 0 0.01173 0.000255 0.000395 3e-05 1e-05 0.009875 2.5e-05 4e-05 0 0 0.005835 2.5e-05 4.5e-05 0 0 0 0 3.5e-05 0 5.5e-05 9.5e-05 0.005 0 0.004005 0.00243 2e-05 4e-05 0 2e-05 0.00583 0 3e-05 0 9e-05 5e-06 9.5e-05 0 0 2.5e-05 0 0.004575 0.00163 0 0.015955 4e-05 0 2.5e-05 1.5e-05 0 1.5e-05 0 0.003135 0.00764 1.5e-05 2.5e-05 0.0001 5.5e-05 0.00043 0.00152 0.013955 0 0 0 3.5e-05 0 2.5e-05 0 0.012805 4.5e-05 0 0.00425 0 5e-05 0.00662 2.5e-05 0.00529 0 0.002205 0.003535 3.5e-05 4e-05 0.00271 1.5e-05 2.5e-05 3e-05 0 4e-05 5.5e-05 0 4e-05 0 0.008815
1e-05 0.007825 0 0 4e-05 3e-05 3.5e-05 0 3e-05 2e-05 2e-05 0.00291 0 0 0.004315 0.005965 0 2.5e-05 0.00015 0 0.00615 2.5e-05 0.00054 4.5e-05 2e-05 0 3.5e-05 0.00106 6.5e-05 2.5e-05 0.00816 1.5e-05 0.000185 1.5e-05 0.008655 0 0 0.000905 0 0 0 1.5e-05 2e-05 0 2.5e-05 1.5e-05 1e-05 0 2.5e-05 2.5e-05 3.5e-05 3.5e-05 0 0.017695 0 0.000635 0.00018 0.02035 3e-05 0.00431 6e-05 3e-05 0 0 0.00395 0 2.5e-05 1.5e-05 7e-05 0 0 2e-05 9.5e-05 0.000185 0.01598 3.5e-05 0 0 3.5e-05 0 0.00639 0 2e-05 9e-05 0.016615 0 5e-06 0.00935 4e-05 3.5e-05 0.013845 0 3.5e-05 0 2e-05 3e-05 2e-05 0.008895 2.5e-05 1.5e-05
0 0.004395 0 7.5e-05 0 0.000615 0.00017 0.002335 0 0 0.000475 0 0.01227 3e-05 2.5e-05 0 0.00502 0.00756 4e-05 0.00394 0.005805 0.00014 0 0 0.002215 0.00018 0.00304 0 4e-05 1e-05 6e-05 0 0.009595 0 3.5e-05 0 0 2e-05 2e-05 1.5e-05 0.00119 1e-05 0.001065 1.5e-05 2e-05 4e-05 0.0012 0 0.00759 3e-05 0.00096 0 0 5e-05 4.5e-05 5e-06 0.003505 3e-05 0 0.006275 0 3e-05 0 0 1.5e-05 0.00125 0.000135 0.00659 0.00227 0.002005 0.000275 0.005765 0 0.004285 2e-05 0 0 0.002345 0 2e-05 0 0.0004 0.003155 0 0 0.000225 0.00116 0.0062 1.5e-05 3.5e-05 0.00099 0 0 0 0 0.00053 3e-05 4e-05 8.5e-05 0
0 0 3e-05 3e-05 0.008975 2.5e-05 0.011415 1.5e-05 0.000435 0 4e-05 0 0 0 5e-05 3e-05 0.007805 0 0 0.002445 1.5e-05 0.01011 0.000155 3.5e-05 0.000835 0 0 0.00077 3e-05 9e-05 3.5e-05 1e-05 0 0.010455 0 3e-05 2e-05 0.000655 0.00552 0 0.00138 0.00028 0 0 0 0 4.5e-05 0.006795 6.5e-05 0 0 3e-05 1e-05 6e-05 3.5e-05 0.002035 0 4.5e-05 0.002945 6.5e-05 3.5e-05 0 0.014565 3.5e-05 0.000335 5e-05 0 0 0.00693 3e-05 0.015545 0 5e-05 0.004315 0 0 0 0 2.5e-05 3.5e-05 4.5e-05 0 0.000185 0 5e-05 0.005125 4.5e-05 3.5e-05 4.5e-05 0.001235 0 4.5e-05 0 0.005695 3.5e-05 0.01203 0 0 0.0023 0.003305
2e-05 0.001675 0 0.006235 3.5e-05 0 4e-05 0.004555 0 5.5e-05 0.0004 0.000145 0.010745 4.5e-05 4e-05 1.5e-05 0.000285 0.000425 9e-05 3e-05 0.003505 0.001775 3.5e-05 0.00037 0.00074 3e-05 0.000365 3.5e-05 0 0 6.5e-05 0 0 4e-05 3.5e-05 3e-05 3.5e-05 4.5e-05 0 0 0.003925 2.5e-05 0.005545 0.00504 9e-05 0 0.000855 0 3.5e-05 0 0.001955 0.00993 0.001035 0 0.00851 5e-06 1.5e-05 4.5e-05 0 0.00484 0 2.5e-05 4.5e-05 0.01352 2e-05 0 0.00034 0 0 0 4e-05 0 2e-05 0 0 0 0.000725 0 0 0 0 0.01197 0 5e-05 4e-05 2.5e-05 0 0.001325 0 0.007865 0 4e-05 0 0 2.5e-05 2.5e-05 0.0019 5e-05 0.000585 0
2.5e-05 0 5e-06 0 0 2.5e-05 0.003555 0.000225 5e-05 0 0.00181 3.5e-05 4e-05 0.00488 0 2.5e-05 0.000335 0.01055 0.013525 4e-05 0 3.5e-05 0.000135 0.00058 0 0 0 0 0.007985 0 0.00614 0 3e-05 0 0.004405 2e-05 3e-05 0.003535 0.002165 0 5e-06 0 0 0.00191 0.00568 0.0027 3e-05 3.5e-05 0.003265 0.004105 0 0 0 0.00011 0 0.009335 0 0.00091 0.00126 0.008215 0.008995 0.004895 0.00127 0.00584 0 6e-05 0 0.001635 2.5e-05 0.008185 1e-05 0 4e-05 0.006755 0.00209 1.5e-05 0 0.00595 0 0 4e-05 0 0 0.00996 0 0 0.005825 2e-05 0 0.000695 0.000285 0 3.5e-05 0 3.5e-05 0.000375 0.006735 0 3.5e-05 1e-05
5e-06 0.00181 0 3e-05 3e-05 0.01161 3e-05 0.00265 2.5e-05 0 0 5e-06 3e-05 6e-05 0 0.00193 0.01468 0 0.01227 0 0 1e-05 0.007445 0.000775 0 3.5e-05 5e-05 0 0.007295 0 0.018795 0 3e-05 0 0.00546 3e-05 0.0063 0 1.5e-05 0 0 3.5e-05 0.00066 0 0.00714 0 0.010575 0.000755 3.5e-05 0.00128 3.5e-05 0 0 0.000125 0.00226 2e-05 4e-05 3.5e-05 0.003985 5e-05 0.00013 0.00084 0.005225 0.00043 3e-05 0 1.5e-05 1.5e-05 0 0 4e-05 0 2.5e-05 0 4e-05 3e-05 0.00015 0.0095 3.5e-05 0 0.004555 0 0.003875 3.5e-05 6e-05 0 0.00145 0 2.5e-05 0.000765 0 0.00185 0 0 0 2e-05 0.000255 5e-06 0.00362 0
0 0.003825 0 3e-05 9.5e-05 0 0.000885 0 3.5e-05 0 7.5e-05 0 2.5e-05 0 0.00013 0.000325 0.011015 0.000765 0 0.009725 0 0.00148 3.5e-05 0 1e-05 0 4.5e-05 0.000745 0.000735 6.5e-05 0.001105 0.00125 2e-05 0.000455 0 0 0.001545 4e-05 0.001805 3.5e-05 0.00508 5.5e-05 0.01016 0 0 0 0.01068 0.002545 1.5e-05 4e-05 2.5e-05 1.5e-05 5e-05 0.00207 0.00153 2.5e-05 0.000165 0.003095 0.005385 0 0 0 0.00116 0 0 0 0.000405 5e-06 0 4.5e-05 4.5e-05 0.000105 0.007855 2e-05 0 4e-05 0.009455 0.012195 0 1.5e-05 0 0 0.000725 2.5e-05 0.000195 2.5e-05 3e-05 0 0 4e-05 0 3e-05 2.5e-05 3.5e-05 0 0.002045 0 0 2e-05 0
0.01426 3e-05 4.5e-05 0 3e-05 0.000495 0.000665 0.00139 4.5e-05 0 3.5e-05 0 0 1.5e-05 0 1e-05 0 0.00638 0 0 8.5e-05 0 2e-05 0 6.5e-05 0 0 3e-05 0 0 3e-05 0 0 3e-05 7e-05 2e-05 0.00117 0.013095 0.000465 0 0.006535 2e-05 3e-05 0 0 0.00163 6.5e-05 5.5e-05 0 5.5e-05 0.009615 0.005165 0 0 3e-05 0.00191 0.000225 2.5e-05 2.5e-05 0.01325 0.003405 0 3e-05 0 2.5e-05 2e-05 0 0 0.001065 2e-05 0 0 3e-05 0 0.00867 0.00254 0 5e-06 0.005015 0.001325 4e-05 1.5e-05 0 0.00506 0 3.5e-05 0.011495 0.000525 3.5e-05 0.00735 0.006325 0 0.00049 0.00164 0.00831 3e-05 0 2.5e-05 0.00292 0
0 0.00225 0 0.00512 4.5e-05 2.5e-05 3.5e-05 2e-05 4e-05 0.004865 0 3e-05 0.006165 0.001505 3.5e-05 0.00019 0.004625 3e-05 0 0 0 0.006265 3.5e-05 8.5e-05 0.010765 0 1e-05 1e-05 4e-05 4.5e-05 0.00012 3e-05 3e-05 0 3.5e-05 0 0.00017 0 4e-05 0.001185 3e-05 0 3e-05 1.5e-05 5.5e-05 0 3.5e-05 0 0 3.5e-05 0.00326 0 0 5.5e-05 4.5e-05 5.5e-05 0.003715 0.002 3e-05 2.5e-05 0 3.5e-05 0 0 0 0.013615 0 4.5e-05 0 3.5e-05 2e-05 0 0.000175 2.5e-05 0 2e-05 0.019315 0.0105 0 0 0 0 0 8e-05 0 0 0.00161 0.01259 0.008435 0 3e-05 0 0.00032 0.00023 0.000235 3.5e-05 5e-05 0 0 5e-05
0 4.5e-05 0 0 0 0.001825 4e-05 4e-05 6.5e-05 0 3e-05 3e-05 0 3.5e-05 0 0 0 0 0 0.0041 2.5e-05 0 0.000165 1.5e-05 4e-05 4e-05 3e-05 0 3e-05 0 0.01992 5.5e-05 6e-05 0.00051 4e-05 3e-05 0 0 4.5e-05 4.5e-05 0.00696 0.00133 2e-05 0.00117 3.5e-05 3.5e-05 5e-06 0.00045 2e-05 4.5e-05 2e-05 6.5e-05 0.000955 0 0 0 2.5e-05 0 2e-05 0 3e-05 0 0.013835 0 2.5e-05 0.0024 0 0 0 0 5e-06 5.5e-05 4e-05 4.5e-05 2e-05 0 0.01312 0.002165 0 0.004905 0.006785 2e-05 6e-05 3e-05 0.001085 0 6e-05 1.5e-05 0 0 4.5e-05 1e-05 2.5e-05 3.5e-05 3.5e-05 0 0.019665 0.00203 3.5e-05 0
0 3.5e-05 0 0 0.00279 0.00507 0.0158 6e-05 3e-05 2e-05 6e-05 0 3e-05 3e-05 0.000775 5e-05 0.00122 0.000405 1e-05 0 3e-05 0 3e-05 4e-05 0 4e-05 0.00021 0 0.012255 0.000285 0 0.005255 0 0.004515 0.01201 0.000205 0 0.00521 4.5e-05 0 0 0 0 0 3.5e-05 0 1.5e-05 2e-05 4.5e-05 0.00912 0.01257 0.005455 3e-05 0.000195 0.00505 0 0 2.5e-05 0 0.00603 1.5e-05 3.5e-05 5e-05 0.00771 0.00306 3e-05 0 0 0.002115 0 0.004125 0.000735 0.000315 5.5e-05 0 0.009785 3e-05 0 0 0 0 0 0.006965 3e-05 2e-05 2e-05 0 3e-05 3.5e-05 0.01394 0.00117 4.5e-05 0.00076 1e-05 2.5e-05 0 0.000515 0 0.004725 5.5e-05
0.00066 0.00302 0 0 0.00064 3.5e-05 0.00787 0 2e-05 0 3.5e-05 4e-05 0.00837 4e-05 4e-05 0.00302 0 0 0.004585 0.001795 0 0 0.000495 0.001335 0 3e-05 0 3e-05 0.00035 3e-05 0 0 0.00465 4e-05 4e-05 0 0 0 2e-05 0 0 5.5e-05 0.006315 4e-05 2.5e-05 0 0 0 0.006825 0.00382 0.00074 0.00455 0.013445 0 5.5e-05 0 0.00267 0 0.010945 4.5e-05 0 1.5e-05 0 5.5e-05 1e-05 0 0.00707 3e-05 0.0001 4.5e-05 3.5e-05 0.01141 0 0 0.00017 2.5e-05 0.00039 0.004275 0 4e-05 4.5e-05 0 0.001435 4.5e-05 4e-05 2.5e-05 4.5e-05 0.003935 0 0 1e-05 0.00257 0.004955 0.00167 0 4e-05 3e-05 0 0 0
3.5e-05 0.001245 4.5e-05 5e-05 0 0 3e-05 2e-05 1e-05 0.00017 0 0.000115 0.0066 2e-05 4.5e-05 2.5e-05 0.00517 0.000165 0 0.00012 4e-05 0.010115 0 2e-05 0 0 0 0 4.5e-05 0 3.5e-05 0 1e-05 0.0088 1.5e-05 0.006315 0.00607 3e-05 2e-05 0 0.002345 0 0.000155 0 3e-05 1.5e-05 3e-05 0 2.5e-05 0 0 2e-05 4e-05 1.5e-05 2e-05 2.5e-05 0 2.5e-05 0.009205 3.5e-05 4.5e-05 0.00151 0.0094 2e-05 2.5e-05 1.5e-05 0 3.5e-05 0.000205 0 0 0 1.5e-05 0 0 4.5e-05 0.005155 0 0.007165 0 3e-05 0.002715 0.013895 1.5e-05 0 2.5e-05 0 0 0 4e-05 2.5e-05 0 6e-05 0.004765 2.5e-05 0 0 3.5e-05 0.00215 0.01528
0.003665 0 1e-05 3e-05 0 1.5e-05 0.000315 0.001505 0 6.5e-05 0 3e-05 0.000145 0 0.000765 0 0 5.5e-05 0.00048 0 0 0.01117 0.00041 5e-06 0.00281 4.5e-05 1.5e-05 5e-06 0 3.5e-05 0 4e-05 0.000265 0 2e-05 4e-05 0 0.000415 2.5e-05 0.004225 0.00985 3e-05 0.00372 6e-05 1.5e-05 0 0 2e-05 3.5e-05 3e-05 0.00233 0 0.011805 0.00031 4e-05 1.5e-05 0 0 0 0 1.5e-05 4.5e-05 0.00513 0 0 0.00823 1.5e-05 5e-05 0 3e-05 5e-05 0.00125 0 2e-05 1e-05 1.5e-05 0.008175 0.019465 0 3e-05 5.5e-05 0 0 3.5e-05 2.5e-05 0.00019 0 0.002435 0.004075 0.001105 0 3.5e-05 4e-05 0.001175 0 4e-05 0 0.00144 0 6.5e-05
0 0.000165 0.00025 0 0 1e-05 4e-05 0.0022 0 5e-05 0 0 0 0 0 3e-05 0.014205 0 0.000835 0.003415 1.5e-05 0 0 0 0 0.013845 2e-05 5e-05 0 0.00136 0 0.000265 0 0 3e-05 0 0.00636 5e-05 3.5e-05 0.00266 7e-05 0.004015 0.013445 0.00384 0 1e-05 0 0.00171 0 7.5e-05 3e-05 5e-06 0 4e-05 4e-05 0.00049 0 0.00829 0.007985 1.5e-05 2e-05 0.001845 7.5e-05 2.5e-05 0.000955 2.5e-05 4e-05 3e-05 0 0.00855 0.000815 0.007565 3.5e-05 0 0.00016 4e-05 0.000145 0.0079 2.5e-05 4.5e-05 0 0.003425 0.013005 0 5e-06 0.005655 2.5e-05 0 0 3.5e-05 0 0.000815 2.5e-05 1e-05 0 0.01479 0 0 5e-05 0.0001
3e-05 0 0.003575 0.005665 0.00586 0 0 5.5e-05 0 0 0.003575 0.00058 0.00263 0 0.000695 0 2.5e-05 4.5e-05 0 0 2.5e-05 0.002845 0.001195 0.000215 0 0.00132 0 5.5e-05 4.5e-05 0 0 0 0 0.002845 0.000545 0.0188 2.5e-05 3e-05 1.5e-05 1.5e-05 2.5e-05 4.5e-05 0 0.00134 5e-05 0 0.01223 3e-05 4e-05 0 3.5e-05 0 0.004335 2.5e-05 0.00342 0 5e-06 0 0 3.5e-05 2.5e-05 0.003055 0.005445 4e-05 0 7e-05 2.5e-05 2.5e-05 6.5e-05 0 2.5e-05 0.00531 4.5e-05 0 2.5e-05 0.004845 3e-05 0 0.003175 3.5e-05 0 0 0.004225 0 0.0007 0 5e-06 3.5e-05 0.001415 3e-05 0 2.5e-05 4.5e-05 2.5e-05 0 0.006805 0 0 3.5e-05 2.5e-05
4.5e-05 0 3.5e-05 0 0 0 3.5e-05 6.5e-05 2.5e-05 8e-05 0.00145 5e-05 0 0.00023 0 1e-05 0 0 0 0.00329 5.5e-05 0 4e-05 0 0.006575 0.014415 3.5e-05 0.00637 0 0 0.00016 4.5e-05 4e-05 0.001815 2e-05 0 0.00169 3.5e-05 4e-05 0 0.00025 0.0089 0.00121 0.015485 0 2e-05 6e-05 0.008445 2.5e-05 0 0.004215 0 0 3.5e-05 4e-05 4e-05 0 0.004835 0.00192 4e-05 2e-05 0.00013 0.00389 0 0.008215 0.00313 4e-05 4.5e-05 4e-05 5e-06 0 0.0078 0 5.5e-05 8e-05 0 3.5e-05 0.00039 0.001955 0.00588 5.5e-05 0 0 0 0.01044 0.0068 2.5e-05 0.00074 0 5.5e-05 0 0 0.000875 1e-05 0.00307 0.0165 0.00052 2e-05 7.5e-05 0
1.5e-05 0.00496 0 2.5e-05 1e-05 0.004515 5e-06 0 2e-05 0 3.5e-05 0 0.00024 0.001245 4e-05 3e-05 0.00013 0.000545 0.00052 3e-05 0.00013 4.5e-05 0.007995 0.004095 0 5e-06 5e-05 1.5e-05 0.000365 9.5e-05 0.000435 0 1.5e-05 0.0002 6e-05 0 5.5e-05 0 6.5e-05 3.5e-05 0 2.5e-05 0 9e-05 0 3.5e-05 0.00065 0 0 0.01602 0 0.00361 0.007415 5e-05 0.00066 0.00285 2e-05 3e-05 0.01093 0 0 0 4e-05 1.5e-05 0 0 2e-05 0 0 0.005755 0.009195 0 4.5e-05 0.001605 2.5e-05 0 1.5e-05 3e-05 1.5e-05 4.5e-05 0 0 0.00012 0 0 0 0 4e-05 1e-05 0 0.0077 0 0.001445 1.5e-05 0 0.004655 0 0 0.00092 3.5e-05
0 4e-05 0.005215 0.003945 4e-05 0 0 0 0 0 0.001725 0 1.5e-05 0.01479 0.0017 0.00953 0.000195 3e-05 0 0.00363 0.006665 1.5e-05 2e-05 0 2.5e-05 0 4.5e-05 4.5e-05 4e-05 0.000485 0.002245 2e-05 3.5e-05 0 4.5e-05 0 0.000475 7.5e-05 0.000515 2e-05 1.5e-05 0 0 0 0 0.008195 2e-05 5e-05 0 0 0 0.00799 4e-05 3e-05 0 0 0 0.000345 5e-05 0 0 5e-05 0 3e-05 0.00201 6.5e-05 0 0 0.00153 0 0 3.5e-05 4.5e-05 3e-05 3.5e-05 2.5e-05 3e-05 1e-05 5.5e-05 0.00172 0 0.007555 4e-05 0.00011 2e-05 0.007785 5e-05 0.00074 3.5e-05 2e-05 0 0 3e-05 0.01576 0.00656 0 4e-05 0 0.00796 6e-05
4.5e-05 0 3.5e-05 0 2.5e-05 0.002495 0.00788 0 0 3.5e-05 9.5e-05 0.00213 2e-05 2.5e-05 0 5.5e-05 0 0 0 3.5e-05 3e-05 0.00035 0.00038 2.5e-05 0 0 0.012825 4.5e-05 3.5e-05 0.009545 2.5e-05 0 0 3e-05 0 0 3e-05 3e-05 0 0 0.002515 0 0.00724 0.000335 0.00403 4e-05 0.00236 0.000865 2e-05 0.00266 0.01515 0.008095 4.5e-05 0.0036 0 0.00106 0 2e-05 0.007215 0.00269 0 5e-05 0 0 0 3.5e-05 0.00159 0 0 0.00018 0 0.000485 0.001425 0.000715 0 0 0 0 0.00287 3e-05 4e-05 0 5.5e-05 0.00077 0 3e-05 0 2.5e-05 3.5e-05 0.0104 3.5e-05 0 0 5.5e-05 4e-05 0.00119 0 0.001945 0.003705 0
0 4e-05 0 1.5e-05 0 0.000165 5.5e-05 0.004755 0 0 0.00615 0 3e-05 3e-05 0.010475 0 0.00297 0.00017 0.000335 0 0.00087 2.5e-05 0 0.00456 4.5e-05 3.5e-05 0 5e-05 0.000185 3.5e-05 0 0 0.00316 0.00079 0.00778 0.00379 0.01058 0.00485 0.008205 0 0.00519 0.00012 0.008685 4e-05 0.001375 0.00757 0 0 4.5e-05 2.5e-05 7e-05 0 6e-05 0.00199 1e-05 0.0001 0 3.5e-05 0.010105 0 0.00466 0.0118 0 5e-05 2.5e-05 0 0.000215 4e-05 0 0.000115 3e-05 0 0 0 0.002415 0 0 0.000135 5.5e-05 4e-05 0.00132 0.00092 6e-05 3.5e-05 0 0 0 0.00434 5.5e-05 3e-05 0 0 0 3.5e-05 2e-05 0 3.5e-05 5.5e-05 7e-05 0.00119
0 0.001145 0.002575 0 0 0 4.5e-05 2.5e-05 1e-05 0.00539 0.002515 0 2.5e-05 0.005175 0 0.00018 0 0 3e-05 5e-05 2.5e-05 3.5e-05 5e-05 4e-05 0.002065 0.00126 0.01773 0.0079 0 0 4.5e-05 0 0.0075 7e-05 0 0 0.0003 3.5e-05 0.002935 2.5e-05 0.000425 0 2.5e-05 0 2.5e-05 3e-05 0 0.012655 0 3e-05 0 0 0 3.5e-05 0.01335 3.5e-05 0.0146 3e-05 3.5e-05 0.00131 0 3e-05 1.5e-05 0 4e-05 5e-05 0 0.0015 0.00018 4e-05 6.5e-05 0.00141 1.5e-05 0 3e-05 0 3e-05 4.5e-05 0.006535 9.5e-05 0.003765 0.004535 0 3e-05 0 0 0.00532 0.003565 0 0 2e-05 4.5e-05 0.00011 3e-05 0 0 4e-05 3.5e-05 3.5e-05 2.5e-05
2.5e-05 3.5e-05 3.5e-05 0.004505 0.007965 0 0.00328 0 2.5e-05 0 1.5e-05 5.5e-05 0.01375 3.5e-05 2e-05 3.5e-05 0.001155 3.5e-05 0 0 0 0.010965 2e-05 0.00208 0 0 5.5e-05 1e-05 3.5e-05 2e-05 4.5e-05 2.5e-05 1.5e-05 0 0 0 0.002785 0 6e-05 0 0.000135 2.5e-05 0.01311 0 4.5e-05 3.5e-05 4e-05 3.5e-05 4e-05 5e-05 0 0 0.00606 4.5e-05 0 4.5e-05 0 3.5e-05 0.00013 0 5.5e-05 0 0 0.004775 5.5e-05 5e-06 0.000385 4e-05 0.000445 0 0.00622 0.011285 0 3.5e-05 2e-05 0.002745 0.000135 0 0 1.5e-05 0 0.00579 0 1.5e-05 1.5e-05 0 2e-05 0.001155 0.012615 0.003625 0 0 0 0 0 0.003475 0.00324 2e-05 0.000205 0
0.01245 0.010585 0 0 3.5e-05 5e-06 0 0.008215 4.5e-05 2.5e-05 0.00182 0 0.008645 4e-05 0 0 0.000125 0.002755 3e-05 0.009145 0.01081 0 0 0 0 0 0.000315 0 4e-05 0 6e-05 3.5e-05 0 3.5e-05 0.002115 0 0 0 3.5e-05 0 0.000605 2.5e-05 0.000295 2e-05 4.5e-05 2e-05 4e-05 4e-05 0.007605 2e-05 0 2e-05 0 0.00557 2e-05 0.000125 0.00505 0.00677 0 0.008805 0 0 5.5e-05 0.000205 0 0.002545 0.000545 0.004725 0.00196 0.002355 0 0.00322 0 0.000215 0.00015 4.5e-05 0.001005 0 0.007495 2e-05 0 4e-05 0.001105 1.5e-05 0.00064 0.002415 0 0.00558 0.012605 4e-05 0.008265 5e-05 2e-05 0.002715 0.00633 0 0 0 0 3.5e-05
0.006705 2.5e-05 4.5e-05 5.5e-05 0.00446 2e-05 0.00016 0 3.5e-05 0.015085 2e-05 0 0 0 0 1.5e-05 0.007885 0 4e-05 0.01463 5.5e-05 0.016845 2.5e-05 0 0.006605 6e-05 2.5e-05 0.011865 0 0 2.5e-05 2e-05 2e-05 3.5e-05 0 5e-06 2.5e-05 0.000905 0 0.00035 0 0.0023 4.5e-05 2e-05 0 0.010775 2.5e-05 0 0 2e-05 0 3.5e-05 0 0 0 3.5e-05 0 2.5e-05 0 4e-05 0 2e-05 0.015315 0.001055 4e-05 0 0 0 0.00415 4e-05 2.5e-05 3.5e-05 0 0 5e-06 0.00045 0.00482 0.01377 0.011955 0.001735 0.004165 5e-05 0 0 0 0 2.5e-05 4e-05 0 0.000915 0 4e-05 0 0.006855 0.01226 0.00189 0 0.001715 0 0.00702
0.00015 0.000425 2.5e-05 3e-05 0.002625 0 0.00129 5e-06 0 4.5e-05 0.00312 5.5e-05 0.00022 5.5e-05 0.00124 2e-05 0.000185 0.00263 0.00022 0 9.5e-05 0 0.011 0 0.001795 0 3e-05 4.5e-05 2.5e-05 1.5e-05 1e-05 0.006525 0.004015 0.009165 0 0.013225 5e-06 0 0 0 0 2e-05 0 0 2.5e-05 0.00215 2e-05 0.00138 0.008295 0.00521 0 0 2.5e-05 3.5e-05 0.002695 0 0.001825 3.5e-05 0 0 4e-05 0 2e-05 4e-05 5e-05 3e-05 0 8e-05 0 4e-05 0 0.007475 0 0 3.5e-05 2.5e-05 5e-06 3e-05 0.00118 0.001155 3.5e-05 0.00062 0 3.5e-05 0 0 0 4e-05 0.000685 0 0 0.01047 0.004765 0.001395 1.5e-05 0.00025 2e-05 5e-05 0 0
3e-05 0 0 4.5e-05 0.018695 0 0 0 0.006425 5e-05 3.5e-05 0 4e-05 4.5e-05 0 2e-05 0 3.5e-05 1e-05 5e-05 4.5e-05 4e-05 4.5e-05 3e-05 0 0 0 0 0 0 0.00304 5e-05 0 4.5e-05 0 3.5e-05 0 2.5e-05 1.5e-05 0.0001 0 0.004965 0 0.015445 0.000485 3e-05 0 0.000955 2.5e-05 0 0 4e-05 0 0.00223 0.01471 2.5e-05 0.000415 0.005425 4.5e-05 0.00161 4e-05 1.5e-05 0.002695 0 0.0173 0 0.005015 1e-05 3.5e-05 5e-06 5.5e-05 0.00155 4e-05 1.5e-05 0.009845 0.019055 3e-05 2e-05 2.5e-05 0 0.00546 0 0 5e-05 0 4.5e-05 2.5e-05 0 5.5e-05 0.00017 5e-05 3.5e-05 0.00176 0 2.5e-05 0.008415 0.00029 0 3.5e-05 0
5.5e-05 0 0 0.00019 3.5e-05 0 4e-05 6.5e-05 3e-05 1.5e-05 0.00114 0.001625 2e-05 0.000135 0.007795 0.000845 1.5e-05 0 0.00937 0 0.00449 2.5e-05 0 0.01017 4.5e-05 1e-05 3.5e-05 0 5e-05 6.5e-05 0.00081 0 0.00392 0.00633 0.00676 1e-05 3.5e-05 0.00265 0.010835 4.5e-05 2e-05 0.003495 0.000325 0 0 0 0 4e-05 0 9.5e-05 0 0 2.5e-05 0.00042 0.0001 0 0 0 0 2.5e-05 0.00843 0 4e-05 2e-05 1.5e-05 0.004875 5e-05 0.01116 2.5e-05 2.5e-05 0.002055 5e-05 0.00061 0.003505 0.001585 2e-05 0 3.5e-05 2.5e-05 3e-05 0.00318 0 0 0 0.00064 0.00902 0.00597 0 0 4e-05 0.000475 0 4.5e-05 0 0 0 2e-05 0 0.000185 0
4.5e-05 0.01256 0.00834 4.5e-05 0.006275 0 3e-05 0 3.5e-05 0 0 0 0.00912 0 0 0.008495 3e-05 0 0 0 0 0 0.0051 5e-06 5e-06 4e-05 0 0.00334 0 2.5e-05 0 3e-05 0.005895 0 0.00205 0 0 2e-05 3e-05 0.00136 0 5e-05 7e-05 2.5e-05 5e-05 0 0.00025 0.00062 2.5e-05 0 8.5e-05 0 0.01104 0.006855 0 3.5e-05 0.003135 5.5e-05 0 0.003135 4e-05 1.5e-05 4e-05 0.01171 0 1.5e-05 0.000105 0 0.001385 0 0 0 0 3.5e-05 5e-05 3.5e-05 0 0 2e-05 2.5e-05 0 7e-05 0.011005 3e-05 0 0 0.00019 0.00493 0.00644 0.00025 2.5e-05 1.5e-05 2.5e-05 1.5e-05 2.5e-05 4e-05 0.001695 0.00554 0 3.5e-05
0 2.5e-05 0.008275 0.001185 0.01139 1.5e-05 5e-05 5e-06 0.000135 1e-05 0.014105 4.5e-05 9.5e-05 1e-05 0 0 0.007545 4e-05 2e-05 0.002185 2.5e-05 5e-06 0 0 0 0 0.002705 0.00028 3e-05 4e-05 3e-05 2e-05 0 0 3e-05 5.5e-05 0 0 3e-05 2e-05 0 0.005575 0.00249 0.00154 4e-05 3.5e-05 4e-05 0 2e-05 4e-05 0 0 5e-05 0 0.000875 2.5e-05 0.000135 0 3.5e-05 3e-05 0 0.002055 0.007825 1.5e-05 3e-05 0 1.5e-05 4.5e-05 3e-05 0.00457 3e-05 0 1e-05 0 0 0 0 0 0.012205 4.5e-05 0.0088 0.00543 0 4e-05 0.002485 3.5e-05 0 0 2e-05 2e-05 3e-05 4e-05 4e-05 0.000345 0.00191 0.011745 5.5e-05 0 2e-05 0
0.010095 3.5e-05 5.5e-05 0.002485 5e-06 0 0.00531 0 0 0 1.5e-05 0 0.01433 0 3e-05 2e-05 0 3e-05 3.5e-05 2e-05 0 0 1.5e-05 3e-05 0.006985 2e-05 1.5e-05 0.001255 5.5e-05 1e-05 0 0 0.0005 2e-05 7e-05 0.00247 2e-05 4.5e-05 0 0.01707 4e-05 2.5e-05 3.5e-05 0.005135 5.5e-05 5.5e-05 2e-05 0 1e-05 0 0.01453 0 0.003625 0.000685 0.007375 0 1.5e-05 5e-05 2e-05 4.5e-05 0 3e-05 0 0 1.5e-05 0.00251 0.000375 1.5e-05 3.5e-05 0 5e-06 0.012245 0 0 0 0.002405 0 2.5e-05 0.01563 6e-05 0 0 3e-05 0.00079 2.5e-05 3.5e-05 0 1e-05 0 0.00166 5e-05 0 4.5e-05 3e-05 5.5e-05 0 0.005835 0 0 3e-05
0.00106 0 0 0 5e-05 5.5e-05 3e-05 0 0 0.00656 0 3e-05 2.5e-05 0.00256 0.00037 0 0 0.000155 0.001255 0 0.006405 0 5.5e-05 1.5e-05 5e-05 0 0.009875 0.007885 0.000165 4.5e-05 1e-05 0.00109 0 1e-05 0.00139 2e-05 3.5e-05 0.009625 0 2.5e-05 2.5e-05 0.00259 0 0.001445 0.00411 0.01295 0 7e-05 5.5e-05 0 4.5e-05 0.000365 5.5e-05 0 0.012195 2e-05 0.001105 0 1e-05 0.00238 0 0 0 0.003265 0.00027 0 0.006235 0 0.002925 3.5e-05 4.5e-05 2e-05 0 0 0.000185 0 2.5e-05 3e-05 1.5e-05 0 0.000365 0 5.5e-05 0.002525 0 4e-05 0 0.00408 2.5e-05 5.5e-05 0 3e-05 0.003255 4e-05 7e-05 0 0.00051 0 0 2.5e-05
0 0 0 2.5e-05 2e-05 1e-05 1e-05 0.00017 4e-05 0 0.00606 0.009105 0.006475 0.00037 0 0 0 4e-05 0.001475 7.5e-05 0.002135 0 0.00248 0 0 0 3e-05 3e-05 0 8.5e-05 0.00967 0 3.5e-05 0.00855 2.5e-05 0.00374 0.007325 4e-05 0.003725 1.5e-05 3.5e-05 0.000125 0.00671 4.5e-05 4e-05 0 4e-05 2.5e-05 0.00036 0.00071 5.5e-05 2.5e-05 0 0 1.5e-05 4e-05 0 0 3e-05 3e-05 2.5e-05 0.013445 0.00153 2.5e-05 0.003655 0.003125 3.5e-05 2.5e-05 2e-05 0.000655 0.007605 0 2e-05 2.5e-05 0 0 4.5e-05 0 1e-05 4.5e-05 0.00283 0 0.001415 0 3.5e-05 0 2e-05 0 0 0 3e-05 0 2e-05 0 2e-05 0.000645 3.5e-05 3e-05 0.00089 0
6.5e-05 0 0.009445 1.5e-05 7e-05 0.000225 2e-05 0.001115 0 3e-05 0.00059 0 0 3e-05 0 0 0.006205 0.00259 2.5e-05 0.01007 0 0.013795 4.5e-05 0 4e-05 0.00546 0.0004 0.004745 4.5e-05 0 0 2e-05 0.00518 0.00159 5.5e-05 3e-05 0.004635 0 0.00368 2.5e-05 0 4e-05 0 1e-05 0.00273 2.5e-05 0.00465 0.0086 0 0 4e-05 0 0 2.5e-05 0 0 0.00632 0 0.00041 0.005425 0.009895 0.00714 0 3e-05 1.5e-05 0.00535 0 0 5.5e-05 0.00405 3.5e-05 0 0 0.000255 3e-05 4.5e-05 0.003955 0 0.00094 2e-05 0.00762 5.5e-05 0.004025 0 0.004235 0.008155 0 0 0.0018 0 4.5e-05 5e-05 0 0 0 0.009075 0 4e-05 0 0.004395
0.002325 0 0 0 0 0.01154 0 0.00797 3.5e-05 0 1.5e-05 0 0 0.00275 0.004945 0 0 4.5e-05 0 4.5e-05 0.006335 5e-05 6e-05 3.5e-05 3e-05 3e-05 2e-05 4e-05 0 0.006935 5.5e-05 0 1.5e-05 0 0.00224 1e-05 5.5e-05 0 0 3.5e-05 4e-05 7e-05 0.008595 5e-05 1.5e-05 0 0.012085 4e-05 0.002205 0 0.001975 0 0 0 0 0 0.000865 5e-06 0.0009 4e-05 4e-05 5.5e-05 5.5e-05 0.001685 0.017215 0.00151 0.00338 0 3.5e-05 0 3.5e-05 0.00043 0 0.0061 0.003215 0.00154 3e-05 0.019285 2.5e-05 0 0.00845 2e-05 4.5e-05 0 5.5e-05 4e-05 3e-05 0.00169 0 0.00012 6e-05 0.00115 0 2.5e-05 5e-05 0 0 5.5e-05 0 0
5e-06 0.01277 0.003465 0 0 4.5e-05 0.00042 0.00183 2.5e-05 0 3.5e-05 0 0 0 0 2.5e-05 0.00499 0.005175 4.5e-05 0 9.5e-05 7e-05 0.000275 4.5e-05 5e-05 4.5e-05 3.5e-05 0.001785 0 0.000495 0 5e-05 0 1.5e-05 0.00978 0 0.00215 0.00014 3e-05 0 0.001445 0 4.5e-05 0 0 3.5e-05 0.000155 0 0 3.5e-05 0.00143 0 0 0.00099 0 0.000725 0 0.001415 3e-05 3.5e-05 0 2.5e-05 0 5e-05 2.5e-05 0 3.5e-05 0.003185 0 0.00826 0 2.5e-05 0.001415 0.00792 0.00304 3.5e-05 0 0.000785 0.000415 3e-05 0.006755 0 0.00499 4e-05 0 0.00261 0.000185 5e-05 0.00022 0 0.00056 0 3e-05 0.005795 0 0 0.001 0 3e-05 3.5e-05
0 0 0 0 0 0.00538 0 5e-05 2.5e-05 0 0 0.00084 4.5e-05 0 8.5e-05 0.00071 0 0 0.006485 0.007975 0 0 0.016645 0.0024 1.5e-05 5e-05 4e-05 0 4e-05 5e-05 0.003 3.5e-05 2.5e-05 0.0006 0 9.5e-05 7e-05 0.001165 5e-06 0 3e-05 4e-05 0 2.5e-05 4e-05 0.004775 0 3e-05 0.01393 0.013345 0 0 0.0003 2.5e-05 0.00208 2.5e-05 0 2.5e-05 0 1.5e-05 0 3e-05 1.5e-05 5.5e-05 0 0.00076 2.5e-05 3e-05 0.01803 3.5e-05 3e-05 2.5e-05 0 4e-05 4e-05 0 0 4e-05 0 0 3e-05 2.5e-05 0 0.00293 3.5e-05 1.5e-05 3.5e-05 6e-05 0 0.011005 0.00105 0.005785 0.000125 0 2e-05 5e-05 4e-05 0 0.00015 2.5e-05
0 2e-05 4e-05 0 0.00019 0.012545 0.003415 0.004625 5e-05 0.00385 0 0 0 0 3.5e-05 0 0.003375 5e-06 0 5.5e-05 0 0 0.0101 0.000185 0.00058 0 0 0.00504 2e-05 0.001925 3e-05 0 0.000275 0.002815 0 4.5e-05 0 0 5e-06 2e-05 0 0.000185 4.5e-05 0.000405 0.005375 0 0 0 3e-05 0.00059 0.00014 9.5e-05 0 3e-05 4.5e-05 0.000195 0 0.00066 0.013145 0.008445 0 0 3e-05 0 0 0.008545 1.5e-05 0.00451 0.019035 3.5e-05 3.5e-05 0.003035 0 0 3.5e-05 0.00457 0 1.5e-05 0.009665 0 1.5e-05 3e-05 2e-05 0.0011 3e-05 0 5e-05 0 3e-05 5e-06 1e-05 0.00263 3e-05 0.00656 6e-05 3e-05 4e-05 0 0.003705 2.5e-05
3.5e-05 0 0.000555 0 4.5e-05 2.5e-05 3.5e-05 0.000945 6e-05 0 0.002835 0.009475 1e-05 0.000805 0.009405 0 0 0.010215 4e-05 0.0027 0 3e-05 2e-05 0 4.5e-05 0 3e-05 3e-05 0 3e-05 0 2e-05 4.5e-05 4e-05 2.5e-05 2.5e-05 2.5e-05 4e-05 0.000175 0.004995 0 2.5e-05 0.00049 3.5e-05 0.00539 2.5e-05 0 2.5e-05 4.5e-05 0.0001 0 0 2.5e-05 0 0 0 0 0 3.5e-05 0 1.5e-05 0 0.002315 0.002035 0 4e-05 0 8e-05 1.5e-05 0 0.00013 6e-05 0 0 0 0 0.0003 0 0.000835 0.01269 0.002815 0.007525 3.5e-05 7e-05 6e-05 4e-05 4.5e-05 2.5e-05 0 0.007605 3.5e-05 0 0 3e-05 3.5e-05 0 3e-05 5.5e-05 3e-05 2e-05
3.5e-05 0.00417 3.5e-05 3.5e-05 0.002215 5e-06 0.006135 3.5e-05 5e-05 0.00169 0 3e-05 3.5e-05 4.5e-05 1e-05 0 0 0 0 0 0 0 0.001185 0 0.0008 8e-05 0.00608 0 0.0011 0.00018 4.5e-05 0 5e-05 0 0 5e-05 0 5e-06 6e-05 0.005395 2.5e-05 0 4e-05 0.006185 1.5e-05 0 1e-05 0.000565 0 0.002495 0 0 0 0.0002 2e-05 2.5e-05 0.00103 0 3.5e-05 0 0 2.5e-05 0.001565 2e-05 2.5e-05 1.5e-05 3e-05 0.00125 0.00306 4.5e-05 8.5e-05 0.000405 0.0088 0 0.001885 0.00025 0 3.5e-05 0 3.5e-05 5.5e-05 2e-05 0 0.00367 0.000905 0 0 5e-06 0.0101 0.000765 2e-05 2.5e-05 0 0 0 0.005925 2.5e-05 4.5e-05 0 0
0 0.000735 0 4.5e-05 0 2.5e-05 0.002195 4e-05 0 0 1.5e-05 0 3.5e-05 0 0.00083 0.00018 0.000105 0 0.00323 0 0.00021 2e-05 0.011405 2.5e-05 0.002905 1e-05 3.5e-05 6.5e-05 0 0 2.5e-05 0.011065 3e-05 0 3e-05 0.000555 0.00532 0.004625 0.004335 5e-05 0 0.004135 0 3.5e-05 2.5e-05 0 0 4.5e-05 0 0 0.00404 0.00634 0.00226 3e-05 0 3e-05 0.004205 4e-05 0.01435 4.5e-05 2.5e-05 5e-05 0 3e-05 0.00036 4.5e-05 0 4e-05 0 2.5e-05 0.000475 0.008565 8e-05 0 5e-06 0 0 3e-05 0.00243 0.000105 4e-05 0 0 2.5e-05 3.5e-05 4.5e-05 0 0.00027 4e-05 0.006725 0 0.00015 0.00219 0.00563 3.5e-05 0 0 0 0.00811 3.5e-05
