0.000495 0.008225 0.01389 2.5e-05 0.001205 0 0.000225 0 0.00022 0.00202 0.0097 1e-05 1.5e-05 0.001205 0 0 2e-05 1e-05 0 5e-06 0.000755 0.009105 0 2.5e-05 0 0.002125 0 0 4.5e-05 2.5e-05 0.00129 0 4e-05 3.5e-05 0.00093 5e-06 0.00018 2e-05 0 0.007285 0 0.00409 0.000795 5.5e-05 0.001595 1e-05 6e-05 0 5.5e-05 0.006585 2e-05 0 0.006705 2e-05 3e-05 0 0.000585 2.5e-05 2e-05 0.007885 0 0 1.5e-05 0.005835 5.5e-05 0.008555 0.002595 4.5e-05 0.00571 0 0.00097 3e-05 2.5e-05 0 1.5e-05 6.5e-05 4.5e-05 0 0 0.00748 4.5e-05 0 0 1.5e-05 5.5e-05 0.00697 0 0.004455 0.016755 0.00033 0 0 3e-05 5e-05 1.5e-05 0 0 0 4e-05 5e-05
0 0.006935 0 0 0.000145 0 4.5e-05 0.00451 0 0.010475 2e-05 9e-05 0 0 0 0 0.009275 5e-05 0.00138 3.5e-05 0 0 0.01086 0.00022 0 0.0004 0 0.000935 0.001275 0.000425 3e-05 0.00318 3e-05 3.5e-05 3.5e-05 2.5e-05 0.006945 0 0 0 0 0 0 4e-05 1.5e-05 7.5e-05 5.5e-05 0 0.006945 0 3.5e-05 0 0.00019 2.5e-05 0 4e-05 1.5e-05 0 0.00311 0.00064 0.01229 0.00706 0.003945 1e-05 2.5e-05 3e-05 2.5e-05 0.005895 0.00511 4e-05 0 0.0079 0.000135 0 0 4.5e-05 2.5e-05 0.00066 0 0.00684 2e-05 0.00799 0.00196 1.5e-05 4e-05 3e-05 4.5e-05 4e-05 1.5e-05 0 0.00349 0 0.0052 0.009685 8.5e-05 2.5e-05 0.00063 0 2.5e-05 0.00139
0.000445 0 0 0.00017 0 0 0.010615 4.5e-05 0.00417 4e-05 0.002525 3e-05 0.009475 4.5e-05 0.000555 0.008465 3e-05 5e-05 0 0.00422 0 0 1e-05 0.00462 3e-05 0 0 0.000235 0 3e-05 0 2e-05 0.0001 0 4e-05 0 0 0 0.00668 0.001045 0.00096 2e-05 2.5e-05 0 0.000405 1e-05 1.5e-05 1.5e-05 1e-05 0 0.00582 4.5e-05 3.5e-05 0.006585 4.5e-05 0 0 2.5e-05 3e-05 0.003575 0 3e-05 0.002115 0.004515 2.5e-05 0.00072 3.5e-05 4.5e-05 0 0.004575 0 0 1.5e-05 0 0 0.017335 2.5e-05 1.5e-05 0 4e-05 0.000715 0 4.5e-05 0 5e-05 1.5e-05 1e-05 3.5e-05 0 0.00795 2.5e-05 0.00801 0.00723 6e-05 0 0 0 0 0 2e-05
4e-05 4.5e-05 2.5e-05 3.5e-05 5e-05 0.001175 0 0 0 0 5e-06 4e-05 0 2e-05 0.00633 0 0.007945 0 0 4.5e-05 0 2.5e-05 0.000435 4e-05 0 0 3e-05 0.00362 0.000605 0 3.5e-05 5e-05 0 0.00967 6e-05 1.5e-05 0 0.000275 0 5.5e-05 3e-05 0.000315 0 0 0 0 3.5e-05 0.00108 0 3e-05 4e-05 0 0 0 5e-05 0 2.5e-05 0 0.025775 4.5e-05 0.000245 0 0.01813 3.5e-05 0.000265 2e-05 0 0 4e-05 0 2e-05 0.018705 3e-05 2e-05 0.007665 0.000615 0.01255 3.5e-05 0 0 0 2.5e-05 0.013135 0.010075 2.5e-05 0.008775 4.5e-05 0.006515 3e-05 5.5e-05 3e-05 2e-05 0 0.00777 0.007405 2.5e-05 1.5e-05 0.001855 5e-05 5e-05
0 1e-05 3e-05 0 0.012065 0.00246 9.5e-05 0 0 2e-05 0 3.5e-05 0 0 5e-05 5e-06 4e-05 0.000335 1e-05 5e-05 2.5e-05 4.5e-05 4.5e-05 4e-05 0 0 0.000445 0 2.5e-05 4e-05 0.017225 2.5e-05 0.002525 2e-05 9.5e-05 0 2e-05 0 2.5e-05 0.00119 0 0.006925 0.00387 0.00013 0 5.5e-05 0.01216 0.00279 0 0.006205 0 4.5e-05 0 0.008435 0 0.0053 0 1.5e-05 0.01071 0.00052 0 5e-05 2e-05 0.00042 0 0.00196 0.00177 3.5e-05 0 0.00671 3.5e-05 0 0.005085 0.00637 5e-05 0.009655 5e-06 0.007235 3.5e-05 0 0.00147 0 2.5e-05 0 0 1e-05 0.00405 3e-05 0 2.5e-05 0 2e-05 0 0.00953 0.002315 3.5e-05 0 0.009715 0 4.5e-05
0 0.00737 0 0.014865 3.5e-05 3.5e-05 2.5e-05 8.5e-05 0 0 3e-05 0.00347 0 3.5e-05 0 3.5e-05 2.5e-05 4e-05 0.005995 4.5e-05 0.00035 6.5e-05 0 2.5e-05 3.5e-05 0.001185 0 2e-05 4e-05 2e-05 0.000205 1e-05 0 0 0 5e-05 0 0.006955 0 0 4e-05 1e-05 3e-05 0 2e-05 0.000905 3.5e-05 0.00052 4e-05 0.00351 0 2.5e-05 3.5e-05 3e-05 6e-05 0 0.00071 0 1.5e-05 3.5e-05 0 0 7e-05 0 4e-05 0 0.00665 0.00377 0 3e-05 0 0.007305 3e-05 0 0 2.5e-05 4.5e-05 0.008845 5.5e-05 0 0 3e-05 0 0.000255 3.5e-05 1.5e-05 3e-05 5e-06 0 0.008875 0.00698 0.00908 3e-05 0 2.5e-05 0.00474 2.5e-05 0 1e-05 0.00541
2.5e-05 0 0 0 3e-05 0.00986 3.5e-05 5e-05 1.5e-05 0 2e-05 2e-05 0.00011 4.5e-05 3e-05 5e-06 0 0.00419 0 3.5e-05 3.5e-05 0 6e-05 4.5e-05 3.5e-05 0 0.004575 0.00236 0 1e-05 0.000805 1e-05 8.5e-05 0.012815 5e-05 4.5e-05 0.000405 1.5e-05 7.5e-05 0 1e-05 0 0 0 0 2e-05 0.00033 0.00037 0.00963 0 5.5e-05 0.00405 2.5e-05 0.00126 0 8e-05 0 0 0.002555 0.000355 0.002875 0.00259 0 3e-05 0.00765 3.5e-05 0 0.002425 0.00214 0 2.5e-05 5e-05 0.00776 0 3e-05 0 0 0.00689 0 4e-05 0 0.007425 0 0.00145 6.5e-05 0 3e-05 2e-05 4e-05 0 0.000395 0.00056 0 0.000655 0 0.000735 0 0.00568 0 0.002855
0.001655 0.000605 0 0.006955 0.004335 0.00036 0 0.00904 3e-05 2.5e-05 0.000775 4.5e-05 0 0.005725 0 2.5e-05 3.5e-05 3e-05 0.002515 0.002835 0 3e-05 2e-05 3e-05 4e-05 5e-05 4e-05 4.5e-05 0 0.01083 2.5e-05 0.00083 3.5e-05 0 0 0 2.5e-05 0 3.5e-05 3.5e-05 0 0 0.00104 0 0.00023 0 0 0.007135 0 0.005765 0 8e-05 3e-05 4e-05 0 1e-05 2.5e-05 3e-05 2e-05 0.00192 0 4e-05 5e-05 1.5e-05 0.013105 0.012755 0 0.00114 1e-05 2e-05 0.019695 0 0 0 0 0 0.00063 0 0.014725 0 0 0 4e-05 0 0.00046 1e-05 0.000535 5e-05 0.003525 0 4.5e-05 0 0 0.003275 0 1e-05 0.008945 0 3e-05 0.0027
1e-05 0 0 0 3e-05 0 0 2e-05 1.5e-05 3e-05 3.5e-05 0 0.000465 2.5e-05 2e-05 1.5e-05 2.5e-05 0.006245 0 3e-05 0.007515 0 0.00028 0 1.5e-05 1e-05 0.003645 4.5e-05 1.5e-05 3e-05 0.000315 7.5e-05 2e-05 6e-05 0.020605 5e-05 5.5e-05 2.5e-05 1.5e-05 0 0 4.5e-05 1.5e-05 0 3e-05 0 1e-05 5e-05 0 3.5e-05 0 5.5e-05 0 2.5e-05 2e-05 3e-05 0 0 3.5e-05 3.5e-05 0 0 0 0 0 0 0 4.5e-05 0.004965 0 0 0 2.5e-05 0.00292 0.006815 0.003115 0.006485 0.00757 0 0.00091 0.001365 0 3.5e-05 3e-05 2.5e-05 0 4.5e-05 4e-05 0.000635 4.5e-05 0 0 0.011635 4e-05 0.000595 0.000365 5e-05 0.00031 1.5e-05 1.5e-05
0.00834 5e-05 0.012445 0.00063 4.5e-05 0 0.0014 2.5e-05 0.01664 5e-05 0.015135 3.5e-05 5e-05 0 0 0.00707 0.00574 9.5e-05 4e-05 4e-05 0 4e-05 2e-05 0 5e-06 0 4e-05 1.5e-05 0.005245 0 4e-05 0 0.00679 0 0 0.002495 0 0 0 0 1.5e-05 0 0 3e-05 0.001155 5.5e-05 4e-05 0 1e-05 0 0 5e-05 0.00606 0.00312 0.00281 4e-05 4.5e-05 2e-05 0 0.01329 3.5e-05 4e-05 5.5e-05 0.015295 0 3e-05 3.5e-05 0 4e-05 0.0001 1e-05 0 4.5e-05 4.5e-05 0 2e-05 0.00076 6e-05 0 0 0 0 0 2.5e-05 5.5e-05 0 0.00528 4e-05 2e-05 4.5e-05 4e-05 4e-05 0 4e-05 0.0007 0 0 1.5e-05 0.00187 0
4.5e-05 2.5e-05 2.5e-05 1e-05 0 0 2.5e-05 0.00704 0.005625 0.009255 0.00035 3e-05 0.011125 5.5e-05 0 0 0.0001 0.000205 4.5e-05 0 3.5e-05 0.001975 0 0.003515 0 0 5e-06 0.00034 3.5e-05 0 0 3e-05 0.008705 5e-05 4e-05 0.00453 0.000555 6.5e-05 0.007885 3.5e-05 0.00949 0 0.009635 0 0 2e-05 0.00597 0.00292 3.5e-05 0 0 0.00098 6.5e-05 0.00524 0 0 0.00063 0.01313 3e-05 0.0003 0 0.002595 0 3e-05 0 0 3e-05 0 0 8e-05 2.5e-05 1e-05 0.00019 0 2.5e-05 4.5e-05 0 0 0 0 2.5e-05 1e-05 0.00495 0 2.5e-05 0.00424 0.000625 3.5e-05 0.003035 3.5e-05 0.002245 0 2.5e-05 0.00353 0 5.5e-05 0 0 1.5e-05 0.00139
0 0 0.00517 3.5e-05 0 4e-05 0.00986 0 0.00599 3e-05 1.5e-05 4e-05 0 0.006125 3e-05 0 0.004475 0.008605 0 0.00051 0 0 2e-05 0 2.5e-05 3.5e-05 0 4.5e-05 4e-05 0 0.008285 2.5e-05 0.000155 0 0.001665 0.008925 0 0 5.5e-05 0.000885 0 0 0 1.5e-05 0.00017 0.00474 0.00253 3.5e-05 0 0.002355 0.003925 0.001245 0.00022 4e-05 0.005575 0.00016 3.5e-05 2e-05 4.5e-05 0 4e-05 0 0.002775 0.009675 0.000205 0 0 0.001735 0 0 0 4e-05 0.00272 7e-05 0 0.00721 0.005075 0.00223 0 0 0 1.5e-05 4e-05 3.5e-05 0 0 0 4e-05 5e-05 1.5e-05 1e-05 3e-05 0 0 0.00436 0.001445 3e-05 0.003195 0.00977 0.000155
3.5e-05 0 0.00401 0.013485 4.5e-05 0 0 0 3.5e-05 0.003475 5.5e-05 0 3.5e-05 4.5e-05 0 2.5e-05 2e-05 0 0 4e-05 3.5e-05 0 3e-05 0 3e-05 0.00082 0.011795 2e-05 5e-06 3e-05 0.00073 0.01096 0 2.5e-05 0 0 1.5e-05 0 3.5e-05 1.5e-05 3e-05 0 5.5e-05 4e-05 0 0.00063 3.5e-05 3e-05 4e-05 0.002095 4e-05 0.00026 0 0.01714 0.01022 0 4.5e-05 2e-05 4.5e-05 0 0 0.000245 5e-05 0.00321 3e-05 2.5e-05 0 0.005465 0.01359 0.01659 0.00575 0 0 0 5e-05 0 0 0.00037 0 0.00135 4e-05 0 2e-05 0 0.00288 4.5e-05 0 0.0004 0.000865 0 5.5e-05 0.001365 4e-05 3e-05 0 0 0.015765 7e-05 0.006505 0
0 5e-05 0.01329 0 4e-05 0 0.004075 0 0.010935 3.5e-05 0.00028 0.0001 0 0 0.000665 0.00754 0.008005 0 3e-05 0 0.00011 0 0.002025 0 8e-05 0 0.003485 4e-05 4e-05 1.5e-05 9e-05 0 0 3.5e-05 1.5e-05 0.002405 0 3.5e-05 0 0.000855 2.5e-05 0 0.00893 6e-05 0.002345 0.001645 0 2.5e-05 0.00493 0.00018 0 0.00086 0.000165 0.003995 0.00412 4.5e-05 0 1.5e-05 0 0.000215 0 0.002055 0 0 0 0 0.000175 0 0.00204 0 0.00496 0 0.000555 0.000305 3.5e-05 0 3.5e-05 0.00275 0 0.011065 0 0.00207 3e-05 3.5e-05 0.00056 3e-05 0.000815 5.5e-05 0 0.005275 1.5e-05 0.008335 0.000235 3e-05 0 0 0.002635 2.5e-05 0.007695 3e-05
0 0.006245 4e-05 0.00303 0 0 0 3.5e-05 4.5e-05 0 3.5e-05 0 2e-05 0.00018 0 0.001325 0 3.5e-05 2.5e-05 0 0.01219 0.00984 0 0.010235 0.0007 4e-05 0 5e-06 0 0 0 4.5e-05 0 3.5e-05 0.00036 0 0.00301 0.00141 0.002065 0.01217 0.015935 2e-05 2.5e-05 0 2.5e-05 4.5e-05 0 2.5e-05 0.003045 0 0 0.02349 0.00491 0 0.003105 0 2e-05 4e-05 2e-05 4e-05 0 0 0.00447 1e-05 4e-05 0.00572 0 0 4e-05 0 2.5e-05 2.5e-05 3.5e-05 0 4e-05 2.5e-05 2.5e-05 0 0 1.5e-05 0 0 2e-05 4e-05 0 3e-05 0.000605 0.00128 0 0.005685 0.0177 2.5e-05 6e-05 0.000635 4.5e-05 0.00276 5e-06 3e-05 0 0.002475
5.5e-05 0 2e-05 0 0 0 6e-05 2.5e-05 0.001595 0 0 0 0.00059 2e-05 0.000635 0.00059 3e-05 0 3.5e-05 0.003145 0 2e-05 0 1.5e-05 4e-05 0.003725 0 5.5e-05 0 3.5e-05 0.00257 7.5e-05 0.00378 0.00173 2.5e-05 0.002315 0 0 0 0 4e-05 0 3.5e-05 0.004605 3.5e-05 0.00888 0.00185 0.00287 0 0.007245 0 4e-05 0.009605 0.00092 0.00018 0 0.00212 5.5e-05 0.00361 0.001605 0 3.5e-05 0 0 2e-05 0.00195 9e-05 3.5e-05 0 0 0 4e-05 0.00709 6e-05 0.005605 0.007065 5.5e-05 0.012845 0 0 0.002695 0.00525 0.00462 1.5e-05 0.01305 0.00175 0.00893 4e-05 9e-05 1.5e-05 0 0.006315 0.00961 0 0 0 2e-05 0 7.5e-05 0
0.003655 8.5e-05 1.5e-05 0 2.5e-05 4e-05 0.00201 2.5e-05 0.00995 5.5e-05 2.5e-05 5e-06 0 0.005455 0 3e-05 0.000425 0.000255 0 4e-05 0 4e-05 2.5e-05 0 0.018515 0.001395 0.00025 3.5e-05 3.5e-05 2.5e-05 0.001015 3.5e-05 0 4e-05 2e-05 2.5e-05 0.00418 0 0 0 0 0.002885 0 0.001295 0.00181 3.5e-05 0 0.016005 0 3.5e-05 5.5e-05 3e-05 0.004105 3e-05 0 1.5e-05 1e-05 6e-05 0 0.006295 0.00163 0 0.000845 0 3.5e-05 3.5e-05 0 0.00199 0 3e-05 1.5e-05 0.01331 4e-05 0.00042 1e-05 3.5e-05 4e-05 7e-05 4e-05 0 9.5e-05 2e-05 0 0 5e-05 0 2e-05 0 0 4.5e-05 0.002315 4e-05 3.5e-05 0 0 0.002165 0 3e-05 0 0.00124
0.00407 0.00012 7.5e-05 0 4e-05 0.001525 1.5e-05 0.003625 1.5e-05 0.01503 0 3e-05 3e-05 0.002885 0 2e-05 0.000155 0 0 1.5e-05 3e-05 0 5.5e-05 0.001205 1e-05 3.5e-05 0 4e-05 4.5e-05 0.002465 0 4e-05 0.00043 0 4e-05 0 0.00417 3.5e-05 0.00156 0.008825 0.006875 0 0 0 0 3e-05 0 0.00379 0 0 4.5e-05 0.00895 4.5e-05 3.5e-05 0 0.00486 0 0 2e-05 0 3e-05 0.01308 1e-05 3.5e-05 1.5e-05 5.5e-05 0 0.0004 0 0.00043 3e-05 0 0 0 0 0 0.00527 0 0.000735 0.00194 4e-05 5e-05 0 0 2e-05 0.006175 6e-05 0.004725 0 0.002725 0.013055 0 4e-05 5.5e-05 2.5e-05 0.010585 0 0 0.00264 0
0 0 0.007535 4e-05 0.000235 0.00019 2e-05 1.5e-05 2.5e-05 0.00076 0 3e-05 0 0 3e-05 0 0 0 0 4e-05 0.000975 3e-05 2e-05 0 0.00064 0 2e-05 3e-05 0.001825 4e-05 0.002065 4e-05 1e-05 2.5e-05 0 3.5e-05 0 0 3e-05 0.002385 6e-05 0.00493 1e-05 3.5e-05 4e-05 0.006595 0.00074 8.5e-05 0 1.5e-05 0.001735 0.000115 1.5e-05 1e-05 0 3.5e-05 4.5e-05 2.5e-05 0.00751 0 1.5e-05 0.010995 2e-05 4.5e-05 2e-05 0 0 0.00241 3e-05 0 0 5e-05 4e-05 0.01283 0 0.001955 0 0.00882 0 0 0 0.00503 0 0 5.5e-05 0 0 0 2e-05 3.5e-05 5e-05 0.00071 0 0 3e-05 2.5e-05 0 0 4e-05 0.00343
3e-05 2e-05 0 0 0 2e-05 0.00025 0 0 4.5e-05 3e-05 0 3.5e-05 0 0 3e-05 0.00138 3.5e-05 1.5e-05 0.003985 0.00199 6.5e-05 0 4e-05 0.001555 0 0.000515 0 2.5e-05 4.5e-05 1e-05 0.004125 3e-05 4e-05 0 4e-05 0 3.5e-05 0 2e-05 5e-05 0.00087 0.003795 3e-05 0.001915 0 7e-05 1.5e-05 0.005965 0.011095 0.000705 0 0.00835 0.00167 0 0 0 0 0.004125 0 0 3.5e-05 3e-05 0 5e-05 0.008065 4e-05 0 0.00088 1e-05 7.5e-05 3e-05 0 2.5e-05 0.006775 4e-05 0.01027 0.00499 0 0.00699 0.004225 4.5e-05 2e-05 2.5e-05 0.00013 0 0.00491 0 0 5e-05 4e-05 0 0 0 0 2.5e-05 0.00028 0 0.000275 0.00022
0 0.009225 0 0 0 0 5e-05 0.00958 7e-05 0.000445 0.00261 0.00138 0 3.5e-05 7.5e-05 0.00046 3.5e-05 0 0.00134 2.5e-05 1.5e-05 0 3.5e-05 4e-05 0 2.5e-05 4e-05 4.5e-05 0.00173 0 5e-06 0 1e-05 0 0 2.5e-05 0 3.5e-05 0.002955 2.5e-05 7.5e-05 0.00993 0 0 2e-05 0 2e-05 0.00605 2.5e-05 1.5e-05 3.5e-05 2.5e-05 0 0 4e-05 3.5e-05 4e-05 0 0 1e-05 0 3e-05 9.5e-05 2.5e-05 0.00013 0 0.01216 0.00389 3e-05 4.5e-05 0.01137 0.00021 4.5e-05 1.5e-05 0.00856 0.015065 0 0.004045 0 0 0.009425 6.5e-05 5e-06 0.01575 0.00131 0 0 0 0 3.5e-05 0.00019 0 5e-06 5e-05 4.5e-05 0.002445 0 0 6.5e-05 0.00018
9.5e-05 4e-05 0 0.00795 2e-05 0 0 4e-05 5e-05 5e-05 5e-05 2e-05 0.00562 0 0.002695 0 0 0 2.5e-05 0 0 0 2e-05 2.5e-05 0.007415 0.00172 0.001665 7e-05 0.006305 0 5e-05 3e-05 5e-05 6e-05 0.00216 3.5e-05 0.009875 0.00015 0 0.00155 0.005405 0 0.00078 4e-05 0.00854 0.00245 5.5e-05 4.5e-05 0.00756 4e-05 0.00517 0 0 0 0 4e-05 2.5e-05 0 0 0 0 0.00171 0.006015 2e-05 5e-05 0.002345 0 2.5e-05 4.5e-05 0 2.5e-05 3e-05 0 0 0 0 0.00011 0.000135 0 0 0.002205 0.001825 3.5e-05 5e-05 0 0.000195 0 0.015255 0.0001 0.00537 0 0 0.00064 3.5e-05 1.5e-05 4e-05 2.5e-05 5e-05 2e-05 5e-05
0.015775 0.008625 0 0.005545 3e-05 0 0.00924 0 0 0.002 1.5e-05 2.5e-05 0.00438 0.0122 3e-05 0 0.00394 5e-05 0.00361 0.006075 0 0 0 0 0 2.5e-05 0.00406 3.5e-05 2e-05 0 5e-05 3e-05 3e-05 0 2e-05 0.002265 3e-05 0.00095 0 0.001425 0 0 0 4e-05 0 0.00319 0 3.5e-05 3.5e-05 0.0009 4.5e-05 1e-05 1e-05 3e-05 0 0.000105 0 2.5e-05 7e-05 0 5e-05 0 0 2.5e-05 4.5e-05 0 2e-05 3e-05 4.5e-05 3.5e-05 0.00288 3e-05 5e-05 0 3e-05 3e-05 2.5e-05 5.5e-05 0.014585 0 5e-05 4e-05 3.5e-05 4e-05 2.5e-05 2.5e-05 0 0 5e-05 0 0.001095 0 3e-05 0.003165 3e-05 2e-05 0.002485 0 0 0
2.5e-05 3.5e-05 0 0 3e-05 0 0 0 1.5e-05 5e-05 4.5e-05 5e-05 3e-05 0 0 0 3e-05 0.0002 0 2e-05 4e-05 0 0.01517 0 0 3.5e-05 2e-05 0.001445 0.00448 3.5e-05 3e-05 0.01726 0.002985 0.02074 0.002155 0 0 0.000515 0.000185 2.5e-05 3e-05 0.002635 2e-05 0.003875 4.5e-05 3.5e-05 3.5e-05 0 0 0 0.006055 5.5e-05 2e-05 1.5e-05 0 0 0.003775 0.00069 3.5e-05 4e-05 0.01035 3.5e-05 0 1.5e-05 0 2.5e-05 0.010615 0.006475 4e-05 0 0 0.000875 0.002345 3e-05 0.000975 0 5e-05 0 1.5e-05 0.00532 0.00034 0.010655 0 0.0158 0.00061 4.5e-05 4e-05 0 3e-05 0 5e-05 0 0.007375 3.5e-05 0 0 4.5e-05 0.0026 1.5e-05 0
0.007265 0 0.01403 0.00143 0 0 0.011415 4.5e-05 1.5e-05 0 0.00186 0.000115 0 0.00636 2e-05 0 0 0 0.000105 0 0.00503 3.5e-05 1e-05 1.5e-05 0 0 0 7e-05 3.5e-05 0.0059 0 0 0 4e-05 0 0 6e-05 0 0 0 0.00188 0 0.00264 1.5e-05 0.00424 0.01253 6e-05 0 0.01126 4e-05 0 0 3e-05 0.001105 0.009095 0.00056 1.5e-05 1.5e-05 0.001715 4e-05 3e-05 3e-05 0 0.0006 4e-05 0.012975 2.5e-05 2e-05 0 3e-05 0 0.007085 3.5e-05 5.5e-05 4.5e-05 0.00265 0.008125 0 0.00866 5e-05 0.000145 1.5e-05 0 6.5e-05 3e-05 0 4.5e-05 0.00209 4e-05 0 0 4e-05 0.00094 0.01094 0 0 0.00012 0 0.003765 0.00026
0.0001 4e-05 0 0 2e-05 2e-05 4.5e-05 3.5e-05 0.00074 0 0 0 0.01521 3.5e-05 2e-05 0.00826 0.000385 0.00435 1.5e-05 3e-05 0 3e-05 4e-05 0.0031 0 0 0.001255 0 0.013475 4.5e-05 0 1.5e-05 0.007905 1e-05 0 0 0 0.002135 0 0 3.5e-05 4.5e-05 0 0 0.00201 0.00808 0 1.5e-05 0 3e-05 0 0 2.5e-05 0.00036 1.5e-05 4e-05 0 0 1e-05 0.020285 0 4e-05 0 0.000785 0 8e-05 0 0 0 3.5e-05 4e-05 0.006645 5e-05 0.00751 0 4.5e-05 0 3.5e-05 0 0.006785 2.5e-05 0 2e-05 1.5e-05 0 0 0 0.00086 0.001465 0 0 0.00014 8e-05 3e-05 5e-05 3e-05 0 5e-05 4.5e-05 2.5e-05
0 0 2.5e-05 2.5e-05 5e-05 5e-06 4e-05 1e-05 0 0 1.5e-05 0.0062 0 0 3e-05 2e-05 0 5e-05 0 0.015745 2.5e-05 0 3.5e-05 5e-05 2.5e-05 2.5e-05 4.5e-05 0 3e-05 3e-05 1.5e-05 0.004025 2.5e-05 0 2.5e-05 5.5e-05 2e-05 0 0 5.5e-05 0 3e-05 5e-05 3.5e-05 0.006585 0 3.5e-05 0.000705 0.00108 4e-05 6e-05 0.00064 0 0 0.00063 1e-05 3.5e-05 0.002915 0 0 0 0 0.01642 0 0.00245 0 0 0.002875 6.5e-05 0 0.00415 1.5e-05 0 0 2.5e-05 0.00032 0.00853 0 0 5e-05 4e-05 3.5e-05 0.00049 0 4.5e-05 0 0 3.5e-05 1e-05 0 0.002375 0.00445 5e-05 0.000135 0.00082 0 0 1.5e-05 0.005835 0
0.00354 6e-05 2e-05 3e-05 4.5e-05 0.004635 0.00389 0 0 5e-05 0.000265 0 0 5e-05 2e-05 0 0 0.016655 7.5e-05 2.5e-05 0 2e-05 0 0 0.00231 2.5e-05 0 3.5e-05 2.5e-05 6e-05 0.00471 0.00036 0 2.5e-05 0 3e-05 5.5e-05 4e-05 1.5e-05 0.000995 0.004095 0 0.02722 2e-05 0.008325 0 0.00013 0 0 2.5e-05 0 0.00044 5.5e-05 0 0.002655 0 0 1.5e-05 0 0 3.5e-05 0 1.5e-05 0 4.5e-05 0 6.5e-05 0 2e-05 3.5e-05 0 0 1.5e-05 0.002635 2e-05 0 0.00389 4e-05 0 3e-05 0.006625 4.5e-05 5e-05 0 0 0.003465 0.0012 3.5e-05 0.00113 4e-05 3.5e-05 5.5e-05 0 0.000245 2.5e-05 4.5e-05 0.015895 0 0 0.00202
0 6e-05 2e-05 0 2.5e-05 5e-05 0.00011 0.00333 2.5e-05 2.5e-05 0 2.5e-05 3e-05 0.000355 0 0 5.5e-05 2.5e-05 0.01304 0 3e-05 0 0.00325 0 2e-05 3.5e-05 5e-05 0 0 0.014765 8.5e-05 0.0064 0 3e-05 0.00852 0 3.5e-05 0 0 0 0.005405 2e-05 0.0008 0 4.5e-05 3.5e-05 2e-05 6e-05 0.006365 5e-05 3.5e-05 0.012145 2.5e-05 0.000295 0.00512 3e-05 0.00134 6.5e-05 3.5e-05 0 2.5e-05 3e-05 2.5e-05 0 0.006195 0.004595 0 1.5e-05 5e-05 0 0.00834 4.5e-05 0 4.5e-05 0.00018 0.00894 1.5e-05 0 0.00249 3.5e-05 0 0.003615 4.5e-05 0 0 0 0 0.006765 4.5e-05 0 0.00337 2.5e-05 3.5e-05 5.5e-05 0 0 0.007545 0 0 2e-05
4e-05 0.00019 5e-05 6e-05 2.5e-05 0.01311 0 0.00017 1.5e-05 0 0 0 0.004385 0.007675 0 2e-05 1e-05 0.00193 0 0 4e-05 0.002815 0 2e-05 3.5e-05 0 1e-05 4.5e-05 0 5.5e-05 0.000375 3.5e-05 7e-05 0 2e-05 5e-06 0.009155 0 0.008605 0 0.000325 4e-05 0 3.5e-05 0.000855 0 3e-05 0.001495 3.5e-05 0 0 3e-05 0 1e-05 4e-05 0 0.00319 6e-05 0 1.5e-05 0 0.013475 5.5e-05 0 0 3e-05 0 0.000335 0.00011 0.0005 0 3e-05 2.5e-05 0.00537 0 0.00908 0 0.00113 0.00027 4e-05 0.00208 5.5e-05 0 0 3.5e-05 0.00368 0 0.003995 0 3.5e-05 0.006715 0 2.5e-05 3e-05 4.5e-05 0.000325 0 5e-05 5.5e-05 0
0.00056 0 6.5e-05 0 0 0.009485 0 0 0 0 0.00184 0 0.00762 2.5e-05 0.003 0.007655 0.007445 0 0 0.00012 4.5e-05 0 0.007255 0 5e-05 0 0 0 3e-05 0.010835 3e-05 0.007065 0.00218 0.00531 0 0.004665 0 2e-05 0.00324 0.000575 6e-05 0.00198 0 0 1.5e-05 0 0.012525 4.5e-05 0 0.00416 0.000525 0 2e-05 0 0.00475 5e-05 0 0.0004 3.5e-05 0 0.00763 0 0 0.002445 0.004795 4.5e-05 0.007325 0.000125 4.5e-05 0.001295 3.5e-05 0.007545 0 1e-05 0.000265 2e-05 0 0 0.003505 0.000185 1.5e-05 0.01435 3.5e-05 3.5e-05 0.000335 0.000695 6e-05 2.5e-05 0.000235 4e-05 4e-05 0 0 2.5e-05 0.002045 2e-05 0 5.5e-05 0 3e-05
0 5.5e-05 0.005725 0.002755 0 0 2.5e-05 0.011385 0 2e-05 0.01142 0 4e-05 0.000315 0 0 3.5e-05 5e-05 2.5e-05 0 0 0 0 2e-05 0 0.00026 2e-05 0.00076 0.000295 3.5e-05 5.5e-05 0 0 0 0.000315 3e-05 2.5e-05 3.5e-05 2e-05 0.000745 0 0.006055 0.00022 0 0.00242 0.012435 0.00643 1.5e-05 0 0 0.00621 4.5e-05 0 0.004975 6e-05 1e-05 0 4.5e-05 0 6e-05 0 0 2.5e-05 0.006265 3e-05 7.5e-05 4e-05 0.000585 0.001815 0 0.00258 0.002235 0.00048 0 0.011265 0 0 0 3.5e-05 0.00121 0.007905 0 1.5e-05 4e-05 0.007355 0.00021 0.00423 0.002955 0.001885 0 5e-06 0 0 2e-05 4e-05 1.5e-05 0 5.5e-05 0 4.5e-05
0.005965 0 2.5e-05 0.000125 0 4.5e-05 2e-05 0.005655 5e-05 0.0039 3.5e-05 3e-05 0 3e-05 0 5.5e-05 0 0 0 0 5e-05 2.5e-05 2.5e-05 0 0.00022 0 0 0 0.00705 5e-05 4e-05 0 4e-05 3.5e-05 0.00403 0.002825 0.00485 1.5e-05 2.5e-05 9.5e-05 2.5e-05 0 5e-05 0.006135 3e-05 4e-05 0 0 1.5e-05 2e-05 0 0 3e-05 0.00117 3e-05 0 2.5e-05 0.009425 4e-05 0.003125 3.5e-05 0.00137 0 0.003815 0.005825 0 0 0.002755 0 0.015565 2e-05 6.5e-05 0 0.00029 0 0 0.001395 0 4e-05 0 0 0.00476 5.5e-05 0.00556 2e-05 0.01111 0 0.00133 3e-05 3e-05 0 4.5e-05 0.00137 4.5e-05 0.004485 7e-05 0 0.01329 0 1.5e-05
0 0 0 0 0.001745 5e-05 3.5e-05 3e-05 3.5e-05 5e-05 0.010765 0 0 0.00474 0.012145 3.5e-05 3e-05 0.000455 0.0016 0 4.5e-05 3e-05 0 2.5e-05 0.002195 0 0 0.00043 0.000445 3e-05 6.5e-05 6.5e-05 6e-05 0 0.002635 0.00153 3e-05 0 3.5e-05 3e-05 0 0 4e-05 5e-05 0 0 0 0 3e-05 2.5e-05 0.00589 5e-05 0 4e-05 2e-05 0.000175 3e-05 5e-05 0.00759 2e-05 5e-06 0 5e-06 3e-05 0 0 2.5e-05 0.00223 8.5e-05 4e-05 0 0 4.5e-05 0 0.01184 0.0001 0.010735 0 3.5e-05 3e-05 0 1.5e-05 0 2e-05 0.00761 0.00114 0.000225 0 0 0 9.5e-05 0 0.002615 1e-05 1e-05 0.00439 2e-05 0 5e-05 0.00013
0.00847 0 3.5e-05 0 0.000425 3e-05 4e-05 0.00039 0.00038 2e-05 0.00299 0 2e-05 0.0001 0 0.00283 3.5e-05 0.00035 0.005305 0 0.00158 4.5e-05 0 3e-05 4e-05 0.00492 4.5e-05 0 0 2e-05 5.5e-05 0.00201 0 0 0.007065 0 3e-05 5e-06 4e-05 1.5e-05 0 0.01162 0.00065 0 0.00084 0 0.00072 0.0046 2.5e-05 0 0 1.5e-05 0 5e-05 0 5e-05 2e-05 0.002305 0 2e-05 0 0 0 0 0 0 2e-05 0.00523 0.00303 0 0.00371 0.001745 5e-06 0.00505 0 0 0.0093 4e-05 4e-05 0 0.01272 3e-05 0.0011 0 0 0 1e-05 0.005285 0.00021 0 0.00132 5e-05 0.00087 0 4e-05 3e-05 1e-05 0 2.5e-05 2.5e-05
0 0.004875 0.005315 2.5e-05 0.000545 4e-05 0 0.003755 0.000225 0 0 0 0.000285 0.010305 0 0.001085 0 4.5e-05 0 1.5e-05 0.00143 0 0 0.0044 0 0.00095 0.013935 4e-05 3.5e-05 0 0.00642 0 3.5e-05 2e-05 0.004085 3.5e-05 0.00561 4.5e-05 0 0.005945 0 3.5e-05 0.000375 6e-05 4e-05 0 0.00414 0.00093 0.01404 0 7e-05 0.00062 2e-05 0.000125 0.000475 4e-05 0 0 1e-05 0 0 4.5e-05 4e-05 0 0 0.002755 5.5e-05 0.00015 0.01526 0 0.001355 0.00158 0.007005 0.00011 0.0001 4.5e-05 4e-05 4.5e-05 0 5.5e-05 2.5e-05 0 1.5e-05 4e-05 5.5e-05 3.5e-05 0 5e-05 0 0.001045 0.002185 0 9.5e-05 0 0 0 0 1.5e-05 0.005245 0.00061
1.5e-05 5e-06 0.007905 6e-05 0.003495 0 0.002895 0 1.5e-05 0 0 0.01722 0 6.5e-05 3.5e-05 1e-05 3e-05 0.003895 0 0 5.5e-05 0 0.00172 0.004145 0 0 5e-05 0 0.00372 2e-05 4e-05 2.5e-05 0 2.5e-05 0.00044 3e-05 0 0.000115 0 0 1e-05 2e-05 0 2.5e-05 0 0.011755 0 0.002675 0.010755 2e-05 0 5.5e-05 0 4.5e-05 0 2.5e-05 0 0 0.000665 0 3.5e-05 2.5e-05 0.004275 0 3e-05 5.5e-05 0.00172 5e-05 0 0 0 4.5e-05 2.5e-05 0 2e-05 0.005265 0.01128 0 6e-05 0.0123 0 0.01131 4e-05 5.5e-05 5e-05 3e-05 4e-05 4e-05 0.00101 0.0021 2.5e-05 0.000965 0 2.5e-05 2.5e-05 0 0 0 2.5e-05 0
0.01049 0 3.5e-05 0 0.001055 3e-05 2.5e-05 0.00364 3e-05 0 0.003165 3.5e-05 0.000855 0.007815 0 0 2.5e-05 3e-05 0 2.5e-05 0 0.0105 3.5e-05 0.009175 0 5.5e-05 3.5e-05 0.001215 0 4.5e-05 0.00061 3.5e-05 0 0 0 0.004155 0 0.005925 0 0.000135 0.000355 0.0007 0.0002 0 3.5e-05 0 0.00846 9e-05 2.5e-05 2.5e-05 3e-05 0.01274 0.000465 0 0 0 0.001585 2e-05 0 0.00156 0 0 3e-05 0 0 0.00036 3e-05 0 0.000735 0.000715 0 0 0 0 0 4e-05 0 1e-05 1e-05 0.00109 0 0 2.5e-05 2e-05 4.5e-05 0.002875 3.5e-05 0 0.00255 0 0.01271 2e-05 3.5e-05 2e-05 0.00148 0.009315 4.5e-05 3.5e-05 6e-05 3e-05
0.00698 0.00038 0 4e-05 0 5e-05 0 0.004795 0 0.006485 0.001595 2e-05 0.01542 1e-05 0 4e-05 0 0 0.005515 0.00123 1e-05 0.00307 0.002885 0 1.5e-05 0.004625 0 4.5e-05 0.003055 0 0.00058 3.5e-05 0 1.5e-05 0 0.01231 0.000985 2.5e-05 0.013065 0.00249 5e-05 0.005535 3.5e-05 0 7.5e-05 0 0.00218 0 5e-05 0 0.00636 1.5e-05 0.002895 4e-05 5e-06 0 0 0 0.002665 0 2.5e-05 0.00772 4.5e-05 2.5e-05 0.000475 0 0 6e-05 0 3e-05 0.00095 0.003645 0.00492 3e-05 0.001925 0.00102 4e-05 0 0 3e-05 3.5e-05 0 2e-05 0.00167 0.00025 1e-05 3.5e-05 0 3e-05 0 4e-05 1e-05 0.00056 0.00164 3.5e-05 0 0 3e-05 0 2e-05
0 0.001245 3.5e-05 2.5e-05 0 0.00885 0.000165 0 0.000665 5e-05 0.00805 0 0.00813 2e-05 0.001815 0 0 0.00187 0 2.5e-05 0 6e-05 0 4.5e-05 4e-05 9.5e-05 0 2e-05 0 0.01267 3e-05 0 0.01159 0.000835 0 5e-05 0.00165 0 0.00024 3e-05 0 0 0.00411 0.003715 0 0 4e-05 0.01189 0 3.5e-05 0.005195 0 5.5e-05 0 0 5.5e-05 0.011725 0 0 3.5e-05 0 0.00091 0.002055 0.007265 0 3e-05 0.000515 2.5e-05 0.003825 0.001375 2.5e-05 0.016855 3.5e-05 4e-05 4e-05 0.005795 0.00501 5.5e-05 0 0.002335 4.5e-05 0 0.00288 0 1.5e-05 3.5e-05 3.5e-05 3e-05 1e-05 1.5e-05 0 0 0.003075 0 3.5e-05 0 5e-06 1.5e-05 4e-05 0
0 0.006615 0.00022 0 9.5e-05 2e-05 0 0.00409 0 0 0.00706 0 2e-05 0 0 0.0002 5e-05 8.5e-05 0.002065 0 0.00779 5.5e-05 0.006565 0.0052 0.00312 0 0.00303 5e-06 2.5e-05 0.00938 0 0.000225 2.5e-05 0 0 3e-05 1e-05 2.5e-05 0 0 3.5e-05 4e-05 0.01022 0.00118 0 0.00019 6e-05 3e-05 0 0 0.006325 3e-05 0 0 0 1.5e-05 0.00158 3.5e-05 0.001065 4.5e-05 0 0.00068 3e-05 0.000185 0 0.00769 0.002605 1e-05 0.00141 3e-05 0.00798 2.5e-05 0 0 0 5.5e-05 5e-05 3.5e-05 0 0 0.002115 3.5e-05 4e-05 0 4.5e-05 0 0 5e-05 4e-05 1.5e-05 3e-05 0.00173 0.003375 0.00212 0 2e-05 0 0 2e-05 3e-05
0.00194 0.00029 0 5.5e-05 0 3.5e-05 2.5e-05 0.009155 0 0.00184 0.000845 9.5e-05 2e-05 3.5e-05 0.01 0 0.008475 2e-05 0 0 0 0 0 0.00324 0.002085 4.5e-05 0.00016 0 8.5e-05 0.00126 0 0.006095 5.5e-05 6.5e-05 0 3e-05 0.004445 0.00077 0 0 0 0.001855 8e-05 6e-05 0.0013 0.001255 0 3e-05 0.004625 0.000205 0.006915 4e-05 0.00111 2.5e-05 5.5e-05 2.5e-05 0 0.00536 4.5e-05 0 0.01075 0.00687 0.00349 0 1.5e-05 4.5e-05 0 0 0 2.5e-05 0 0.01077 4.5e-05 4.5e-05 0.00043 0 0.000495 0 0 0 0 2.5e-05 0 0.0016 0 3.5e-05 0 0 0 0.00321 0.005465 5.5e-05 0.000695 0 3e-05 0 0.005995 0 4e-05 0.00504
4e-05 1.5e-05 0.000555 0 0.006115 5e-05 0.00308 0.00056 0 3.5e-05 0.00387 0 4.5e-05 3.5e-05 0 0.00172 0 0.00014 0.00882 0 0.00024 4e-05 0 0 0.00388 0 0.001565 0 0.00667 0.00743 8.5e-05 0.012295 0.00656 0.00072 0 2e-05 3e-05 0 0 0 0 2.5e-05 0.007355 0 0.00408 0 0 7e-05 0.004215 0 0.001835 3.5e-05 0 3e-05 0.00017 0 4.5e-05 0.0069 0.005705 7.5e-05 4.5e-05 4e-05 0.00219 0.00434 0 2.5e-05 0 3.5e-05 0 5e-05 0.000825 0.01323 1.5e-05 0 0 3.5e-05 0 2.5e-05 8.5e-05 0.004845 0.006225 0.002095 0 0 7.5e-05 3e-05 3.5e-05 0 0 3.5e-05 3e-05 0 0.001845 0.00045 0.000685 0 0.011305 0 0.001185 0
0 0.0014 0.000385 3.5e-05 0 0.015315 2.5e-05 0 0 7e-05 0.01106 0 0.01034 0.00325 0.00036 0.000855 0.00575 0.000515 0.001255 3.5e-05 5.5e-05 4.5e-05 0.000465 2.5e-05 5.5e-05 0 0 1e-05 3e-05 0 4.5e-05 2.5e-05 0.000545 0 3.5e-05 0.009385 0.00852 3e-05 4e-05 0.000895 2.5e-05 0 2e-05 3.5e-05 1e-05 0 0.008865 0.00941 0.00352 0.00669 0 2e-05 0.007335 0 4e-05 0 0 0 0.00621 0.00306 6.5e-05 0.00274 0.00162 0.00069 3.5e-05 0.007465 0 0 0 4e-05 2.5e-05 0 3e-05 1.5e-05 0 0 0 0 0.00973 0.007035 0.00402 0 0 1e-05 0 3e-05 0 3e-05 0 4e-05 4e-05 5e-06 0 0 0.0029 0.0005 0 2e-05 6e-05 0.00054
0 5e-05 0 4e-05 0 0 0.005725 4e-05 0.009695 3.5e-05 4e-05 3e-05 3.5e-05 0.00022 0 0 0.001925 3.5e-05 3e-05 0 0.01298 0 0.0007 6e-05 2.5e-05 4e-05 0 4.5e-05 0.00038 5e-05 3e-05 0.00468 4e-05 0.004185 0 0 0.010725 0.002215 5e-05 7e-05 0 0.00182 4e-05 0 3e-05 0.005675 3e-05 0 0.01164 0.01057 0 0.00087 0.005955 3e-05 2.5e-05 0.01066 0 5e-05 0.00038 0 0.00175 0 6.5e-05 0.0011 0 0 0 4.5e-05 0 0 0 0 0.00209 3e-05 5.5e-05 0 4.5e-05 2e-05 0.000375 0 1e-05 0.00272 1.5e-05 4.5e-05 0.00384 2e-05 4e-05 0.00071 3.5e-05 0 1.5e-05 0 0 3e-05 0 0.00018 4e-05 0.001 0 0
4e-05 0.00577 0 1.5e-05 3e-05 0 0 4.5e-05 0 4e-05 5e-05 3e-05 0 0 0 0.00792 0 0 0 0 4e-05 2e-05 0.00013 5e-05 2.5e-05 0 0 0 4e-05 2.5e-05 5e-05 0.0011 6e-05 0.000445 5e-05 5.5e-05 0.012305 0.000385 3.5e-05 0 2e-05 0.00178 4.5e-05 0 0.00013 0 0.002965 6.5e-05 0 3.5e-05 0.009145 3e-05 2.5e-05 0 0 4.5e-05 0 0.000715 0 0 0.002425 4e-05 0 1.5e-05 0.000485 0 0.000265 0.00063 0.00353 3e-05 5.5e-05 0 0.000625 0.01303 0.00163 0.00098 0.0061 0.002105 0 0.00205 0 0 4.5e-05 3e-05 1.5e-05 3e-05 0 0.003095 0 0.00049 2e-05 0.017105 0 0 4.5e-05 0 4.5e-05 4.5e-05 0 0
0 2.5e-05 0.001125 0.009305 0 0 5e-05 2.5e-05 0 4.5e-05 0.00871 4.5e-05 0.00122 3e-05 0 2.5e-05 4e-05 8e-05 2.5e-05 0.00183 0 0 4e-05 0 0.003465 0 4e-05 0.004725 0 5e-05 0.006395 0 0.00017 3.5e-05 0.013985 0.00554 3e-05 4.5e-05 0 3.5e-05 5e-06 3e-05 2e-05 3e-05 0.002345 0 4.5e-05 0 3e-05 0 3e-05 0 6e-05 5e-05 0 0.00272 0 1e-05 0 9e-05 2.5e-05 0 4e-05 0.00675 0 0 1e-05 0 3e-05 0.007435 0.00418 5e-05 0 0.01535 4.5e-05 0.002435 0 0.011195 6e-05 0 0.00854 3e-05 3e-05 0 0.011485 0 0.00015 2e-05 0.00987 4.5e-05 4e-05 0.000275 0.00029 0 0.000995 0.001635 0 0.000335 2e-05 0
0 0 0 0.003985 0.00766 4.5e-05 1e-05 0 6e-05 0 5e-06 0 5e-05 0 0.01596 2e-05 3e-05 2.5e-05 1.5e-05 0 1e-05 3e-05 0.006965 1.5e-05 2e-05 0 0 0.00142 0 4e-05 0.003735 0.015375 6.5e-05 0.0001 6.5e-05 0.00594 4.5e-05 2e-05 4.5e-05 0 4.5e-05 0 3e-05 0.00277 0 2.5e-05 6e-05 3.5e-05 0.000305 0.004665 0.0003 0 0 5e-05 0 0 0 0 0.000745 5e-05 0.0002 0 3.5e-05 9e-05 0 0 0 0.012115 0 4.5e-05 0 0 0.013405 0.009605 0.016105 0.00063 0 0 0 3.5e-05 8e-05 5e-05 2e-05 0.010025 0 0.005515 0.00439 0 3.5e-05 0.000145 0.000835 0 0.000585 2e-05 0 0.000525 0 0.00049 5e-05 0
3.5e-05 0.00415 0.01401 0 0.000205 0 3.5e-05 3e-05 0 0.00251 0 1.5e-05 2e-05 0 0.001235 0 0 1.5e-05 0 4.5e-05 3e-05 0.001555 4e-05 4e-05 4.5e-05 0.006655 0 3e-05 0 3.5e-05 0 5.5e-05 0.008245 0.012435 1e-05 5e-05 0.004075 0.0008 0.004125 0 0 0 3.5e-05 0.01028 0 0.004505 3e-05 0.005995 0.00043 0.005445 0.00856 3.5e-05 0.000955 0.006525 0 0 0.00095 3e-05 0.006605 0 0.002635 0 0 0.006105 4.5e-05 3e-05 0.000215 2e-05 0.00139 0.001565 0.00144 0.003655 0.010405 0 3.5e-05 0.000135 0 0.004055 3e-05 0 0 3.5e-05 0 3.5e-05 0 0 0 0.001225 6.5e-05 0 2.5e-05 0 0.00012 0 1e-05 0.000155 0 0 0 0
2e-05 2e-05 0.00522 0 0 0.002555 4e-05 0 0 2.5e-05 0.00517 0.001765 0 4e-05 0.00259 8.5e-05 0.00468 0.000135 2.5e-05 0 0 0.00086 0 0.00779 5.5e-05 3e-05 0.007515 5e-05 5e-06 0 3.5e-05 0.010925 0.00127 0.00102 0 4.5e-05 0 0 0 0 3.5e-05 0 0.00234 3e-05 0 3e-05 3.5e-05 0 0.000135 0 0 4e-05 4.5e-05 0 0.014295 5.5e-05 2.5e-05 4.5e-05 3.5e-05 0 0 5e-05 0 3e-05 0 3e-05 0.00718 0 0.00294 0.00105 0.001865 0.00631 0 2e-05 9.5e-05 3e-05 0 0 0 0 0 0.00652 0 0.000185 0 1.5e-05 5e-06 6e-05 0.00073 0.002515 3.5e-05 0.004 0.007375 0.002115 2e-05 2e-05 0.002275 4e-05 0.0021 0.000585
0 0 0 0.00275 0 0 0.000105 0.0083 0 0.002625 4e-05 0 1.5e-05 0.0107 3e-05 2.5e-05 5e-05 0 3e-05 0.01358 0 0.000455 5e-05 6e-05 0 0.003745 1.5e-05 0.00015 0 2.5e-05 0.011305 3.5e-05 2.5e-05 3.5e-05 0 0.00058 0.000275 3.5e-05 0 2.5e-05 0 0 2e-05 0.00948 0.000225 0 0.00404 0 1.5e-05 0.00487 2.5e-05 0 0 0.00701 2.5e-05 0.000715 0 0.001745 0 0 0 0.013635 1e-05 0.000105 0 6.5e-05 3e-05 0.005365 5.5e-05 3.5e-05 2.5e-05 0.000165 0 0.02236 0 4e-05 5e-05 0 0 3.5e-05 0 0 4.5e-05 5e-05 2e-05 0.0017 0.00013 0.008995 0 7.5e-05 0 0.002765 0 2e-05 0.000685 0.00659 0.005165 0 0 5e-05
4e-05 4e-05 1.5e-05 0 0.00835 0 0.000985 4e-05 0 4.5e-05 1.5e-05 3.5e-05 0.00325 4e-05 4.5e-05 0 0 0 3.5e-05 3e-05 5e-05 4e-05 0 0 0.000565 0 0.00114 0.000365 5e-06 2.5e-05 0.000515 0 0.00126 0.00035 0 3.5e-05 0.00198 2e-05 0 0.004615 0 2.5e-05 2.5e-05 3e-05 2e-05 0.00786 0 0.003235 0 0.003325 0.000155 0 0 1.5e-05 0 5e-05 1e-05 0 0 0.014755 5e-05 0 0.00515 0.003235 4.5e-05 0 0.00012 1.5e-05 0.0014 8.5e-05 0 0 0.000705 0.00026 0 8e-05 0 0.0016 2.5e-05 0.007455 6.5e-05 0.007135 0 3.5e-05 2e-05 4.5e-05 4e-05 0 4.5e-05 0 3.5e-05 0.009135 0.01401 5e-06 0.000165 4e-05 0 0 0 3e-05
0 3e-05 4e-05 0.00029 0 3e-05 0 0 0.001315 2e-05 0 0 5e-05 0.008805 0.01389 1.5e-05 3.5e-05 3.5e-05 0.001065 0.00017 0 2.5e-05 0 2.5e-05 0 1.5e-05 0 3e-05 0.000105 0 4e-05 2e-05 4.5e-05 3.5e-05 5e-05 0.013555 4e-05 0.002095 0 0 2.5e-05 4e-05 4e-05 0 0.01312 2.5e-05 0 0.001055 2.5e-05 0 3.5e-05 4.5e-05 0.012005 3e-05 1.5e-05 0 3.5e-05 2.5e-05 0.01435 1e-05 0 3e-05 0 0.002625 0 0.00788 0 0 2e-05 0 0 3.5e-05 0 0 2.5e-05 0.014515 3e-05 1.5e-05 0.00035 1e-05 0 0 0.015075 0 6.5e-05 1.5e-05 3e-05 0.00426 4e-05 0.00117 2.5e-05 0 0.00045 3.5e-05 4e-05 5.5e-05 0 0.01614 0 4e-05
5.5e-05 0.00359 0 0 2e-05 4.5e-05 0.001915 4.5e-05 0 4e-05 0 0 2.5e-05 0 5.5e-05 0.00083 0.000495 0.001605 0 3.5e-05 0.010765 0 0.001435 5e-05 0 2.5e-05 0.000355 4e-05 0.00551 2.5e-05 0 0.006625 0 0.00014 3.5e-05 3.5e-05 0 0 0 0 3e-05 2.5e-05 3e-05 2e-05 0.0093 3.5e-05 3e-05 5.5e-05 0.01167 0 0.00532 0 6e-05 2e-05 7e-05 3e-05 5e-06 0.01029 0.003995 1.5e-05 0 3e-05 0.00704 2.5e-05 2e-05 2e-05 0 1e-05 0.00939 6e-05 2.5e-05 0.008575 8.5e-05 2.5e-05 2e-05 0 0 0 0.000405 1e-05 3e-05 0.00127 0.004535 0 0 3.5e-05 0 0.002325 2.5e-05 0 0 0 0.01001 0 0 0 0.0053 3e-05 0.000345 0.007395
6.5e-05 0 0.00553 4.5e-05 5.5e-05 0.003285 0.001115 0.00726 0.00063 0 0 0 4e-05 0 0 3e-05 0.002965 0 0 5e-05 2.5e-05 4.5e-05 0 2e-05 0.001295 0 0.000825 3e-05 3.5e-05 0.00923 0 0 0 3.5e-05 2e-05 0.00027 0.005225 5.5e-05 3.5e-05 0.00013 0 0 0 2.5e-05 0 0 0.000895 2.5e-05 3e-05 0.00529 1e-05 0.009365 0 0 1e-05 0 0.002 3.5e-05 0 2.5e-05 0.000835 0.000175 2.5e-05 0 0.00072 0.00349 3e-05 3e-05 3.5e-05 2.5e-05 4.5e-05 0 0.016575 0 1.5e-05 1.5e-05 0 0 0.001525 3e-05 5.5e-05 6e-05 0 0.00024 3.5e-05 0 0 0 0 2e-05 0.00426 5.5e-05 0.00044 6.5e-05 0.0028 0 3.5e-05 0.001865 0 0
0.003485 2e-05 0 0 0.00631 0.021525 0.00044 0 0 4.5e-05 0.0045 3.5e-05 0 0 0 0 0.00208 0.004215 0 0 0.003665 3.5e-05 0.0003 0 3e-05 4e-05 0 5e-05 0 0 0.005155 4e-05 0 0 0.00195 0.005385 0 3.5e-05 0.000215 0 4.5e-05 0 0 0 4e-05 5e-06 0.007735 3.5e-05 0 0.016745 0.011385 0 0.000255 6e-05 0.007895 0 1.5e-05 3e-05 0.00193 0.0039 0 0 0 0.011375 0.002145 0.008765 0 3.5e-05 3.5e-05 0.009435 4.5e-05 0 0 4e-05 0 0.005195 0.00081 2e-05 0 0 0.00442 0 1e-05 0 0.00749 0 2.5e-05 1.5e-05 0.001055 4.5e-05 2.5e-05 3.5e-05 0 0.00552 0.000355 0 1e-05 0.003515 0.000185 3.5e-05
0 0 2.5e-05 2.5e-05 3.5e-05 3.5e-05 4.5e-05 3.5e-05 0 3.5e-05 0 2.5e-05 0 0 2e-05 0.00177 8.5e-05 0.000145 0.01048 0 0.001835 0.000805 5e-05 3.5e-05 0.0001 0 0 0.003855 2.5e-05 2e-05 0 5e-05 4e-05 0.00091 0 0 0 0.005875 0.01132 2.5e-05 0.004635 0 0 0 0.014855 0 2e-05 0.006815 0.00021 3e-05 0.003225 3e-05 0 0 0.00657 0 5e-05 0.00105 1.5e-05 0 0 0 0.02369 0 0 2e-05 0 0 5.5e-05 0 0 5e-05 3.5e-05 4e-05 3.5e-05 0.003935 0.0131 0 0.002855 0 0.013415 5e-05 0 2.5e-05 2.5e-05 0.00023 2.5e-05 0 0.00316 2.5e-05 4.5e-05 0 0 2.5e-05 3.5e-05 0.00072 3e-05 1.5e-05 0.004135 0
3.5e-05 0 0.00764 4.5e-05 0.00412 0.000715 0 0 2.5e-05 3.5e-05 0.00553 2e-05 0 1.5e-05 0.000665 0 0 0 3e-05 0 3e-05 0.00059 0 2.5e-05 1.5e-05 0.001155 2e-05 0 0 4e-05 0 0.00724 0.00196 0.00029 0.005945 0 1.5e-05 0 1.5e-05 0 4e-05 0.00088 2.5e-05 0 2.5e-05 0 1.5e-05 3.5e-05 0.003765 0 0.00014 0 0.00295 0.00059 0 0.007445 1.5e-05 0 0.00855 0 0 0 0 1.5e-05 5e-05 0 0 0.000165 5e-06 2e-05 0 0.001715 0 2e-05 0.006265 0 0 0.010765 4e-05 0.00026 5e-06 1.5e-05 4e-05 0.002775 0 2e-05 0.00363 0.00123 0.00401 0.005395 2e-05 0 3e-05 0 3.5e-05 7e-05 5e-05 3.5e-05 3e-05 1e-05
0 4e-05 0 0 0.00022 0.004455 0.00085 0 0.00509 0.000625 0.000395 3e-05 1e-05 0.00042 0.00295 0.00169 0 0 2.5e-05 0.00339 4.5e-05 0 0 0 0 3.5e-05 0 5.5e-05 3.5e-05 0.00293 0 0.004005 0.009915 0.006765 4e-05 0 0.004445 0.0008 0 4.5e-05 0 9e-05 5e-06 2.5e-05 0 0 0.00084 0 0.00855 0.00163 0 0.00439 0.005885 0 0.00065 0.005465 0 1.5e-05 0 3e-05 0.005875 0.001045 0.000605 0.0001 0.000395 0.00043 0.00152 0.001445 0 0 0 3.5e-05 0 2.5e-05 0 4e-05 4.5e-05 0 0.00509 0 5e-05 0.005275 2.5e-05 0.00026 0 5e-06 0.00212 3.5e-05 0.00104 0.00271 1.5e-05 2.5e-05 0 0 4e-05 0.00119 0 4e-05 0 0.001685
5e-06 0.0019 0 0 4e-05 3e-05 0.00268 0 0.001735 0.000155 2e-05 0.002525 0 0 3e-05 4e-05 0 0.00159 3e-05 0 0.00479 0.007555 6e-05 0.00554 2e-05 0 0.000725 0.00106 4e-05 2.5e-05 0.008345 0.000615 0.000185 0.00046 2.5e-05 0 0 0.000905 0 0 0 1.5e-05 2e-05 0 0.00131 1.5e-05 1e-05 0 2.5e-05 2.5e-05 3.5e-05 3.5e-05 0 0.00984 0 6e-05 0.00018 0.020635 0.00031 3e-05 0.018295 3e-05 0 0 0.004705 0 2.5e-05 0.002795 3.5e-05 0 0 2e-05 9.5e-05 2e-05 2.5e-05 3.5e-05 0 0 3.5e-05 0 2.5e-05 0 0.00323 9e-05 0.00258 0 5e-06 3.5e-05 0.00023 3.5e-05 0.003885 0 3.5e-05 0 0.006635 0.0016 0.00257 0.01278 0.00399 1.5e-05
0 0.004395 0 0.00916 0 5e-05 5e-05 0.00042 0 0 0.000475 0 3.5e-05 3e-05 2.5e-05 0 4.5e-05 3e-05 0.001775 2.5e-05 7.5e-05 0.00014 0 0 2.5e-05 0.00018 0.003975 0 4e-05 1e-05 6e-05 0 4.5e-05 0 3.5e-05 0 0 6e-05 2e-05 1.5e-05 0.00048 1e-05 0.001065 1.5e-05 0.01519 0.01295 0.004665 0 0.000625 3e-05 0.00096 0 0 0.006545 0.000185 5e-06 0.000495 3e-05 0 0.00331 0 3e-05 0 0 1.5e-05 1.5e-05 0.000135 0.0028 0.002895 5e-05 0.000275 0.012555 0 0.003235 2e-05 0 0 0.008905 0 0.00603 0 4e-05 2e-05 0 0 2.5e-05 3.5e-05 0.003085 1.5e-05 0.00329 4e-05 0 0 0 0 5.5e-05 0.000335 4e-05 4.5e-05 0
0 0 3e-05 3e-05 0.00228 0.00072 7e-05 1.5e-05 0.00513 0 4e-05 0 0 0 0.00491 3e-05 0.01266 0 0 6.5e-05 1.5e-05 0.00238 0.000155 3.5e-05 0.000835 0 0 3e-05 3e-05 0.00472 3.5e-05 1e-05 0 0.00579 0 0.000325 0.00917 0.000655 0.00373 0 3e-05 0.00028 0 0 0 0 0.003385 4e-05 6.5e-05 0 0 3e-05 0.011515 6e-05 3.5e-05 0.012215 0 0.000335 0.002945 6.5e-05 3.5e-05 0 0.0125 0.00029 4.5e-05 5e-05 0 0 3.5e-05 3e-05 3.5e-05 0 0.00598 4e-05 0 0 0 0 2.5e-05 3e-05 4.5e-05 0 0.001955 0 5e-05 0.00636 4.5e-05 0.00041 0.00028 1e-05 0 2e-05 0 0.009275 3.5e-05 3e-05 0 0 4e-05 0.00937
0.00433 5.5e-05 0 6e-05 3.5e-05 0 4e-05 5e-05 0 0.000125 0.0004 4e-05 0.001815 4.5e-05 4.5e-05 1.5e-05 0.01759 0.000425 3.5e-05 0.00264 4.5e-05 0.0112 3.5e-05 0.002265 0.003795 3e-05 0.000365 3.5e-05 0 0 6.5e-05 0 0 0.006855 3.5e-05 0.003145 3.5e-05 4.5e-05 0 0 0.00407 0.01367 0.00716 3e-05 3.5e-05 0 0.00084 0 3.5e-05 0 2.5e-05 3.5e-05 0.008275 0 0.003495 5e-06 0.00249 7.5e-05 0 0.01068 0 0.000205 0.000185 0.00244 0.000645 0 0.00034 0 0 0 4e-05 0 0.007735 0 0 0 0.000725 0 0 0 0 2.5e-05 0 0.002045 4e-05 0.00732 0 4e-05 0 2.5e-05 0 4e-05 0 0 4.5e-05 0.00058 3e-05 5e-05 0.000585 0
2.5e-05 0 5e-06 0 0 2.5e-05 4e-05 3e-05 5e-05 0 1.5e-05 3.5e-05 4e-05 3e-05 0 2.5e-05 0.000335 0.022185 4.5e-05 4e-05 0 3.5e-05 3e-05 5.5e-05 0 0 0 0 0.008425 0 3e-05 0 3e-05 0 0.012275 2e-05 3e-05 2e-05 4e-05 0 5e-06 0 0 5e-05 0.00568 2.5e-05 0.00094 3.5e-05 0.00935 2.5e-05 0 0 0 0.00011 0 4e-05 0 0.00091 0.00599 2.5e-05 1e-05 2.5e-05 0.00127 0.00058 0 6e-05 0 0.001635 2.5e-05 0.00162 1e-05 0 4e-05 3.5e-05 0.00209 1.5e-05 0 2.5e-05 0 0 0.01727 0 0 0.01173 0 0 2.5e-05 0.008025 0 2e-05 4e-05 0 0.00458 0 0.015245 3e-05 4e-05 0 3.5e-05 1e-05
1e-05 0.00147 0 0.000745 0.00284 0.008605 0.000935 4e-05 0.001105 0 0 5e-06 0.009565 6e-05 0 0.008025 0.00293 0 0.002245 0 0 0.003635 3.5e-05 2.5e-05 0 0.00714 0.0019 0 4e-05 0 0.005535 0 0.003085 0 3e-05 0.00923 2.5e-05 0 2e-05 0 0 0.000115 4.5e-05 0 0.00016 0 3.5e-05 0.000755 3.5e-05 0.000305 3.5e-05 0 0 0.000125 4e-05 0.009455 0.010075 3.5e-05 0.007255 7.5e-05 4e-05 0.00084 0.006015 0.00043 3e-05 0 0.003075 1.5e-05 0 0 0.003425 0 8.5e-05 0 4e-05 0.01144 5e-05 0.00571 3.5e-05 0 3.5e-05 0 2.5e-05 0.00308 6e-05 0 0.00457 0 0.00044 0.002125 0 0.001695 0 0 0 2e-05 6e-05 5e-06 9.5e-05 0
0 2.5e-05 0 3e-05 3e-05 0 0.00134 0 3.5e-05 0 3e-05 0 2.5e-05 0 5e-05 1.5e-05 2.5e-05 0.00871 0 0.002185 0 4e-05 0.00704 0 1e-05 0 0.00034 0.000745 0.000735 6.5e-05 0.001105 0.02214 2e-05 1.5e-05 0 0 3e-05 4e-05 2e-05 0.002515 5e-05 5.5e-05 0.004625 0 0 0 3.5e-05 2.5e-05 1.5e-05 4e-05 2.5e-05 0.009745 5e-05 0.00767 0.00692 2.5e-05 2.5e-05 0.008175 2e-05 0 0 0 4.5e-05 0 0 0 3e-05 5e-06 0 4.5e-05 4.5e-05 0.000105 0.001045 0.00875 0 4e-05 3.5e-05 6.5e-05 0 1.5e-05 0 0 2e-05 0.015695 0.000195 2.5e-05 3e-05 0 0 0.00297 0 0.00047 0.00024 3.5e-05 0 2.5e-05 0 0 2e-05 0
1.5e-05 3e-05 4.5e-05 0 0.002145 0.01053 2e-05 3.5e-05 4.5e-05 0 0.002455 0 0 1.5e-05 0 0.000715 0 0.00316 0 0 8.5e-05 0 2e-05 0 2e-05 0 0 0.000525 0 0 3e-05 0 0 0.005075 7e-05 8e-05 0.00477 4e-05 0.00081 0 3.5e-05 0.00315 0.0002 0 0 3e-05 0.00338 5.5e-05 0 5.5e-05 0.011425 1.5e-05 0 0 0.006995 2.5e-05 0.000225 2.5e-05 2.5e-05 0.00545 0.00234 0 0.000145 0 0.010845 2e-05 0 0 3.5e-05 0.001305 0 0 2e-05 0 0.00612 0.008955 0 5e-06 0.005015 1.5e-05 0.00784 0.00837 0 0.000955 0 3.5e-05 5.5e-05 2e-05 3.5e-05 4e-05 4.5e-05 0 0.00049 1.5e-05 2.5e-05 3e-05 0 0.00355 2.5e-05 0
0 5e-05 0 2.5e-05 4.5e-05 2.5e-05 3.5e-05 0.00162 0.00906 4.5e-05 0 3e-05 2e-05 0.0023 3.5e-05 5.5e-05 0.004625 0.00638 0 0 0 6e-05 0.000415 3.5e-05 0.010645 0 0.003065 1e-05 0.00393 4.5e-05 5e-05 0.0005 0.0042 0 0.00284 0 0.00017 0 4e-05 2.5e-05 0.00064 0 0.00359 1.5e-05 0.00981 0 0.00665 0 0 3.5e-05 3e-05 0 0 0.00314 4.5e-05 5.5e-05 2e-05 0.014005 0.000185 2.5e-05 0 0.000615 0 0 0 2.5e-05 0 0.00013 0 3.5e-05 2e-05 0 0.009865 0.001245 0 2e-05 0.011685 3e-05 0 0 0 0 0 8e-05 0 0 4e-05 0.007945 2.5e-05 0 3e-05 0 0.00169 0.00023 0.000235 3.5e-05 0.004975 0 0 0.001275
0 4.5e-05 0 0 0 4.5e-05 0.00093 4e-05 6.5e-05 0 0.00223 0.00085 0 3.5e-05 0 0 0 0 0 0.0065 0.00029 0 1e-05 0.015555 4e-05 4e-05 3e-05 0 3e-05 0 0.00949 0.006225 0.0025 0.005335 4e-05 3e-05 0 0 7e-05 4.5e-05 0.00328 1.5e-05 2e-05 0.003215 3.5e-05 0.00073 5e-06 0.00036 0.00409 4.5e-05 2e-05 0.003265 0.000955 0 0 0 2.5e-05 0 0.002525 0 0.00237 0 0.00119 0 2.5e-05 0.001635 0 0 0 0 5e-06 5.5e-05 0.001175 4.5e-05 2e-05 0 3.5e-05 2e-05 0 0.00202 0.00227 0.013215 6e-05 0.00267 0.0062 0 0.008945 1.5e-05 0 0 0.00159 1e-05 0.00623 0.005785 0.008715 0 2e-05 2.5e-05 0.013355 0
0 0.00651 0 0 5e-05 0.002775 2e-05 0.00392 3e-05 1e-05 6e-05 0 0.00626 3e-05 0.004325 0.006905 0.0086 0.006635 1e-05 0 3e-05 0 3e-05 4e-05 0 0.000745 0.00021 0 3.5e-05 4.5e-05 0 3.5e-05 0 2e-05 0.01145 0.000205 0 0.007745 0.00051 0 0 0 0 0 0.009595 0 0.00027 2e-05 4.5e-05 0.00104 0.00828 0.00127 3e-05 3e-05 1e-05 0 0 2.5e-05 0 0.00094 0.010795 0.004565 5e-05 4e-05 0.01331 3e-05 0 0 2.5e-05 0 4e-05 2.5e-05 5e-06 5.5e-05 0 5.5e-05 3e-05 0 0 0 0 0 4e-05 3e-05 2e-05 2e-05 0 0.00034 0.00049 4e-05 1.5e-05 0.00613 0.00076 1e-05 2.5e-05 0 4e-05 0 1.5e-05 5.5e-05
5e-05 4e-05 0 0 0.00064 0.004935 0.00054 0 0.00324 0 0.00569 0.00674 0.01048 4e-05 4e-05 3e-05 0 0 0.00318 2e-05 0 0 3e-05 0.002375 0 0.0067 0 0.00289 0.00035 0.00604 0 0 0.006485 0.00264 4e-05 0 0 0 2e-05 0 0 5.5e-05 0.0034 0.000155 0.00294 0 0 0 0.00345 4e-05 4.5e-05 2.5e-05 3e-05 0 0.0104 0 3e-05 0 0.008095 4.5e-05 0 1.5e-05 0 5.5e-05 0.00098 0 0.003545 3e-05 0.0001 4.5e-05 3.5e-05 0.01602 0 0 5e-05 2.5e-05 0.00039 4.5e-05 0 0.00037 4.5e-05 0 0.001045 0.00088 0.00095 0.00977 4.5e-05 3.5e-05 0 0 5e-06 1.5e-05 0.006 0.00167 0 4e-05 0.00094 0 0 0
0.00358 0.000905 0.005645 0.011385 0 0 0.001065 0.00109 0.005885 0.00017 0 2.5e-05 3e-05 2e-05 0.008295 0.000365 0.000315 0.000165 0 4e-05 4e-05 0.000215 0 2e-05 0 0 0 0 4.5e-05 0 7e-05 0 0.0166 3.5e-05 0.000735 2e-05 0.00373 3e-05 2e-05 0 3.5e-05 0 0.000155 0 0.001135 0.0035 3e-05 0 2.5e-05 0 0 2e-05 4e-05 5e-05 2e-05 2.5e-05 0 2.5e-05 2.5e-05 0.000925 4.5e-05 0.00151 4.5e-05 0.003475 0.001045 0.002395 0 3.5e-05 0.000205 0 0 0 0.00824 0 0 4.5e-05 2e-05 0 2e-05 0 3e-05 2.5e-05 1.5e-05 0.000155 0 0.000535 0 0 0 4e-05 2.5e-05 0 6e-05 5e-05 2.5e-05 0 0 3.5e-05 2.5e-05 3e-05
2e-05 0 1.5e-05 0.006355 0 1.5e-05 0.000315 1.5e-05 0 6.5e-05 0 0.00339 3e-05 0 0.000765 0 0 0.00257 2.5e-05 0 0 0.00856 0.000435 5e-06 3.5e-05 4.5e-05 0.0016 5e-06 0 3.5e-05 0 0.00022 0.000705 0 2e-05 4e-05 0 0.000415 0.00398 3e-05 3e-05 3e-05 3.5e-05 6e-05 1.5e-05 0 0 5e-05 0.00212 0.00352 0.00731 0 0.01177 2.5e-05 0.001805 0.010595 0 0 0 0 0.009685 0.00174 0.00155 0 0 4.5e-05 1.5e-05 0.009755 0 0.005695 5e-05 2e-05 0 2e-05 1e-05 1.5e-05 2.5e-05 0.00744 0 0.01267 0.00251 0 0 0.001935 0.01036 4.5e-05 0 0.00141 0.00805 0.001105 0 0.00119 4e-05 1.5e-05 0 4e-05 0 0.00144 0 6.5e-05
0 0.003505 0.0027 0 0 0.00169 4e-05 0.003625 0 5e-05 0 0 0 0 0 0.00286 0.007285 0 0.00413 3e-05 1.5e-05 0 0 0 0 0.005625 0.00619 5e-05 0 3.5e-05 0 5e-05 0 0 0.007805 0 2.5e-05 5e-05 3.5e-05 0.012235 7e-05 0.00786 0.013775 1.5e-05 0 1e-05 0 2e-05 0 3.5e-05 3e-05 0.00181 0 4e-05 4e-05 0.01019 0 3.5e-05 0.00856 1.5e-05 2e-05 0.001845 7.5e-05 0.000765 4.5e-05 2.5e-05 4e-05 0.000135 0 3.5e-05 0.00054 0.006455 0.00069 0 2.5e-05 0.000775 0.000145 0.003855 2.5e-05 4.5e-05 0 2.5e-05 1e-05 0 5e-06 0.015465 2.5e-05 0 0 0.004655 0 3.5e-05 2.5e-05 0.005865 0 3e-05 0 0 5e-05 0.0001
3e-05 0 5e-05 3.5e-05 0.00615 0 0 0.007855 0 0 4e-05 0.00058 4e-05 0 0.000895 0 0.010355 4.5e-05 0 0 2.5e-05 3.5e-05 0.011555 3.5e-05 0 3e-05 0 5.5e-05 4.5e-05 0 0 0 0 0.00038 0.000545 0.001575 2.5e-05 3e-05 1.5e-05 1.5e-05 2.5e-05 4.5e-05 0 5.5e-05 5e-05 0 0.00193 3e-05 5.5e-05 0 0.003055 0 0.00665 0.002455 0.00342 0 5e-06 0 0 3.5e-05 0.00079 2e-05 2.5e-05 4e-05 0 7e-05 2.5e-05 0.010805 6.5e-05 0 0.00576 1.5e-05 0.007635 0 0.0091 3e-05 8e-05 0 0.00602 0.006155 0 0 0.004225 0 0.0007 0 3.5e-05 3.5e-05 2.5e-05 3e-05 0 0.001735 0.00442 0.000285 0 0.00285 0 0 0.003575 4e-05
4.5e-05 0 3.5e-05 0 0 0 0.004885 0.00016 2.5e-05 8e-05 3.5e-05 8e-05 0 4.5e-05 0 1e-05 0 0 0 5e-05 6e-05 0 0.00016 0 2e-05 4e-05 0.003875 3e-05 0 0 2e-05 0.001185 0.008305 0.008765 2e-05 0 4e-05 0.00227 0.00392 0 3e-05 5e-05 0.00736 3e-05 0 2e-05 3e-05 2e-05 0.00071 0 0.00458 0 0 3.5e-05 4e-05 4e-05 0 5e-05 2.5e-05 4e-05 0.000465 3.5e-05 0.00389 0 0.000935 4e-05 4e-05 4.5e-05 0.00462 5e-06 0 3e-05 0 5.5e-05 8e-05 0 3.5e-05 2e-05 3e-05 0.008725 0.00403 0 0 0 0.006155 3.5e-05 2.5e-05 4e-05 0 0.000185 0 0 3.5e-05 1e-05 4e-05 2.5e-05 0.00052 2e-05 0.011785 0
1.5e-05 2e-05 0 0.002035 1e-05 3e-05 5e-06 0 0.00037 0 0.00074 0 5.5e-05 4e-05 0.00066 0.008325 0.00013 0.000545 1e-05 3e-05 4e-05 0.00306 5e-05 0.004095 0 5e-06 5e-05 0.0033 3e-05 4.5e-05 2.5e-05 0 5.5e-05 0.0002 2.5e-05 0 0.003015 0 7e-05 0.001705 0 2.5e-05 0 0.00203 0 0.002685 4.5e-05 0 0 3.5e-05 0 3e-05 0.004665 0.003925 4.5e-05 0.00192 2e-05 0.003615 3.5e-05 0 0 0 0.01152 1.5e-05 0 0 0.000775 0 0 0.01166 2.5e-05 0 4.5e-05 2.5e-05 2.5e-05 0 0.00366 5e-05 1.5e-05 0.016745 0 0 0.00012 0 0 0 0 0.004835 0.00012 0 6e-05 0 4.5e-05 1.5e-05 0 3e-05 0 0 0.00638 3.5e-05
0 4e-05 0.0106 0.00591 4e-05 0 0 0 0 0 0.00242 0 1.5e-05 4e-05 2e-05 0.001965 0.000195 3e-05 0 0.00046 3e-05 0.0013 2e-05 0 0.003665 0 0.00784 0.00934 0.00187 4e-05 0.00146 0.000455 0.01334 0 0.00102 0 0.0004 7.5e-05 4e-05 2e-05 1.5e-05 0 0 0 0 0.008955 6e-05 5e-05 0 0 0 5e-05 4e-05 0.0001 0 0 0 0.000345 5e-05 0 0 5e-05 0 0.000275 0.002555 5e-05 0 0 0.00153 0 0 0.00018 0.00403 0.008605 0.001045 2.5e-05 2.5e-05 2.5e-05 5.5e-05 0.00172 0 0.0008 4e-05 0.00011 2e-05 6e-05 0.00432 4e-05 0.001145 2e-05 0 0 0.006325 2e-05 3e-05 0 0.008275 0 0.005245 6e-05
0.000605 0 3.5e-05 0 2.5e-05 0.00248 0.0067 0 0 3.5e-05 9.5e-05 2e-05 2e-05 0.001115 0 5.5e-05 0 0 0 0.008345 0.01439 2e-05 0.00038 0.000655 0 0 2.5e-05 4.5e-05 3.5e-05 0.00545 2.5e-05 0 0 3e-05 0 0 0.007755 0.00114 0 0 3.5e-05 0 0.00431 0.000335 3e-05 4e-05 4.5e-05 2e-05 2e-05 0.00266 0.01319 3.5e-05 0.0002 3.5e-05 0 0.00521 0 2e-05 4e-05 4e-05 0 5e-05 0 0 0 0.00015 2.5e-05 0 0 0.00018 0 5.5e-05 4e-05 6e-05 0 0 0 0 2e-05 0.000235 0.0067 0 3.5e-05 2.5e-05 0 3e-05 0 2.5e-05 0.008895 0 3.5e-05 0 0 5.5e-05 4e-05 0.006085 0 0.00887 3e-05 0
0 4e-05 0 1.5e-05 0 3.5e-05 8.5e-05 3.5e-05 0 0 3.5e-05 0 3e-05 0.001745 2.5e-05 0 3.5e-05 0.00017 0.000335 0 0.004955 2.5e-05 0 5e-05 0.006265 0.01664 0 0.00848 0.000185 3.5e-05 0 0 3.5e-05 3.5e-05 0.003925 2.5e-05 3.5e-05 4e-05 4e-05 0 3.5e-05 3e-05 3e-05 0.00012 0.00127 3e-05 0 0 4.5e-05 2.5e-05 7e-05 0 6e-05 0.00199 1e-05 4e-05 0 0.00028 0.014385 0 0.000605 0.01252 0 0.003225 2.5e-05 0 4e-05 0.004965 0 0.000115 3e-05 0 0 0 5e-05 0 0 1.5e-05 5.5e-05 4e-05 0.00132 4.5e-05 4e-05 0.00047 0 0 0 0.00539 5.5e-05 3e-05 0 0 0 3.5e-05 2e-05 0 0.0073 0.006955 4e-05 3.5e-05
0 0.001145 0.00014 0 0 0 0.00716 2.5e-05 1e-05 2e-05 2e-05 0 2.5e-05 0.00508 0 5e-05 0 0 3e-05 0.002295 2.5e-05 3.5e-05 5e-05 4e-05 0.004075 0.005115 0.00675 5.5e-05 0 0 0.00013 0 0.011415 7e-05 0 0 0.00027 3.5e-05 0.014155 2.5e-05 3.5e-05 0 2.5e-05 0 0.012185 3e-05 0 0.01088 0 0.01064 0 0 0 0.00884 1.5e-05 0.00168 0.007115 0.00457 3.5e-05 0.00034 0 3e-05 1.5e-05 0 0.014935 5e-05 0 0.00157 3e-05 4e-05 6.5e-05 0.002785 9.5e-05 0 3e-05 0 0.00426 0.00051 0.00129 2.5e-05 3e-05 2.5e-05 0 3e-05 0 0 0.007375 4e-05 0 0 2e-05 4.5e-05 2.5e-05 0.00068 0 0 0.00194 0.00036 4.5e-05 0.001655
2.5e-05 0.004455 0.00046 5.5e-05 0.003025 0 3.5e-05 0 2.5e-05 0 1.5e-05 0.00612 2e-05 0.00024 2e-05 3.5e-05 6e-05 0.007445 0 0 0 2e-05 2e-05 2e-05 0 0 0.00063 0.004975 3.5e-05 2e-05 0.000435 2.5e-05 1.5e-05 0 0 0 0.002785 0 6e-05 0 3.5e-05 2.5e-05 3e-05 0 4.5e-05 0.00234 0.014675 3.5e-05 4e-05 0.00425 0 0 4.5e-05 0.00079 0 4.5e-05 0 0.011335 0.00013 0 0.003165 0 0 4.5e-05 5.5e-05 5e-06 5.5e-05 0.001695 0.000445 0 4e-05 0.006845 0 0.003845 2e-05 3e-05 0.000135 0 0 0.000285 0 2.5e-05 0 1.5e-05 3e-05 0 2e-05 1.5e-05 0.0056 4e-05 0 0 0 0 0 0.003515 0.004385 0.01004 4.5e-05 0
3e-05 0.005825 0 0 0.002435 5e-06 0 0.00211 4.5e-05 0.000905 4.5e-05 0 0.011855 4e-05 0 0 3.5e-05 4.5e-05 0.005675 3e-05 0.002035 0 0 0 0 0 0.000315 0 0.0013 0 0.000285 3.5e-05 0 0.00324 0.001675 0 0 0 3.5e-05 0 0.001255 2.5e-05 5e-05 0.00559 0.002645 0.001885 0.001915 0.000135 0.009905 2e-05 0 2e-05 0 0.008185 0.002355 1.5e-05 0.00955 6.5e-05 0 0.002925 0 0 5.5e-05 2e-05 0 2e-05 0.000545 4e-05 0.01985 3.5e-05 0 0.00322 0 0.000215 6e-05 0.00821 5e-05 0 0.00537 2e-05 0 0.003815 5.5e-05 2e-05 3.5e-05 4e-05 0 1.5e-05 5.5e-05 0.00514 2.5e-05 5e-05 2.5e-05 0.00094 4e-05 0 0 0 0 3.5e-05
0.004035 2.5e-05 4.5e-05 5.5e-05 0.00867 2e-05 5e-05 0 0.000215 4e-05 0.004955 0 0 0 0 0.008325 0.01088 0 4e-05 4e-05 5.5e-05 2.5e-05 0.004835 0 3.5e-05 0.002805 2.5e-05 0.002225 0 0 2.5e-05 0.00533 2e-05 0.014665 0 2e-05 2.5e-05 0.000905 0 4e-05 0 0.01116 4.5e-05 0.006975 0 4e-05 2.5e-05 0 0 0.00051 0 3.5e-05 0 0 0 3.5e-05 0 2.5e-05 0 0.00013 0 2e-05 0.008665 3e-05 0.00017 0 0 0 3.5e-05 4e-05 0.00364 0.000125 0 0 5e-06 0.00045 5e-05 0.014605 0.00783 3e-05 1e-05 5e-05 0 0 0 0 0.000595 0.002325 0 0.001475 0 4e-05 0 0.00585 2e-05 0.00055 0 2e-05 0 0.00581
0.00015 2e-05 0.005125 3e-05 0.00408 0 4.5e-05 5e-06 0 4.5e-05 6e-05 0.00092 0.00022 5.5e-05 2e-05 2e-05 0.000185 3.5e-05 4e-05 0 3.5e-05 0 0.001425 0 3e-05 0 0.0037 0.00013 0.00369 1.5e-05 1e-05 0.01594 0.00089 3e-05 0 0.006485 5e-06 0 0 0 0 0.00427 0 0 0.005855 0.00331 2e-05 2e-05 0.008235 0.005595 0 0 0.005825 0.00162 0.00567 0 2e-05 0.00633 0 0 0.00086 0 0.00321 4e-05 5e-05 0.007185 0 8e-05 0 4e-05 0 2.5e-05 0 0 0.00592 2.5e-05 5e-06 0.006345 0.00118 0.002885 3.5e-05 2.5e-05 0 3.5e-05 0 0 0 0.000385 4e-05 0 0 0.00327 0.004765 0.001395 0.012755 2e-05 2e-05 5e-05 0 0
3e-05 0 0 0.004845 4e-05 0 0 0 2.5e-05 5e-05 3.5e-05 0 4e-05 4.5e-05 0 2e-05 0 0.00987 0.00236 5e-05 4.5e-05 0.00017 4.5e-05 3e-05 0 0 0 0 0 0 0.00304 0.000945 0 0.003595 0 3.5e-05 0 2.5e-05 1.5e-05 0.0001 0 0.007345 0 2e-05 0.0002 3e-05 0 3.5e-05 6.5e-05 0 0 4e-05 0 0.00223 0.01148 6.5e-05 7e-05 3e-05 0.00686 4.5e-05 4e-05 1.5e-05 0.002695 0 1e-05 0 1e-05 1e-05 0.001265 5e-06 5.5e-05 0.008595 0.00381 1.5e-05 4.5e-05 0.00515 0.00124 2e-05 2.5e-05 0 3e-05 0 0 0.02255 0 0.004025 0.002265 0 5.5e-05 0.00017 5e-05 3.5e-05 5e-05 0 0.001865 2e-05 4.5e-05 0 0.00036 0
5.5e-05 0 0 0.00019 3.5e-05 0 0.00379 6.5e-05 0.01312 0.002925 0.00114 0.001625 2e-05 0.000135 0.005095 0.000845 0.006285 0 0.002845 0 0.00449 0.00229 0 0.014745 0.008495 1e-05 0.000365 0 0.00017 6.5e-05 5e-05 0 0.00477 4.5e-05 4e-05 1e-05 0.003785 0.00265 0.00849 4.5e-05 2e-05 1e-05 0.00084 0 0 0 0 4e-05 0 9.5e-05 0 0 0.00093 2.5e-05 0.0001 0 0 0 0 2.5e-05 0.00843 0 4e-05 2e-05 1.5e-05 0.00506 8e-05 4e-05 4.5e-05 2.5e-05 0.004055 0.000105 2.5e-05 3e-05 0.001585 2e-05 0 3.5e-05 0.001015 0.006235 3.5e-05 0 0 0 0.000165 2.5e-05 3.5e-05 0 0 0.00059 0.000475 0 4.5e-05 0 0 0 0.00407 0 0.000185 0
4.5e-05 0.008065 3e-05 0.01292 0.002745 0 3e-05 0 3.5e-05 0 0 0 0.001655 0 0 0.005605 0.000635 0 0 0 0 0 0.003145 0.00014 5e-06 4e-05 0 0.0022 0 0.00037 0 0.00548 0.000185 0 3e-05 0 0 0.002935 0.000525 5.5e-05 0 5e-05 0.00188 2.5e-05 5e-05 0 3.5e-05 0.00062 2.5e-05 0 8.5e-05 0 4e-05 4e-05 0 3.5e-05 0.00895 5.5e-05 0 6e-05 4e-05 1.5e-05 0.001965 6.5e-05 0 1.5e-05 0.000105 0 0.000185 0 0 0 0 3.5e-05 0.00525 0.00762 0 0 2e-05 0.006995 0 3e-05 0.00349 3e-05 0 0 0.00019 3.5e-05 0.010095 0.00025 0.003885 0.00096 2.5e-05 1.5e-05 2.5e-05 0.001175 0.00042 2e-05 0 0.00102
0 2.5e-05 0.014805 0.004945 2.5e-05 1.5e-05 5e-05 5e-06 2.5e-05 1e-05 0.007185 4.5e-05 4e-05 1e-05 0 0 0.001805 0.000545 2e-05 4.5e-05 2.5e-05 5e-06 0 0 0 0 0.00013 3e-05 0.00573 4e-05 3e-05 0.002625 0 0 0.0038 5.5e-05 0 0 3e-05 0.003895 0 0.01208 0.00468 0.00154 0.001835 0.002175 5e-06 0 0.00492 4e-05 0 0 0.00244 0 4e-05 2.5e-05 4.5e-05 0 3.5e-05 3e-05 0 0.006955 0.00779 0.00264 3e-05 0 0.00036 4.5e-05 0.00028 0.00305 0.00548 0 1e-05 0 0 0 0 0 4.5e-05 0.010025 0.00541 0.002885 0 0.01427 4e-05 0.000495 0 0 2e-05 3.5e-05 3e-05 4e-05 4e-05 2e-05 1.5e-05 5e-05 5.5e-05 0 2e-05 0
0.00851 3.5e-05 0.00478 0.001335 3e-05 0 7.5e-05 0 0 0 0.007305 0 0.00881 0 3e-05 0.008115 0 3e-05 3.5e-05 0.00267 0 0 1.5e-05 3e-05 2.5e-05 0.00208 1.5e-05 0.00176 0.01143 1e-05 0 0 5.5e-05 0.007205 7e-05 0.00247 2e-05 4.5e-05 0 0.001625 0.008565 0.000155 3.5e-05 5e-05 5.5e-05 0.006305 0.005955 0 1e-05 0 1.5e-05 0 0.003625 0.000685 4e-05 0 6.5e-05 5e-05 2e-05 0.00983 0 0.00033 0 0 1.5e-05 0.00717 0.000375 0.000595 0.00046 0 5e-06 0.000175 0 0 0 0.00394 0 0.00469 0.00601 6e-05 0 0 0.00056 0.00077 0.004235 0.00468 0 0.00264 0 3.5e-05 0.005005 0 0.007525 0.00059 0.00119 0 3e-05 0 0 0.003415
5.5e-05 0 0 0 0.001015 0.000245 3e-05 0 0 0.014205 0 0.000155 0.00904 2e-05 2e-05 0 0 0.000155 1e-05 0 2e-05 0 5.5e-05 0.00019 0.00348 0 4e-05 0.01391 0.000165 2.5e-05 0.00136 0.00196 0 0.011615 0.00206 0.00091 0.000725 0.006595 0 0.0075 0.00466 0.00218 0 0.001925 3e-05 1e-05 0 7e-05 0.00048 0 4.5e-05 0.000255 0.003685 0 3.5e-05 2e-05 0.00098 0 0.000895 0.014325 0 0 0 4.5e-05 2e-05 0 0.00347 0 1.5e-05 0.002205 4.5e-05 2e-05 0 0 0.000185 0 0.00145 0.005785 1.5e-05 0 0.0001 0 0.00231 0.002505 0 4e-05 0 0.00033 0.003835 5.5e-05 0 3e-05 0.009545 4e-05 7e-05 0 2.5e-05 0 0 2.5e-05
0 0 0 2.5e-05 2e-05 1e-05 1e-05 0.001685 0.00658 0 3.5e-05 3e-05 0.008235 0.00037 0 0 0 4e-05 6e-05 7.5e-05 3e-05 0 0.002365 0 0 0 3e-05 3e-05 0 3.5e-05 3.5e-05 0 3.5e-05 4e-05 0.0262 0.016305 0.00368 4e-05 5e-05 1.5e-05 0.00018 0.000125 0.0038 0.00069 0.00278 0 4e-05 2.5e-05 2.5e-05 0.00071 0.002345 5e-05 0 0 1.5e-05 4e-05 0 0 0.00061 3e-05 2.5e-05 5e-05 2e-05 0.00083 0.00442 0.003125 3.5e-05 0.000485 2e-05 5e-05 0.001 0 2e-05 0.025935 0 0 4.5e-05 0 0.002 4.5e-05 0.00785 0 1.5e-05 0 3.5e-05 0 2e-05 0 0 0 3e-05 0 6.5e-05 0 2e-05 0.00226 3.5e-05 0.00847 3.5e-05 0
6.5e-05 0 0.012625 1.5e-05 7e-05 0.00256 2e-05 2.5e-05 0 3e-05 2.5e-05 0 0 3e-05 0 0 0.012015 3.5e-05 2.5e-05 1e-05 0 0.00343 0.00265 0 4e-05 0.00546 0.0004 4e-05 4.5e-05 0 0 2e-05 0.005305 0.00849 5.5e-05 0.004525 0.0033 0 4.5e-05 2.5e-05 0 4e-05 0 3.5e-05 0.004945 2.5e-05 4e-05 2.5e-05 0 0 4e-05 0 0 2.5e-05 0 0 0.001105 0 0.00308 3.5e-05 0.00894 3e-05 0 3e-05 3.5e-05 2.5e-05 0 0 0.00064 4e-05 3.5e-05 0 0 0.000255 3e-05 4.5e-05 3.5e-05 0 0.00053 2e-05 2e-05 5.5e-05 6e-05 0 1e-05 2.5e-05 0 0 5.5e-05 0 4.5e-05 0.008295 0 0 0 4e-05 0 0.00012 0 0.004395
0.0012 0 0 0 0 0.005 0 0.007435 0.004935 0 1e-05 0 0 2.5e-05 4e-05 0 0 4.5e-05 0 4.5e-05 0.000515 0.0012 0.00012 3.5e-05 3e-05 7.5e-05 0.000745 4e-05 0 2e-05 0.00277 0 0.00147 0 0.00245 1e-05 0.00446 0 0 0.010825 4e-05 0.00038 2.5e-05 0.00326 1.5e-05 0 0.00071 4e-05 0.002205 0 0.004325 0 0 0 0 0 0.000815 5e-06 3e-05 4e-05 4e-05 0.001105 5.5e-05 0.00489 0.00421 2.5e-05 2.5e-05 0 0.000275 0 3.5e-05 3.5e-05 0 0.0066 2e-05 3.5e-05 3e-05 3.5e-05 0.001695 0 4.5e-05 0.00031 4.5e-05 0 5.5e-05 4e-05 3e-05 0.00761 0 0.00652 6e-05 0.00115 0 0.0012 5e-05 0 0 5.5e-05 0 0
0.000455 1.5e-05 9.5e-05 0 0 4.5e-05 0.00735 1e-05 0.01106 0 3.5e-05 0 0 0 0 0.00445 0.01141 0.00199 0.001 0 5e-05 7e-05 5e-05 4.5e-05 0.00365 0.007795 6.5e-05 2e-05 0 0.000495 0 5e-05 0 1.5e-05 4e-05 0 4e-05 0.00014 0.00499 0 0.00905 0 0.00508 0 0 3.5e-05 3e-05 0 0 3.5e-05 1e-05 0 0 0.01299 0 0.000755 0 5e-05 0.00146 0.004335 0 2.5e-05 0 0.010935 0.003265 0 0.00036 5e-05 0 0.00184 0 0.0037 0.004935 2e-05 4.5e-05 3.5e-05 0 2.5e-05 1.5e-05 3e-05 5e-05 0 6.5e-05 0.01232 0 4.5e-05 0.000185 0.00747 2.5e-05 0 4e-05 0 0.00102 0.00548 0 0 0.001295 0 0.00034 3.5e-05
0 0 0 0 0 3e-05 0 5e-05 2.5e-05 0 0 0.0015 4.5e-05 0 8.5e-05 0.01537 0 0 5e-05 0.0002 0 0 2.5e-05 0.00253 0.000555 0.00456 4e-05 0 0.005065 5e-05 4e-05 3.5e-05 2.5e-05 0.0006 0 3e-05 7e-05 0.001165 5e-06 0 0.015285 0.012095 0 2.5e-05 4e-05 2e-05 0 3e-05 4.5e-05 5.5e-05 0 0 4e-05 2.5e-05 0.0018 2.5e-05 0 0.000235 0 0.005335 0 3e-05 0.004195 5.5e-05 0 0.002015 2.5e-05 0.00037 4.5e-05 0.00308 0.00014 2.5e-05 0 0.002065 4e-05 0 0 0.000185 0 0 0.006085 0.001205 0 0.004445 3.5e-05 0.007545 3.5e-05 0.01041 0 0.005505 0.00105 4e-05 1e-05 0 0.00015 0.00091 4e-05 0 4.5e-05 0.00187
0 2e-05 0.000505 0 0.00019 6e-05 5.5e-05 0.00249 5e-05 0.00994 0 0 0 0 3.5e-05 0 4e-05 5e-06 0 0.0041 0 0 3.5e-05 0.000185 0.00058 0 0 0.019725 0.000415 3.5e-05 0.000645 0 4.5e-05 3.5e-05 0 4.5e-05 0 0 5e-06 0.00628 0 3.5e-05 0.001925 0.000405 1e-05 0 0 0 3e-05 4e-05 2e-05 9.5e-05 0 0.011815 0.000145 5e-05 0 0.00066 0.004775 0.002395 0 0 3e-05 0 0 3.5e-05 1.5e-05 0.003685 0.002865 0.002905 3.5e-05 0.003035 0 0 0.00014 2.5e-05 0 1.5e-05 5.5e-05 0 0.00654 0.00306 0.00117 0.0011 0.00118 0 0.00428 0 3e-05 5e-06 0.007995 2.5e-05 0.001275 0.00043 0.00634 3e-05 4e-05 0 0.00097 2.5e-05
3.5e-05 0 0.000555 0 4.5e-05 0.002635 0.00658 0.000945 6e-05 0 5.5e-05 4e-05 1e-05 7e-05 3.5e-05 0 0 0.00448 0.011805 3e-05 0 3e-05 2e-05 0 4.5e-05 0 0.013465 3e-05 0 3e-05 0 2e-05 0.0045 4e-05 0.00089 2.5e-05 0.008455 4e-05 0.00015 4.5e-05 0 2.5e-05 2.5e-05 0.00298 0.00911 2.5e-05 0 2.5e-05 4.5e-05 2.5e-05 0 0 2.5e-05 0 0 0 0 0 0.00326 0 1.5e-05 0 3e-05 1.5e-05 0 4e-05 0 8e-05 1.5e-05 0 3.5e-05 0.010265 0 0 0 0 2.5e-05 0 2e-05 4.5e-05 3e-05 2.5e-05 3.5e-05 0.001725 6e-05 4e-05 4.5e-05 0.000105 0 3.5e-05 3.5e-05 0 0 0.00302 3.5e-05 0 0.00709 0.017645 3e-05 0.00078
3.5e-05 4.5e-05 0.017935 0.005725 0.007005 5e-06 0.006145 3.5e-05 0.00018 0.00216 0 0.00383 0.00042 4.5e-05 1e-05 0 0 0 0 0 0 0 1e-05 0 0.0019 0.00784 0.00496 0 0.0011 4e-05 0.000485 0 0.00427 0 0 5e-05 0 5e-06 6e-05 0.009685 2.5e-05 0 4e-05 0.001835 1.5e-05 0 4.5e-05 0.0003 0 5e-05 0 0 0 0.004365 0.00781 0.00013 5e-05 0 3.5e-05 0 0 0.006465 2e-05 9.5e-05 2.5e-05 0.000845 0.005055 2.5e-05 0.00306 0.013895 4.5e-05 3.5e-05 2.5e-05 0 4e-05 0.00015 0 3.5e-05 0 0.00571 0.002 2e-05 0 3e-05 3.5e-05 0 0 5e-06 0.00015 0.000765 2e-05 2.5e-05 0 0 0 3.5e-05 2.5e-05 0.001905 0 0
0 2.5e-05 0 4.5e-05 0 2.5e-05 0.00535 4e-05 0 0 0.00576 0 0.004595 0 4e-05 0.00018 1.5e-05 0 0.001845 0 0.00021 0.000125 4e-05 2.5e-05 0.0046 0.00017 3.5e-05 0.00012 0 0 2.5e-05 2.5e-05 0.000355 0 3e-05 3e-05 0.000195 4e-05 0.0011 0.00435 0 0.00125 0 0.007185 2.5e-05 0 0 0.001615 0 0 5e-06 0.004945 0.0044 0.00105 0 3e-05 3.5e-05 4e-05 0.00904 7.5e-05 2.5e-05 0.00444 0 0.01002 4e-05 0.006955 0 4e-05 0 0.002905 3e-05 0.008 8e-05 0 5e-06 0 0 3e-05 2e-05 7e-05 0.00101 0 0 0.000485 3.5e-05 0.00191 0 6e-05 4e-05 0.000345 0 5.5e-05 0.00219 0.007445 0.00055 0 0 0 0.005045 3.5e-05
