3e-05 4e-05 3.5e-05 1.5e-05 0.00212 0 4e-05 0 0.00022 0.00202 3.5e-05 1e-05 1.5e-05 6e-05 0 0 2e-05 1e-05 0 5e-06 3.5e-05 0.010695 0 2.5e-05 0 3e-05 0 0 4.5e-05 0.004235 5.5e-05 0 4e-05 3.5e-05 0.01048 8.5e-05 1.5e-05 2e-05 0 0.010945 0 0.011045 0.00341 0.00015 0.01048 1e-05 6e-05 0 5.5e-05 4.5e-05 1e-05 0 0.01086 2e-05 3e-05 0 0.010625 2.5e-05 2e-05 3e-05 0 0 0.00012 4.5e-05 5.5e-05 3e-05 2.5e-05 4.5e-05 3e-05 0 0.010785 3e-05 2.5e-05 0 1.5e-05 6.5e-05 4.5e-05 0 0 6.5e-05 4.5e-05 0 0 1.5e-05 0.00175 4e-05 0 5.5e-05 3e-05 0.00033 0 0 3e-05 5e-05 1.5e-05 0 0 0 4e-05 5e-05
0 4e-05 0 0 4.5e-05 0 4.5e-05 1e-05 0 1.5e-05 2e-05 9e-05 0 0 0 0 4.5e-05 5e-05 3.5e-05 0.00308 0 0 2.5e-05 2e-05 0 0.010985 0 0.0091 3.5e-05 0.000425 3e-05 5e-05 3e-05 1.5e-05 0.010865 0.00168 6.5e-05 0 0 0 0 0 0 0.00534 0.00237 7.5e-05 1.5e-05 0 3e-05 0 3.5e-05 0 6.5e-05 2.5e-05 0 4e-05 1.5e-05 0 5e-05 0.00081 2e-05 3e-05 1e-05 0.00058 0.00329 3e-05 2.5e-05 4.5e-05 2.5e-05 4e-05 0 5e-05 2.5e-05 0 0 6e-05 0.000285 0.00066 0 3e-05 2e-05 1.5e-05 5e-05 7e-05 0.011575 3e-05 4.5e-05 4e-05 1.5e-05 0 2.5e-05 0 2.5e-05 2.5e-05 8.5e-05 2.5e-05 3e-05 0 2.5e-05 4e-05
0.00687 0 0 4e-05 0 0 0.01075 4.5e-05 0.00857 4e-05 1.5e-05 0.00273 5e-05 0.0005 1e-05 0.011 0.01129 5e-05 0 3.5e-05 0 0 1e-05 2.5e-05 3e-05 0 0 0.000235 0 2e-05 0 2e-05 0.0001 0 0.00036 0 0 0 0.011015 0.010745 0.00097 2e-05 2.5e-05 0 6e-05 4.5e-05 1.5e-05 1.5e-05 1e-05 0 3e-05 4.5e-05 3.5e-05 0.011235 4.5e-05 0 0 2.5e-05 3e-05 0.003575 0 3e-05 0.011205 6.5e-05 0.00514 0.00072 2.5e-05 4.5e-05 0 3e-05 0 0 1.5e-05 0 0 5e-05 2.5e-05 1.5e-05 0 4e-05 0.000715 0 0.009705 0 5e-05 1.5e-05 0 0.011365 0 0.010635 2.5e-05 0.00826 5.5e-05 6e-05 0 0 0 0 0 2e-05
0.01052 7e-05 2.5e-05 3.5e-05 0.01121 3.5e-05 0 0 0 0 5e-06 4e-05 0 2e-05 0.01117 0 2e-05 0 0 0.010655 0 2.5e-05 5.5e-05 4e-05 0 0 3e-05 6e-05 5e-05 0 0.00065 0.00126 0 0.010665 0.00023 1.5e-05 0 5e-05 0 5.5e-05 3e-05 0.000315 0 0 0 0 0.00467 7.5e-05 0 3e-05 4e-05 0 0 0 5e-05 0 2.5e-05 0 5.5e-05 4.5e-05 0.000245 0 2e-05 3.5e-05 0.001365 2e-05 0 0 4e-05 0 2e-05 4e-05 3e-05 2e-05 0.010885 0.01083 3e-05 0.000525 0 0 0 0.01116 4e-05 0.009155 2.5e-05 1.5e-05 4.5e-05 2.5e-05 3e-05 5.5e-05 0.00309 2e-05 0 2e-05 0.010775 2.5e-05 0.0003 0.00202 5e-05 1e-05
0 1e-05 0.01095 0 0.011195 1e-05 7e-05 0 0 0.00746 0 3.5e-05 0 0 5e-05 5e-06 4e-05 5e-05 1e-05 5e-05 2.5e-05 4.5e-05 4.5e-05 4e-05 0 0 4.5e-05 0 0.001065 1e-05 3.5e-05 2.5e-05 4e-05 2e-05 6.5e-05 0 2e-05 0 2.5e-05 4e-05 0 4e-05 2e-05 2e-05 0 5.5e-05 0.01129 3.5e-05 0 5.5e-05 0 0.01099 0 4e-05 0 0.010665 0 1.5e-05 3e-05 4e-05 0 5e-05 2e-05 2.5e-05 0 3e-05 2.5e-05 3.5e-05 0 3.5e-05 0.00181 0 4.5e-05 2.5e-05 5e-05 0.01084 5e-06 1e-05 3.5e-05 0 4e-05 0 0.011435 0 0 1e-05 0.006385 0.00188 0 0.0008 0 2e-05 0 3.5e-05 0.010405 0.00992 0 3.5e-05 0 4.5e-05
0 1.5e-05 0 2e-05 3.5e-05 3.5e-05 0.011015 3e-05 0 0 3e-05 3.5e-05 0 3.5e-05 0 3e-05 0.0007 0.000525 0.009045 0.011165 3e-05 6.5e-05 0 0.00011 3.5e-05 5e-05 0 2e-05 0.00104 2e-05 4e-05 1e-05 0 0 0 5e-05 0 3e-05 0 0 4e-05 1e-05 0.010755 0 2e-05 5e-05 3.5e-05 3e-05 0.00105 2.5e-05 0 2.5e-05 0.010235 0.011065 6e-05 0 3e-05 0 1.5e-05 3.5e-05 0 0 7e-05 0 4e-05 0 4.5e-05 0.00377 0 3e-05 0 0.01055 0.00056 0 0 2.5e-05 0.00019 4e-05 5.5e-05 0 0 3e-05 0 4e-05 3.5e-05 1.5e-05 3e-05 5e-06 0 3.5e-05 5e-06 3e-05 0.010725 0 2.5e-05 2.5e-05 2.5e-05 0 0.00257 0.008265
2.5e-05 0 0 0 0.00717 4e-05 3.5e-05 0.00012 1.5e-05 0 2e-05 2e-05 0.00011 4.5e-05 3e-05 5e-06 0 3.5e-05 0 3.5e-05 3.5e-05 0 0.010615 0.01091 3.5e-05 0 3e-05 1.5e-05 0 1e-05 3e-05 0.010795 8.5e-05 3e-05 0.010745 4.5e-05 0.000405 1.5e-05 3e-05 0 1e-05 0 0 0 0 2e-05 6e-05 5.5e-05 2e-05 0 5.5e-05 3.5e-05 2.5e-05 3e-05 0 8e-05 0 0 2.5e-05 5e-05 0.011465 0.0105 0 3e-05 3e-05 3.5e-05 0 0.01126 0.01098 0 2.5e-05 0.010875 2.5e-05 0 0.010685 0 0 4e-05 0 4e-05 0 2e-05 0 0.00145 6.5e-05 0 3e-05 2e-05 4e-05 0 0.01039 3.5e-05 0 0.000655 0 5.5e-05 0 3e-05 0 4e-05
1e-05 0.010655 0 4e-05 1e-05 0.00036 0 5.5e-05 3e-05 2.5e-05 6e-05 4.5e-05 0 4e-05 0 2.5e-05 3.5e-05 3e-05 0.002515 3.5e-05 0 3e-05 0.01005 0.00463 0.000335 5e-05 4e-05 4.5e-05 0 0.010795 2.5e-05 4.5e-05 0.00972 0 0 0 2.5e-05 0 3.5e-05 3.5e-05 0 0 0 0 4.5e-05 0 0 2.5e-05 0 0.00579 0 8.5e-05 3e-05 4e-05 0 1e-05 2.5e-05 3e-05 2e-05 2.5e-05 0 4e-05 5e-05 1.5e-05 0.010885 2.5e-05 0 3.5e-05 1e-05 2e-05 4.5e-05 0 0 0 0 0 0.00063 0 5e-05 0 0 0 0.0112 0 6e-05 1e-05 2.5e-05 5e-05 0.01118 0 4.5e-05 0 0 3.5e-05 0 1e-05 6e-05 0 3e-05 3e-05
1e-05 0 0 0 0.00029 0 0 2e-05 1.5e-05 3e-05 3.5e-05 0 5e-05 2.5e-05 0.0001 1.5e-05 2.5e-05 4e-05 0 3e-05 6.5e-05 0 3.5e-05 0 0.010655 1e-05 4e-05 0.000185 1.5e-05 3e-05 0.0034 5e-05 2e-05 4e-05 2e-05 0.000155 5.5e-05 0.0009 1.5e-05 0 0 4.5e-05 1.5e-05 0 0.0078 0 1e-05 5e-05 0 0.011235 0 5.5e-05 0 2.5e-05 2e-05 0.01097 0 0 3.5e-05 3.5e-05 0 0 0 0 0 0 0 4.5e-05 0.008735 0 0 0 2.5e-05 0.00292 2e-05 0.00905 3.5e-05 0.01054 0 4e-05 0.001365 0 3.5e-05 0.01054 2.5e-05 0 4.5e-05 4e-05 5e-05 4.5e-05 0 0 4.5e-05 0.010465 1.5e-05 5e-05 5e-05 3e-05 0.00889 1.5e-05
3e-05 5e-05 7.5e-05 0.00063 4.5e-05 0 4e-05 2.5e-05 2.5e-05 5e-05 1.5e-05 3.5e-05 0.01093 0 0 2.5e-05 0.01095 3.5e-05 4e-05 4e-05 0 4e-05 2e-05 0 5e-06 0 0.00107 0.000155 5e-05 0 4e-05 0 2.5e-05 0 0 3.5e-05 0 0 0 0 0.000275 0 0 0.010275 3e-05 5.5e-05 4e-05 0 1e-05 0 0 5e-05 5e-05 4e-05 0.01059 4e-05 4.5e-05 9.5e-05 0 4e-05 3.5e-05 4e-05 5.5e-05 0.011165 0 3e-05 3.5e-05 0 0.01076 5e-05 0.010815 0 4.5e-05 0.00814 0 2e-05 2.5e-05 6e-05 0 0 0 0 0 2.5e-05 0.010865 0 2e-05 0.00369 2e-05 0.009535 4e-05 4e-05 0 4e-05 0.001515 0 0 1.5e-05 2.5e-05 0
4.5e-05 0.000195 2.5e-05 1e-05 0 0 2.5e-05 0.011105 3e-05 3.5e-05 0.00035 3e-05 2.5e-05 5.5e-05 0 0 4.5e-05 0.000205 4.5e-05 0 3.5e-05 3.5e-05 0 0.01111 0 0 5e-06 2.5e-05 3.5e-05 0 0 3e-05 3e-05 5e-05 4e-05 0.010355 0.000555 6.5e-05 0.01107 0.007955 4.5e-05 0 0.011225 0 0 2e-05 1e-05 0.00338 3.5e-05 0 0 3.5e-05 6.5e-05 0.008215 0 0 5.5e-05 3e-05 3e-05 3e-05 0 2.5e-05 0 3e-05 0 0 0.000775 0 0 1e-05 0.005935 1e-05 4.5e-05 0 0.01065 4.5e-05 0 0 0 0 2.5e-05 1e-05 0.010395 0 2.5e-05 2e-05 5.5e-05 0.011205 1.5e-05 3.5e-05 3.5e-05 0 0.01051 3e-05 0 2.5e-05 0 0 0.004975 0.00144
0 0 0.00517 3.5e-05 0 2e-05 0.01059 0 0.007705 3e-05 1.5e-05 4e-05 0 0.00879 3e-05 0 1e-05 0.01122 0 5e-06 0 0 2e-05 0 0.001815 0.00189 0 4.5e-05 4e-05 0 3e-05 2.5e-05 4.5e-05 0 2.5e-05 4e-05 0 0 5.5e-05 0.000885 0 0 0 0.000695 1.5e-05 3e-05 4.5e-05 3.5e-05 0 4e-05 3.5e-05 3.5e-05 3e-05 0.011415 4.5e-05 5e-05 3.5e-05 0.0069 4.5e-05 0 4e-05 0 1e-05 5.5e-05 0.000205 0 0 0.01096 0 0 0 4e-05 3e-05 7e-05 0 3.5e-05 6.5e-05 4e-05 0 0 0 0.000165 4e-05 3.5e-05 0 0 0 4e-05 2e-05 1.5e-05 1e-05 3e-05 0 0 0.00436 0.00831 3e-05 0.00327 0.011385 5.5e-05
3.5e-05 0 1e-05 4.5e-05 4.5e-05 0 0 0 3.5e-05 3.5e-05 5.5e-05 0 3.5e-05 0.011145 0 2.5e-05 0.0108 0 0 4e-05 3.5e-05 0 3e-05 0 0.00983 0.00082 0.01089 2e-05 5e-06 0.009745 3e-05 3e-05 0 2.5e-05 0 0 2e-05 0 0.00163 1.5e-05 3e-05 0 3e-05 4e-05 0 1.5e-05 3.5e-05 0.000155 4e-05 4e-05 0.004315 5.5e-05 0 4.5e-05 2.5e-05 0 4.5e-05 0.010845 4.5e-05 0 0 2.5e-05 0.00597 4.5e-05 1.5e-05 0.00175 0 3.5e-05 3e-05 3.5e-05 1.5e-05 0 0 0 5e-05 0 0 0.00037 0 3e-05 4e-05 0 2e-05 0 4e-05 4.5e-05 0 4e-05 0.01017 0 0.01085 3e-05 0.000225 3e-05 0 0 3e-05 3e-05 4.5e-05 0
0 5e-05 2.5e-05 0 4e-05 0 0.004625 0 3e-05 2e-05 4e-05 3.5e-05 0 0 0.01098 0.010655 0.010955 0 3e-05 0 0.010975 0 5e-05 0 8e-05 0 4.5e-05 4e-05 4e-05 1.5e-05 9e-05 0 0 0.010565 1.5e-05 2.5e-05 0 3.5e-05 0 2e-05 2.5e-05 0 0.010615 6e-05 0.002345 3.5e-05 0 2.5e-05 3.5e-05 0.00018 0 2e-05 2e-05 0.01098 4.5e-05 0.001435 0 1.5e-05 0 2e-05 0 2.5e-05 0 0 0 0 0.011055 0 2e-05 0 0.01018 0 0.000555 0.000305 3.5e-05 0 3.5e-05 2.5e-05 0 4.5e-05 0 3.5e-05 3e-05 3.5e-05 2.5e-05 3e-05 3.5e-05 0.01107 0 0.010915 1.5e-05 0.01051 4e-05 0.001755 0 0 1.5e-05 2.5e-05 2e-05 3e-05
0 2.5e-05 4e-05 0.01102 0 0 0 3.5e-05 4.5e-05 0 3.5e-05 0 0.006315 2.5e-05 0 0.008805 0 0.010895 2.5e-05 0 0.01075 3.5e-05 0 5e-05 1.5e-05 0.0007 0 0 0 0 0 4.5e-05 0 3.5e-05 1.5e-05 0 5.5e-05 2.5e-05 0.01033 3e-05 5.5e-05 2e-05 2.5e-05 0 0.002565 4.5e-05 0 2.5e-05 1.5e-05 0 0 3e-05 3e-05 0 4.5e-05 0 2e-05 0.000205 2e-05 4e-05 0 0 5e-05 1e-05 4e-05 2.5e-05 0 0 0.000765 0 2.5e-05 2.5e-05 3.5e-05 0 4e-05 2.5e-05 2.5e-05 0 0 0.00442 0 0 2e-05 4e-05 0 3e-05 5.5e-05 4e-05 0 2.5e-05 2.5e-05 0.00047 6e-05 2.5e-05 1.5e-05 5e-05 5e-06 3e-05 0 0.010605
5.5e-05 0 2e-05 0 0 0 6e-05 0.000465 0.010355 0 0 0 5e-05 2e-05 0.000635 0.00059 3e-05 0 3.5e-05 3.5e-05 0 2e-05 0 0.00999 4e-05 0.010615 0 2e-05 0 3.5e-05 2.5e-05 7.5e-05 4.5e-05 3.5e-05 0.00096 5e-05 0 0 0 0 0.011055 0 3.5e-05 0.01137 3.5e-05 2e-05 0.00801 3.5e-05 0 3e-05 0 4e-05 3e-05 2.5e-05 0.00018 0 4.5e-05 5.5e-05 0.01113 3.5e-05 0 0.000175 0 0 2e-05 2.5e-05 1.5e-05 3.5e-05 0 0 0 4e-05 1.5e-05 6e-05 1.5e-05 3e-05 5.5e-05 0.01091 0 0 2.5e-05 5.5e-05 3.5e-05 1.5e-05 4e-05 3e-05 2.5e-05 4e-05 4.5e-05 1.5e-05 0 1.5e-05 3e-05 0 0 0 2e-05 0 0.01051 0
4.5e-05 4.5e-05 1.5e-05 0 2.5e-05 4e-05 3e-05 0.0109 0.01064 0.010515 2.5e-05 5e-06 0 1.5e-05 0 3e-05 0.01002 5e-05 0 4e-05 0 4e-05 0.001785 0 2.5e-05 0.001395 0.00025 3.5e-05 0.01045 0.00053 0.011075 3.5e-05 0 4e-05 0.009785 2.5e-05 4e-05 0 0 0 0 2.5e-05 0 2.5e-05 3e-05 3.5e-05 0 1e-05 0 3.5e-05 5.5e-05 3e-05 2e-05 3e-05 0 1.5e-05 1e-05 4e-05 0 0.010665 0.0102 0 0.000845 0 0.011015 0.01128 0 2.5e-05 0 3e-05 0.00015 2e-05 4e-05 4e-05 1e-05 0.011085 4e-05 7e-05 0.010435 0 9.5e-05 2e-05 0 0 5e-05 0 2e-05 0 0 4.5e-05 3e-05 4e-05 3.5e-05 0 0 4e-05 0 3e-05 0 3.5e-05
2.5e-05 4.5e-05 3.5e-05 0 4e-05 3e-05 1.5e-05 0.003625 0.0106 3e-05 0 4.5e-05 3e-05 1.5e-05 0 2e-05 1.5e-05 0 0 0.00282 3e-05 0 0.01149 4e-05 0.0108 3.5e-05 0 4e-05 4.5e-05 2.5e-05 0 4e-05 4e-05 0 4e-05 0 2.5e-05 3.5e-05 4e-05 2e-05 4e-05 0 0 0 0 0.01143 0 0.00515 0 0 4.5e-05 3e-05 4.5e-05 0.002215 0 1.5e-05 0 0 2e-05 0 3e-05 3e-05 5e-06 0.007965 1.5e-05 0.001605 0 2e-05 0 2e-05 3e-05 0 0 0 0 0 0.00527 0 3.5e-05 3e-05 4e-05 5e-05 0 0 2e-05 0.0109 0.00109 2e-05 0 0.01052 6e-05 0 4e-05 5.5e-05 5e-06 0.011655 0 0 0.00597 0
0 0 6e-05 0.011195 2.5e-05 3.5e-05 2e-05 1.5e-05 2.5e-05 0.010615 0 3e-05 0 0 3e-05 0 0 0 0 4e-05 3.5e-05 3e-05 0.000135 0 0.010645 0 2e-05 0.00018 4e-05 4e-05 2e-05 4e-05 1e-05 0.01087 0 3.5e-05 0 0 3e-05 0.010665 6e-05 4.5e-05 0.010815 0.002355 4e-05 0.00999 2.5e-05 3.5e-05 0 1.5e-05 4e-05 0.000115 1.5e-05 0.01011 0 0.01123 4.5e-05 2.5e-05 5e-05 0 1.5e-05 0.010655 2e-05 4.5e-05 2e-05 0 0 2.5e-05 3e-05 0 0 5e-05 4e-05 4.5e-05 0 2e-05 0 3.5e-05 0 0 0 4.5e-05 0 0 5.5e-05 0 0 0 0.011055 3.5e-05 5e-05 3e-05 0 0 3e-05 2.5e-05 0 0 4e-05 5.5e-05
3e-05 2e-05 0 0 0 2e-05 0.004445 0 0 4.5e-05 3e-05 0 3.5e-05 0 0 3e-05 0.00138 3.5e-05 1.5e-05 5e-06 5e-05 6.5e-05 0 4e-05 3e-05 0 0.000515 0 2.5e-05 0.001735 0.01087 5.5e-05 3e-05 4e-05 0 4e-05 0 0.00087 0 2e-05 5e-05 0.010925 3e-05 3e-05 0.001915 0 2.5e-05 1.5e-05 3e-05 3.5e-05 2.5e-05 0 0.008415 4e-05 0 0 0 0 0.010305 0 0 3.5e-05 0.000395 0 0.00019 2.5e-05 4e-05 0 2e-05 0.01137 7.5e-05 3e-05 0 0.000155 0.011285 4e-05 4.5e-05 0.005895 0 5.5e-05 3e-05 0.01075 2e-05 2.5e-05 3e-05 0 2.5e-05 0 0 5e-05 0.010315 0 0 0 0 2.5e-05 0.01006 0 2e-05 0.00022
0 4e-05 0 0 0 0 5e-05 4e-05 7e-05 3e-05 2e-05 0.00138 0 3.5e-05 7.5e-05 0.00046 3.5e-05 0 3e-05 2.5e-05 1.5e-05 0 3.5e-05 4e-05 0 2.5e-05 4e-05 4.5e-05 0.010625 0 5e-06 0 0.00915 0 0 2.5e-05 0 0.010615 2e-05 2.5e-05 4.5e-05 0.009705 0 0 2e-05 0 2e-05 4e-05 0.001155 1.5e-05 3.5e-05 2.5e-05 0 0 0.001705 0.003455 4e-05 0 0 1e-05 0 3e-05 9.5e-05 2.5e-05 6e-05 0 2e-05 3.5e-05 3e-05 4.5e-05 0.01048 3.5e-05 4.5e-05 1.5e-05 0.009665 3.5e-05 0 0.00435 0 0 2.5e-05 6.5e-05 5e-06 3e-05 4e-05 0 0 0 0 3.5e-05 0.00019 0 5e-06 5e-05 4.5e-05 2.5e-05 0 0 6.5e-05 2e-05
5e-05 4e-05 0 1.5e-05 2e-05 0 0 4e-05 5e-05 0.01108 0.000355 2e-05 0.01064 0 0.011535 0 0 0 2.5e-05 0 0 0 0.011005 0.00013 0.007475 4e-05 5.5e-05 7e-05 0.010855 0 5e-05 3e-05 0.01094 6e-05 2.5e-05 3.5e-05 3.5e-05 3e-05 0 0.002125 0.01061 0 3e-05 4e-05 6.5e-05 5.5e-05 0.00358 4.5e-05 2.5e-05 4e-05 3e-05 0 0 0 0 4e-05 2.5e-05 0 0 0 0 0.010665 0.009425 2e-05 5e-05 1.5e-05 0 0.0012 4.5e-05 0 2.5e-05 3e-05 0 0 0 0 6e-05 0.00585 0 0 2.5e-05 4e-05 3.5e-05 0.00254 0 3e-05 0 4e-05 5e-05 3.5e-05 0 0 0.00064 3.5e-05 1.5e-05 4e-05 0.011395 5e-05 2e-05 5e-05
2e-05 4.5e-05 0 0.005545 3e-05 0 4.5e-05 0 0 2e-05 1.5e-05 0.000105 3e-05 2.5e-05 3e-05 0 0.01082 5e-05 2.5e-05 0.01043 0 0 0 0 0 4e-05 4.5e-05 3.5e-05 2e-05 0 5e-05 3e-05 0.010545 0 2e-05 2e-05 1e-05 4e-05 0 0.001425 0 0 0 4e-05 0 2e-05 0 3.5e-05 3.5e-05 2.5e-05 4.5e-05 1e-05 1e-05 3e-05 0 3e-05 0 2.5e-05 7e-05 0 0.011395 0 0 0.01089 9.5e-05 0 2e-05 0.0112 0.00054 3.5e-05 4.5e-05 3e-05 5e-05 0 3e-05 3e-05 2.5e-05 5.5e-05 3e-05 0 5e-05 4e-05 3.5e-05 4e-05 2.5e-05 2.5e-05 0 0 5e-05 0 3.5e-05 0 3e-05 0.00383 3e-05 2e-05 0.002485 0 0 0
2.5e-05 0.000145 0 0 0.00037 0 0 0 0.010675 5e-05 0.002165 5e-05 0.0109 0 0 0 2.5e-05 3e-05 0 2e-05 0.011075 0 1.5e-05 0 0 0.00617 2e-05 4e-05 0.011225 3.5e-05 0.003115 4.5e-05 3e-05 2.5e-05 5e-05 0 0 4e-05 2.5e-05 2.5e-05 3e-05 2.5e-05 2e-05 0.003875 4.5e-05 3.5e-05 3.5e-05 0 0 0 4.5e-05 5.5e-05 2e-05 1.5e-05 0 0 5e-06 4.5e-05 3.5e-05 4e-05 3e-05 8e-05 0 0.000285 0 0.011235 4e-05 0.011085 4e-05 0 0 1e-05 2.5e-05 3e-05 4.5e-05 0 5e-05 0 1.5e-05 2e-05 3e-05 5e-06 0 5e-06 3.5e-05 4.5e-05 4e-05 0 0.000785 0 0.00502 0 2.5e-05 3.5e-05 0 0 4.5e-05 0.011245 1.5e-05 0
2.5e-05 0 2.5e-05 4.5e-05 0 0 2e-05 0.00813 9.5e-05 0 4.5e-05 2e-05 0 5e-05 2e-05 0 0 0 0.000105 0 4e-05 3.5e-05 1e-05 1.5e-05 0 0 0 7e-05 0.010525 0.00944 0 0 0 4e-05 0 0 6e-05 0 0 0 2.5e-05 0 3e-05 1.5e-05 2e-05 1e-05 6e-05 0 0.010915 4e-05 0 0 3e-05 5e-06 4.5e-05 6e-05 1.5e-05 0.006835 2e-05 4e-05 0.01095 3e-05 0 0.000895 4e-05 1.5e-05 2.5e-05 2e-05 0 3e-05 0 4.5e-05 3.5e-05 0.000685 4.5e-05 2e-05 2.5e-05 0 0.0111 5e-05 2e-05 1.5e-05 0 0.00016 5.5e-05 0 4.5e-05 0.00335 0.01077 0 0 4e-05 5e-05 5e-05 0 0 3.5e-05 0 0.009285 4.5e-05
3e-05 4e-05 0 0 2e-05 0.01029 0.009025 3.5e-05 3.5e-05 0 0 0 0.010855 3.5e-05 2e-05 3.5e-05 3.5e-05 0.006625 1.5e-05 3e-05 0 0.010615 4e-05 1.5e-05 0 0 3.5e-05 0 4e-05 0.000325 0 0.00097 2.5e-05 0.009895 0 0 0 5.5e-05 0 0 0.002955 0.003355 0 0 3.5e-05 3.5e-05 0 1.5e-05 0 0.010885 0 0 2.5e-05 2.5e-05 1.5e-05 4e-05 0 0 1e-05 1e-05 0 3e-05 0 0.007225 0 8e-05 0 0 0 3.5e-05 4e-05 3e-05 5e-05 0.010525 0 4.5e-05 0 0.011 0 3.5e-05 2.5e-05 0 2e-05 1.5e-05 0 0 0 4e-05 0.0119 0 0 3.5e-05 2.5e-05 3e-05 5e-05 3e-05 0 0.000475 0.011105 2.5e-05
0 0 2.5e-05 2.5e-05 5e-05 0.00011 4e-05 1e-05 0 0 0.004235 2e-05 0 0 3e-05 2e-05 0 0.00925 0 0.01097 2.5e-05 0 3.5e-05 5e-05 2.5e-05 2.5e-05 0.00048 0 0.001505 0.00476 1.5e-05 3.5e-05 2.5e-05 0 2.5e-05 5.5e-05 2e-05 0 0 5.5e-05 0 3e-05 5e-05 0.010875 3.5e-05 0 3.5e-05 0.003825 0.00108 4e-05 6e-05 3.5e-05 0 0 5.5e-05 1e-05 3.5e-05 0.01089 0 0 0 0 0.010995 0 5.5e-05 0 0 3.5e-05 6.5e-05 0 0.007655 1.5e-05 0 0 2.5e-05 3e-05 3.5e-05 0 0 5e-05 4e-05 0.011295 3.5e-05 0 0.01044 0 0 3.5e-05 1e-05 0 0.00407 4e-05 0.01115 1.5e-05 5e-05 0 0 0.0112 2e-05 0
4e-05 0.00627 0.00643 3e-05 4.5e-05 4.5e-05 3e-05 0 0 5e-05 5e-05 0 0 5e-05 0.007805 0 0 2e-05 7.5e-05 2.5e-05 0 2e-05 0 0 5.5e-05 2.5e-05 0 3.5e-05 2.5e-05 6e-05 7e-05 2.5e-05 0 2.5e-05 0 0.007085 5.5e-05 4e-05 1.5e-05 2e-05 2.5e-05 0 0.010835 0.00168 3e-05 0 3e-05 0 0 2.5e-05 0 0.01142 5.5e-05 0 3e-05 0 0 0.000325 0 0 3.5e-05 0 0.011225 0 4.5e-05 0 0.011245 0 2e-05 3.5e-05 0 0 1.5e-05 0.010745 2e-05 0 0.00389 0.004275 0 3e-05 3.5e-05 0.009595 5e-05 0 0 0.003465 2.5e-05 3.5e-05 0.010565 4e-05 3.5e-05 5.5e-05 0 4e-05 2.5e-05 4.5e-05 0.011075 0 0 5.5e-05
0 0.000665 2e-05 0 2.5e-05 0.011085 6e-05 3.5e-05 0.010435 5e-05 0 0.00201 0.006765 5.5e-05 0 0 0.00126 2.5e-05 3e-05 0 1.5e-05 0 0.01084 0 2e-05 3.5e-05 5e-05 0 0 0 4.5e-05 4e-05 0 3e-05 4e-05 0 3.5e-05 0 0 0 4e-05 2e-05 4e-05 0 0.001655 3.5e-05 2e-05 6e-05 0.009635 5e-05 0.011065 4.5e-05 2.5e-05 6e-05 2.5e-05 3e-05 0.01071 6.5e-05 0.01051 0 2.5e-05 3e-05 2.5e-05 0 0.01073 4e-05 0 1.5e-05 5e-05 0 0.01154 4.5e-05 0 4.5e-05 5e-05 6.5e-05 1.5e-05 0 0.008985 3.5e-05 0 3e-05 4.5e-05 0 0 0 0 0.010135 4.5e-05 0 2.5e-05 0.00481 3.5e-05 6.5e-05 0 0 5e-05 0 0 2e-05
0.01081 3.5e-05 5e-05 6e-05 0.00163 0.01092 0 5e-05 1.5e-05 0 0 0 4.5e-05 4e-05 0 0.000915 0.011075 3e-05 0 0 4e-05 1.5e-05 0 2e-05 3.5e-05 0 0.009725 4.5e-05 0 0.011015 4e-05 3.5e-05 7e-05 0 2e-05 5e-06 0.01072 0 3e-05 0 5e-06 4e-05 0 0.000665 0.000855 0 3e-05 1e-05 3.5e-05 0 0 0.010745 0 1e-05 4e-05 0 3.5e-05 6e-05 0 1.5e-05 0 3e-05 4.5e-05 0 0 3e-05 0 3e-05 4.5e-05 3e-05 0 0.010675 2.5e-05 3.5e-05 0 5.5e-05 0 0.00113 5.5e-05 4e-05 7e-05 5.5e-05 0 0 3.5e-05 1e-05 0 0.01091 0 3.5e-05 3.5e-05 0 2.5e-05 3e-05 0.010545 6e-05 0 1.5e-05 5.5e-05 0
0.00056 0 6.5e-05 0 0 2e-05 0 0 0 0 1.5e-05 0 4.5e-05 2.5e-05 6e-05 0.01123 4.5e-05 0 0 4e-05 4.5e-05 0 5e-05 0 3.5e-05 0 0 0 3e-05 4e-05 0.005785 0.010985 0.00218 2.5e-05 0 4.5e-05 0 2e-05 0.011085 2e-05 6e-05 0.00198 0 0 1.5e-05 0 0.01075 0.009865 0 3e-05 3.5e-05 0 2e-05 0 3.5e-05 5e-05 0 0.0004 3.5e-05 0 2e-05 0 0 3.5e-05 0.010715 4.5e-05 3e-05 0.000125 0.009215 2.5e-05 0.01042 0.011415 0 1e-05 0.000265 2e-05 0 0 2e-05 3e-05 0.010965 2.5e-05 3.5e-05 0.011025 0.01133 3e-05 6e-05 2.5e-05 0.000235 4e-05 4e-05 0 0 2e-05 3e-05 2e-05 0 0.000855 0 3e-05
0 5.5e-05 6e-05 0.002755 0 0 0.00034 0.010835 0 2e-05 3e-05 0 0.011295 4e-05 0 0 3.5e-05 0.002885 2.5e-05 0 0 0 0 2e-05 0 2.5e-05 0.01126 3.5e-05 2.5e-05 0.01 5.5e-05 0 0 0 2.5e-05 3e-05 2.5e-05 3.5e-05 2e-05 0.002365 0 0.008015 3.5e-05 0 2e-05 0.010965 0.011545 0.0109 0 0 2.5e-05 4.5e-05 0 4e-05 6e-05 1e-05 0 4.5e-05 0 6e-05 0 0 2.5e-05 4.5e-05 3e-05 7.5e-05 4e-05 5e-06 3.5e-05 0 0.00258 0.002235 0.00048 0 0.010045 0 0 0 3.5e-05 0.00121 2.5e-05 0 1.5e-05 4e-05 6e-05 5.5e-05 0.01106 4.5e-05 5e-06 0 5e-06 0 0 0.0042 0.00873 4e-05 0 5.5e-05 0 4.5e-05
0.010855 0 2.5e-05 0.000635 0 0.0027 2e-05 0.006305 0.000145 0.011675 3.5e-05 3e-05 0 0.01039 0 5.5e-05 0 0 0 0 5e-05 2.5e-05 2.5e-05 0 3e-05 0 0 0 0.010565 5e-05 2.5e-05 0 4e-05 3.5e-05 2e-05 3e-05 4e-05 1.5e-05 2.5e-05 3.5e-05 2.5e-05 0 3.5e-05 0.01038 0.01074 4e-05 0 0 1.5e-05 2e-05 0 0 3e-05 0.00117 3e-05 0 0.01158 0.01094 4e-05 4.5e-05 0.000715 0.00137 0 5e-05 4.5e-05 0 0 0.005075 0 0.00979 2e-05 1.5e-05 0 6e-05 0 0 2.5e-05 0 4e-05 0 0 4.5e-05 5.5e-05 2e-05 0.010795 2e-05 0 3e-05 3e-05 3e-05 0 0.002535 7e-05 4.5e-05 4e-05 2.5e-05 0 0.01133 0 1.5e-05
0 0 0 0 3e-05 0.00402 3.5e-05 3e-05 3.5e-05 5e-05 3.5e-05 0 0 0.011065 1.5e-05 0.005355 3e-05 3.5e-05 0.0016 0 4.5e-05 3e-05 0 2.5e-05 2.5e-05 0 0 3e-05 1.5e-05 3e-05 6.5e-05 2.5e-05 6e-05 0 2.5e-05 3.5e-05 3e-05 0 3.5e-05 3e-05 0 0 0.010335 5e-05 0 0 0 0 3e-05 0.010905 3e-05 5e-05 0 4e-05 0.006865 3.5e-05 3e-05 0.000365 0.011255 2e-05 5e-06 0 5e-06 3e-05 0 0 0.00024 5.5e-05 8.5e-05 4e-05 0 0 4.5e-05 0 2.5e-05 0.0001 0.010265 0 3.5e-05 3e-05 0 1.5e-05 0 0.011295 3e-05 2.5e-05 0.00094 0 0 0 4e-05 0 0.010775 1e-05 1e-05 4.5e-05 0.01057 0 5e-05 0.01052
4.5e-05 0 1.5e-05 0 3.5e-05 0.011095 0.010595 0.00039 3e-05 0.00035 3.5e-05 0 2e-05 3e-05 0 3.5e-05 3.5e-05 2e-05 3e-05 0 2.5e-05 4.5e-05 0 3e-05 2e-05 3e-05 4.5e-05 0 0 2e-05 5.5e-05 1.5e-05 0 0 2.5e-05 0 3e-05 5e-06 4e-05 0.01058 0 0.010795 2e-05 0 2e-05 0 4.5e-05 1.5e-05 0.01089 0 0 1.5e-05 0 0.01135 0 5e-05 2e-05 4.5e-05 0 0.011325 0 0 0 0 0 0 2e-05 0.010905 2e-05 0 0.01056 4e-05 5e-06 5e-05 0 1e-05 3.5e-05 0.010715 4e-05 0 4e-05 3e-05 4e-05 0 0 0 1e-05 3e-05 0.00021 0 3e-05 0.009715 3.5e-05 0 0.01118 0.005145 0.000455 0 0.002105 0.00465
0 1.5e-05 4.5e-05 0.00309 2.5e-05 4e-05 0 0.003755 4e-05 0 0 0 2.5e-05 1e-05 0 5e-05 0 0.000325 0 1.5e-05 0.00143 0 0 2e-05 0 2.5e-05 6.5e-05 4e-05 3.5e-05 0 1.5e-05 0 3.5e-05 2e-05 2.5e-05 0.010905 0.01026 4.5e-05 0 5e-05 0 3.5e-05 0.000375 6e-05 4e-05 0 4e-05 3e-05 2e-05 0 7e-05 3.5e-05 0.000895 3.5e-05 2.5e-05 9e-05 0 0 8e-05 0 0 4.5e-05 4e-05 0 0 0.01077 5.5e-05 0.00015 3.5e-05 0 0.01114 0.01105 5e-05 2.5e-05 2e-05 3.5e-05 4e-05 0.008525 0 0.010485 2.5e-05 0 1.5e-05 4e-05 5.5e-05 3.5e-05 0 5e-05 0 0.001045 0.010435 0 4.5e-05 0 0 0 0 0.00622 0.011065 2.5e-05
1.5e-05 5e-06 2e-05 6e-05 0.01105 0 2.5e-05 0 0.01084 0 0 4e-05 0 6.5e-05 3.5e-05 1e-05 3e-05 0.003895 0 0 5.5e-05 0 2.5e-05 1.5e-05 0 0 5e-05 0 0.007225 5.5e-05 4e-05 0.011475 0 2.5e-05 0.00044 0.010725 0 3e-05 0 0 1e-05 2e-05 0 2.5e-05 0 3e-05 0 3e-05 4e-05 2e-05 0 0.01017 0 4.5e-05 0 2.5e-05 0 0 0.008465 0 3.5e-05 2.5e-05 0.0111 0 3e-05 5.5e-05 5e-05 5e-05 0 0 0 0.001535 2.5e-05 0 2e-05 0.00564 2.5e-05 0 6e-05 3.5e-05 0 7e-05 6e-05 5.5e-05 5e-05 3e-05 4e-05 4e-05 3.5e-05 0.01093 2.5e-05 0.000965 0 2.5e-05 0.009035 0 0 0 2.5e-05 0
5.5e-05 0 0.001785 0 4e-05 3e-05 2.5e-05 3.5e-05 3e-05 0 2e-05 3.5e-05 0.000855 2.5e-05 0 0 2.5e-05 6.5e-05 0 5e-06 0 3e-05 3.5e-05 2.5e-05 0 5.5e-05 0.01073 0.004435 0 4e-05 0.00061 3.5e-05 0 0 0 4.5e-05 0 4.5e-05 0 4e-05 3e-05 2.5e-05 4.5e-05 0 3.5e-05 0 3e-05 3.5e-05 2.5e-05 2.5e-05 3e-05 3e-05 0.011365 0 0 0 0.00187 2e-05 0 0.01097 0 0 3e-05 0 0 5e-05 3e-05 0 0.008665 3.5e-05 0 0 0 0 0 0.0081 0 1e-05 1e-05 1.5e-05 0 0 0.00104 0.01091 4.5e-05 2e-05 0.003145 0 5.5e-05 0 3e-05 2e-05 0.010375 2e-05 0.011295 2.5e-05 4.5e-05 3.5e-05 0.01157 3e-05
7e-05 1.5e-05 0 4e-05 0 5e-05 0 2.5e-05 0 3.5e-05 4.5e-05 2e-05 4e-05 1e-05 0 4e-05 0 0 0.01076 4e-05 0.000115 0.010775 0.01105 0 1.5e-05 3e-05 0 4.5e-05 0.011195 0 0.00058 3.5e-05 0 1.5e-05 0 3e-05 4e-05 0.00045 5.5e-05 0.005785 5e-05 2e-05 0.00033 0 7.5e-05 0 6e-05 0 0.00601 0 5e-05 1.5e-05 0.00756 4e-05 5e-06 0 0 0 0.009885 0 2.5e-05 5e-05 4.5e-05 2.5e-05 2.5e-05 0 0 6e-05 0 3e-05 0.009955 0.010745 5e-05 3e-05 3.5e-05 1.5e-05 4e-05 0 0 0.010465 0.008825 0 2e-05 3e-05 2.5e-05 2.5e-05 3.5e-05 0 0.010065 0 4e-05 0.000985 2.5e-05 0.00164 3.5e-05 0 0 3e-05 0 2e-05
0 2e-05 3.5e-05 2.5e-05 0 0.010915 4.5e-05 0 0.00073 0.000275 0.00797 0 4.5e-05 2e-05 2.5e-05 0 0 4e-05 0 2.5e-05 0 6e-05 0 2.5e-05 0.00498 9.5e-05 0 2e-05 0 2.5e-05 3e-05 0 3.5e-05 4e-05 0 5e-05 2e-05 0 5.5e-05 3e-05 0 0 0.01052 0.003715 0 0 4e-05 4.5e-05 0 3.5e-05 0.010615 0 0.00012 0 0 0.00596 2e-05 0 0 3.5e-05 0 2e-05 0.00657 5.5e-05 0 7e-05 7e-05 2.5e-05 2e-05 2e-05 2.5e-05 2.5e-05 3.5e-05 0.011355 4e-05 0.01134 5e-05 0.01081 0 5e-05 4.5e-05 0 4.5e-05 0 1.5e-05 0.010745 3.5e-05 3e-05 1e-05 1.5e-05 0 0 2.5e-05 0 3.5e-05 0 5e-06 1.5e-05 4e-05 0
0 3.5e-05 4e-05 0 4e-05 2e-05 0 0.00409 0 0 0.01085 0 2e-05 0 0 3.5e-05 0.000785 8.5e-05 4e-05 0 1.5e-05 5.5e-05 4e-05 1.5e-05 0.00312 0 6e-05 5e-06 0.010055 1.5e-05 0 0.000225 2.5e-05 0 0 3e-05 1e-05 2.5e-05 0 0 3.5e-05 4e-05 0.01106 2e-05 0 3.5e-05 0.00126 3e-05 0 0 0.011375 3e-05 0 0 0 1.5e-05 0.01024 3.5e-05 0.01154 4.5e-05 0 4e-05 3e-05 2e-05 0 3.5e-05 0.006405 0.00092 5e-05 0.011465 2.5e-05 1.5e-05 0 0 0 0.010725 5e-05 0.0111 0 0 7e-05 0.010805 4e-05 0 4.5e-05 0 0 0.00619 0.000135 1.5e-05 3e-05 0.00173 0.01122 2e-05 0 2e-05 0 0 2e-05 3e-05
2e-05 2e-05 0 0.00099 0 3.5e-05 2.5e-05 1.5e-05 0 3e-05 0.011575 5.5e-05 0.002275 3.5e-05 2e-05 0 0.00856 2e-05 0 0 0 0 0 0.00324 3e-05 4.5e-05 5e-05 0 8.5e-05 2e-05 0 2.5e-05 5.5e-05 6.5e-05 0 3e-05 0.01108 5e-05 0 0 0 3.5e-05 8e-05 6e-05 3.5e-05 0.00414 0 0.004165 5.5e-05 0.009585 4e-05 4e-05 6.5e-05 2.5e-05 5.5e-05 2.5e-05 0 2.5e-05 4.5e-05 0 3e-05 2.5e-05 0.011225 0 1.5e-05 4.5e-05 0 0 0 0.010225 0 5e-05 4.5e-05 4.5e-05 3.5e-05 0 0.000495 0 0 0 0 1e-05 0 2e-05 0 3.5e-05 0 0 0 2e-05 2.5e-05 0.00025 0.011115 0 3e-05 0 2e-05 0 0.010875 6e-05
4e-05 1.5e-05 0.000555 0 0.01083 5e-05 3e-05 3e-05 0 0.007685 5.5e-05 0 4.5e-05 3.5e-05 0 0.00183 0 3e-05 0.010445 0 0.00024 4e-05 0 0 4e-05 0 0.01109 0 4e-05 3.5e-05 8.5e-05 0.01046 3.5e-05 1.5e-05 0 2e-05 3e-05 0 0 0 0 0.01059 2.5e-05 0 6e-05 0 0 7e-05 0.006465 0 1.5e-05 0.00946 0 0.01101 4.5e-05 0 4.5e-05 2.5e-05 3e-05 7.5e-05 4.5e-05 0.01047 0.01025 0.01077 0 2.5e-05 0 3.5e-05 0 5e-05 2.5e-05 1.5e-05 0.01123 0 0 3.5e-05 0 0.004055 0.011165 4.5e-05 4.5e-05 0.011005 0 0 3e-05 3e-05 6e-05 0 0 3.5e-05 3e-05 0 4.5e-05 4.5e-05 6e-05 0 3e-05 0 4.5e-05 0
0 4e-05 3.5e-05 3.5e-05 0 2e-05 0.01054 0 0 0.00085 4e-05 0 2.5e-05 0.010965 2.5e-05 2.5e-05 4e-05 0.00659 0.00923 3.5e-05 0.004715 4.5e-05 4.5e-05 2.5e-05 2.5e-05 0 0 1e-05 3e-05 0 4.5e-05 2.5e-05 4e-05 0 3.5e-05 3.5e-05 2.5e-05 0.00934 4e-05 0.000895 0.00028 0 2e-05 3.5e-05 0.00986 0 1.5e-05 0.01106 4e-05 4.5e-05 0 2e-05 2.5e-05 0 4e-05 0 0 0 3.5e-05 0.00306 6.5e-05 2e-05 2.5e-05 2.5e-05 3.5e-05 0.011215 0 0 0 0.01102 0.00197 0 3e-05 0.000445 0 0 0 0 4e-05 3.5e-05 0.01096 0 0 1e-05 0 5e-06 0 3e-05 0 4e-05 8.5e-05 5e-06 0 0 4.5e-05 0.0005 0 2e-05 6e-05 0.011065
0 5e-05 0 4e-05 0 0 0.0106 4e-05 0.010785 3.5e-05 0.01093 0.011045 3.5e-05 2e-05 0 0 0.00306 3.5e-05 3e-05 0 2.5e-05 0 3e-05 0.000135 0.000145 4e-05 0 4.5e-05 3.5e-05 0.001505 3e-05 0.01092 4e-05 0.005 0 0 0.01037 5.5e-05 1.5e-05 7e-05 0 2e-05 4e-05 0 3e-05 4e-05 3e-05 0 3e-05 3.5e-05 0 3e-05 1.5e-05 3e-05 2.5e-05 3.5e-05 0 5e-05 5e-05 0 5.5e-05 0 2e-05 5e-06 0 0 0 0.01082 0 0 0 0 5.5e-05 3e-05 5.5e-05 0 4.5e-05 2e-05 0.000375 0 1e-05 3.5e-05 1.5e-05 0.00721 3.5e-05 2e-05 0.009455 0.01077 3.5e-05 0 0.00088 0 0 3e-05 0 0.00018 4e-05 0.001 0 0
0.011 0.01114 0 1.5e-05 3e-05 0 0 0.01 0 0.010765 5e-05 0.01113 0 0 0 5e-05 0 0 0 0 4e-05 2e-05 3.5e-05 5e-05 2.5e-05 0 0 0 4e-05 2.5e-05 5e-05 3.5e-05 0.00029 0.000445 5e-05 0.00082 2.5e-05 0.00909 3.5e-05 0 2e-05 0.010775 4.5e-05 0 3e-05 0 5e-05 0.001685 0 3.5e-05 5e-06 3e-05 2.5e-05 0 0 4.5e-05 0 4e-05 0 0 4e-05 4e-05 0 1.5e-05 4e-05 0 0.00532 2.5e-05 2e-05 3e-05 5.5e-05 0 2e-05 3e-05 0.00255 3e-05 3e-05 1.5e-05 0 2e-05 0 0 0.00555 3e-05 1.5e-05 3e-05 0 3.5e-05 0 3.5e-05 2e-05 5e-05 0 0 4.5e-05 0 4.5e-05 4.5e-05 0 0
0 0.00065 3e-05 4e-05 0 0 5e-05 0.005755 0 0.001625 3.5e-05 4.5e-05 0.00122 0.011345 0 2.5e-05 0.001085 8e-05 2.5e-05 3.5e-05 0 0 4e-05 0 6e-05 0 4e-05 5e-05 0 5e-05 6.5e-05 0 2e-05 3.5e-05 0.01065 0.00554 3e-05 4.5e-05 0 3.5e-05 5e-06 3e-05 0 3e-05 4e-05 0 3.5e-05 0 0.00088 0 5e-06 0 6e-05 3e-05 0 4.5e-05 0 1e-05 0 5e-05 2.5e-05 0 4e-05 3.5e-05 0 0 1e-05 0 3e-05 5e-05 0.01119 5e-05 0 2.5e-05 4.5e-05 2e-05 0 4.5e-05 0.01089 0 2e-05 0.000135 3e-05 0 2e-05 0 0.00015 2e-05 3.5e-05 4.5e-05 4e-05 5e-05 6e-05 0 0.01142 4e-05 0 2.5e-05 2e-05 0
0 0 0 3.5e-05 2.5e-05 4.5e-05 1e-05 0 6e-05 0 1e-05 0 5e-05 0 2e-05 2e-05 3e-05 2.5e-05 0.00077 0 0.01096 3e-05 2.5e-05 1.5e-05 0.010745 0 0 4.5e-05 0 0.011215 0.003735 1.5e-05 6.5e-05 1.5e-05 6.5e-05 1.5e-05 0.000455 2e-05 4.5e-05 0 4.5e-05 0 3e-05 0.011075 0 2.5e-05 6e-05 3.5e-05 4e-05 3.5e-05 3.5e-05 0 0 0.000185 0 0 0 0 3e-05 5e-05 3e-05 0 3.5e-05 4e-05 0 0 0 6.5e-05 0 4.5e-05 0 0 3e-05 3.5e-05 3e-05 6e-05 0 0 0 0.00178 2.5e-05 0.00129 2e-05 3.5e-05 0 4.5e-05 4e-05 0 3.5e-05 0.000145 0.01117 0 4.5e-05 2e-05 0 0.000525 0 2.5e-05 0.001405 0
3.5e-05 3.5e-05 2.5e-05 0 4.5e-05 0 3.5e-05 3e-05 0 4e-05 0 1.5e-05 2e-05 0 3e-05 0 0 1.5e-05 0 4.5e-05 3e-05 0.001555 4e-05 4e-05 0.010605 5.5e-05 0 3e-05 0 3.5e-05 0 0.010315 4.5e-05 4.5e-05 1e-05 9e-05 4.5e-05 5e-05 1.5e-05 0 0 0 3.5e-05 3.5e-05 0 2.5e-05 3e-05 3.5e-05 0.00908 0.010605 2e-05 3.5e-05 3.5e-05 0.011105 0 0 5e-06 0.01038 0.01058 0 0.004255 0 0 0.01109 0.01046 3e-05 3.5e-05 0.000265 2.5e-05 1.5e-05 0.00144 4e-05 3e-05 0 3.5e-05 2.5e-05 0 0.004055 3e-05 0 0 3.5e-05 0 3.5e-05 0 0 0 4.5e-05 3.5e-05 0 2.5e-05 0 4e-05 0 1e-05 4.5e-05 0 0 0 0
2e-05 2e-05 5e-06 0 0 3e-05 0.009285 0 0 0.00032 1e-05 2e-05 0 4e-05 3.5e-05 5.5e-05 3e-05 1.5e-05 2.5e-05 0 0 0.011025 0 0.008685 5.5e-05 3e-05 2.5e-05 5e-05 5e-06 0 3.5e-05 3e-05 3e-05 2.5e-05 0 4.5e-05 0 0 0 0 6.5e-05 0 3.5e-05 0.000405 0 3e-05 3.5e-05 0 3.5e-05 0 0 4e-05 0.00184 0 3e-05 5.5e-05 2.5e-05 4.5e-05 3.5e-05 0 0 5e-05 0 0.010025 0 0.00056 1.5e-05 0 3.5e-05 0.00105 1.5e-05 3e-05 0 2e-05 9.5e-05 0.01029 0 0 0 0 0 0.011115 0 3.5e-05 0 1.5e-05 5e-06 6e-05 0.01034 2.5e-05 0.00039 2e-05 3.5e-05 0.011005 2e-05 2e-05 2e-05 4e-05 4e-05 6.5e-05
0 0 0 2.5e-05 0 0 0.0089 4.5e-05 0 2e-05 0.01084 0 1.5e-05 6.5e-05 3e-05 2.5e-05 5e-05 0 0.010835 0.01107 0 2.5e-05 5e-05 6e-05 0 2e-05 1.5e-05 2e-05 0 2.5e-05 3.5e-05 3.5e-05 0.000885 3.5e-05 0 2.5e-05 0.000275 0.01115 0 2.5e-05 0 0 2e-05 4e-05 0.000225 0 2e-05 0 1.5e-05 2.5e-05 2.5e-05 0 0 0.00928 2.5e-05 0.003035 0 0.001745 0 0 0 0.01116 1e-05 0.01053 0 4.5e-05 3e-05 3e-05 5.5e-05 3.5e-05 2.5e-05 2e-05 0 4.5e-05 0 0.010185 0.01101 0 0 3.5e-05 0 0 0.008905 5e-05 2e-05 3e-05 6e-05 2.5e-05 0 7.5e-05 0 3e-05 0 0.010805 3e-05 0.00659 0.00891 0 0 5e-05
0.0046 0.00487 1e-05 0 0.004405 0 0.001895 0.000115 0 4.5e-05 0.004815 3.5e-05 2.5e-05 0.004555 0.00373 0 0 0 0.00495 0.00469 5e-05 4e-05 0 0 0.00481 0 3.5e-05 0.000365 5e-06 0.00486 0.000515 0 0.00457 0.00035 0 0.004705 2.5e-05 0.0001 0 2.5e-05 0 0.005 0.004935 3e-05 7e-05 0.004535 0 2.5e-05 0 4.5e-05 6.5e-05 0 0 0.00478 0 5e-05 0.00504 0 0 0.00488 5e-05 0 0.00416 0.003235 0.00298 0 0.00035 1.5e-05 0.0014 2.5e-05 0 0 0.000705 0.00026 0 8e-05 0 0.0016 2.5e-05 0.004815 1.5e-05 2.5e-05 0 0.000795 2e-05 4.5e-05 0.004675 0 4.5e-05 0 0.0045 3.5e-05 0.004845 5e-06 0.000165 0.004695 0 0 0 0.00178
0 0.00049 4e-05 0.00029 0 0.002625 0 0 2.5e-05 2e-05 0 0 5e-05 0.004625 0.004765 8e-05 0.004615 3.5e-05 4.5e-05 7e-05 0 0.00483 0 2.5e-05 0 0.004685 0 0.004905 0.000305 0 0.005095 2e-05 0.00078 0.00489 5e-05 3e-05 0.00245 0.002095 0 0 2.5e-05 0.004055 0.00452 0 0.004655 0.004125 0 0.004655 0.004745 0 3.5e-05 0.004745 0.00481 0.0046 1.5e-05 0 5e-06 0.000515 0.004705 1e-05 0 0.003785 0 4.5e-05 0 4.5e-05 0 0 0.0004 0 0 0.004635 0 0 2.5e-05 3e-05 0.00475 1.5e-05 0.00035 0.00456 0 0 0.00489 0 6.5e-05 3.5e-05 3e-05 0.003985 0.004865 0.00469 0.004865 0 0.00259 0.000955 4e-05 5e-05 0 0.00461 0 0.004435
0.000795 0.004845 0 0 0.004775 4.5e-05 0.001915 4.5e-05 0 0.00014 0 0 2.5e-05 0 0.00454 0.00452 0.000495 0.001675 0 3.5e-05 0.004545 0 1.5e-05 0.00476 0 0.002325 3e-05 4e-05 5e-05 0.00037 0 0.00468 0 0.00014 3.5e-05 0.000265 0 0 0 0 0.003745 0.00484 3e-05 0.004835 0.00479 3.5e-05 0.00012 0.000375 0.00479 0 0.004955 0 6e-05 2e-05 0.001865 0.004665 5e-06 0.004755 0.00374 0.004795 0 3e-05 0.00459 0.004805 0.004475 0.0014 0 0.00297 0.00484 0.0051 2.5e-05 0.004555 4.5e-05 2.5e-05 2e-05 0 0 0 0.00052 1e-05 0.00345 0.00465 6.5e-05 0 0 0.0048 0 3e-05 2.5e-05 0 0 0 0.00446 0 0 0 3.5e-05 3e-05 0.000345 1e-05
4.5e-05 0 3e-05 4.5e-05 0.00463 4e-05 0.001115 3.5e-05 4e-05 0 0 0 4e-05 0 0 0.001355 3e-05 0 0 0.000105 0.004675 0.004905 0 0.00024 3e-05 0 4e-05 6.5e-05 0.004755 0.004875 0 0 0 3.5e-05 0.004435 0.00027 0.004825 0.004995 0.004955 0.00013 0 0 0 2.5e-05 0 0 8e-05 2.5e-05 0.00424 0.004775 0.004695 0.00493 0 0 0.003775 0 0.004495 3.5e-05 0 0.00475 3e-05 0.000175 0.004745 0 0.004815 0.004 0.0048 0.00119 2.5e-05 2.5e-05 0.004575 0 0.004775 0 0.000875 0.000115 0 0 4e-05 0.0039 0.00496 0.00172 0 0.00024 3.5e-05 0 0 0 0 0.00389 1e-05 5.5e-05 0.004765 6.5e-05 0.0028 0 3.5e-05 0.004905 0 0
0.004665 2e-05 0 0 0.0047 0.004895 0.00044 0 0 0.001085 0.004635 0.00468 0 0 0 0 4e-05 0.00498 0 0 2.5e-05 3.5e-05 0.0003 0 0.00017 0.001645 0 0.000115 0 0 6.5e-05 4e-05 0 0 4.5e-05 0.004315 0 3.5e-05 0.005095 0 0.00276 0 0 0 0.00188 5e-06 1.5e-05 3.5e-05 0 0.00487 0.00504 0 3.5e-05 0.002425 0.00501 0 1.5e-05 0.000705 3e-05 0.00465 0 0 0 0.004735 0.00476 0.004755 0 0.004975 0.00033 0.004685 0.00053 0 0 0.00329 0 0.0044 0.00471 0.004665 0 0 0.004955 0 0.00027 0 0.00476 0 3.5e-05 0.00421 3e-05 4.5e-05 0.00312 0.001215 0 0.00453 6e-05 0 0.00474 0.0046 0.000185 3.5e-05
0 0 0.004605 2.5e-05 3.5e-05 3.5e-05 0.000785 0.00013 0 0.00011 0 2.5e-05 0 0 0.000675 3.5e-05 0.004605 0.000145 0.0052 0 0.004985 0.004925 0.001055 0.004635 5e-05 0 0 0.003785 7.5e-05 0.00464 0 5e-05 0.000355 0.00091 0 0 0 0.00472 0.00476 0.00479 0.00437 0 0 0 0.00466 0 2e-05 4.5e-05 0.00021 3e-05 2e-05 3e-05 0 0 0.00457 0 0.004675 0.002285 0.000105 0 0 0 1.5e-05 0 0 0.004745 0 0 0.00443 0 0 0.000315 4.5e-05 4e-05 0.004955 0.00369 0.0046 0 0.002855 0 2e-05 0.00195 0 0.00115 0.004995 0.00023 0.004975 0 0.00316 0.004485 4.5e-05 0 0 0.0025 0.004605 0.00072 3e-05 1.5e-05 0.00506 0
3.5e-05 0 0.01024 4.5e-05 4e-05 4e-05 0 0 0.010855 3.5e-05 0.011125 2e-05 0 1.5e-05 3e-05 0 0 0 3e-05 0 3e-05 4e-05 0 2.5e-05 1.5e-05 4.5e-05 2e-05 0 0 0.00061 0 2.5e-05 0.00196 3e-05 3e-05 0 1.5e-05 0 1.5e-05 0 4e-05 3.5e-05 2.5e-05 0 0.00992 0 1.5e-05 0.01021 0.011375 0 2.5e-05 0 0.01095 3e-05 0 0.01128 1.5e-05 0 2.5e-05 0 0 0 0 1.5e-05 5e-05 0 0 0.011 5e-06 0.010775 0 3e-05 0 2e-05 2.5e-05 0 0 2e-05 4e-05 4e-05 5e-06 1.5e-05 4e-05 2.5e-05 0 0.009955 2.5e-05 3e-05 4e-05 3e-05 2e-05 0 0.01112 0 3.5e-05 0.004525 5e-05 0.010665 3e-05 1e-05
0 4e-05 0 0 1e-05 4.5e-05 4e-05 0 2.5e-05 0.000625 0.000395 3e-05 1e-05 0.010715 0.00991 4e-05 0 0 0.01069 2.5e-05 4.5e-05 0 0 0 0 3.5e-05 0 5.5e-05 9.5e-05 3.5e-05 0 5e-06 3.5e-05 2e-05 0.01122 0 2e-05 2e-05 0 3e-05 0 2e-05 5e-06 2.5e-05 0 0 2.5e-05 0 3e-05 3.5e-05 0 5e-06 4e-05 0 0.00065 1.5e-05 0 0.00045 0 0.00953 0.01093 1.5e-05 0.010695 4.5e-05 5.5e-05 4e-05 2.5e-05 0.010695 0 0 0 3.5e-05 0 2.5e-05 0 4e-05 4.5e-05 0 2e-05 0 5e-05 3e-05 2.5e-05 0.011465 0 5e-06 4.5e-05 3.5e-05 0.011395 6e-05 1.5e-05 3e-05 3e-05 0 4e-05 5.5e-05 0 4e-05 0 0.0111
5e-06 2e-05 0 0 4e-05 3e-05 0.00268 0 3e-05 0.000155 0.011275 4e-05 0 0 3e-05 4e-05 0 0.00159 3e-05 0 3e-05 2.5e-05 0.00054 4.5e-05 2e-05 0 3.5e-05 5.5e-05 6.5e-05 2.5e-05 1e-05 1.5e-05 4.5e-05 1.5e-05 2.5e-05 0 0 3e-05 0 0 0 1.5e-05 2e-05 0 0.00131 1.5e-05 3e-05 0 0.010135 2.5e-05 3.5e-05 3.5e-05 0 0.011325 0 6e-05 3e-05 1e-05 0.00031 0.008085 6e-05 3e-05 0 0 4.5e-05 0 2.5e-05 1.5e-05 7e-05 0 0 2e-05 9.5e-05 2e-05 2.5e-05 3.5e-05 0 0 3.5e-05 0 2.5e-05 0 2e-05 2.5e-05 0.0114 0 5e-06 3.5e-05 0.00023 3.5e-05 0.011295 0 3.5e-05 0 0.006965 3e-05 2e-05 3.5e-05 2.5e-05 1.5e-05
0 4e-05 0 2e-05 0 5e-05 5e-05 3.5e-05 0 0 5e-05 0 3.5e-05 0.0109 2.5e-05 0 4.5e-05 3e-05 4e-05 2.5e-05 7.5e-05 2e-05 0 0 0.002215 2e-05 3e-05 0 0.01098 1e-05 6e-05 0 0.010385 0 3.5e-05 0 0 2e-05 0.000345 0.001485 4e-05 1e-05 3e-05 1.5e-05 2e-05 4e-05 4e-05 0 0.01059 3e-05 0.00096 0 0 0.010625 0.000185 5e-06 1.5e-05 3e-05 0 0.010585 0 1e-05 0 0 4.5e-05 1.5e-05 4.5e-05 0.0113 3.5e-05 0.002005 4.5e-05 0.010915 0 1.5e-05 0.00759 0 0 5e-05 0 0.00603 0 4e-05 2e-05 0 0 2.5e-05 3.5e-05 0.010885 1.5e-05 0.0092 4e-05 0 0 0 0 5.5e-05 0.000335 4e-05 8.5e-05 0
0 0 3e-05 3e-05 3.5e-05 2.5e-05 7e-05 1.5e-05 0.00513 0 4e-05 0 0 0 5e-05 0.00058 3.5e-05 0 0 6.5e-05 0.01055 0.01125 2.5e-05 3.5e-05 5e-05 0 0 3e-05 3e-05 4e-05 0.010985 1e-05 0 1.5e-05 0 0.000325 2e-05 0.000655 3.5e-05 0 3e-05 2.5e-05 0 0 0 0 4.5e-05 4e-05 6.5e-05 0 0 3e-05 0.01078 0.011085 3.5e-05 2.5e-05 0 4.5e-05 1e-05 6.5e-05 3.5e-05 0 2.5e-05 3.5e-05 0.005705 2.5e-05 0 0 3.5e-05 3e-05 3.5e-05 0 0.010245 4e-05 0 0 0 0 2.5e-05 3.5e-05 4.5e-05 0 1e-05 0 0.011105 3.5e-05 4.5e-05 0.00041 4.5e-05 1e-05 0 2e-05 0 1.5e-05 3.5e-05 0.010545 0 0 4e-05 0.01078
2e-05 5.5e-05 0 6e-05 3.5e-05 0 4e-05 5e-05 0 5.5e-05 2.5e-05 0.000145 3.5e-05 4.5e-05 4e-05 1e-05 4e-05 4.5e-05 9e-05 3e-05 4.5e-05 2e-05 0.007655 4.5e-05 2e-05 0.010145 0.000365 0.010655 0 0 6.5e-05 0 0 4e-05 3.5e-05 0.003145 0.00479 0.00148 0 0 3e-05 2.5e-05 4e-05 0.011395 3.5e-05 0 4e-05 0 0.010345 0 2.5e-05 3.5e-05 2e-05 0 2.5e-05 5e-06 0.009075 7.5e-05 0 4e-05 0 0.000205 4.5e-05 2e-05 0.000645 0 2.5e-05 0 0 0 0.010575 0 2e-05 0 0 0 3e-05 0 0 0 0 2.5e-05 0 0.002045 4e-05 2.5e-05 0 4e-05 0 2.5e-05 0 4e-05 0 0 2.5e-05 0.01088 0.0019 5e-05 0.000585 0
0.000315 0 5e-06 0 0 2.5e-05 4e-05 3e-05 5e-05 0 1.5e-05 3.5e-05 0.002075 0.011195 0 0.01051 4e-05 2.5e-05 4.5e-05 0.008535 0 3.5e-05 0.00328 5.5e-05 0 0 0 0 4.5e-05 0 3e-05 0 3e-05 0 2e-05 0.0001 3.5e-05 2e-05 4e-05 0 5e-06 0 0 5e-05 0.00568 0.01026 3e-05 3.5e-05 4e-05 2.5e-05 0 0 0 0.00011 0 4e-05 0 2.5e-05 3e-05 0.010915 1e-05 0.01043 2.5e-05 3e-05 0 6e-05 0 0.001635 2.5e-05 0.008415 1e-05 0 0.01077 3.5e-05 6e-05 0.00531 0 0.00595 0 0 4e-05 0 0 2.5e-05 0 0 2.5e-05 2e-05 0 0.000695 4e-05 0 3.5e-05 0 0.010865 3e-05 4e-05 0 3.5e-05 1e-05
1e-05 1.5e-05 0 3e-05 3e-05 0.009435 3e-05 4e-05 0.001105 0 0 5e-06 3e-05 6e-05 0 3e-05 2e-05 0 3e-05 0 0 1e-05 3.5e-05 2.5e-05 0 3.5e-05 5e-05 0 0.010545 0 0.011025 0 0.00529 0 3e-05 3e-05 2.5e-05 0 1.5e-05 0 0 3.5e-05 4.5e-05 0 3e-05 0 0.01084 0.000755 0.00025 2.5e-05 0.010565 0 0 4e-05 4e-05 2e-05 0.01134 3.5e-05 0.008175 5e-05 4e-05 0.00084 0.01123 0.00043 3e-05 0 1.5e-05 1.5e-05 0 0 4e-05 0 2.5e-05 0 4e-05 3e-05 5e-05 3.5e-05 3.5e-05 0 0.004555 0 2.5e-05 3.5e-05 6e-05 0 2.5e-05 0 0.00997 4e-05 0 0.01131 0 0 0 2e-05 6e-05 5e-06 9.5e-05 0
0 2.5e-05 0 3e-05 9.5e-05 0 4.5e-05 0 3.5e-05 0 3e-05 0 0.010615 0 0.00013 1.5e-05 0.00948 3.5e-05 0 0.010595 0 4e-05 3.5e-05 0 0.000135 0 4.5e-05 3.5e-05 2.5e-05 0.01099 3e-05 1.5e-05 2e-05 1.5e-05 0 0 3e-05 4e-05 2e-05 0.008165 5e-05 0.0002 3e-05 0 0 0 3.5e-05 2.5e-05 1.5e-05 4e-05 2.5e-05 0.00926 5e-05 2.5e-05 2.5e-05 2.5e-05 2.5e-05 0.01044 2e-05 0 0 0 4.5e-05 0 0 0 3e-05 5e-06 0 2e-05 0.01108 0.000105 0.0114 2e-05 0 4e-05 3.5e-05 6.5e-05 0 1.5e-05 0 0 0.000725 2.5e-05 0.000195 2.5e-05 3e-05 0 0 4e-05 0 0.003335 0.00024 3.5e-05 0 0.002045 0 0 0.01049 0
0.01006 3e-05 4.5e-05 0 3e-05 0.009545 0.000665 0.00139 0.00317 0 3.5e-05 0 0 1.5e-05 0 1e-05 0 4.5e-05 0 0 5e-05 0 2e-05 0 2e-05 0 0 3e-05 0 0 3e-05 0 0 3e-05 4e-05 2e-05 5e-05 0.011205 4.5e-05 0 3.5e-05 2e-05 3e-05 0 0 3e-05 6.5e-05 5.5e-05 0 5.5e-05 6.5e-05 1.5e-05 0 0 3e-05 2.5e-05 1.5e-05 2.5e-05 2.5e-05 0.01036 0.0104 0 3e-05 0 2.5e-05 2e-05 0 0 3.5e-05 0.010405 0 0 2e-05 0 4e-05 3e-05 0 5e-06 0.005015 0.001325 4e-05 0.00834 0 0.01083 0 3.5e-05 5.5e-05 2e-05 3.5e-05 0.00735 4.5e-05 0 6.5e-05 1.5e-05 0.01097 3e-05 0 0.00657 2.5e-05 0
0 0.010875 0 2.5e-05 4.5e-05 2.5e-05 0.00068 0.01138 4e-05 4.5e-05 0 0.01084 2e-05 0.0023 0.01066 0.00019 4e-05 3e-05 0 0 0 6e-05 3.5e-05 3.5e-05 5.5e-05 0 1e-05 8.5e-05 0.010895 0.010835 5e-05 3e-05 0.01063 0 0.00538 0 0.00017 0 4e-05 2.5e-05 3e-05 0 3e-05 1.5e-05 5.5e-05 0 0.01077 0 0 3.5e-05 3e-05 0 0 5.5e-05 8e-05 5.5e-05 2e-05 2.5e-05 0.000185 2.5e-05 0 3.5e-05 0 0 0 2.5e-05 0 0.00013 0 3.5e-05 2e-05 0 3e-05 2.5e-05 0 2e-05 1.5e-05 0.010555 0 0 0 0 0 8e-05 0 0 4e-05 4e-05 2.5e-05 0 3e-05 0 3e-05 4.5e-05 2e-05 0.011185 5e-05 0 0 0.001275
0 4.5e-05 0 0 0 0.006395 4e-05 4e-05 0.010365 0 0.002395 3e-05 0 3.5e-05 0 0 0 0 0 0.01108 0.00029 0 1e-05 0.011415 4e-05 4e-05 3e-05 0 1.5e-05 0 3.5e-05 5.5e-05 6e-05 2e-05 4e-05 0.00223 0 0 4.5e-05 4e-05 2.5e-05 1.5e-05 0.000335 5e-05 3.5e-05 3.5e-05 5e-06 0.00045 2e-05 0.010515 2e-05 0.0041 5e-05 0 0 0 2.5e-05 0 2e-05 0 0.008335 0 4e-05 0 2.5e-05 4e-05 0 0 0 0 5e-06 5.5e-05 4e-05 4.5e-05 2e-05 0 0.01136 0.002165 0 3e-05 2e-05 2e-05 3.5e-05 3e-05 3.5e-05 0 6e-05 1.5e-05 0 0 0.011155 1e-05 2.5e-05 3.5e-05 3.5e-05 0 2e-05 2.5e-05 0.011035 0
0 3.5e-05 0 0 0.011025 3.5e-05 2e-05 6e-05 3e-05 1e-05 0.010515 0 3e-05 3e-05 4e-05 0.010815 3e-05 0.00969 1e-05 0 3e-05 0 3e-05 4e-05 0 4e-05 4e-05 0 3.5e-05 4.5e-05 0 3.5e-05 0 2e-05 0.010685 0.000205 0 3.5e-05 0.01085 0 0 0 0 0 3.5e-05 0 1.5e-05 2e-05 4.5e-05 1e-05 0.010915 2.5e-05 3e-05 3e-05 1e-05 0 0 2.5e-05 0 0.00711 1.5e-05 3.5e-05 5e-05 0.01106 4e-05 3e-05 0 0 2.5e-05 0 4e-05 0.000735 5e-06 5e-05 0 5.5e-05 0.002875 0 0 0 0 0 4e-05 3e-05 0.010485 2e-05 0 3e-05 3.5e-05 4e-05 1.5e-05 4.5e-05 3e-05 1e-05 2.5e-05 0 0.000515 0 1.5e-05 0.000495
0.00066 4e-05 0 0 4.5e-05 3.5e-05 4e-05 0 2e-05 0 0.01038 4e-05 2.5e-05 4e-05 4e-05 0.009055 0 0 3e-05 2e-05 0 0 3e-05 3.5e-05 0 0.010685 0 3e-05 3e-05 0.010945 0 0 3e-05 0.010045 0.01153 0 0 0 2e-05 0 0 5.5e-05 0.007965 4e-05 2.5e-05 0 0 0 3e-05 4e-05 0.00074 2.5e-05 3e-05 0 5.5e-05 0 3e-05 0 3e-05 3e-05 0 1.5e-05 0 3e-05 0.01086 0 0.00931 0.011485 0.0001 4.5e-05 3.5e-05 4.5e-05 0 0 5e-05 2.5e-05 5.5e-05 4.5e-05 0 0.009665 4.5e-05 0 0.001435 4.5e-05 4e-05 2.5e-05 4.5e-05 3.5e-05 0 0 5e-06 1.5e-05 4e-05 1e-05 0 4e-05 0.01082 0 0 0
0.00358 0.00812 4.5e-05 5e-05 0 0 0.01138 2e-05 1e-05 5.5e-05 0 0.000115 3e-05 0.011605 4.5e-05 2.5e-05 3.5e-05 4e-05 0 0.00012 4e-05 5.5e-05 0 2e-05 0 0 0 0 4.5e-05 0 3.5e-05 0 1e-05 3.5e-05 0.003125 2e-05 3e-05 3e-05 2e-05 0 3.5e-05 0 2e-05 0 0.001135 0.010725 3e-05 0 2.5e-05 0 0 2e-05 4e-05 1.5e-05 0.002285 4e-05 0 2.5e-05 2.5e-05 3.5e-05 4.5e-05 0.00151 4.5e-05 2e-05 2.5e-05 1.5e-05 0 0.010885 0.000205 0 0 0 1.5e-05 0 0 4.5e-05 0.010935 0 2e-05 0 3e-05 2.5e-05 1.5e-05 0.000155 0 0.000535 0 0 0 0.010925 2.5e-05 0 0.011335 5e-05 2.5e-05 0 0 0.0112 2.5e-05 3e-05
2e-05 0 1e-05 0.00489 0 1.5e-05 0.000315 0.001505 0 6.5e-05 0 3e-05 3e-05 0 5e-05 0 0 0.004775 0.004215 0 0 0.004525 0.000435 5e-06 0.002905 4.5e-05 0.0016 5e-06 0 3.5e-05 0 4e-05 0.000705 0 0.004425 0.000655 0 0.000415 2.5e-05 3e-05 0.004785 0.00461 0.0047 0.000455 3e-05 0 0 0.00477 0.00479 0.003505 2e-05 0 0.004635 0.00031 4e-05 1.5e-05 0 0 0 0 1.5e-05 0.002465 0.00493 0 0 0.004965 1.5e-05 5e-05 0 0.00411 0.00472 0.004785 0 2e-05 1e-05 0.00476 2.5e-05 1e-05 0 0.004865 0.004875 0 0 0.00507 0.00466 0.00357 0 4.5e-05 0.004345 0.001105 0 3.5e-05 0.000205 0.004835 0 4e-05 0 0.00144 0 0.005045
0 0.004655 0.004835 0 0 0.002855 0.000975 3e-05 0 5e-05 0 0 0 0 0 0.00476 0.00476 0 0.005035 0.00484 8.5e-05 0 0 0 0 2e-05 0.00429 5e-05 0 3.5e-05 0 0.000265 0 0 0.00439 0 0.005025 0.000305 0.004495 0.004865 7e-05 0.004315 3e-05 0.00502 0 1e-05 0 0.004645 0 3.5e-05 3e-05 0.00181 0 7e-05 0.004525 0.00481 0 0.004735 4e-05 0.00451 2e-05 0.001845 7.5e-05 0.000765 4.5e-05 0.000275 0.004605 3e-05 0 0.00482 0.000815 0.00424 0.00069 0 0.003115 0.00526 0.000145 0.00485 2.5e-05 0.004555 0 0.003435 1e-05 0 5e-06 0.00479 2.5e-05 0 0 0.004735 0 3.5e-05 0.004925 1e-05 0 3e-05 0 0 5e-05 0.0001
3e-05 0 5e-05 0.005665 0.007885 0 0 5.5e-05 0 0 4e-05 4.5e-05 0.00263 0 3.5e-05 0 2.5e-05 4.5e-05 0 0 2.5e-05 3.5e-05 4.5e-05 3.5e-05 0 3e-05 0 5.5e-05 4.5e-05 0 0 0 0 3e-05 4.5e-05 5.5e-05 2.5e-05 3e-05 1.5e-05 1.5e-05 0.000505 4.5e-05 0 5.5e-05 0.01112 0 1e-05 3e-05 4e-05 0 3.5e-05 0 0.01031 2.5e-05 0.00342 0 5e-06 0 0 3.5e-05 2.5e-05 0.01084 0.010065 4e-05 0 7e-05 2.5e-05 0.01067 6.5e-05 0 2.5e-05 0.005445 4.5e-05 0 2.5e-05 0.01086 3e-05 0 5.5e-05 3.5e-05 0 0 2.5e-05 0 2e-05 0 5e-06 0.011355 2.5e-05 3e-05 0 0.001985 4.5e-05 0.000285 0 0.010445 0 0 0.010965 2.5e-05
4.5e-05 0 3.5e-05 0 0 0 0.004885 6.5e-05 2.5e-05 0.001195 3.5e-05 5e-05 0 4.5e-05 0 2.5e-05 0 0 0 5e-05 5.5e-05 0 4e-05 0 2e-05 4e-05 0.01107 3e-05 0 0 0.002695 4.5e-05 4e-05 3e-05 2e-05 0 4e-05 0.01123 4e-05 0 3e-05 5e-05 4.5e-05 0.0113 0 2e-05 3e-05 2e-05 2.5e-05 0 3.5e-05 0 0 0.00287 4e-05 4e-05 0 5e-05 2.5e-05 4e-05 2e-05 3.5e-05 2e-05 0 3.5e-05 4e-05 4e-05 4.5e-05 4e-05 5e-06 0 3e-05 0 5.5e-05 2e-05 0 3.5e-05 2e-05 3e-05 0.01168 0.009915 0 0 0 0.010405 3.5e-05 0.001375 4e-05 0 0.000185 0 0 3.5e-05 6.5e-05 4e-05 2.5e-05 4.5e-05 2e-05 0.010695 0
1.5e-05 2e-05 0 2.5e-05 2.5e-05 3e-05 5e-06 0 0.00037 0 3.5e-05 0 5.5e-05 4e-05 4e-05 3e-05 2e-05 0.000545 0.00052 3e-05 4e-05 4.5e-05 0.00796 4e-05 0 5e-06 5e-05 1.5e-05 0.00118 4.5e-05 2.5e-05 0 1.5e-05 0.0002 2.5e-05 0 5.5e-05 0 6.5e-05 0.00928 0 0.00859 0 0.01095 0 3.5e-05 4.5e-05 0 0 0.01038 0 3e-05 3.5e-05 5e-05 4.5e-05 6e-05 2e-05 3e-05 3.5e-05 0 0 0 4e-05 0.00172 0 0 0.000775 0 0 3e-05 2.5e-05 0 4.5e-05 2.5e-05 2.5e-05 0 1.5e-05 3e-05 1.5e-05 4.5e-05 0 0 1e-05 0 0 0 0 0.004835 1e-05 0 0.00958 0 0.00942 1.5e-05 0 3e-05 0 0 0.00676 3.5e-05
0 4e-05 5e-06 3e-05 4e-05 0 0 0 0 0 0.01089 0 1.5e-05 4e-05 0.0103 4e-05 0.000195 3e-05 0 5e-05 3e-05 1.5e-05 0.001435 0 0.01032 0 4.5e-05 4.5e-05 0.00947 4e-05 0.002245 2e-05 3.5e-05 0 0.00102 0 0.006435 7.5e-05 4e-05 0.00506 0.011215 0 0 0 0 0.010555 2e-05 5e-05 0 0 0 5e-05 4e-05 3e-05 0 0 0 1.5e-05 5e-05 0 0 5e-05 0 3e-05 0.002555 5e-05 0 0 0.00153 0 0 3.5e-05 0.00403 3e-05 0.001045 0.01126 2.5e-05 1e-05 0.00416 4e-05 0 6.5e-05 4e-05 3e-05 2e-05 6e-05 0.00432 0.00074 0.00642 2e-05 0 0 3e-05 2e-05 3e-05 0 4e-05 0 3.5e-05 6e-05
4.5e-05 0 3.5e-05 0 2.5e-05 4e-05 0.011155 0 0 0.005365 1e-05 0.010985 2e-05 2.5e-05 0 5.5e-05 0 0 0 3.5e-05 3e-05 2e-05 2.5e-05 2.5e-05 0 0 2.5e-05 4.5e-05 3.5e-05 0.011005 0.00148 0 0 3e-05 0 0 0.010315 3e-05 0 0 3.5e-05 0 0.01123 0.000335 0.00452 4e-05 4.5e-05 0.000865 0.00993 3.5e-05 1.5e-05 3.5e-05 4.5e-05 3.5e-05 0 0.011035 0 2e-05 0.01056 4e-05 0 5e-05 0 0 0 3.5e-05 2.5e-05 0 0 3e-05 0 5.5e-05 0.00801 6e-05 0 0 0 0 0.00287 0.000235 4e-05 0 3.5e-05 2.5e-05 0 3e-05 0 0.01088 3.5e-05 0 3.5e-05 0 0 5.5e-05 0.01116 4e-05 0 4e-05 3e-05 0
0 4e-05 0 1.5e-05 0 3.5e-05 8.5e-05 0.004755 0 0 3.5e-05 0 3e-05 3e-05 2.5e-05 0 3.5e-05 3.5e-05 0.000335 0 0.00897 0.01088 0 0.010855 4.5e-05 3.5e-05 0 5e-05 0.000185 3.5e-05 0 0 0.00316 3.5e-05 5e-05 2.5e-05 3.5e-05 4e-05 4e-05 0 0.010975 3e-05 3e-05 0.00012 0.00479 0.011185 0 0 0.011205 2.5e-05 7e-05 0 6e-05 3e-05 1e-05 0.0001 0 3.5e-05 2e-05 0 0.0065 4.5e-05 0 0.01113 2.5e-05 0 4e-05 4e-05 0 3e-05 0.00777 0 0 0 5e-05 0 0 1.5e-05 5.5e-05 4e-05 3.5e-05 0.00092 4e-05 3.5e-05 0 0 0 3e-05 5.5e-05 3e-05 0 0 0 0.01107 2e-05 0 3.5e-05 5.5e-05 4e-05 3.5e-05
0 3e-05 2e-05 0 0 0 4.5e-05 2.5e-05 1e-05 2e-05 2e-05 0 2.5e-05 3e-05 0 5e-05 0 0 9e-05 5e-05 2.5e-05 3.5e-05 5e-05 0.010635 0.01066 0.010395 3.5e-05 5.5e-05 0 0 4.5e-05 0 3e-05 7e-05 0 0 2.5e-05 0.000655 5.5e-05 2.5e-05 3.5e-05 0 2.5e-05 0 2.5e-05 0.000215 0 2e-05 0 3e-05 0 0 0 0.009425 1.5e-05 3.5e-05 2.5e-05 0.00457 3.5e-05 3.5e-05 0 3e-05 0.00025 0 4e-05 5e-05 0 3.5e-05 0.001295 4e-05 6.5e-05 1e-05 1.5e-05 0 3e-05 0 0.01073 4.5e-05 0.01074 2.5e-05 0.003765 2.5e-05 0 3e-05 0 0 0.0097 0.01007 0 0 2e-05 4.5e-05 0.00011 0.00068 0 0 4e-05 3.5e-05 3.5e-05 2.5e-05
0.00485 0.00472 3.5e-05 0.004775 3e-05 0 0.004725 0 0.00068 0 1.5e-05 0.00478 0.004905 0.00024 0.001515 0.004625 0.001155 3.5e-05 0 0 0 0.00456 7.5e-05 2e-05 0 0 5.5e-05 0.004105 0.00102 2e-05 0.000435 2.5e-05 0.004915 0 0 0 0.002785 0 6e-05 0 3.5e-05 0.00482 0.00484 0 4.5e-05 0.00234 0.0047 3.5e-05 4e-05 0.0046 0 0 0.00469 0.00079 0 0.00476 0 0.00472 0.00013 0 5.5e-05 0 0 4.5e-05 0.000855 5e-06 5.5e-05 0.001695 8e-05 0 0.004705 1e-05 0 0.00383 2e-05 3e-05 0.000135 0 0 0.000285 0 2.5e-05 0 0.004825 1.5e-05 0 0.004705 0.001155 5e-05 0.0036 0 0 0 0 0 0.003515 0.00473 2e-05 4.5e-05 0
3e-05 0.00477 0 0 0.003095 5e-06 0 0.00483 4.5e-05 0.000905 4.5e-05 0 0.004765 0.00141 0 0 0.000125 4.5e-05 0.004695 0.0045 0.004805 0 0 0 0 0 2.5e-05 0 4e-05 0 6e-05 3.5e-05 0 0.00324 0.00483 0 0 0 3.5e-05 0 0.004055 0.00447 0.000295 0.004675 0.004105 0.001885 0.00453 0.000135 0.00454 2e-05 0 2e-05 0 0.004945 0.00478 0.000125 4.5e-05 0.005125 0 0.004795 0 0 0.000615 0.000205 0 2e-05 0.000545 0.004945 0.005235 0.004915 0 0.00468 0 3.5e-05 0.00015 4.5e-05 0.004985 0 0.00465 0.000475 0 4e-05 0.00198 2e-05 3.5e-05 4e-05 0 0.004745 5.5e-05 0.00467 0.004785 5e-05 2.5e-05 0.00461 0.004705 0 0 0 0 3.5e-05
2.5e-05 2.5e-05 0.00457 0.004945 0.00497 2e-05 0.00016 0 0.00102 4e-05 0.00409 0 0 0 0 0.004495 0.00495 0 4e-05 0.004365 0.00089 2.5e-05 0.00499 0 0.004655 0.002805 2.5e-05 0.004705 0 0 0.000375 0.0044 0.00454 3.5e-05 0 2e-05 0.00473 0.000905 0 0.00035 0 0.00478 0.000135 0.00476 0 0.00468 2.5e-05 0 0 0.00051 0 3.5e-05 0 0 0 0.002195 0 0.004425 0 0.00013 0 2e-05 3.5e-05 0.004155 0.00017 0 0 0 3.5e-05 4e-05 2.5e-05 0.000125 0 0 5e-06 2e-05 0.00482 5e-05 2.5e-05 3e-05 1e-05 0.0049 0 0 0 0 0.000715 4e-05 0 0.00488 0 0.004605 0 3.5e-05 0.00477 0.004225 0 0.001715 0 4e-05
4e-05 2e-05 2.5e-05 3e-05 0.00463 0 4.5e-05 5e-06 0 4.5e-05 0.00485 0.0048 0.00022 5.5e-05 0.00124 0.004605 0.000185 0.00263 0.00022 0 9.5e-05 0 0.00463 0 0.00459 0 0.00491 0.00013 0.003715 1.5e-05 8e-05 0.00483 0.004915 0.0048 0 0.00464 5e-06 0 0 0 0 2e-05 0 0 2.5e-05 0.0032 2e-05 0.00138 4.5e-05 0.004725 0 0 2.5e-05 0.00162 0.00474 0 0.004795 3.5e-05 0 0 0.00086 0 0.0045 0.004835 5e-05 3e-05 0 8e-05 0 0.000175 0 0.00436 0 0 0.00465 2.5e-05 5e-06 3e-05 3.5e-05 0.004845 0.003235 0.00062 0 0.004185 0 0 0 4e-05 0.000685 0 0 0.00494 3e-05 2.5e-05 0.00518 0.00025 0.001965 0.005025 0 0
0.00126 0 0 0.0048 0.004925 0 0 0 0.004605 0.00011 3.5e-05 0 0.004155 0.00131 0 0.00025 0 3.5e-05 1e-05 0.00029 0.004685 0.00017 0.004765 3e-05 0 0 0 0 0 0 0.00304 0.004475 0 0.00359 0 0.004725 0 0.0005 1.5e-05 0.0001 0 2.5e-05 0 0.0045 5.5e-05 0.00227 0 0.000955 2.5e-05 0 0 0.004345 0 0.00223 0.004825 2.5e-05 7e-05 3e-05 0.005065 4.5e-05 4e-05 0.000195 0.002695 0 0.004805 0 0.00443 1e-05 3.5e-05 5e-06 0.004835 0.004795 0.0051 0.004875 0.0048 0.00484 0.00124 2e-05 2.5e-05 0 0.004475 0 0 0.004825 0 0.00394 0.002265 0 5.5e-05 0.00017 0.004705 3.5e-05 0.00454 0 0.00466 0.004835 0.00029 0 3.5e-05 0
5.5e-05 0 0 0.00019 0.004495 0 0.00457 6.5e-05 0.004935 1.5e-05 0.00114 4e-05 0.00461 0.000135 0.004685 0.000845 0.004985 0 0.004755 0 4e-05 0.00482 0 0.004895 0.00482 1e-05 0.000365 0 0.00017 3.5e-05 0.00486 0 0.004125 0.00494 0.00456 1.5e-05 3.5e-05 1e-05 2e-05 0.004625 0.000375 0.004875 0.00463 0 0 0 0 4e-05 0 4e-05 0 0 0.00093 0.00042 0.0001 0 0 0 0 2.5e-05 0.00467 0 0.00489 0.002085 1.5e-05 0.0048 8e-05 0.004745 2.5e-05 0.0031 5.5e-05 5e-05 0.004825 3e-05 0.001585 0.004585 0 0.00015 2.5e-05 0.00489 0.00468 0 0 0 1.5e-05 2.5e-05 0.00489 0 0 0.004235 0.000475 0 4.5e-05 0 0 0 0.003485 0 4e-05 0
0.00435 2.5e-05 0.004845 0.00456 0.004845 0 3e-05 0 3.5e-05 0 0 0 0.00482 0 0 0.0049 3e-05 0 0 0 0 0 0.0046 0.00014 0.000105 0.00126 0 0.0048 0 0.00037 0 3e-05 0.00442 0 0.00478 0 0 2e-05 3e-05 0.00136 0 5e-05 0.00476 2.5e-05 0.004835 0 0.00025 0.00062 0.001965 0 8.5e-05 0 0.004545 4e-05 0 3.5e-05 4e-05 5.5e-05 0 0.00387 4e-05 1.5e-05 0.004675 6.5e-05 0 0.004605 0.000105 0 0.001385 0 0 0 0 0.005005 5e-05 0.004695 0 0 2e-05 0.00437 0 3e-05 3e-05 0.001995 0 0 6e-05 3.5e-05 0.004485 0.00025 0.004155 1.5e-05 0.00436 1.5e-05 0.00468 4e-05 0.001695 0.004025 0 3.5e-05
0 0.004795 0.004915 0.004285 0.004405 1.5e-05 0.004925 5e-06 2.5e-05 1e-05 0.004835 4.5e-05 4e-05 3e-05 0 0 0.004945 0.000545 0.00121 0.003865 0.0004 5e-06 0 0 0 0 0.00461 0.00028 0.00478 0.000175 3e-05 2e-05 0 0 0.004505 5.5e-05 0 0 0.00477 2e-05 0 0.00484 0.00482 0.00154 0.00455 0.002175 4e-05 0 0.00441 0.00114 0 0 0.004795 0 0.000875 4.5e-05 0.000135 0 3.5e-05 0.00492 0 0.00455 0.00472 0.00264 3e-05 0 0.00036 4.5e-05 0.00028 4.5e-05 0.0049 0 1e-05 0 0 0 0 0 4.5e-05 0.005065 0.004655 0.004625 0 4e-05 0.00455 0.000495 0 0 2e-05 2e-05 0.00492 4e-05 0.004355 0.00478 1.5e-05 0.004855 5.5e-05 0 0.00251 0
0.00503 3.5e-05 0.00469 0.002485 3e-05 0 7.5e-05 0 0 0 0.00491 0 8e-05 0 0.00483 2e-05 0 3e-05 0.0001 0.00267 0 0 1.5e-05 7.5e-05 0.004725 0.00208 1.5e-05 0.00176 5.5e-05 1e-05 0 0 0.0005 0.004775 7e-05 0.00247 0.005045 0.004865 0 4.5e-05 4e-05 0.000155 3.5e-05 5e-05 5.5e-05 5.5e-05 2e-05 0 1e-05 0 0.00509 0 3e-05 0.000685 4e-05 0 6.5e-05 0.001015 2e-05 0.005045 0 3e-05 0 0 1.5e-05 0.00461 3e-05 1.5e-05 0.00046 0 5e-06 2e-05 0 0 0 0.00516 0 2.5e-05 0.00449 0.00458 0 0 0.00493 0.00082 0.00417 3.5e-05 0 0.0042 0 3.5e-05 0.00484 0 0.004625 0.00059 0.00119 0 0.00475 0 0 0.0033
5.5e-05 0 0 0 5e-05 5.5e-05 0.004245 0 0 0.00486 0 0.000155 0.004555 2e-05 2e-05 0 0 0.000155 1e-05 0 0.004815 0 0.004845 0.00019 5e-05 0 0.00485 1.5e-05 0.000165 4.5e-05 0.00468 1.5e-05 0 1e-05 0.002165 2e-05 0.000725 0.00469 0 2.5e-05 0.00494 4.5e-05 0 0.004875 0.003965 1e-05 0 7e-05 0.000725 0 4.5e-05 4e-05 0.00496 0 3.5e-05 2e-05 0.001105 0 0.00409 0.00481 0 0 0 0.004575 0.00468 0 0.005205 0 0.00378 0.00449 4.5e-05 0.00457 0 0 0.000185 0 0.0048 0.0047 0.00497 0 0.000365 0 0.00231 4.5e-05 0 4e-05 0 0.004735 0.0041 0.000105 0 0.00447 0.00451 4e-05 7e-05 0 2.5e-05 0 0 0.000165
0 0 0 2.5e-05 2e-05 0.00425 1e-05 3e-05 0.00433 0 0.00479 0.004555 0.00471 0.00037 0 0 0 6.5e-05 0.001475 7.5e-05 3e-05 0 3.5e-05 0 0 0 0.004735 0.001845 0 3.5e-05 3.5e-05 0 3.5e-05 0.004525 0.00473 0.00456 4.5e-05 0.00498 0.00495 1.5e-05 0.00018 1.5e-05 0.00472 0.00069 4e-05 0 4e-05 0.004585 0.00036 0.00071 0.00459 2.5e-05 0 0 0.00387 0.001755 0 0 0.004665 0.00485 4.5e-05 0.00491 0.003385 0.00083 0.004355 0.003125 3.5e-05 0.000485 2e-05 5e-05 3e-05 0 2e-05 2.5e-05 0 0 4.5e-05 0 0.00459 4.5e-05 0.004835 0 0.004465 0 0.00489 0 2e-05 0 0 0 0.00462 0 6.5e-05 0 0.004445 0.00478 6.5e-05 3e-05 0.00118 0
6.5e-05 0 2e-05 1.5e-05 7e-05 3e-05 0.01037 2.5e-05 0 0.00999 0.00059 0 0 0.00755 0 0 4e-05 3.5e-05 2.5e-05 1e-05 0 3.5e-05 0.01133 0 4e-05 0.00546 4e-05 4e-05 4.5e-05 0 0 2e-05 3e-05 3.5e-05 5.5e-05 3e-05 0.004635 0 4.5e-05 2.5e-05 0 0.00298 0 1e-05 4.5e-05 2.5e-05 4e-05 2.5e-05 0 0 0.01143 0 0 2.5e-05 0 0 4.5e-05 0 5e-05 0.00561 2e-05 3e-05 0 3e-05 1.5e-05 2.5e-05 0 0 5.5e-05 4e-05 3.5e-05 0 0 2.5e-05 3e-05 4.5e-05 3.5e-05 0 0.00094 0.001665 2e-05 5.5e-05 6e-05 0 1e-05 2.5e-05 0 0 0.0018 0 4.5e-05 5e-05 0 0 0 0.01073 0 0.00012 0 0.004395
3e-05 0 0 0 0 5.5e-05 0 5e-05 3.5e-05 0 1e-05 0 0 0.0109 4e-05 0 0 4.5e-05 0 4.5e-05 2e-05 5e-05 6e-05 0.00026 0.01071 3e-05 2e-05 4e-05 0 0.01047 1.5e-05 0 1.5e-05 0 3.5e-05 1e-05 5.5e-05 0 0 0.011025 0.0001 0.00038 2.5e-05 5e-05 1.5e-05 0 1e-05 4e-05 5e-05 0 3e-05 0 0 0 0 0 0.000865 5e-06 3e-05 0.010105 4e-05 5.5e-05 5.5e-05 4.5e-05 2.5e-05 2.5e-05 2.5e-05 0 0.000275 0 3.5e-05 3.5e-05 0 3e-05 0.011385 3.5e-05 3e-05 3.5e-05 0.001695 0 0.01115 2e-05 4.5e-05 0 5.5e-05 4e-05 3e-05 2.5e-05 0 4e-05 6e-05 4.5e-05 0 0.01128 5e-05 0 0 5.5e-05 0 0
0.000455 1.5e-05 3.5e-05 0 0 4.5e-05 0.011 1e-05 2.5e-05 0 0.00177 0 0 0 0 2.5e-05 0.010695 1.5e-05 0.001 0 5e-05 2.5e-05 5e-05 3.5e-05 0.010915 4.5e-05 3.5e-05 2e-05 0 0.000495 0 5e-05 0 1.5e-05 4e-05 0 4e-05 0.00014 3e-05 0 4e-05 0 4.5e-05 0 0 3.5e-05 0.000155 0 0 3.5e-05 1e-05 0 0 0.01141 0 3.5e-05 0 5e-05 3e-05 3.5e-05 0 2.5e-05 0 5e-05 2.5e-05 0 0.000515 5e-05 0 5e-06 0 0.010705 2e-05 0.01096 4.5e-05 0.011165 0 2.5e-05 0.000415 3e-05 5e-05 0 0.011165 4e-05 0 0.00261 2.5e-05 0.01147 2.5e-05 0 4e-05 0 0.001935 0.010355 0 0 3e-05 0 0.00034 3.5e-05
0 0 0 0 0 3e-05 0 6e-05 2.5e-05 0 0 1.5e-05 4.5e-05 0 6e-05 7e-05 0 0 5e-05 0.01089 0 0 2.5e-05 3e-05 0.000555 5e-05 4e-05 0 4e-05 9.5e-05 4e-05 3.5e-05 2.5e-05 3e-05 0 3e-05 0.010005 4e-05 5e-06 0 3e-05 0.01086 0 2.5e-05 4e-05 0.010875 0 3e-05 0.01045 5.5e-05 0 0 0.0003 0.01054 0.00214 2.5e-05 0 2.5e-05 0 1.5e-05 0 3e-05 0.004195 5.5e-05 0 0.002015 0.010795 3e-05 4.5e-05 0.006755 3e-05 2.5e-05 0 4e-05 4e-05 0 0 0.000185 0 0 3e-05 2.5e-05 0 0.00987 3.5e-05 1.5e-05 0.0109 6e-05 0 3e-05 2e-05 4e-05 1e-05 0 2e-05 0.0038 4e-05 0 4.5e-05 2.5e-05
0 2e-05 0.001505 0 4.5e-05 6e-05 5.5e-05 0.010685 0.0018 4.5e-05 0 0 0 0 3.5e-05 0 4e-05 5e-06 0 5.5e-05 0 0 0.009575 3e-05 3e-05 0 0 0.010835 2e-05 0.004185 3e-05 0 4.5e-05 0.01116 0 4.5e-05 0 0 5e-06 0.00634 0 3.5e-05 4.5e-05 2e-05 1e-05 0 0 0 3e-05 4e-05 2e-05 9.5e-05 0 3e-05 4.5e-05 5e-05 0 4e-05 4e-05 0.00905 0 0 3e-05 0 0 0.011095 5.5e-05 0.011075 0.011145 3.5e-05 3.5e-05 5e-05 0 0 0.00014 2.5e-05 0 1.5e-05 5.5e-05 0 1.5e-05 3e-05 2e-05 2e-05 3e-05 0 5e-05 0 3e-05 5e-06 1e-05 2.5e-05 0.001275 0.01144 6e-05 0.010655 4e-05 0 3e-05 2.5e-05
0.01069 0 0.000555 0 4.5e-05 0.010785 0.01039 0.000945 4e-05 0 5.5e-05 4e-05 1e-05 7e-05 3.5e-05 0 0 2e-05 4e-05 3e-05 0 3e-05 2e-05 0 4.5e-05 0 3e-05 0.0034 0 3e-05 0 2e-05 4.5e-05 4e-05 2.5e-05 1e-05 2.5e-05 4e-05 3e-05 4.5e-05 0 0.00131 2.5e-05 3.5e-05 3e-05 2.5e-05 0 2.5e-05 4.5e-05 2.5e-05 0 0 0.01104 0 0 0 0 0 0.01084 0 1.5e-05 0 3e-05 1.5e-05 0 4e-05 0 0.01095 0.011485 0 3.5e-05 0.010755 0 0 0 0 2.5e-05 0 0.00159 4.5e-05 3e-05 2.5e-05 3.5e-05 7e-05 6e-05 0.00619 4.5e-05 2.5e-05 0 3.5e-05 3.5e-05 0 0 0.01034 3.5e-05 0 3e-05 5.5e-05 3e-05 0.00078
3.5e-05 4.5e-05 3.5e-05 3.5e-05 3.5e-05 0.001795 3e-05 0.00033 5e-05 2.5e-05 0 3e-05 3.5e-05 4.5e-05 0.001105 0 0 0 0 0 0 0 1e-05 0 0.01066 0.01133 0.008275 0 2e-05 4e-05 4.5e-05 0 5e-05 0 0 5e-05 0 5e-06 6e-05 4e-05 0.010805 0 4e-05 0.01036 0.010765 0 4.5e-05 5.5e-05 0 0.010735 0 0 0 3e-05 2e-05 2.5e-05 5e-05 0 3.5e-05 0 0 2.5e-05 0.01129 2e-05 2.5e-05 1.5e-05 0.011065 2.5e-05 2.5e-05 4.5e-05 8.5e-05 0.000405 2.5e-05 0 4e-05 0.00025 0 3.5e-05 0 0.01091 5.5e-05 2e-05 0 3e-05 3.5e-05 0 0 5e-06 2.5e-05 0.000765 2e-05 2.5e-05 0 0 0 3.5e-05 2.5e-05 0.01111 0 0
0 0.00807 0 4.5e-05 0 0.002975 3e-05 4e-05 0 0 0.00886 0 3.5e-05 0 0.01093 2.5e-05 0.000105 0 2.5e-05 0 5e-05 2e-05 4e-05 2.5e-05 0.01124 1e-05 0.01066 6.5e-05 0 0 2.5e-05 2.5e-05 3e-05 0 3e-05 3e-05 4e-05 4e-05 1.5e-05 5e-05 0 2.5e-05 0 0.010135 5e-05 0 0 4.5e-05 0 0 5e-06 4e-05 0.01109 0.00105 0 3e-05 0.01087 4e-05 0.01119 4.5e-05 0.00417 5e-05 0 3e-05 4e-05 4.5e-05 0 4e-05 0 2.5e-05 0.000475 0.01053 8e-05 0 5e-06 0 0 3e-05 2e-05 7e-05 4e-05 0 0 2.5e-05 3.5e-05 4.5e-05 0 6e-05 4e-05 0.006725 0 0.00015 3.5e-05 1.5e-05 0.00055 0 0 0 2.5e-05 3.5e-05
