3e-05 0.004935 0.004775 1.5e-05 1e-05 0 0.000225 0 4e-05 3e-05 0.00488 0.00459 0.004765 0.001205 0 0 0.004705 0.004955 0 5e-06 3.5e-05 3.5e-05 0 0.00027 0 0.002125 0 0 4.5e-05 2.5e-05 0.00129 0 0.004015 3.5e-05 0.00486 8.5e-05 0.00018 0.00377 0 0.00486 0 0.004655 0 0.00015 0.004815 1e-05 6e-05 0 0.004675 0.004695 2e-05 0 0.004615 0.004785 3e-05 0 0.00471 0.00278 2e-05 0.00459 0 0 0.00012 4.5e-05 5.5e-05 0.00457 0.00441 4.5e-05 0.00481 0 0.00479 3e-05 0.00053 0 0.00451 6.5e-05 0.00496 0 0 0.00475 4.5e-05 0 0 0.00025 5.5e-05 4e-05 0 5.5e-05 0.00467 3.5e-05 0 0 0.004715 0.001035 0.00497 0 0 0 4e-05 5e-05
0 0.00459 0 0 4.5e-05 0 0.004545 0.004555 0 1.5e-05 0.00445 3e-05 0 0 0 0 0.00469 0.004835 3.5e-05 0.00308 0 0 0.004855 0.00022 0 0.00483 0 0.00448 0.00464 0.000425 0.00013 0.00488 3e-05 3.5e-05 0.004905 0.00168 0.00457 0 0 0 0 0 0 0.004265 0.00237 7.5e-05 5.5e-05 0 0.004775 0 3.5e-05 0 0.00019 0.00446 0 0.00484 1.5e-05 0 5e-05 7e-05 0.00465 3e-05 1e-05 0.00058 2.5e-05 0.004545 2.5e-05 4.5e-05 2.5e-05 0.001075 0 0.004855 0.000135 0 0 6e-05 0.000285 0.00066 0 0.004865 2e-05 0.00474 0.003265 7e-05 4e-05 3e-05 0.00019 4e-05 1.5e-05 0 0.00346 0 0.00483 0.00488 8.5e-05 0.00474 0.00063 0 2.5e-05 0.00139
0.00463 0 0 4e-05 0 0 1.5e-05 0.00141 0.004835 4e-05 0.002525 0.00273 0.00433 0.0005 0.000555 0.004795 0.00474 0.0049 0 3.5e-05 0 0 1e-05 0.004705 3e-05 0 0 0.000235 0 2e-05 0 2e-05 0.0001 0 0.00036 0 0 0 0.005 0.004655 3e-05 0.00461 2.5e-05 0 0.000405 1e-05 0.00185 0.004985 1e-05 0 0.00442 0.004695 3.5e-05 0.004965 4.5e-05 0 0 2.5e-05 0.00061 0.00347 0 0.004505 0.00494 0.004285 0.00427 0.00072 3.5e-05 4.5e-05 0 0.00429 0 0 0.004895 0 0 5e-05 2.5e-05 0.000145 0 0.00103 0.000715 0 4.5e-05 0 0.004785 7.5e-05 0 0.004825 0 2.5e-05 2.5e-05 4e-05 0.004775 0.0048 0 0 0 0 0 2e-05
4e-05 4.5e-05 0.000805 3.5e-05 0.004695 0.00192 0 0 0 0 1e-05 0.004435 0 0.004945 0.004665 0 0.00458 0 0 0.004785 0 2.5e-05 5.5e-05 4e-05 0 0 0.004925 0.00476 5e-05 0 3.5e-05 5e-05 0 0.004835 0.00023 1.5e-05 0 0.000275 0 0.003655 0.00439 3.5e-05 0 0 0 0 3.5e-05 0.005085 0 0.004385 0.00304 0 0 0 0.004645 0 2.5e-05 0 5.5e-05 4.5e-05 0.000245 2.5e-05 2e-05 0.00486 0.001365 0.004765 0 0 0.00249 0 0.001655 0.004815 0.004785 2e-05 0.004695 0.0047 0.00473 0.000525 0 0 0 2.5e-05 4e-05 4.5e-05 2.5e-05 1.5e-05 4.5e-05 0.00463 3e-05 6.5e-05 3e-05 0.004925 0 0.004455 0.00471 0.000635 0.0003 0.00202 6e-05 5e-05
0 0.00045 0.00485 0 3e-05 0.00246 7e-05 0 0 2e-05 0 0.004665 0 0 5e-05 5e-06 0.004585 0.0012 1e-05 5e-05 3e-05 0.00153 0.002425 4e-05 0 0 0.004405 0 0.001065 1e-05 0.004515 0.004755 4e-05 0.00467 6.5e-05 0 2e-05 0 0.00013 0.00119 0 0.005005 2e-05 2e-05 0 0.003915 4.5e-05 3.5e-05 0 5.5e-05 0 0.0048 0 0.00501 0 0.00462 0 0.000425 0.004655 0.00052 0 5e-05 0.00451 0.00042 0 0.004965 0.005195 0.00022 0 0.004725 3.5e-05 0 4.5e-05 2.5e-05 0.003935 0.00484 0.004665 1e-05 3.5e-05 0 4e-05 0 0.004955 0 0 1e-05 0.004335 0.00188 0 0.0008 0 2e-05 0 0.004855 0.00489 0.004735 0 0.00495 0 0.00497
0 1.5e-05 0 0.005045 3.5e-05 0.004755 0.00465 8.5e-05 0 0 3e-05 3.5e-05 0 3.5e-05 0 3.5e-05 0.0007 0.000525 0.00449 4.5e-05 0.00035 6.5e-05 0 0.00011 0.00166 0.001185 0 2e-05 4e-05 2e-05 0.000315 1e-05 0 0 0 0.0049 0 0.004795 0 0 7e-05 1e-05 0.004955 0 0.00445 0.00461 0.004895 3e-05 0.00105 2.5e-05 0 0.00472 0.00466 0.004765 0.00482 0 3e-05 0 1e-05 0.00193 0 0 7e-05 0 4e-05 0 0.004665 0.00358 0 0.00503 0 0.004775 3e-05 0 0 0.001765 0.00019 4e-05 0.00507 0 0 3e-05 0 0.000255 0.004625 0.002795 0.002035 5e-06 0 0.004715 5e-06 0.00472 3e-05 0 0.00494 0.004285 2.5e-05 0 0.00257 0.004335
0.000675 0 0 0 3e-05 0.004625 0.00477 0.00012 0.004715 0 2e-05 0.00138 0.00011 0.004935 3e-05 0.004785 0 0.0048 0 3.5e-05 3.5e-05 0 0.00465 0.00487 3.5e-05 0 0.004215 0.00236 0 1e-05 0.000805 0.00473 8.5e-05 0.00487 2e-05 0.00028 0.000405 1.5e-05 7.5e-05 0 1e-05 0 0 0 0 0.00458 0.00033 0.00455 0.00467 0 5.5e-05 0.00397 0.0034 0.00126 0 2.5e-05 0 0 0.00453 0.000355 0.00497 0.004815 0 0.00455 0.004685 0.00038 0 0.004935 0.004975 0 2.5e-05 5e-05 2.5e-05 0 0.004635 0 0 4e-05 0 0.00018 0 0.004465 0 4e-05 6.5e-05 0 3e-05 0.004665 0.003855 0 0.00461 3.5e-05 0 0.000655 0 5.5e-05 0 3e-05 0 4e-05
0.001655 0.00465 0 0.00457 1e-05 0.00036 2e-05 5.5e-05 0.002425 9e-05 6e-05 4.5e-05 0 0.00487 0 0.004845 3.5e-05 3e-05 0.002515 0.00481 0 0.004605 0.004485 0.004475 0.000335 0.005045 0.00452 0.0049 0 6e-05 7.5e-05 0.00083 3.5e-05 0 0 0 0.00435 0 0.00252 0.00018 0 0 0.00104 0 0.00023 0 0 0.00491 0 0.00463 0 8.5e-05 0.004835 4e-05 0 1e-05 0.004595 0.004815 2e-05 2.5e-05 0 0.001965 0.003225 0.004865 2e-05 0.00476 0 0.00114 1e-05 0.00442 0.00483 0 0 0 0 0 0.00063 0 5e-05 0 0 0 4e-05 0 6e-05 1e-05 0.000535 0.004585 0.004935 0 4.5e-05 0 0 3.5e-05 0 1e-05 6e-05 0 0.00435 3e-05
4e-05 0 0 0 0.00029 0 0 0.0002 0.00469 3e-05 3.5e-05 0 0.000465 2.5e-05 0.0001 0.004585 0.004635 4e-05 0 0.005005 0.004905 0 3.5e-05 0 1.5e-05 1e-05 4e-05 0.000185 1.5e-05 0.00475 0.003315 5e-05 2e-05 6e-05 0.00498 0.000155 5.5e-05 2.5e-05 0.004855 0 0 0.00485 1.5e-05 0 0.004415 0 1e-05 0.0013 0 3.5e-05 0 0.00033 0 0.000185 0.00208 0.00466 0 0 0.000195 0.00422 0 0 0 0 0 0 0 4.5e-05 0.004695 0 0 0 0.001625 2e-05 2e-05 0.00424 0.00472 0.004775 0 0.00091 0.001365 0 0.00451 0.00456 2.5e-05 0 0.00285 0.004635 5e-05 4.5e-05 0 0 0.00481 0.00436 0.000595 0.00428 0.002245 0.00031 0.00433 0.00477
0.004935 0.00505 0.004765 0.00063 0.004965 0 0.0014 2.5e-05 2.5e-05 5e-05 0.004705 0.00467 0.0049 0 0 0.00497 0.00469 9.5e-05 0.00402 0.00356 0 4e-05 0.00029 0 5e-06 0 0.00107 1.5e-05 0.004905 0 0.002315 0 0.00475 0 0 3.5e-05 0 0 0 0 1.5e-05 0 0 0.0046 0.001155 5.5e-05 4e-05 0 0.004805 0 0 0.004475 5e-05 0.004865 4.5e-05 0.004625 0.004855 9.5e-05 0 0.004625 0.0049 0.00025 0.00314 3.5e-05 0 3e-05 0.000355 0 0.00475 0.0001 0.00464 0 0.00459 4.5e-05 0 0.004805 2.5e-05 6e-05 0 0 0 0 0 2.5e-05 5.5e-05 0 0.005025 0.00367 2e-05 4.5e-05 0.004535 4e-05 0 4e-05 1.5e-05 0 0 0.004755 0.00187 0
4.5e-05 2.5e-05 0.000525 1e-05 0 0 0.0049 5e-05 3e-05 0.00487 0.00035 0.00488 0.00478 0.00434 0 0 0.0001 0.000205 7.5e-05 0 0.004585 0.001975 0 0.004895 0 0 5e-06 2.5e-05 0.004855 0 0 3e-05 0.00475 5e-05 0.004675 0.00456 0.000555 0.00442 3.5e-05 3.5e-05 0.004885 0 6e-05 0 0 0.0006 1e-05 0.00338 0.00311 0 0 0.004995 0.004585 2.5e-05 0 0 5.5e-05 3e-05 0.00159 0.0003 0 2.5e-05 0 0.005115 0 0 0.000775 0 0 8.5e-05 0.00439 1e-05 0.00019 0 0.00478 0.00475 0 0 0 0 0.004365 1e-05 1.5e-05 0 2.5e-05 2e-05 0.00093 0.00485 0.003035 3.5e-05 3.5e-05 0 0.00483 0.004695 0 2.5e-05 0 0 0.00421 0.00144
0 0 2.5e-05 3.5e-05 0 2e-05 3.5e-05 0 0.004555 0.004765 0.004865 4e-05 0 0.004535 0.000315 0 0.004685 0.00487 0 0.00051 0 0 2e-05 0 2.5e-05 3.5e-05 0 0.000745 0.00066 0 0.004535 0.00071 0.000155 0 0.004595 0.00472 0 0 0.004865 0.000885 0 0 0 1.5e-05 0.00017 0.004505 0.00253 3.5e-05 0 0.002355 0.004075 0.001245 3e-05 4e-05 0.00457 0.00016 0.004525 0.004285 0.004555 0 4e-05 0 1e-05 5.5e-05 0.000205 0 0 3e-05 0 0 0 0.0037 0.00272 7e-05 0 0.004735 6.5e-05 0.004825 0 0 0 1.5e-05 0.00512 0.0044 0 0 0 0.004645 2e-05 3.5e-05 6e-05 0.000755 0 0 0.004045 3.5e-05 0.00459 0.0032 0.004775 0.000155
0.001585 0 0.003965 4.5e-05 0.000655 0 0 0 0.004935 3.5e-05 0.000125 0 3.5e-05 0.00474 0 2.5e-05 0.00478 0 0 0.004555 0.00269 0 0.00482 0 0.0046 0.00082 0.00474 2e-05 5e-06 3e-05 0.00073 0.004755 0 2.5e-05 0 0 2e-05 0 0.00163 0.003825 3e-05 0 3e-05 0.00047 0 0.0048 0.00479 0.000155 4e-05 0.004915 0.003865 0.00026 0 4.5e-05 0.004565 0 0.00516 2e-05 4.5e-05 0 0 2.5e-05 5e-05 4.5e-05 1.5e-05 2.5e-05 0 3.5e-05 0.00489 3.5e-05 1.5e-05 0 0 0 5e-05 0 0 0.00037 0 3e-05 0.005 0 0.004545 0 0.00288 0.00039 0 0.0004 0.00466 0 5.5e-05 0.001365 0.000225 0.004665 0 0 0.00441 3e-05 0.004705 0
0 0.000825 0.004905 0 0.004875 0 0.00424 0 3e-05 2e-05 0.00028 0.0001 0 0 0.00478 0.00448 0.00479 0 0.0001 0 0.005 0 0.00482 0 3e-05 0 4.5e-05 0.000145 0.00134 1.5e-05 9e-05 0 0 0.004365 1.5e-05 2.5e-05 0 0.00464 0 0.000855 0.00011 0 6.5e-05 6e-05 0.002345 0.001645 0 0.004515 0.004965 0.00018 0 0.00086 0.000165 0.00513 0.003935 0.001435 0 0.000105 0 0.000215 0 2.5e-05 0 0 0 0 2.5e-05 0 0.00477 0 0.00467 0 2e-05 0.000305 3.5e-05 0 3.5e-05 0.003065 0 0.004835 0 0.004885 0.004465 0.00437 2.5e-05 0.00421 0.000815 0.004655 0 0.00467 0.00445 4e-05 0.004975 0.001755 0 0 0.004105 2.5e-05 0.004875 0.00455
0 0.004945 4e-05 0.004735 0 0 0 0.002715 4.5e-05 0 3.5e-05 0 0.004795 0.00018 0 3.5e-05 0 0.00476 2.5e-05 0 2.5e-05 0.004585 0 5e-05 1.5e-05 4e-05 0 5e-06 0 0 0 0.004905 0 0.00484 0.00466 0 0.00466 0.00141 0.00441 0.004665 0.004715 0.000155 0.00023 0 0.002565 0.004715 0 0.004665 0.003625 0 0 0.004735 3e-05 0 0.0047 0 2e-05 0.000205 2e-05 0.005305 0 0 0.00485 0.004955 0.00464 0.004555 0 0 0.000765 0 0.004795 0.00165 0.000225 0 0.000575 0.003605 0.00463 0 0 1.5e-05 0 0 2e-05 0.002005 0 6e-05 0.004615 0.00128 0 2.5e-05 0.00495 0.00047 6e-05 0.00426 4.5e-05 5e-05 0.00475 3e-05 0 3e-05
5.5e-05 0 2e-05 0 0 0 6e-05 2.5e-05 0.004625 0 0 0 5e-05 0.003625 3.5e-05 0.00059 3e-05 0 0.004965 0.0048 0 2e-05 0 0.00461 4e-05 0.00468 0 5.5e-05 0 3.5e-05 0.00495 7.5e-05 0.003915 0.00173 0.00096 0.002315 0 0 0 0 4e-05 0 0.000755 0.004955 0.005115 0.00476 0.004805 3.5e-05 0 0.004615 0 0.00482 0.00473 0.00092 0.00018 0 0.00212 0.004825 0.004925 0.001605 0 0.000175 0 0 2e-05 0.00409 1.5e-05 3.5e-05 0 0 0 0.004675 0.004805 0.00037 1.5e-05 0.004735 5.5e-05 0.004885 0 0 2.5e-05 0.0046 0.004525 1.5e-05 0.00514 0.00217 2.5e-05 0.00493 9e-05 3.5e-05 0 0.004735 0.00481 0 0 0 0.00415 0 0.00474 0
4.5e-05 8.5e-05 0.00195 0 2.5e-05 4e-05 0.004735 2.5e-05 0.0046 0.004725 0.004855 5e-06 0 0.004625 0 0.003025 0.00446 0.000255 0 4e-05 0 7e-05 0.001785 0 0.0047 0.001395 0.00025 3.5e-05 0.00476 0.00053 3.5e-05 3.5e-05 0 0.00104 0.00465 2.5e-05 0.00386 0 0 0 0 2.5e-05 0 2.5e-05 3e-05 3.5e-05 0 0.004725 0 3.5e-05 0.004575 0.004715 0.00391 0.004555 0 2e-05 1e-05 6e-05 0 0.00467 3e-05 0 0.000845 0 0.00506 0.00473 0 0.00432 0 3e-05 0.00015 2e-05 4e-05 4e-05 0.00039 0.004795 4e-05 7e-05 4e-05 0 9.5e-05 2e-05 0 0 0.004645 0 0.00193 0 0 0.004755 0.002315 0.000305 0.000155 0 0 0.005035 0 3e-05 0 0.00421
0.004755 0.00012 3.5e-05 0 4e-05 3e-05 1.5e-05 0.003625 0.004955 3e-05 0 4.5e-05 0.00475 0.004545 0 2e-05 0.000155 0 0 1.5e-05 3e-05 0 0.00508 4e-05 0.00459 0.003835 0 0.004865 0.004765 2.5e-05 0 0.00433 0.00043 0 4e-05 0 2.5e-05 0.004715 4e-05 2e-05 4e-05 0 0 0 0 3e-05 0 0.004385 0 0 0.00464 0.004805 0.004825 0.002215 0 0.004975 0 0 0.00019 0 3e-05 0.00477 1e-05 0.00447 4e-05 0.001605 0 0.0004 0 2e-05 0.00077 0 0 0 0 0 1.5e-05 0 0.00475 0.00194 4e-05 0.004995 0 0 2e-05 0.00494 6e-05 2e-05 0 3.5e-05 0.004975 0 4e-05 0.000335 2.5e-05 4e-05 0 0 0.00426 0
0 0 6e-05 0.00488 0.000235 0.00019 0.001105 0.005025 0.00428 3.5e-05 0 0.004425 0 0 0.00488 0 0 0 0 0.00052 0.0039 3e-05 0.000135 0 0.00478 0 0.001155 0.00018 0.004405 0.004765 0.004675 0.004555 1e-05 0.00483 0 3.5e-05 0 0 0.000155 0.004655 6e-05 0.00469 0.004555 0.002355 4e-05 2.5e-05 0.00074 3.5e-05 0 0.001695 4e-05 2.5e-05 1.5e-05 1e-05 0 3.5e-05 4.5e-05 0.002875 5e-05 0 0.00428 4e-05 0.000215 4.5e-05 0.00022 0 0 0.00241 3e-05 0 0 5e-05 0.00344 4.5e-05 0 2e-05 0 3.5e-05 0 0 0 0.0049 0 0 5.5e-05 0 0 0 0.00477 3.5e-05 0.004535 0.00071 0 0 3e-05 2.5e-05 0 0 4e-05 0.004885
0.004495 0.001125 0 0 0 0.0001 0.003865 0 0 4.5e-05 0.004735 0 3.5e-05 0 0 3e-05 0.00138 0.004515 1.5e-05 0.00482 0.004765 0.002575 0 4e-05 0.003355 0 0.000515 0 0.004645 0.001735 0.00478 5.5e-05 3e-05 0.004565 0 0.005045 0 3.5e-05 0 2e-05 0.004645 0.0047 3e-05 3.5e-05 6.5e-05 0 7e-05 0.00502 0.0042 0.004665 0.000705 0 0.004785 0.002085 0 0 0 0 0.004455 0 0 3.5e-05 0.000395 0 0.00019 0.00467 0.004565 0 0.00088 0.005125 2e-05 9.5e-05 0 2.5e-05 0.00487 0.00459 0.00477 3e-05 0 0.004895 0.00411 4.5e-05 2e-05 0.00028 0.00013 0 0.00469 0 0 5e-05 4e-05 0 0 0 0 0.00445 0.004605 0 2e-05 2.5e-05
0 4e-05 0 0 0 0 0.000105 0.00459 0.000495 3e-05 0.00261 4.5e-05 0 0.004995 7.5e-05 3e-05 0.004855 0 0.00134 0.00473 0.003825 0 0.00105 0.004945 0 0.004675 0.002245 0.00506 0.00473 0 5e-06 0 0.004715 0 0 2.5e-05 0 0.00483 2e-05 2.5e-05 7.5e-05 0.004595 0 0 0.0006 0 0.00043 4e-05 2.5e-05 0.00435 3.5e-05 0.004665 0 0 0.001705 0.00344 2e-05 0 0 1.5e-05 0 0.004915 9.5e-05 0.00507 0.00013 0 0.004875 3.5e-05 0.00475 4.5e-05 1.5e-05 3.5e-05 4.5e-05 0.004635 5.5e-05 3.5e-05 0 3e-05 0 0 0.0048 0.004955 1.5e-05 0.00497 0.00484 0 0 0 0 3.5e-05 0.00019 0 5e-06 0.00453 7.5e-05 0.002445 0 0 0.004715 0.00018
5e-05 0.00043 0 1.5e-05 0.001675 0 0 4e-05 5e-05 0.004765 0.000355 0.004695 0.00452 0 4e-05 0 0 0 0.00481 0 0 0 2e-05 2.5e-05 4e-05 0.00172 0.004815 0.00471 0.004785 0 5e-05 0.004875 0.00482 0.00494 0.00216 3.5e-05 0.004985 0.00015 0 5e-05 0.004655 0 0.00078 0.005 0.00457 0.004525 5.5e-05 0.000455 0.004735 0.00444 0.004635 0 0 0 0 0.000225 2.5e-05 0 0 0 0 0.004835 0.004535 2e-05 0.004625 1.5e-05 0 0.0012 0.000975 0 2.5e-05 0.00455 0 0 0 0 0.00011 3.5e-05 0 0 0.00463 4e-05 3.5e-05 0.00254 0 0.000195 0 4e-05 0.0001 3.5e-05 0 0 0.00064 0.004655 0.002675 0.003685 0.004885 5e-05 2.5e-05 5e-05
0.0047 0.00476 0 0.004455 3e-05 0 0.00482 0 0 0.004915 1.5e-05 2.5e-05 0.004725 2.5e-05 0.000165 0 0.004605 0.00215 0.00451 0.0045 0 0 0 0 0 2.5e-05 0.004175 0.00026 2e-05 0 5e-05 0.004655 0.00461 0 2e-05 0.002265 1e-05 4e-05 0 3.5e-05 0 0 0 0.004625 0 2e-05 0 0.00461 0.00503 0.003465 0.004745 1e-05 0.000135 3e-05 0 0.00468 0 2.5e-05 0.004435 0 0.005115 0 0 0.00474 9.5e-05 0 0.000365 0.00488 4.5e-05 9.5e-05 0.00489 0.00479 0.00492 0 0.004555 0.000205 0.004855 0.00497 0.005125 0 5e-05 0.004615 0.001965 0.001185 2.5e-05 0.005015 0 0 0.000515 0 0.001095 0 3e-05 0.00363 0.00464 0.00444 0.002485 0 0 0
0.004535 0.000145 0 0 3e-05 0 0 0 1.5e-05 0.00368 0.002165 0.000905 0.00495 0 0 0 3e-05 3e-05 0 0.00455 0.00484 0 0.004915 0 0 0.00452 2e-05 0.004805 5.5e-05 0.00453 3e-05 4.5e-05 0.002985 0.00491 0.002155 0 0 4e-05 0.000185 0.005015 0.003875 0.002635 2e-05 0.00372 0.00432 0.00488 0.00488 0 0 0 0.004255 0.000125 0.004715 1.5e-05 0 0 0.004815 4.5e-05 3.5e-05 4e-05 3e-05 8e-05 0 0.000285 0 0.00473 0.00527 6e-05 4e-05 0 0 0.00458 0.00495 0.004765 0.000975 0 5e-05 0 0.001725 0.00456 0.00086 0.004695 0 0.00461 0.00061 4.5e-05 4e-05 0 0.000785 0 0.004385 0 2.5e-05 0.004695 0 0 4.5e-05 0.00493 1.5e-05 0
2.5e-05 0 2.5e-05 0.004695 0 0 0.00472 0.004795 9.5e-05 0 0.00491 0.000115 0 0.004345 0.000135 0 0 0 0.000105 0 0.005185 3.5e-05 0.001635 1.5e-05 0 0 0 7e-05 0.00439 0.00439 0 0 0 0.004255 0 0 0.00488 0 0 0 2.5e-05 0 3e-05 0.0024 0.00394 0.004735 0.000235 0 0.0048 0.004895 0 0 0.00487 0.00144 0.004605 0.00056 1.5e-05 1.5e-05 0.00489 4e-05 0.00474 4e-05 0 3e-05 0.000725 0.00487 0.004575 0.0049 0 3e-05 0 0.00479 0.004745 5.5e-05 0.004675 0.00265 0.00487 0 0.004755 0.00479 2e-05 0.005015 0 0.00016 3e-05 0 4.5e-05 0.00335 0.00475 0 0 4e-05 5e-05 0.00488 0 0 3.5e-05 0 5e-05 0.00026
0.0001 4e-05 0 0 0.004805 0.00471 4.5e-05 3.5e-05 3.5e-05 0 0 0 0.004705 0.001475 2e-05 3.5e-05 0.000385 0.004395 0.000255 0.00054 0 0.004645 0.001345 0.0031 0 0 0.004475 0 4e-05 4.5e-05 0 0.00097 0.00481 1e-05 0 0 0 0.002135 0 0 3.5e-05 0.003335 0 0 0.00201 0.00488 0 1.5e-05 0 3e-05 0 0 0.00475 0.00036 1.5e-05 0.004605 0 0 1e-05 0.005055 0 4e-05 0 2.5e-05 0 8e-05 0 0 0 3.5e-05 4e-05 0.00452 0.004855 5e-05 0 0.00475 0 0.00494 0 0.004815 2.5e-05 0 0.00456 0.004955 0 0 0 0.004885 4.5e-05 0 0 0.00014 2.5e-05 0.00487 0.00514 0.003935 0 0.000475 0.004485 2.5e-05
0 0 0.00463 0.004815 8.5e-05 5e-06 8e-05 0.004575 0 0 1.5e-05 0.004615 0 0 0.004775 5.5e-05 0 0.0044 0 0.00478 2.5e-05 0 0.00445 5e-05 2.5e-05 2.5e-05 0.00048 0 0.001505 0.004185 0.004655 0.004465 2.5e-05 0 0.004845 0.00505 6.5e-05 0 0 0.00463 0 3e-05 5e-05 3.5e-05 0.004505 0 0.00452 0.003825 0.00108 0.00244 0.00162 0.00064 0 0 0.00063 1e-05 0.004575 3e-05 0 0 0 0 0.004795 0 0.00245 0 0 3.5e-05 0.00128 0 0.004605 7.5e-05 0 0 2.5e-05 0.00032 0.00509 0 0 0.00479 0.0005 0.00502 0.00049 0 0.00468 0 0 0.00305 1e-05 0 4e-05 0.00501 0.005005 0.000135 5e-05 0 0 0.00465 0.004575 0
0.004785 6e-05 0.00457 6e-05 4.5e-05 0.00481 0.004915 0 0 0.00182 0.000265 0 0 0.001175 0.0047 0 0 0.0047 7.5e-05 0.004605 0 2e-05 0 0 5.5e-05 0.004665 0 0.00335 2.5e-05 0 0.00471 0.00036 0 0.003945 0 0.004405 5.5e-05 4e-05 1.5e-05 0.000995 0.004955 0 0.00472 0.00168 3e-05 0 3e-05 0 0 0.005095 0 0.004975 0.000285 0 0.002655 0 0 1.5e-05 0 0 3.5e-05 0 0.004965 0 4.5e-05 0 0.004925 0 0.00463 3.5e-05 0 0 0.00465 0.004835 2e-05 0 0.0036 4e-05 0 3e-05 0.004635 0.004295 0.00064 0 0 0.003465 0.00464 0.000845 4e-05 0.000295 0.004575 5.5e-05 0 0.000245 0.000445 4.5e-05 2.5e-05 0 0 0.004535
0 6e-05 2e-05 0 2.5e-05 5e-05 0.00011 0.00333 2.5e-05 5e-05 0 2.5e-05 0.004675 0.000355 0 0 0.00126 0.004885 0.004905 0 3e-05 0 0.0046 0 0.0002 3.5e-05 0.004815 0 0 0.00499 8.5e-05 4e-05 0 0.004935 0.00467 0 3.5e-05 0 0 0 4e-05 2e-05 0.0008 0 4.5e-05 3.5e-05 0.002045 0.004775 0.004445 5e-05 0.00477 0.00483 2.5e-05 0.000295 0.005065 3e-05 0.004615 0.004735 0.00489 0 2.5e-05 3e-05 0.004605 0 4.5e-05 4e-05 0 0.000155 0.004735 0 0.005065 0.00396 0 4.5e-05 0.000835 6.5e-05 1.5e-05 0 3e-05 0.00477 0 0.003615 4.5e-05 0 0 0 0 0.00471 0.004465 0 0.004355 0.004065 6.5e-05 6.5e-05 0 0 0.00477 0 0 0.00112
0.00479 3.5e-05 0.004825 6e-05 0.00163 0.00473 0 0.00453 0.00476 0 0 0 0.004385 4e-05 0 0.000915 0.004965 3e-05 0 0 0.00476 1.5e-05 0 2e-05 3.5e-05 0 0.005015 0.000505 0 0.004875 4e-05 0.004805 0.004315 0 0.00467 0.00455 0.00472 0 0.00473 0 0.000325 0.00015 0 0.000665 0.000855 0 3e-05 0.001495 0.004445 0 0 3e-05 0 1e-05 0.00454 0 0.00319 6e-05 0 1.5e-05 0 0.004735 5.5e-05 0 0 0.00467 0 0.000335 4.5e-05 3e-05 0 0.00458 0.0001 0.004315 0 0.004395 0 0.00113 0.004885 9.5e-05 0.002225 0.004695 0 0 0.00199 1e-05 0 0.00471 0 3.5e-05 0.00462 0 0.004605 3e-05 0.004655 0.000325 0 5e-05 0.0001 0
0.00056 0 6.5e-05 0 0 0.005005 0 0 0 0 0.00184 0 0.004645 2.5e-05 0.004895 0.00484 4.5e-05 0 0 0.00462 0.001175 0 5e-05 0 5e-05 0 0 0 0.004835 0.005035 3e-05 4e-05 0.00218 0.00462 0 0.00474 0 2e-05 4e-05 2e-05 6e-05 4.5e-05 0 0 0.00043 0 0.004995 0.00456 0 0.005075 0.000525 0 3e-05 0 3.5e-05 0.004385 0 0.0004 0.004715 0 0.00478 0 0 0.004335 2e-05 4.5e-05 3e-05 0.000125 0.00435 0.001295 0.004685 0.005245 0 1e-05 0.000265 0.00394 0 0 0.004875 0.000185 1.5e-05 2.5e-05 0.002625 0.00494 0.00486 3e-05 6e-05 2.5e-05 0.000235 0.00021 4e-05 2.5e-05 0 2.5e-05 3e-05 6e-05 0 5.5e-05 0 3e-05
0 0.004565 6e-05 0.002755 0 0 2.5e-05 0.004795 0 0.00077 3e-05 0 0.00486 0.000315 0 0 0.00016 0.002885 0.000865 0 0 0 0 0.00472 0 0.00463 0.004925 0.00442 0.000295 0.004585 0.000605 0 0 0 2.5e-05 3e-05 0.004105 0.004045 2e-05 4e-05 0 0.004655 0.00022 0 2e-05 0.00468 0.00511 0.00467 0 0 0.00491 4.5e-05 0 4e-05 0.004635 0.004915 0 0.00486 0 0.000135 0 0 0.000755 0.004865 5e-05 7.5e-05 4e-05 5e-06 0.001815 0 0.00258 4.5e-05 0.00048 0 0.00463 0 0 0 0.005045 0.00121 0.00479 0 1.5e-05 4e-05 6e-05 0.00021 0.00487 0.004665 5e-06 0 5e-06 0 0 0.00413 0.00468 4e-05 0 5.5e-05 0 0.004785
4e-05 0 5e-05 0.000635 0 0.0027 0.00253 0.00441 5e-05 0.00488 0.005 3e-05 0 0.004525 0 0.004555 0 0 0 0 0.004745 2.5e-05 0.004705 0 0.00022 0 0 0 0.004515 0.000645 4e-05 0 4e-05 0.0051 0.00397 3e-05 0.004535 1.5e-05 0.00016 9.5e-05 2.5e-05 0 3.5e-05 0.004735 0.004935 0.00014 0 0 1.5e-05 0.00433 0 0 0.000115 0.00117 0.002605 0 2.5e-05 0.004705 4e-05 4.5e-05 0.000715 0.00137 0 5e-05 0.004735 0 0 0.00461 0 0.0043 0.00463 6.5e-05 0 0.00029 0 0 0.00457 0 0.0045 0 0 0.00485 5.5e-05 2e-05 2e-05 0.00458 0 3e-05 3e-05 0.00453 0 4.5e-05 0.00137 0.00181 0.00481 2.5e-05 0 0.004735 0 1.5e-05
0 0 0 0 0.001745 5e-05 9e-05 0.00474 0.00022 0.002845 0.0049 0 0 4e-05 0.004895 3.5e-05 0.000485 0.004455 0.0016 0 7e-05 0.00178 0 0.004475 0.004775 0 0 0.00043 1.5e-05 3e-05 0.004645 7.5e-05 0.005015 0 0.002635 0.004665 3e-05 0 3.5e-05 3e-05 0 0 0.004535 0.00019 0 0 0 0 3e-05 0.00486 3e-05 0.0049 0 0.004685 2e-05 0.0019 3e-05 0.000365 4e-05 0.00469 2e-05 0 5e-06 0.00014 0 0 0.00024 0.00223 0.00477 4e-05 0 0 0.005 0 0.004585 0.0001 2e-05 0 0.004855 0.00014 0 0.00476 0 0.00464 0.004815 2.5e-05 0.00094 0 0 0 9.5e-05 0 3.5e-05 1e-05 1e-05 4.5e-05 2e-05 0 0.00465 0.004535
0.004915 0 1.5e-05 0 0.000425 0.004835 0.004415 0.00039 3e-05 0.00035 0.0033 0 2e-05 3e-05 0 0.004785 0.004855 0.00035 0.00488 0 2.5e-05 4.5e-05 0 0.00469 4e-05 3e-05 4.5e-05 0 0 2e-05 0.004445 1.5e-05 0 0 0.00425 0 5.5e-05 5e-06 0.005005 1.5e-05 0 0.004635 0.00442 0 0.000865 0 0.00476 1.5e-05 0.00468 0 0 0.001005 0 0.00491 0 5e-05 2e-05 0.002305 0 0.00509 0 0 0 0 0 0 0.00011 1.5e-05 0.00303 0 0.004635 0.001745 7e-05 5e-05 0 1e-05 3.5e-05 0.00481 0.00029 0 0.00473 0.004505 0.00502 0 0 0 0.00478 0.00417 0.00021 0 3e-05 0.004895 3.5e-05 0 0.00466 0.004035 1e-05 0 0.002105 0.004165
0 0.00445 0.004565 2.5e-05 0.000545 4e-05 0 0.003715 0.00477 0 0 0 2.5e-05 1e-05 0 0.003075 0 0.000325 0 1.5e-05 0.00143 0 0 0.00399 0 0.004835 0.00448 0.004595 3.5e-05 0 0.004805 0 0.005015 0.00433 0.004585 0.00494 0.004475 4.5e-05 0 5e-05 0 0.001895 0.000375 0.00467 4e-05 0 0.003825 0.00501 0.00481 0 7e-05 0.00062 0.000895 0.000125 0.000475 9e-05 0 0 8e-05 0 0 4.5e-05 0.00484 0 0 5.5e-05 5.5e-05 0.00015 3.5e-05 0 0.005065 0.00466 5e-05 0.00011 2e-05 5.5e-05 4e-05 0.00476 0 0.00497 0.004905 0 0.00449 0.0048 5.5e-05 0.004235 0 0.000345 0 0.001045 0.004525 0 4.5e-05 0 0 0 0 1.5e-05 2e-05 0.00061
0.00185 5e-06 0.004925 0.00473 0.004535 0 0.002895 0 1.5e-05 0 0 0.004635 0 0.005115 0.000135 0.004755 3e-05 3.5e-05 0 0 5.5e-05 0 0.003005 0.003725 0 0 0.0037 0 0.004655 2e-05 0.00478 0.005 0 0.00012 0.00044 3e-05 0 0.000115 0 0 1e-05 2e-05 0 2.5e-05 0 0.004685 0 0.002675 0.004735 0.00474 0 5.5e-05 0 0.000555 0 2.5e-05 5e-06 0 0.004965 0 0.004445 0.00492 0.005025 0 0.0006 0.00488 0.00178 5e-05 0 0 0 0.001535 2.5e-05 0 0.004265 0.004585 2.5e-05 0 6e-05 0.00485 0 7e-05 6e-05 5.5e-05 5e-05 3e-05 0.00489 0.00155 3.5e-05 0.004585 0.004385 0.000965 0 2.5e-05 0.00461 0 0 0 2.5e-05 0
0.00466 0 0.001785 0 0.00388 3.5e-05 0.000175 0.00456 0.00013 0 2e-05 3.5e-05 0.000855 2.5e-05 0 0 0.004755 3e-05 0 2.5e-05 0 0.004605 0.00297 2.5e-05 0 5.5e-05 0.00477 0.004045 0 4.5e-05 0.00061 0.000355 0 0 0 4.5e-05 0 0.004675 0 0.000135 0.000355 2.5e-05 4.5e-05 0 3.5e-05 0 3e-05 3.5e-05 2.5e-05 0.00473 0.00386 0.004765 2.5e-05 0 0 0 0.00187 0.00463 0 1.5e-05 0 0 3e-05 0 0 5e-05 0.00492 0 0.00438 3.5e-05 0 0 0 0 0 4e-05 0 0.00361 0.00441 0.004345 0 0 2.5e-05 0.00477 0.004625 0.00494 3.5e-05 0 0.004805 0 0.00491 2e-05 0.00464 0.001295 0.00509 0.004705 0.00453 3.5e-05 0.005015 0.00481
7e-05 0.00038 0 4e-05 0 5e-05 0 0.004735 0 0.004425 0.001595 0.0045 0.00497 0.004185 0 4e-05 0 0 0.004915 4e-05 1e-05 2e-05 2e-05 0 1.5e-05 0.004765 0 4.5e-05 3.5e-05 0 4e-05 0.00181 0 1.5e-05 0 0.004935 0.000985 2.5e-05 0.00495 0.00426 5e-05 0.00486 0.00033 0 0.000205 0 6e-05 0 0.004335 0 5e-05 0.00456 0.00442 0.00487 5e-06 0 0 0 0.004645 0 2.5e-05 0.0051 4.5e-05 2.5e-05 2.5e-05 0 0 0.000935 0 3e-05 4e-05 7e-05 0.004655 0.004585 0.004685 0.00208 4e-05 0 0 0.004635 0.00425 0 0.000345 0.004555 0.00025 2.5e-05 0.000155 0 0.004565 0 4e-05 0.000985 0.00056 0.00164 3.5e-05 0 0 0.003665 0 2e-05
0 2e-05 3.5e-05 2.5e-05 0 0.004875 0.000165 0 0.00073 0.000275 0.00474 0 0.004685 0.00514 0.002675 0 0 4e-05 0 0.001095 0 0.004855 0 4.5e-05 0.004165 9.5e-05 0 0.00019 0 0.004475 3e-05 0 3.5e-05 0.000835 0 5e-05 0.004985 0 5.5e-05 3e-05 0 0 2.5e-05 0.00358 0 0 4e-05 4.5e-05 0 0.00143 1e-05 0 5.5e-05 0 0 0.004605 0.004475 0 0 3.5e-05 0 0.00489 0.004215 0.00443 0 7e-05 0.000515 0.000655 2e-05 2e-05 0.004195 2.5e-05 0.005 0.005055 0.000265 3e-05 0.004865 0.004885 0 0.002335 0.004895 0 4.5e-05 0 0.0044 0.004785 0.000155 3e-05 1e-05 0.003 0 0 0.00467 0 0.00467 0 5e-06 1.5e-05 4e-05 0
0 0.004845 4e-05 0 0.003505 2e-05 0 0.0039 0 0 0.004765 0 2e-05 0 0 0.0002 0.000785 8.5e-05 0.002065 0 0.00445 0.000305 0.00487 1.5e-05 3e-05 0 6e-05 0.004285 0.004645 1.5e-05 0 3e-05 0.004655 0 0 0.00468 1e-05 0.00458 0 0 0.000985 0.004805 0.00482 0.00474 0 0.00019 0.00126 3e-05 0 0 0.004865 3e-05 0 0 0 0.00444 0.00458 3.5e-05 3e-05 0.005075 0 0.00068 3e-05 2e-05 0 0.00489 0.00432 1e-05 0.00141 0.00498 0.00489 1.5e-05 0 0 0 5.5e-05 0.00484 0.00523 0 0 0.004185 0.00472 0.003135 0 4.5e-05 0 0 0.00404 0.000135 0.004855 0.00048 0.00173 0.00501 0.002425 0 2e-05 0 0 0.004625 3e-05
0.004855 0.00029 0 0.00099 0 0.004555 0.004755 0.004795 0 0.00479 0.005285 5.5e-05 2e-05 3.5e-05 0.004855 0 3e-05 7.5e-05 0 0 0 0 0 0.003235 0.0046 0.00492 5e-05 0 8.5e-05 2e-05 0 0.004755 5.5e-05 6.5e-05 0 0.00447 0.004875 0.00077 0 0 0 3.5e-05 8e-05 6e-05 0.0013 4.5e-05 0 0.00403 0.00464 0.00474 0.004345 0.00463 6.5e-05 2.5e-05 5.5e-05 0.000575 0 2.5e-05 0.00476 0 0.00487 0.004575 0.0047 0 0.004665 4.5e-05 0 0 0 0.004815 0 0.00461 0.004655 0.0048 0.00043 0 0.000495 0 0 0 0 2.5e-05 0 2e-05 0 3.5e-05 0 0 0 0.00321 0.00462 0.00025 0.00487 0 0.00018 0 2e-05 0 0.004885 0.0043
0.000155 1.5e-05 0.000555 0 0.00478 5e-05 0.004295 0.00064 0 0.004515 0.004805 0 0.000285 3.5e-05 0 3.5e-05 0 0.00014 4e-05 0 0.00024 4e-05 0 0 0.004755 0 0.00471 0 4e-05 0.004965 8.5e-05 4e-05 0.004855 1.5e-05 0 2e-05 0.00067 0 0 0 0 2.5e-05 0.00474 0 0.004635 0 0 7e-05 0.00445 0 0.003015 0.00475 0 0.004665 0.00017 0 0.004685 0.004765 0.004525 0.00141 4.5e-05 4e-05 2e-05 2.5e-05 0 2.5e-05 0 0.000495 0 0.00266 0.00155 1.5e-05 0.004975 0 0 0.00469 0 0.00396 0.00479 0.00421 0.00479 0.004845 0 0 3e-05 3e-05 6e-05 0 0 0.0005 3e-05 0 4.5e-05 0.00045 6e-05 0 0.00501 0 0.001185 0
0 4e-05 0.00044 3.5e-05 0 0.005095 0.004715 0 0 0.00085 0.00462 0 2.5e-05 0.004775 0.00036 0.000855 0.0047 4e-05 0.004705 0.003725 0.004045 0.00489 0.000465 2.5e-05 5.5e-05 0 0 7e-05 0.004855 0 4.5e-05 0.004055 0.001805 0 0.00014 3.5e-05 2.5e-05 0.00453 4e-05 0.000895 0.00028 0 0.004645 3.5e-05 1e-05 0 1.5e-05 0.004955 0.004795 0.00478 0 2e-05 0.00481 0 4e-05 0 0 0 3.5e-05 0.00306 0.004665 0.002765 2.5e-05 0.001305 3.5e-05 0.004855 0 0 0 0.004855 2.5e-05 0 0.00433 0.000445 0 0 0 0 0.004985 0.004665 3.5e-05 0 0 1e-05 0 3e-05 0 0.004905 0 4e-05 4e-05 5e-06 0 0 0.0029 2e-05 0 2e-05 6e-05 0.00476
0 5e-05 0 4e-05 0 0 4e-05 0.00465 0.00497 0.004805 0.00462 0.0047 3.5e-05 2e-05 0 0 0.00306 3.5e-05 3e-05 0 0.004715 0 0.0007 6e-05 0.000145 0.004775 0 0.00478 0.00038 0.001505 3e-05 0.004955 0.001435 3.5e-05 0 0 2e-05 0.002215 5e-05 0.00446 0 0.0021 0.00016 0 0.005055 4e-05 6.5e-05 0 0.004775 0.00464 0 0.00087 1.5e-05 0.004615 2.5e-05 0.00455 0 5e-05 5e-05 0 0.00175 0 6.5e-05 0.00493 0 0 0 0.00493 0 0 0 0 0.003815 0.00505 1.5e-05 0 4.5e-05 2.5e-05 0.000375 0 0.004675 0.00272 0.00484 0.004765 0.00406 0.004705 0.004675 0.0047 3.5e-05 0 1.5e-05 0 0 0.000215 0 0.00018 0.00462 3e-05 0 0
4e-05 4e-05 0 0.00449 0.004295 0 0 0.004525 0 4e-05 0.004335 0.004565 0 0 0 5e-05 0 0 0 0 4e-05 2e-05 3.5e-05 0.0003 0.00459 0 0 0 4.5e-05 2.5e-05 5e-05 0.0011 0.00029 3.5e-05 5e-05 0.00082 2.5e-05 0.004505 3.5e-05 0 0.00459 0.004765 4.5e-05 0 0.00013 0 0.002965 0.001685 0 3.5e-05 0.00465 0.00485 2.5e-05 0 0 0.00462 0 0.00476 0 0 0.002425 0.00452 0 0.00486 0.000485 0 4.5e-05 0.00063 0.00492 0.002665 0.00437 0 0.00067 0.00456 0.00255 3e-05 3e-05 0.002105 0 2e-05 0 0 4.5e-05 3e-05 0.00124 0.00343 0 3.5e-05 0 0.00481 2e-05 0.004835 0 0 4.5e-05 0 0.0048 5e-05 0 0
0 0.00065 0.00479 0.0045 0 0 5e-05 0.00468 0 0.001625 0.004725 4.5e-05 0.00122 3e-05 0 0.00208 0.001085 8e-05 0.004685 3.5e-05 0 0 0.0039 0 0.004665 0 0.004645 0.004265 0 5e-05 0.00479 0 0.00017 0.004575 2.5e-05 0.00447 0.000725 4.5e-05 0 0.00485 5e-06 0.00473 2e-05 0.00463 4e-05 0 4.5e-05 0 3e-05 0 5e-06 0 6e-05 5e-05 0 0.00492 0 1e-05 0 9e-05 0.00415 0 0.00494 0.00475 0 0 0.002145 0 3e-05 5e-05 0.004935 0.000225 0 2.5e-05 0.000185 0.002435 0 0.00474 0.0048 0 0.004525 3e-05 3e-05 0 2e-05 0 5e-05 2e-05 3.5e-05 4.5e-05 0.000555 0.000275 6e-05 0 0.00508 0.001635 0 0.004515 0.00095 0
0 0 0 3.5e-05 2.5e-05 4.5e-05 0.004615 0 6e-05 0 1e-05 0 5e-05 0 2e-05 0.005005 0.000205 0.00495 0.00077 0 0.004725 0.004275 2.5e-05 1.5e-05 0.004585 0 0 4.5e-05 0 0.00516 0.0036 0.004975 0.0002 0.0001 6.5e-05 0.00426 0.000455 0.00489 4.5e-05 0 0.000325 0 0.004355 0.004625 0 2.5e-05 0.00467 0.00476 4e-05 0.004595 3.5e-05 0 0 0.000185 0 0 0 0 0.000745 0.004915 0.00455 0 0.00021 9e-05 0 0 0 0.00473 0 0.004825 0 0 0.004785 3.5e-05 0.00504 0.003495 0 0 0 0.00178 2.5e-05 5e-05 2e-05 0.004555 0 0.004575 4e-05 0 0.00438 0.000145 4e-05 0 0.000585 0.004485 0 3.5e-05 0 0.00119 5e-05 0
3.5e-05 0.004025 0.004725 0 4.5e-05 0 3.5e-05 0.00472 0 4e-05 0 0.004795 2e-05 0 3e-05 0 0 1.5e-05 0 4.5e-05 0.00458 0.001555 0.00336 0.00479 0.004705 0.00449 0 3e-05 0 3.5e-05 0 0.004795 0.00462 0.004575 0.00489 9e-05 0.00472 0.0008 1.5e-05 0 0 0 3.5e-05 0.00471 0 2.5e-05 3e-05 0.004595 5.5e-05 0.00465 0.004845 0.00184 0.000955 0.00474 0 0 0.00095 0.00451 0.00457 0 0.00384 0 0 0.00481 0.00466 0.00446 3.5e-05 0.000265 0.00139 0.004795 0.00144 4e-05 0.004595 0 0.002935 0.000135 0 7e-05 0.00055 0 0 0.00056 0 3.5e-05 0 0 0 4.5e-05 6.5e-05 0 0.00475 0 4e-05 0 0.00018 4.5e-05 0 0 0 0
2e-05 2e-05 5e-06 0 0 0.004835 0.00439 0 0 0.00032 0.004605 0.00286 0 0.005105 0.004785 8.5e-05 0.00404 1.5e-05 2.5e-05 0 0 0.004895 0 0.00449 5.5e-05 0.005075 2.5e-05 0.004705 0.00116 0 0.001015 3e-05 0.00127 0.00102 0 0.004605 0 0 0 0 3.5e-05 0 3.5e-05 0.000405 0 3e-05 3.5e-05 0 3.5e-05 0 0 0.004845 4.5e-05 0 0.00485 0.004495 2.5e-05 4.5e-05 3.5e-05 0 0 0.00209 0 0.0049 0 0.00056 0.00458 0 0.00448 0.00105 0.00452 3e-05 0 0.00463 9.5e-05 3e-05 0 0 0 0 0 0.00464 0 0.000185 0 0.00041 5e-06 6e-05 0.004545 2.5e-05 3.5e-05 0.00474 0.00463 0.004655 2e-05 2e-05 0.004285 4e-05 0.00391 6.5e-05
0 0 0 0.00476 0 0 0.00468 0.00493 0 0.002625 0.004805 0.00049 1.5e-05 6.5e-05 3e-05 2.5e-05 5e-05 0 3e-05 0.00501 0 0.004355 5e-05 6e-05 0 0.00366 1.5e-05 0.00015 0 0.000785 0.004565 0.00483 0.000885 0.00479 0 0.00058 0.000275 3.5e-05 0 0.004825 0 0 2e-05 0.004545 1.5e-05 0 2e-05 0 1.5e-05 0.00466 0.000235 0 0 0.00446 2.5e-05 0.003035 0 0.001745 0 0 0 3e-05 1e-05 0.004745 0 4.5e-05 3e-05 0.004815 0.0001 3.5e-05 0.00483 0.000165 0 4.5e-05 0 0.00467 5e-05 0 0 3.5e-05 0 0 0.004735 5e-05 0.000125 0.002305 0.00013 0.004955 0 7.5e-05 0 0.00496 0 2e-05 0.00377 0.004505 0.00481 0 0 5e-05
0.0046 0.00487 1e-05 0 0.004405 0 0.001895 0.000115 0 4.5e-05 0.004815 3.5e-05 2.5e-05 0.004555 0.00373 0 0 0 0.00495 0.00469 5e-05 4e-05 0 0 0.00481 0 3.5e-05 0.000365 5e-06 0.00486 0.000515 0 0.00457 0.00035 0 0.004705 2.5e-05 0.0001 0 2.5e-05 0 0.005 0.004935 3e-05 7e-05 0.004535 0 2.5e-05 0 4.5e-05 6.5e-05 0 0 0.00478 0 5e-05 0.00504 0 0 0.00488 5e-05 0 0.00416 0.003235 0.00298 0 0.00035 1.5e-05 0.0014 2.5e-05 0 0 0.000705 0.00026 0 8e-05 0 0.0016 2.5e-05 0.004815 1.5e-05 2.5e-05 0 0.000795 2e-05 4.5e-05 0.004675 0 4.5e-05 0 0.0045 3.5e-05 0.004845 5e-06 0.000165 0.004695 0 0 0 0.00178
0 0.00049 4e-05 0.00029 0 0.002625 0 0 2.5e-05 2e-05 0 0 5e-05 0.004625 0.004765 8e-05 0.004615 3.5e-05 4.5e-05 7e-05 0 0.00483 0 2.5e-05 0 0.004685 0 0.004905 0.000305 0 0.005095 2e-05 0.00078 0.00489 5e-05 3e-05 0.00245 0.002095 0 0 2.5e-05 0.004055 0.00452 0 0.004655 0.004125 0 0.004655 0.004745 0 3.5e-05 0.004745 0.00481 0.0046 1.5e-05 0 5e-06 0.000515 0.004705 1e-05 0 0.003785 0 4.5e-05 0 4.5e-05 0 0 0.0004 0 0 0.004635 0 0 2.5e-05 3e-05 0.00475 1.5e-05 0.00035 0.00456 0 0 0.00489 0 6.5e-05 3.5e-05 3e-05 0.003985 0.004865 0.00469 0.004865 0 0.00259 0.000955 4e-05 5e-05 0 0.00461 0 0.004435
0.000795 0.004845 0 0 0.004775 4.5e-05 0.001915 4.5e-05 0 0.00014 0 0 2.5e-05 0 0.00454 0.00452 0.000495 0.001675 0 3.5e-05 0.004545 0 1.5e-05 0.00476 0 0.002325 3e-05 4e-05 5e-05 0.00037 0 0.00468 0 0.00014 3.5e-05 0.000265 0 0 0 0 0.003745 0.00484 3e-05 0.004835 0.00479 3.5e-05 0.00012 0.000375 0.00479 0 0.004955 0 6e-05 2e-05 0.001865 0.004665 5e-06 0.004755 0.00374 0.004795 0 3e-05 0.00459 0.004805 0.004475 0.0014 0 0.00297 0.00484 0.0051 2.5e-05 0.004555 4.5e-05 2.5e-05 2e-05 0 0 0 0.00052 1e-05 0.00345 0.00465 6.5e-05 0 0 0.0048 0 3e-05 2.5e-05 0 0 0 0.00446 0 0 0 3.5e-05 3e-05 0.000345 1e-05
4.5e-05 0 3e-05 4.5e-05 0.00463 4e-05 0.001115 3.5e-05 4e-05 0 0 0 4e-05 0 0 0.001355 3e-05 0 0 0.000105 0.004675 0.004905 0 0.00024 3e-05 0 4e-05 6.5e-05 0.004755 0.004875 0 0 0 3.5e-05 0.004435 0.00027 0.004825 0.004995 0.004955 0.00013 0 0 0 2.5e-05 0 0 8e-05 2.5e-05 0.00424 0.004775 0.004695 0.00493 0 0 0.003775 0 0.004495 3.5e-05 0 0.00475 3e-05 0.000175 0.004745 0 0.004815 0.004 0.0048 0.00119 2.5e-05 2.5e-05 0.004575 0 0.004775 0 0.000875 0.000115 0 0 4e-05 0.0039 0.00496 0.00172 0 0.00024 3.5e-05 0 0 0 0 0.00389 1e-05 5.5e-05 0.004765 6.5e-05 0.0028 0 3.5e-05 0.004905 0 0
0.004665 2e-05 0 0 0.0047 0.004895 0.00044 0 0 0.001085 0.004635 0.00468 0 0 0 0 4e-05 0.00498 0 0 2.5e-05 3.5e-05 0.0003 0 0.00017 0.001645 0 0.000115 0 0 6.5e-05 4e-05 0 0 4.5e-05 0.004315 0 3.5e-05 0.005095 0 0.00276 0 0 0 0.00188 5e-06 1.5e-05 3.5e-05 0 0.00487 0.00504 0 3.5e-05 0.002425 0.00501 0 1.5e-05 0.000705 3e-05 0.00465 0 0 0 0.004735 0.00476 0.004755 0 0.004975 0.00033 0.004685 0.00053 0 0 0.00329 0 0.0044 0.00471 0.004665 0 0 0.004955 0 0.00027 0 0.00476 0 3.5e-05 0.00421 3e-05 4.5e-05 0.00312 0.001215 0 0.00453 6e-05 0 0.00474 0.0046 0.000185 3.5e-05
0 0 0.004605 2.5e-05 3.5e-05 3.5e-05 0.000785 0.00013 0 0.00011 0 2.5e-05 0 0 0.000675 3.5e-05 0.004605 0.000145 0.0052 0 0.004985 0.004925 0.001055 0.004635 5e-05 0 0 0.003785 7.5e-05 0.00464 0 5e-05 0.000355 0.00091 0 0 0 0.00472 0.00476 0.00479 0.00437 0 0 0 0.00466 0 2e-05 4.5e-05 0.00021 3e-05 2e-05 3e-05 0 0 0.00457 0 0.004675 0.002285 0.000105 0 0 0 1.5e-05 0 0 0.004745 0 0 0.00443 0 0 0.000315 4.5e-05 4e-05 0.004955 0.00369 0.0046 0 0.002855 0 2e-05 0.00195 0 0.00115 0.004995 0.00023 0.004975 0 0.00316 0.004485 4.5e-05 0 0 0.0025 0.004605 0.00072 3e-05 1.5e-05 0.00506 0
3.5e-05 0 0.004705 4.5e-05 0.004035 0.004795 0 0 2.5e-05 3.5e-05 5.5e-05 2e-05 0 0.00221 0.000665 0 0 0 3e-05 0 0.004835 4e-05 0 0.00037 1.5e-05 4.5e-05 0.00462 0 0 0.00061 0 0.004675 0.00196 3e-05 0.005025 0 0.004445 0 1.5e-05 0 0.00455 0.00088 2.5e-05 0 0.004435 0 0.004865 3.5e-05 3e-05 0 0.00014 0 0.004715 0.00368 0 0.004825 1.5e-05 0 0.004885 0 0 0 0 1.5e-05 0.000235 0 0 0.004805 5e-06 2e-05 0 0.00457 0 2e-05 0.00477 0 0 0.004815 0.00452 0.00026 2.5e-05 0.00199 0.00117 0.002775 0 0.004375 2.5e-05 0.00123 0.004605 3e-05 0.00012 0 0.004785 0 0.000375 3.5e-05 0.004505 3.5e-05 0.0048 1e-05
0 4e-05 0 0 1e-05 4.5e-05 4e-05 0 2.5e-05 0.000625 0.000395 3e-05 1e-05 0.010715 0.00991 4e-05 0 0 0.01069 2.5e-05 4.5e-05 0 0 0 0 3.5e-05 0 5.5e-05 9.5e-05 3.5e-05 0 5e-06 3.5e-05 2e-05 0.01122 0 2e-05 2e-05 0 3e-05 0 2e-05 5e-06 2.5e-05 0 0 2.5e-05 0 3e-05 3.5e-05 0 5e-06 4e-05 0 0.00065 1.5e-05 0 0.00045 0 0.00953 0.01093 1.5e-05 0.010695 4.5e-05 5.5e-05 4e-05 2.5e-05 0.010695 0 0 0 3.5e-05 0 2.5e-05 0 4e-05 4.5e-05 0 2e-05 0 5e-05 3e-05 2.5e-05 0.011465 0 5e-06 4.5e-05 3.5e-05 0.011395 6e-05 1.5e-05 3e-05 3e-05 0 4e-05 5.5e-05 0 4e-05 0 0.0111
5e-06 2e-05 0 0 4e-05 3e-05 0.00268 0 3e-05 0.000155 0.011275 4e-05 0 0 3e-05 4e-05 0 0.00159 3e-05 0 3e-05 2.5e-05 0.00054 4.5e-05 2e-05 0 3.5e-05 5.5e-05 6.5e-05 2.5e-05 1e-05 1.5e-05 4.5e-05 1.5e-05 2.5e-05 0 0 3e-05 0 0 0 1.5e-05 2e-05 0 0.00131 1.5e-05 3e-05 0 0.010135 2.5e-05 3.5e-05 3.5e-05 0 0.011325 0 6e-05 3e-05 1e-05 0.00031 0.008085 6e-05 3e-05 0 0 4.5e-05 0 2.5e-05 1.5e-05 7e-05 0 0 2e-05 9.5e-05 2e-05 2.5e-05 3.5e-05 0 0 3.5e-05 0 2.5e-05 0 2e-05 2.5e-05 0.0114 0 5e-06 3.5e-05 0.00023 3.5e-05 0.011295 0 3.5e-05 0 0.006965 3e-05 2e-05 3.5e-05 2.5e-05 1.5e-05
0 4e-05 0 2e-05 0 5e-05 5e-05 3.5e-05 0 0 5e-05 0 3.5e-05 0.0109 2.5e-05 0 4.5e-05 3e-05 4e-05 2.5e-05 7.5e-05 2e-05 0 0 0.002215 2e-05 3e-05 0 0.01098 1e-05 6e-05 0 0.010385 0 3.5e-05 0 0 2e-05 0.000345 0.001485 4e-05 1e-05 3e-05 1.5e-05 2e-05 4e-05 4e-05 0 0.01059 3e-05 0.00096 0 0 0.010625 0.000185 5e-06 1.5e-05 3e-05 0 0.010585 0 1e-05 0 0 4.5e-05 1.5e-05 4.5e-05 0.0113 3.5e-05 0.002005 4.5e-05 0.010915 0 1.5e-05 0.00759 0 0 5e-05 0 0.00603 0 4e-05 2e-05 0 0 2.5e-05 3.5e-05 0.010885 1.5e-05 0.0092 4e-05 0 0 0 0 5.5e-05 0.000335 4e-05 8.5e-05 0
0 0 0.004925 0.00491 0.00529 0.00072 0.00487 0.00469 0.00468 0 0.00499 0 0 0 5e-05 3e-05 0.0048 0 0 0.002445 0.004445 0.00484 0.000155 3.5e-05 0.000835 0 0 3e-05 0.004735 0.004505 0.00473 0.00404 0 0.004705 0 0.000325 0.00496 3e-05 0.004765 0 0.004665 0.00028 0 0 0 0 4.5e-05 0.005075 6.5e-05 0 0 7.5e-05 1e-05 6e-05 0.00114 0.00451 0 0.004285 0.002945 0.003645 3.5e-05 0 0.00448 3.5e-05 4.5e-05 5e-05 0 0 0.004265 3e-05 0.00469 0 0.004685 0.003885 0 0 0 0 0.000145 3.5e-05 0.000125 0 0.001955 0 5e-05 0.004575 0.002135 0.00041 0.00028 0.001235 0 4.5e-05 0 1.5e-05 3.5e-05 0.0049 0 0 0.004705 0.004655
2e-05 0.00421 0 6e-05 3.5e-05 0 4e-05 0.00462 0 0.000125 2.5e-05 4e-05 0.00477 4.5e-05 4e-05 1.5e-05 0.004745 4.5e-05 9e-05 3e-05 4.5e-05 0.004755 0.00466 0.00372 2e-05 3e-05 4e-05 0.00447 0 0 0.003165 0 0 0.00501 3.5e-05 0.003145 0.00408 4.5e-05 0 0 0.004345 0.005005 0.00437 3e-05 9e-05 0 0.000855 0 3.5e-05 0 0.001955 3.5e-05 0.00473 0 0.004995 5e-06 0.00459 4.5e-05 0 0.004645 0 0.000205 0.000185 0.00463 0.000645 0 2.5e-05 0 0 0 0.004775 0 0.00444 0 0 0 3e-05 0 0 0 0 0.004485 0 0.002045 4e-05 0.004805 0 0.001325 0 0.00484 0 0.00488 0 0 2.5e-05 0.004755 0.0019 0.004995 0.000585 0
0.000315 0 5e-06 0 0 2.5e-05 4e-05 3e-05 5e-05 0 1.5e-05 3.5e-05 0.002075 0.011195 0 0.01051 4e-05 2.5e-05 4.5e-05 0.008535 0 3.5e-05 0.00328 5.5e-05 0 0 0 0 4.5e-05 0 3e-05 0 3e-05 0 2e-05 0.0001 3.5e-05 2e-05 4e-05 0 5e-06 0 0 5e-05 0.00568 0.01026 3e-05 3.5e-05 4e-05 2.5e-05 0 0 0 0.00011 0 4e-05 0 2.5e-05 3e-05 0.010915 1e-05 0.01043 2.5e-05 3e-05 0 6e-05 0 0.001635 2.5e-05 0.008415 1e-05 0 0.01077 3.5e-05 6e-05 0.00531 0 0.00595 0 0 4e-05 0 0 2.5e-05 0 0 2.5e-05 2e-05 0 0.000695 4e-05 0 3.5e-05 0 0.010865 3e-05 4e-05 0 3.5e-05 1e-05
1e-05 1.5e-05 0 3e-05 3e-05 0.009435 3e-05 4e-05 0.001105 0 0 5e-06 3e-05 6e-05 0 3e-05 2e-05 0 3e-05 0 0 1e-05 3.5e-05 2.5e-05 0 3.5e-05 5e-05 0 0.010545 0 0.011025 0 0.00529 0 3e-05 3e-05 2.5e-05 0 1.5e-05 0 0 3.5e-05 4.5e-05 0 3e-05 0 0.01084 0.000755 0.00025 2.5e-05 0.010565 0 0 4e-05 4e-05 2e-05 0.01134 3.5e-05 0.008175 5e-05 4e-05 0.00084 0.01123 0.00043 3e-05 0 1.5e-05 1.5e-05 0 0 4e-05 0 2.5e-05 0 4e-05 3e-05 5e-05 3.5e-05 3.5e-05 0 0.004555 0 2.5e-05 3.5e-05 6e-05 0 2.5e-05 0 0.00997 4e-05 0 0.01131 0 0 0 2e-05 6e-05 5e-06 9.5e-05 0
0 2.5e-05 0 3e-05 9.5e-05 0 4.5e-05 0 3.5e-05 0 3e-05 0 0.010615 0 0.00013 1.5e-05 0.00948 3.5e-05 0 0.010595 0 4e-05 3.5e-05 0 0.000135 0 4.5e-05 3.5e-05 2.5e-05 0.01099 3e-05 1.5e-05 2e-05 1.5e-05 0 0 3e-05 4e-05 2e-05 0.008165 5e-05 0.0002 3e-05 0 0 0 3.5e-05 2.5e-05 1.5e-05 4e-05 2.5e-05 0.00926 5e-05 2.5e-05 2.5e-05 2.5e-05 2.5e-05 0.01044 2e-05 0 0 0 4.5e-05 0 0 0 3e-05 5e-06 0 2e-05 0.01108 0.000105 0.0114 2e-05 0 4e-05 3.5e-05 6.5e-05 0 1.5e-05 0 0 0.000725 2.5e-05 0.000195 2.5e-05 3e-05 0 0 4e-05 0 0.003335 0.00024 3.5e-05 0 0.002045 0 0 0.01049 0
0.01006 3e-05 4.5e-05 0 3e-05 0.009545 0.000665 0.00139 0.00317 0 3.5e-05 0 0 1.5e-05 0 1e-05 0 4.5e-05 0 0 5e-05 0 2e-05 0 2e-05 0 0 3e-05 0 0 3e-05 0 0 3e-05 4e-05 2e-05 5e-05 0.011205 4.5e-05 0 3.5e-05 2e-05 3e-05 0 0 3e-05 6.5e-05 5.5e-05 0 5.5e-05 6.5e-05 1.5e-05 0 0 3e-05 2.5e-05 1.5e-05 2.5e-05 2.5e-05 0.01036 0.0104 0 3e-05 0 2.5e-05 2e-05 0 0 3.5e-05 0.010405 0 0 2e-05 0 4e-05 3e-05 0 5e-06 0.005015 0.001325 4e-05 0.00834 0 0.01083 0 3.5e-05 5.5e-05 2e-05 3.5e-05 0.00735 4.5e-05 0 6.5e-05 1.5e-05 0.01097 3e-05 0 0.00657 2.5e-05 0
0 0.010875 0 2.5e-05 4.5e-05 2.5e-05 0.00068 0.01138 4e-05 4.5e-05 0 0.01084 2e-05 0.0023 0.01066 0.00019 4e-05 3e-05 0 0 0 6e-05 3.5e-05 3.5e-05 5.5e-05 0 1e-05 8.5e-05 0.010895 0.010835 5e-05 3e-05 0.01063 0 0.00538 0 0.00017 0 4e-05 2.5e-05 3e-05 0 3e-05 1.5e-05 5.5e-05 0 0.01077 0 0 3.5e-05 3e-05 0 0 5.5e-05 8e-05 5.5e-05 2e-05 2.5e-05 0.000185 2.5e-05 0 3.5e-05 0 0 0 2.5e-05 0 0.00013 0 3.5e-05 2e-05 0 3e-05 2.5e-05 0 2e-05 1.5e-05 0.010555 0 0 0 0 0 8e-05 0 0 4e-05 4e-05 2.5e-05 0 3e-05 0 3e-05 4.5e-05 2e-05 0.011185 5e-05 0 0 0.001275
0 4.5e-05 0 0 0 0.006395 4e-05 4e-05 0.010365 0 0.002395 3e-05 0 3.5e-05 0 0 0 0 0 0.01108 0.00029 0 1e-05 0.011415 4e-05 4e-05 3e-05 0 1.5e-05 0 3.5e-05 5.5e-05 6e-05 2e-05 4e-05 0.00223 0 0 4.5e-05 4e-05 2.5e-05 1.5e-05 0.000335 5e-05 3.5e-05 3.5e-05 5e-06 0.00045 2e-05 0.010515 2e-05 0.0041 5e-05 0 0 0 2.5e-05 0 2e-05 0 0.008335 0 4e-05 0 2.5e-05 4e-05 0 0 0 0 5e-06 5.5e-05 4e-05 4.5e-05 2e-05 0 0.01136 0.002165 0 3e-05 2e-05 2e-05 3.5e-05 3e-05 3.5e-05 0 6e-05 1.5e-05 0 0 0.011155 1e-05 2.5e-05 3.5e-05 3.5e-05 0 2e-05 2.5e-05 0.011035 0
0 3.5e-05 0 0 0.011025 3.5e-05 2e-05 6e-05 3e-05 1e-05 0.010515 0 3e-05 3e-05 4e-05 0.010815 3e-05 0.00969 1e-05 0 3e-05 0 3e-05 4e-05 0 4e-05 4e-05 0 3.5e-05 4.5e-05 0 3.5e-05 0 2e-05 0.010685 0.000205 0 3.5e-05 0.01085 0 0 0 0 0 3.5e-05 0 1.5e-05 2e-05 4.5e-05 1e-05 0.010915 2.5e-05 3e-05 3e-05 1e-05 0 0 2.5e-05 0 0.00711 1.5e-05 3.5e-05 5e-05 0.01106 4e-05 3e-05 0 0 2.5e-05 0 4e-05 0.000735 5e-06 5e-05 0 5.5e-05 0.002875 0 0 0 0 0 4e-05 3e-05 0.010485 2e-05 0 3e-05 3.5e-05 4e-05 1.5e-05 4.5e-05 3e-05 1e-05 2.5e-05 0 0.000515 0 1.5e-05 0.000495
0.00066 4e-05 0 0 4.5e-05 3.5e-05 4e-05 0 2e-05 0 0.01038 4e-05 2.5e-05 4e-05 4e-05 0.009055 0 0 3e-05 2e-05 0 0 3e-05 3.5e-05 0 0.010685 0 3e-05 3e-05 0.010945 0 0 3e-05 0.010045 0.01153 0 0 0 2e-05 0 0 5.5e-05 0.007965 4e-05 2.5e-05 0 0 0 3e-05 4e-05 0.00074 2.5e-05 3e-05 0 5.5e-05 0 3e-05 0 3e-05 3e-05 0 1.5e-05 0 3e-05 0.01086 0 0.00931 0.011485 0.0001 4.5e-05 3.5e-05 4.5e-05 0 0 5e-05 2.5e-05 5.5e-05 4.5e-05 0 0.009665 4.5e-05 0 0.001435 4.5e-05 4e-05 2.5e-05 4.5e-05 3.5e-05 0 0 5e-06 1.5e-05 4e-05 1e-05 0 4e-05 0.01082 0 0 0
0.00358 0.00812 4.5e-05 5e-05 0 0 0.01138 2e-05 1e-05 5.5e-05 0 0.000115 3e-05 0.011605 4.5e-05 2.5e-05 3.5e-05 4e-05 0 0.00012 4e-05 5.5e-05 0 2e-05 0 0 0 0 4.5e-05 0 3.5e-05 0 1e-05 3.5e-05 0.003125 2e-05 3e-05 3e-05 2e-05 0 3.5e-05 0 2e-05 0 0.001135 0.010725 3e-05 0 2.5e-05 0 0 2e-05 4e-05 1.5e-05 0.002285 4e-05 0 2.5e-05 2.5e-05 3.5e-05 4.5e-05 0.00151 4.5e-05 2e-05 2.5e-05 1.5e-05 0 0.010885 0.000205 0 0 0 1.5e-05 0 0 4.5e-05 0.010935 0 2e-05 0 3e-05 2.5e-05 1.5e-05 0.000155 0 0.000535 0 0 0 0.010925 2.5e-05 0 0.011335 5e-05 2.5e-05 0 0 0.0112 2.5e-05 3e-05
2e-05 0 1e-05 0.00489 0 1.5e-05 0.000315 0.001505 0 6.5e-05 0 3e-05 3e-05 0 5e-05 0 0 0.004775 0.004215 0 0 0.004525 0.000435 5e-06 0.002905 4.5e-05 0.0016 5e-06 0 3.5e-05 0 4e-05 0.000705 0 0.004425 0.000655 0 0.000415 2.5e-05 3e-05 0.004785 0.00461 0.0047 0.000455 3e-05 0 0 0.00477 0.00479 0.003505 2e-05 0 0.004635 0.00031 4e-05 1.5e-05 0 0 0 0 1.5e-05 0.002465 0.00493 0 0 0.004965 1.5e-05 5e-05 0 0.00411 0.00472 0.004785 0 2e-05 1e-05 0.00476 2.5e-05 1e-05 0 0.004865 0.004875 0 0 0.00507 0.00466 0.00357 0 4.5e-05 0.004345 0.001105 0 3.5e-05 0.000205 0.004835 0 4e-05 0 0.00144 0 0.005045
0 0.004655 0.004835 0 0 0.002855 0.000975 3e-05 0 5e-05 0 0 0 0 0 0.00476 0.00476 0 0.005035 0.00484 8.5e-05 0 0 0 0 2e-05 0.00429 5e-05 0 3.5e-05 0 0.000265 0 0 0.00439 0 0.005025 0.000305 0.004495 0.004865 7e-05 0.004315 3e-05 0.00502 0 1e-05 0 0.004645 0 3.5e-05 3e-05 0.00181 0 7e-05 0.004525 0.00481 0 0.004735 4e-05 0.00451 2e-05 0.001845 7.5e-05 0.000765 4.5e-05 0.000275 0.004605 3e-05 0 0.00482 0.000815 0.00424 0.00069 0 0.003115 0.00526 0.000145 0.00485 2.5e-05 0.004555 0 0.003435 1e-05 0 5e-06 0.00479 2.5e-05 0 0 0.004735 0 3.5e-05 0.004925 1e-05 0 3e-05 0 0 5e-05 0.0001
3e-05 0 5e-05 0.005665 0.007885 0 0 5.5e-05 0 0 4e-05 4.5e-05 0.00263 0 3.5e-05 0 2.5e-05 4.5e-05 0 0 2.5e-05 3.5e-05 4.5e-05 3.5e-05 0 3e-05 0 5.5e-05 4.5e-05 0 0 0 0 3e-05 4.5e-05 5.5e-05 2.5e-05 3e-05 1.5e-05 1.5e-05 0.000505 4.5e-05 0 5.5e-05 0.01112 0 1e-05 3e-05 4e-05 0 3.5e-05 0 0.01031 2.5e-05 0.00342 0 5e-06 0 0 3.5e-05 2.5e-05 0.01084 0.010065 4e-05 0 7e-05 2.5e-05 0.01067 6.5e-05 0 2.5e-05 0.005445 4.5e-05 0 2.5e-05 0.01086 3e-05 0 5.5e-05 3.5e-05 0 0 2.5e-05 0 2e-05 0 5e-06 0.011355 2.5e-05 3e-05 0 0.001985 4.5e-05 0.000285 0 0.010445 0 0 0.010965 2.5e-05
4.5e-05 0 3.5e-05 0 0 0 0.004885 6.5e-05 2.5e-05 0.001195 3.5e-05 5e-05 0 4.5e-05 0 2.5e-05 0 0 0 5e-05 5.5e-05 0 4e-05 0 2e-05 4e-05 0.01107 3e-05 0 0 0.002695 4.5e-05 4e-05 3e-05 2e-05 0 4e-05 0.01123 4e-05 0 3e-05 5e-05 4.5e-05 0.0113 0 2e-05 3e-05 2e-05 2.5e-05 0 3.5e-05 0 0 0.00287 4e-05 4e-05 0 5e-05 2.5e-05 4e-05 2e-05 3.5e-05 2e-05 0 3.5e-05 4e-05 4e-05 4.5e-05 4e-05 5e-06 0 3e-05 0 5.5e-05 2e-05 0 3.5e-05 2e-05 3e-05 0.01168 0.009915 0 0 0 0.010405 3.5e-05 0.001375 4e-05 0 0.000185 0 0 3.5e-05 6.5e-05 4e-05 2.5e-05 4.5e-05 2e-05 0.010695 0
1.5e-05 2e-05 0 2.5e-05 2.5e-05 3e-05 5e-06 0 0.00037 0 3.5e-05 0 5.5e-05 4e-05 4e-05 3e-05 2e-05 0.000545 0.00052 3e-05 4e-05 4.5e-05 0.00796 4e-05 0 5e-06 5e-05 1.5e-05 0.00118 4.5e-05 2.5e-05 0 1.5e-05 0.0002 2.5e-05 0 5.5e-05 0 6.5e-05 0.00928 0 0.00859 0 0.01095 0 3.5e-05 4.5e-05 0 0 0.01038 0 3e-05 3.5e-05 5e-05 4.5e-05 6e-05 2e-05 3e-05 3.5e-05 0 0 0 4e-05 0.00172 0 0 0.000775 0 0 3e-05 2.5e-05 0 4.5e-05 2.5e-05 2.5e-05 0 1.5e-05 3e-05 1.5e-05 4.5e-05 0 0 1e-05 0 0 0 0 0.004835 1e-05 0 0.00958 0 0.00942 1.5e-05 0 3e-05 0 0 0.00676 3.5e-05
0 4e-05 5e-06 3e-05 4e-05 0 0 0 0 0 0.01089 0 1.5e-05 4e-05 0.0103 4e-05 0.000195 3e-05 0 5e-05 3e-05 1.5e-05 0.001435 0 0.01032 0 4.5e-05 4.5e-05 0.00947 4e-05 0.002245 2e-05 3.5e-05 0 0.00102 0 0.006435 7.5e-05 4e-05 0.00506 0.011215 0 0 0 0 0.010555 2e-05 5e-05 0 0 0 5e-05 4e-05 3e-05 0 0 0 1.5e-05 5e-05 0 0 5e-05 0 3e-05 0.002555 5e-05 0 0 0.00153 0 0 3.5e-05 0.00403 3e-05 0.001045 0.01126 2.5e-05 1e-05 0.00416 4e-05 0 6.5e-05 4e-05 3e-05 2e-05 6e-05 0.00432 0.00074 0.00642 2e-05 0 0 3e-05 2e-05 3e-05 0 4e-05 0 3.5e-05 6e-05
4.5e-05 0 3.5e-05 0 2.5e-05 4e-05 0.011155 0 0 0.005365 1e-05 0.010985 2e-05 2.5e-05 0 5.5e-05 0 0 0 3.5e-05 3e-05 2e-05 2.5e-05 2.5e-05 0 0 2.5e-05 4.5e-05 3.5e-05 0.011005 0.00148 0 0 3e-05 0 0 0.010315 3e-05 0 0 3.5e-05 0 0.01123 0.000335 0.00452 4e-05 4.5e-05 0.000865 0.00993 3.5e-05 1.5e-05 3.5e-05 4.5e-05 3.5e-05 0 0.011035 0 2e-05 0.01056 4e-05 0 5e-05 0 0 0 3.5e-05 2.5e-05 0 0 3e-05 0 5.5e-05 0.00801 6e-05 0 0 0 0 0.00287 0.000235 4e-05 0 3.5e-05 2.5e-05 0 3e-05 0 0.01088 3.5e-05 0 3.5e-05 0 0 5.5e-05 0.01116 4e-05 0 4e-05 3e-05 0
0 4e-05 0 1.5e-05 0 3.5e-05 8.5e-05 0.004755 0 0 3.5e-05 0 3e-05 3e-05 2.5e-05 0 3.5e-05 3.5e-05 0.000335 0 0.00897 0.01088 0 0.010855 4.5e-05 3.5e-05 0 5e-05 0.000185 3.5e-05 0 0 0.00316 3.5e-05 5e-05 2.5e-05 3.5e-05 4e-05 4e-05 0 0.010975 3e-05 3e-05 0.00012 0.00479 0.011185 0 0 0.011205 2.5e-05 7e-05 0 6e-05 3e-05 1e-05 0.0001 0 3.5e-05 2e-05 0 0.0065 4.5e-05 0 0.01113 2.5e-05 0 4e-05 4e-05 0 3e-05 0.00777 0 0 0 5e-05 0 0 1.5e-05 5.5e-05 4e-05 3.5e-05 0.00092 4e-05 3.5e-05 0 0 0 3e-05 5.5e-05 3e-05 0 0 0 0.01107 2e-05 0 3.5e-05 5.5e-05 4e-05 3.5e-05
0 3e-05 0.002575 0 0 0 0.004865 2.5e-05 1e-05 0.00464 2e-05 0 2.5e-05 3e-05 0 0.00018 0 0 9e-05 5e-05 0.00454 0.00485 5e-05 0.004625 0.0046 0.00461 0.00476 5.5e-05 0 0 0.00013 0 0.004805 0.000295 0 0 2.5e-05 0.000655 0.00497 0.001085 0.000425 0 8e-05 0 0.004815 0.000215 0 0.00495 0 3e-05 0 0 0 0.00454 1.5e-05 3.5e-05 2.5e-05 0.00397 0.00485 0.004935 0 3e-05 0.00025 0 0.004425 5e-05 0 3.5e-05 3e-05 0.00464 0.00495 0.00329 9.5e-05 0 0.00262 0 0.004675 0.00051 0.00469 9.5e-05 3e-05 0.00467 0 0.00484 0 0 3e-05 0.00468 0 0 0.004965 4.5e-05 2.5e-05 3e-05 0 0 0.00194 3.5e-05 4.5e-05 0.001655
0.00485 0.00472 3.5e-05 0.004775 3e-05 0 0.004725 0 0.00068 0 1.5e-05 0.00478 0.004905 0.00024 0.001515 0.004625 0.001155 3.5e-05 0 0 0 0.00456 7.5e-05 2e-05 0 0 5.5e-05 0.004105 0.00102 2e-05 0.000435 2.5e-05 0.004915 0 0 0 0.002785 0 6e-05 0 3.5e-05 0.00482 0.00484 0 4.5e-05 0.00234 0.0047 3.5e-05 4e-05 0.0046 0 0 0.00469 0.00079 0 0.00476 0 0.00472 0.00013 0 5.5e-05 0 0 4.5e-05 0.000855 5e-06 5.5e-05 0.001695 8e-05 0 0.004705 1e-05 0 0.00383 2e-05 3e-05 0.000135 0 0 0.000285 0 2.5e-05 0 0.004825 1.5e-05 0 0.004705 0.001155 5e-05 0.0036 0 0 0 0 0 0.003515 0.00473 2e-05 4.5e-05 0
3e-05 0.00477 0 0 0.003095 5e-06 0 0.00483 4.5e-05 0.000905 4.5e-05 0 0.004765 0.00141 0 0 0.000125 4.5e-05 0.004695 0.0045 0.004805 0 0 0 0 0 2.5e-05 0 4e-05 0 6e-05 3.5e-05 0 0.00324 0.00483 0 0 0 3.5e-05 0 0.004055 0.00447 0.000295 0.004675 0.004105 0.001885 0.00453 0.000135 0.00454 2e-05 0 2e-05 0 0.004945 0.00478 0.000125 4.5e-05 0.005125 0 0.004795 0 0 0.000615 0.000205 0 2e-05 0.000545 0.004945 0.005235 0.004915 0 0.00468 0 3.5e-05 0.00015 4.5e-05 0.004985 0 0.00465 0.000475 0 4e-05 0.00198 2e-05 3.5e-05 4e-05 0 0.004745 5.5e-05 0.00467 0.004785 5e-05 2.5e-05 0.00461 0.004705 0 0 0 0 3.5e-05
2.5e-05 2.5e-05 0.00457 0.004945 0.00497 2e-05 0.00016 0 0.00102 4e-05 0.00409 0 0 0 0 0.004495 0.00495 0 4e-05 0.004365 0.00089 2.5e-05 0.00499 0 0.004655 0.002805 2.5e-05 0.004705 0 0 0.000375 0.0044 0.00454 3.5e-05 0 2e-05 0.00473 0.000905 0 0.00035 0 0.00478 0.000135 0.00476 0 0.00468 2.5e-05 0 0 0.00051 0 3.5e-05 0 0 0 0.002195 0 0.004425 0 0.00013 0 2e-05 3.5e-05 0.004155 0.00017 0 0 0 3.5e-05 4e-05 2.5e-05 0.000125 0 0 5e-06 2e-05 0.00482 5e-05 2.5e-05 3e-05 1e-05 0.0049 0 0 0 0 0.000715 4e-05 0 0.00488 0 0.004605 0 3.5e-05 0.00477 0.004225 0 0.001715 0 4e-05
4e-05 2e-05 2.5e-05 3e-05 0.00463 0 4.5e-05 5e-06 0 4.5e-05 0.00485 0.0048 0.00022 5.5e-05 0.00124 0.004605 0.000185 0.00263 0.00022 0 9.5e-05 0 0.00463 0 0.00459 0 0.00491 0.00013 0.003715 1.5e-05 8e-05 0.00483 0.004915 0.0048 0 0.00464 5e-06 0 0 0 0 2e-05 0 0 2.5e-05 0.0032 2e-05 0.00138 4.5e-05 0.004725 0 0 2.5e-05 0.00162 0.00474 0 0.004795 3.5e-05 0 0 0.00086 0 0.0045 0.004835 5e-05 3e-05 0 8e-05 0 0.000175 0 0.00436 0 0 0.00465 2.5e-05 5e-06 3e-05 3.5e-05 0.004845 0.003235 0.00062 0 0.004185 0 0 0 4e-05 0.000685 0 0 0.00494 3e-05 2.5e-05 0.00518 0.00025 0.001965 0.005025 0 0
0.00126 0 0 0.0048 0.004925 0 0 0 0.004605 0.00011 3.5e-05 0 0.004155 0.00131 0 0.00025 0 3.5e-05 1e-05 0.00029 0.004685 0.00017 0.004765 3e-05 0 0 0 0 0 0 0.00304 0.004475 0 0.00359 0 0.004725 0 0.0005 1.5e-05 0.0001 0 2.5e-05 0 0.0045 5.5e-05 0.00227 0 0.000955 2.5e-05 0 0 0.004345 0 0.00223 0.004825 2.5e-05 7e-05 3e-05 0.005065 4.5e-05 4e-05 0.000195 0.002695 0 0.004805 0 0.00443 1e-05 3.5e-05 5e-06 0.004835 0.004795 0.0051 0.004875 0.0048 0.00484 0.00124 2e-05 2.5e-05 0 0.004475 0 0 0.004825 0 0.00394 0.002265 0 5.5e-05 0.00017 0.004705 3.5e-05 0.00454 0 0.00466 0.004835 0.00029 0 3.5e-05 0
5.5e-05 0 0 0.00019 0.004495 0 0.00457 6.5e-05 0.004935 1.5e-05 0.00114 4e-05 0.00461 0.000135 0.004685 0.000845 0.004985 0 0.004755 0 4e-05 0.00482 0 0.004895 0.00482 1e-05 0.000365 0 0.00017 3.5e-05 0.00486 0 0.004125 0.00494 0.00456 1.5e-05 3.5e-05 1e-05 2e-05 0.004625 0.000375 0.004875 0.00463 0 0 0 0 4e-05 0 4e-05 0 0 0.00093 0.00042 0.0001 0 0 0 0 2.5e-05 0.00467 0 0.00489 0.002085 1.5e-05 0.0048 8e-05 0.004745 2.5e-05 0.0031 5.5e-05 5e-05 0.004825 3e-05 0.001585 0.004585 0 0.00015 2.5e-05 0.00489 0.00468 0 0 0 1.5e-05 2.5e-05 0.00489 0 0 0.004235 0.000475 0 4.5e-05 0 0 0 0.003485 0 4e-05 0
0.00435 2.5e-05 0.004845 0.00456 0.004845 0 3e-05 0 3.5e-05 0 0 0 0.00482 0 0 0.0049 3e-05 0 0 0 0 0 0.0046 0.00014 0.000105 0.00126 0 0.0048 0 0.00037 0 3e-05 0.00442 0 0.00478 0 0 2e-05 3e-05 0.00136 0 5e-05 0.00476 2.5e-05 0.004835 0 0.00025 0.00062 0.001965 0 8.5e-05 0 0.004545 4e-05 0 3.5e-05 4e-05 5.5e-05 0 0.00387 4e-05 1.5e-05 0.004675 6.5e-05 0 0.004605 0.000105 0 0.001385 0 0 0 0 0.005005 5e-05 0.004695 0 0 2e-05 0.00437 0 3e-05 3e-05 0.001995 0 0 6e-05 3.5e-05 0.004485 0.00025 0.004155 1.5e-05 0.00436 1.5e-05 0.00468 4e-05 0.001695 0.004025 0 3.5e-05
0 0.004795 0.004915 0.004285 0.004405 1.5e-05 0.004925 5e-06 2.5e-05 1e-05 0.004835 4.5e-05 4e-05 3e-05 0 0 0.004945 0.000545 0.00121 0.003865 0.0004 5e-06 0 0 0 0 0.00461 0.00028 0.00478 0.000175 3e-05 2e-05 0 0 0.004505 5.5e-05 0 0 0.00477 2e-05 0 0.00484 0.00482 0.00154 0.00455 0.002175 4e-05 0 0.00441 0.00114 0 0 0.004795 0 0.000875 4.5e-05 0.000135 0 3.5e-05 0.00492 0 0.00455 0.00472 0.00264 3e-05 0 0.00036 4.5e-05 0.00028 4.5e-05 0.0049 0 1e-05 0 0 0 0 0 4.5e-05 0.005065 0.004655 0.004625 0 4e-05 0.00455 0.000495 0 0 2e-05 2e-05 0.00492 4e-05 0.004355 0.00478 1.5e-05 0.004855 5.5e-05 0 0.00251 0
0.00503 3.5e-05 0.00469 0.002485 3e-05 0 7.5e-05 0 0 0 0.00491 0 8e-05 0 0.00483 2e-05 0 3e-05 0.0001 0.00267 0 0 1.5e-05 7.5e-05 0.004725 0.00208 1.5e-05 0.00176 5.5e-05 1e-05 0 0 0.0005 0.004775 7e-05 0.00247 0.005045 0.004865 0 4.5e-05 4e-05 0.000155 3.5e-05 5e-05 5.5e-05 5.5e-05 2e-05 0 1e-05 0 0.00509 0 3e-05 0.000685 4e-05 0 6.5e-05 0.001015 2e-05 0.005045 0 3e-05 0 0 1.5e-05 0.00461 3e-05 1.5e-05 0.00046 0 5e-06 2e-05 0 0 0 0.00516 0 2.5e-05 0.00449 0.00458 0 0 0.00493 0.00082 0.00417 3.5e-05 0 0.0042 0 3.5e-05 0.00484 0 0.004625 0.00059 0.00119 0 0.00475 0 0 0.0033
5.5e-05 0 0 0 5e-05 5.5e-05 0.004245 0 0 0.00486 0 0.000155 0.004555 2e-05 2e-05 0 0 0.000155 1e-05 0 0.004815 0 0.004845 0.00019 5e-05 0 0.00485 1.5e-05 0.000165 4.5e-05 0.00468 1.5e-05 0 1e-05 0.002165 2e-05 0.000725 0.00469 0 2.5e-05 0.00494 4.5e-05 0 0.004875 0.003965 1e-05 0 7e-05 0.000725 0 4.5e-05 4e-05 0.00496 0 3.5e-05 2e-05 0.001105 0 0.00409 0.00481 0 0 0 0.004575 0.00468 0 0.005205 0 0.00378 0.00449 4.5e-05 0.00457 0 0 0.000185 0 0.0048 0.0047 0.00497 0 0.000365 0 0.00231 4.5e-05 0 4e-05 0 0.004735 0.0041 0.000105 0 0.00447 0.00451 4e-05 7e-05 0 2.5e-05 0 0 0.000165
0 0 0 2.5e-05 2e-05 0.00425 1e-05 3e-05 0.00433 0 0.00479 0.004555 0.00471 0.00037 0 0 0 6.5e-05 0.001475 7.5e-05 3e-05 0 3.5e-05 0 0 0 0.004735 0.001845 0 3.5e-05 3.5e-05 0 3.5e-05 0.004525 0.00473 0.00456 4.5e-05 0.00498 0.00495 1.5e-05 0.00018 1.5e-05 0.00472 0.00069 4e-05 0 4e-05 0.004585 0.00036 0.00071 0.00459 2.5e-05 0 0 0.00387 0.001755 0 0 0.004665 0.00485 4.5e-05 0.00491 0.003385 0.00083 0.004355 0.003125 3.5e-05 0.000485 2e-05 5e-05 3e-05 0 2e-05 2.5e-05 0 0 4.5e-05 0 0.00459 4.5e-05 0.004835 0 0.004465 0 0.00489 0 2e-05 0 0 0 0.00462 0 6.5e-05 0 0.004445 0.00478 6.5e-05 3e-05 0.00118 0
0.000145 0 0.00475 2e-05 7e-05 3e-05 0.004735 0.00125 0 0.004595 2.5e-05 0 0 0.00427 0 0 0.004605 0.00259 0.00416 0.00453 0 3.5e-05 4.5e-05 0 4e-05 0.004235 0.0004 0.004625 4.5e-05 0 0 2e-05 0.00508 3.5e-05 0.000265 3e-05 3.5e-05 0 0.00449 0.00032 0 0.00298 0 3.5e-05 0.00476 2.5e-05 4e-05 0.004905 0 0 0.00509 0 0 2.5e-05 0 0 0.004825 0 5e-05 0.004325 2e-05 3e-05 0 0.005255 3.5e-05 0.004345 0 0 0.00066 0.004775 3.5e-05 0 0 2.5e-05 0.00498 4.5e-05 3.5e-05 0 0.00094 2e-05 0.0048 0.00468 0.004945 0 0.00462 0.004905 0 0 0.0018 0 4.5e-05 0.00471 0 0 0 4e-05 0 0.00012 0 7.5e-05
0.002325 0 0 0 0 0.00462 0 0.004545 3.5e-05 0 1.5e-05 0 0 2.5e-05 0.004335 0 0 4.5e-05 0 4.5e-05 0.00452 0.004955 0.00012 0.00026 0.004875 0.00042 0.000745 0.00477 0 0.00477 0.00476 0 1.5e-05 0 0.00245 1e-05 0.004155 0 0 0.00513 0.0001 0.00038 0.004555 0.00474 1.5e-05 0 1e-05 0.00428 5e-05 0 0.00462 0 0 0 0 0 2e-05 5e-06 3e-05 0.00473 4e-05 0.004765 0.00492 4.5e-05 2.5e-05 0.00474 2.5e-05 0 0.000275 0 0.00437 0.00043 0 3e-05 2e-05 0.00469 0.004705 0.00512 0.001695 0 4.5e-05 0.00031 0.00067 0 0.00479 0.00483 0.000795 2.5e-05 0 0.00438 6e-05 0.00115 0 0.004915 0.00032 0 0 0.0001 0 0
0.000455 1.5e-05 3.5e-05 0 0 4.5e-05 0.00478 0.00475 0.005025 0 0.00177 0 0 0 0 0.00409 0.004625 0.004465 0.001 0 5e-05 7e-05 0.000275 3.5e-05 0.004885 0.00494 6.5e-05 2e-05 0 0.000495 0 0.00398 0 2e-05 0.004835 0 4e-05 5e-05 0.00433 0 0.00475 0 0.00439 0 0 3.5e-05 0.000155 0 0 3.5e-05 0.00143 0 0 3.5e-05 0 0.000755 0 0.001415 0.00336 0.00393 0 2.5e-05 0 5e-05 2.5e-05 0 0.000515 0.004815 0 0.00492 0 0.00476 0.004715 0.005035 0.00304 3.5e-05 0 0.00474 1.5e-05 3e-05 0.00534 0 6.5e-05 0.004265 0 0.00261 0.000185 5e-05 0.00022 0 4e-05 0 0.001935 0.004385 0 0 3e-05 0 0.00034 0.004805
0 0 0 0 0 3e-05 0 6e-05 2.5e-05 0 0 1.5e-05 4.5e-05 0 6e-05 7e-05 0 0 5e-05 0.01089 0 0 2.5e-05 3e-05 0.000555 5e-05 4e-05 0 4e-05 9.5e-05 4e-05 3.5e-05 2.5e-05 3e-05 0 3e-05 0.010005 4e-05 5e-06 0 3e-05 0.01086 0 2.5e-05 4e-05 0.010875 0 3e-05 0.01045 5.5e-05 0 0 0.0003 0.01054 0.00214 2.5e-05 0 2.5e-05 0 1.5e-05 0 3e-05 0.004195 5.5e-05 0 0.002015 0.010795 3e-05 4.5e-05 0.006755 3e-05 2.5e-05 0 4e-05 4e-05 0 0 0.000185 0 0 3e-05 2.5e-05 0 0.00987 3.5e-05 1.5e-05 0.0109 6e-05 0 3e-05 2e-05 4e-05 1e-05 0 2e-05 0.0038 4e-05 0 4.5e-05 2.5e-05
0 2e-05 0.001505 0 4.5e-05 6e-05 5.5e-05 0.010685 0.0018 4.5e-05 0 0 0 0 3.5e-05 0 4e-05 5e-06 0 5.5e-05 0 0 0.009575 3e-05 3e-05 0 0 0.010835 2e-05 0.004185 3e-05 0 4.5e-05 0.01116 0 4.5e-05 0 0 5e-06 0.00634 0 3.5e-05 4.5e-05 2e-05 1e-05 0 0 0 3e-05 4e-05 2e-05 9.5e-05 0 3e-05 4.5e-05 5e-05 0 4e-05 4e-05 0.00905 0 0 3e-05 0 0 0.011095 5.5e-05 0.011075 0.011145 3.5e-05 3.5e-05 5e-05 0 0 0.00014 2.5e-05 0 1.5e-05 5.5e-05 0 1.5e-05 3e-05 2e-05 2e-05 3e-05 0 5e-05 0 3e-05 5e-06 1e-05 2.5e-05 0.001275 0.01144 6e-05 0.010655 4e-05 0 3e-05 2.5e-05
0.01069 0 0.000555 0 4.5e-05 0.010785 0.01039 0.000945 4e-05 0 5.5e-05 4e-05 1e-05 7e-05 3.5e-05 0 0 2e-05 4e-05 3e-05 0 3e-05 2e-05 0 4.5e-05 0 3e-05 0.0034 0 3e-05 0 2e-05 4.5e-05 4e-05 2.5e-05 1e-05 2.5e-05 4e-05 3e-05 4.5e-05 0 0.00131 2.5e-05 3.5e-05 3e-05 2.5e-05 0 2.5e-05 4.5e-05 2.5e-05 0 0 0.01104 0 0 0 0 0 0.01084 0 1.5e-05 0 3e-05 1.5e-05 0 4e-05 0 0.01095 0.011485 0 3.5e-05 0.010755 0 0 0 0 2.5e-05 0 0.00159 4.5e-05 3e-05 2.5e-05 3.5e-05 7e-05 6e-05 0.00619 4.5e-05 2.5e-05 0 3.5e-05 3.5e-05 0 0 0.01034 3.5e-05 0 3e-05 5.5e-05 3e-05 0.00078
3.5e-05 4.5e-05 3.5e-05 3.5e-05 3.5e-05 0.001795 3e-05 0.00033 5e-05 2.5e-05 0 3e-05 3.5e-05 4.5e-05 0.001105 0 0 0 0 0 0 0 1e-05 0 0.01066 0.01133 0.008275 0 2e-05 4e-05 4.5e-05 0 5e-05 0 0 5e-05 0 5e-06 6e-05 4e-05 0.010805 0 4e-05 0.01036 0.010765 0 4.5e-05 5.5e-05 0 0.010735 0 0 0 3e-05 2e-05 2.5e-05 5e-05 0 3.5e-05 0 0 2.5e-05 0.01129 2e-05 2.5e-05 1.5e-05 0.011065 2.5e-05 2.5e-05 4.5e-05 8.5e-05 0.000405 2.5e-05 0 4e-05 0.00025 0 3.5e-05 0 0.01091 5.5e-05 2e-05 0 3e-05 3.5e-05 0 0 5e-06 2.5e-05 0.000765 2e-05 2.5e-05 0 0 0 3.5e-05 2.5e-05 0.01111 0 0
0 0.00807 0 4.5e-05 0 0.002975 3e-05 4e-05 0 0 0.00886 0 3.5e-05 0 0.01093 2.5e-05 0.000105 0 2.5e-05 0 5e-05 2e-05 4e-05 2.5e-05 0.01124 1e-05 0.01066 6.5e-05 0 0 2.5e-05 2.5e-05 3e-05 0 3e-05 3e-05 4e-05 4e-05 1.5e-05 5e-05 0 2.5e-05 0 0.010135 5e-05 0 0 4.5e-05 0 0 5e-06 4e-05 0.01109 0.00105 0 3e-05 0.01087 4e-05 0.01119 4.5e-05 0.00417 5e-05 0 3e-05 4e-05 4.5e-05 0 4e-05 0 2.5e-05 0.000475 0.01053 8e-05 0 5e-06 0 0 3e-05 2e-05 7e-05 4e-05 0 0 2.5e-05 3.5e-05 4.5e-05 0 6e-05 4e-05 0.006725 0 0.00015 3.5e-05 1.5e-05 0.00055 0 0 0 2.5e-05 3.5e-05
