0.008858179413
0.02908669403
0.01225159806
0
0.02432950794
0.0126867665
0
0.03672510294
0
0
0
0
0.07060180765
0.01412281507
0
0.01756548403
0.0102797599
0
0
0.03334888328
0
0
0
0
0
0
0
0.02439014913
0.001544122872
0
0.04298829501
0.03672370507
0
0.00773724398
0
0
0
0
0.00E+00
0.004501942473
0
0
0
0
0.04917558163
0
0.003249435543
0
0.06259334973
0.05071946918
0.06669932256
0.06579658489
0.0152373676
0.009336220791
0.02696679025
0
0
0
0.00E+00
0
0
0
0
0
0.07186028674
0
0
0.008760994426
0
0
0.02068572951
0
0.02132856822
0
0.009672695684
0.00E+00
0
0.01374325455
0
0
0
0
0.002652080297
0
0
0
0
0
0
0
0.03239538595
0
0.01984739652
0
0.03128178536
0
0
0
0.0302556432
0
0.04017084229
0
0
0.008579599733
0.007964925763
0.03277687377
0.00E+00
0
0
0
0
0.03111205222
0
0.01979469198
0.01460361166
0
0
0.003839483292
0.001405300319
0.02025580846
0.004710362594
0
0
0
0.02332433339
0
0
0.03004606777
0.002466219236
0
0.02836154241
0.01613709287
0
0.04424845097
0
0
0.03516424097
0
0.009507183475
0.006975422637
0
0.03124798737
0.01914133169
0
0.01095967333
0
0
0
0.01959019909
0.01485040209
0.0208791025
0.008148414613
0.03829959625
0.03111654867
0.03828884599
0.003428973875
0.006096057224
0.004327920856
0
0.005403139886
0
0
0
0.01760609218
0.004225872537
0.01270812883
0
0
0
0.02111012069
0.008156295577
0.02787404675
0
0.007234627476
0
0.02272742789
0
0.04882159458
0.01523300776
0
0.009025621262
0
0.03052931803
0.006006736198
0.005632594624
0.007724726385
0.007539574785
0
0.00904184876
0.01668522688
0.007713905867
0
0.02583902692
0
0.002147874615
0
0.006805657325
0
0.02532973099
0.02105864384
0.002610342483
0
0
9.24E-03
0
0
0.01089088337
0.03655493929
0.0006992043387
0.01548949271
0
0.008139125003
0.00555874434
0
0.01312937446
0
0.02436112268
0.00E+00
0.03601972272
0.01718227728
0.009616055758
0.0219183344
0
0
0.002136026075
0.01467807559
0
0.02240397179
0.00E+00
0
0
0.04507642304
0
0.008817407438
0.01710879577
0.001502066005
0.01026950933
0.003081669985
0.02206145561
0.04811114259
0.03772311687
0.01615061202
0.01317971057
0.0009960836714
0.004082258997
0
0
0.03376885468
0.03302294984
0
0
0.001263661939
0
0
0
0.00834638387
0.01659143499
0.01196952941
0.003253879597
0.003603159757
0.0182140193
0
0
0.003006204653
0.01251365423
0
0
0
0.01354763313
0
0.04050972275
0.02603625141
0.006610739253
0.008657660457
0
0.02071707845
0.0100437761
0.005603022744
0.007252776781
0.0002078554242
0.02727593782
0
0
0.01792945141
0.03027829309
0.01292715617
0.017918774
0
0.009867048983
0
0.008428453183
0
0
0.001470040469
0
0
0.04739312648
0.03206998072
0.002261457527
0.02865240613
0
0
0
0.03919257433
0.004460695828
0
0.006726723815
0.03311048434
0.02402342058
0
0
0
0
0.0008497165638
0
0
0.03862365637
0
0
0
0.003811763404
0
0.008496253458
0
0
0.03671830786
0
0.04012186028
0.01181429605
0
0.007510826768
0.005117579159
0.01295817219
0.01362234733
0
0
0
0
0.0157848186
0.008691454493
0.03869924569
0
0.01690552161
0
0.0196886518
0
0.006043722044
0.01563156814
0.02951763483
0
0
0
0.01588373987
0
0
0.02787988187
0
0.02445643515
0
0.008025776727
0.01931668905
0
0.003802997914
0
0.00518965706
0
0
0.009397824075
0.002978494143
0
0.03086258418
0.01761332056
0.0150586121
0.0267247829
0
4.15E-02
0.002881506356
0.04039911813
0
0.008195049903
0.05857920491
0
0.005760935779
0
0.02509101167
0.02507616882
0
0
0
0
0.003332805519
0.007123364372
0.01790443556
0
0.02358502669
0
0.047507072
0.008697661728
0.01709245385
0.02198695782
0
0.06710079805
0.04065368172
0
0.002341086416
0
0
0
0.02241897112
0.01467333328
2.53E-02
0
0.02829725422
0.008148439745
0
0.0663721398
0
0.02557258587
0
0
0
0.02526374044
0.003340728067
0
0
0
0.05939476568
0
0.01173622028
0.01434286638
0
0
0.001008435269
0
0
0.02113777732
0
0.05230630061
0
0
0
0
0
0.04186750118
0.0005771690628
0.03055362811
0
0.01480900615
0
0.01477390312
0.02081928345
0.01792965324
0
0.004703944255
0
0
0
0
0
0.0004803876628
0
0.03866594798
0.013321564
0
0.01776016706
0
0.04632890988
0.02524604219
0
0
0
0
0.03993215168
0
0.03258692166
0
0
0
0
0.004768633617
0
0.03365723211
0
0.01720719002
0
0
0
0.01326839717
0.02371883883
0
0
0.005648019189
0
0.03725366612
0
0.01472889035
0
0
0
0
0.03725257253
0
0
0
0
0.003526027364
0
0.01645866997
0
0.002936183655
0
0
0.01823409108
0.0309395475
0
0.03483163118
0
0
0
0
0.02089160634
0.01482771485
0.01619837181
0
0
0
0.007581708712
0.0008957468279
0.006523954005
0
0.0281530746
0
0
0.03967275942
0
0
0.02042527848
0
0
0.01866716876
0
0.02329723262
0.006635136668
0
0.009172119816
0
0
0.01102010679
0.0233734998
0.001034570623
0
0.03297638538
0.02009009693
0.03192972854
0.01578029359
0.03650579659
0
0.003969592249
0
0
0
0.03834361522
0
0.01720387538
0.02367761424
0
0
0
0.01279953733
0.02985942947
0.01890495839
0
0.02937055947
0.04678530127
0
0
0.02171108447
0.02693592588
0
0
0
0
0
0.007687855761
0.04332264438
0.01132662372
0
0
0.01571732088
0
0
0.01332580421
0
0.0175230397
0
0.01423125659
0.02752653152
0
0.04994635545
0
0
0
0
0.01978815315
0.02804906023
0.01253465204
2.74E-03
0
0.006946270716
0
0
0
0
0
0
0
0.009720574324
0.01545377706
0
0
0.002533805732
0.004566108998
0.006789538667
0.02283996545
0
0.01658109419
0.001637655849
0.006964329355
0.04004701462
0.02851753145
0
0
0.03599791041
0
0.003970734182
0.02483353297
0
0
0.02818647728
0
0.0003180308773
0.005326875591
0
0
0
0.03729341769
0.03809130334
0
0
0.006721055155
0
0
0.03376924531
0
0
0
0.006238867188
0.04593073425
0.008351905877
0.003819398927
0.02742288374
0
0.003214448797
0.004468058631
0
0.01994583036
0
0.03832444245
0
0.00885564995
0
0.00521061524
0
0
0.01315530795
0.03634794782
0.009198378716
0.01430888791
0.006207300276
0.03640915125
0.04635652023
0.02351989639
0.02209101929
0
0
0.02717552624
0
0.04409032163
0
0.005528309475
0
0
0.03540205299
0
0.001103546476
0.03112348404
0
0
0.006156247975
0.02982807899
0
0
0
0.02182331026
0.04087333714
0.02661579252
0
0
0
0
0
0
0
0.001523821947
0
0.003330815105
0
0.0123671807
0
0
0
0
0
0.01987893817
0
0
0
0.01615381905
0.06138997401
0
0.02676571211
0
0.01769636236
0.02189799175
0
0.01790721998
0.001289519907
0
0.02986146178
0
0
0.003226005794
0
0
0
0.03283925636
0.02854124163
0
0.01619684451
0.03185413272
0
0
0.0620817524
0.01072325025
0
0
0
0.0381940852
0
0.008861389822
0
0.01697211089
0
0
0
0.008963762785
0
0.04393141522
0
0.01352555519
0
0
0
0.003963474287
0.01331269574
0.04427892287
0
0.03228773377
0.003315284684
0.02384514919
0.03464852533
0.001015601589
0.03690440783
0
0.0009207012023
0.004557205287
0
0.02260177667
0
0
0
0
0.04134692346
0
0.009318405395
0.04449008674
0
0
0.0444981209
0.003408925472
0
0.03090900324
0.02025243616
0
0
0.04702306584
0.06706804248
0
0
0.01357493091
0.05438498036
0.006004437058
0.05378563042
0
0.04722903854
0
0
0.05561059886
0.009178985588
0
0
0
0
0.02490308187
0.004436846964
0
0
0
0
0.007211939443
4.39E-02
2.76E-05
0
4.19E-03
0.04287553211
0
0
0.01432013471
0
0
0
0
0.0352907797
0.02680905686
0.01466569985
0.03830131719
0.02186585916
0
0
0.01516172055
0.0460810985
0
0
0
0.002669476258
0
0.01005641249
0
0
0
0
0
0.02019828772
0
0
0.04905702963
0.02036519499
0
0
0
0
0.003042217369
0
0
0.05763939042
0.0002034922953
0
0
0.01612342159
0
0
0
0
0
0
0
0
0
0
0.03828250412
0
0.01786452074
0
0
0
0.01939496194
0
0
0
0
0
0.00191628937
0.01389462505
0.0130549386
0.04506249948
0
0
0.04959143996
0
0
0
0
0.003374676947
0.03110863932
0
0.0160423661
0.04106391486
0
0
0.04679092759
0
0
0.009959155826
0
0
0
0
0.04093805464
0.01320613889
0
0
0.03090021328
0
0
0
0
0.01500713182
0
0.01304513139
0.02728567718
0.03003210828
0.01749433321
0
0
0.008109557593
0
0.0118529211
0
0.02649363181
0.02665629089
0.0189226576
0.05317415641
0.008292204843
0.02346350089
0.02825665669
0
0.006369406085
0
0.01370596463
0
0
0
0
0
0.06086748325
0
0
0.01409871399
0
0.02449379856
0.01004225194
0.01021606312
0.00823826414
0.008152749768
0
0
0
0.006915417807
0
0
0
0.005674535125
0.008663434779
0
0
0
0.01652245071
0
0
0
5.79E-02
0
0.03459895719
0
0.0186064971
0
0.005313438238
0.006857078236
0.01781835864
0
0.03640796064
0
0.01963232849
0
0
0.015803889
0
0.004813255352
0
0.04334639883
0
0.03555209568
0
0
0.03950855071
0.00156664056
0
0
0.04710681519
0.01112685937
0.002550739656
0.02883756942
0.00E+00
0
0.04048963378
0
0.002807713339
0.007745413739
0
0
0
0.02771311646
0
0.02162972046
0
0.01228652189
0.04705416088
0.02504534673
0.03164764034
0.02842366398
0
0.03312541499
0
0.01448822555
0
0
0
0.02183691458
0.02648094983
0.005835464314
0.004110535996
0
0.006305378024
0.009435693519
0
0
0.003841137427
0.01526506564
9.62E-05
0.01495801584
0
0.02495860219
0
0.004731815487
0.01472073328
0
0
0
0.009171976202
0.0001107988343
0.002991389517
0
0
0
0
0.009086485727
0.008344989013
0
0.02849922594
0.006207316643
0
0
0
0.0501291417
0.02387627738
0
0.03552022244
0.00E+00
0.04242662826
0
0
0
0
0.01329378293
0
0
0.004349535549
0.007447168588
0.02040703478
0.006851892567
0.00619114077
0.00343282664
0
0
0
0.04478711744
0.03810192891
0
0
0.01511998721
0.02931067818
0.03857645057
0
0
0.03615336987
0
0
0.05678786999
0.01579704914
0
0
0
0
0.00501516386
0.04436296952
0.005476204325
0
0
0
0.02200377692
0.01939055198
0
0.01621202454
0.0174134861
0.03566603943
0
0
0
0
0
0
0
0.02967746025
0.02018178704
0.010503278
0.04043193844
0.008032363451
0
0
0.0005483179615
0.02520300928
0
0.01249779836
0
0
0
0.02419798868
0
0
0.02957951681
0.006525990611
0
0.02893411792
0
0
0.05360997738
0.01839193913
0
0
0
0
0.01661250873
0
0
0.01239758366
0.02733997856
0
0.01301700719
0.05000367473
0.02288238314
0.003627928401
0
0.0259419706
0
0
0
0
0
0
0.04772347813
0
0
0
0
0.0104171294
0.004519757275
0
0
0
0.007402481472
0
0
0
0
0
0
0.03110377454
0.0007344791832
0.01329900885
0
0.02069773399
0.01358525244
0
8.00E-03
0
0
0.01626520599
0
0
0.01214485465
0.03574057123
0
0.02938493752
0
0
0.03057293396
0
0
0
0.01174393159
0.005379503682
0.008608841077
0.006300862908
0.003936573174
0.03177344058
0
0
0
0
0.0197966842
0.03035519211
0.003732002799
0.04328929749
0
0
0
0.007043644464
0
0
0
0
0.007333161756
0
0
0.02048378609
0.04056220153
0.01464471874
0
0.0223731024
0
0.03142656779
0
0.006693946657
0.03554273999
0
0.01426647847
0
0
0.02560609868
0.01282976726
0.03337327411
0.04094368354
0
0.01891070969
0
0
0.01920811444
0.01885847884
0
0
0.01711775413
0
0
0
0.003500021458
0.04219789529
0
0.004923612536
0
0.03308609566
0.01049898997
0.03627735669
0.0020937972
0.0111830913
0
0
0.03154980838
0.03180451491
0
0.02921884872
0.003510658828
0.02392381437
0
0.01228110818
0.01330364172
0
0
0.03938759363
0.01238111602
0
0.004642545111
0
0.06065831476
0.03167461236
0
0.009284606123
0.02840675258
0
0
0.02548389915
0
0
0
0
0
0
0
0.03161736047
0
0
0.03616496583
0.02404863232
0
0.002643483152
0
0
0
0
0
0.007232905459
0.02022134001
0
0.01597886685
0
0.05910195186
0
0.01034916733
0
0.03797065708
0.01019287366
0.05498639963
0.06703324493
0
0.01569617978
0.0329613062
0.01639125558
0
0
0
0
0
0
0.00235319803
0
0.0520312112
0
0
0.0009266396506
0
0
0.04565308882
0.001583271186
0.02527075582
0.01142750117
0
0
0
0.02972279139
0
0
0
0
0.008004073164
0.00E+00
0
0
0
0
0
0
0.02983563215
0
0.01132664758
0
0.03998602323
0
0.02458715318
0
0.009762760484
0
0
0.006511555725
0
0
0.03680708163
0.006420720561
0
0.03457564925
0.02109032284
0
0
0
0
0
0
0.001310726092
0.03591091098
0
0
0.001207211258
0
0.01383305408
0
0.05397115828
0
0
0.008064365977
0
0.02144842735
0
0.002385599035
0.008822034656
0
0
0
0.05988764018
0
0
0.03285147327
0
0.02671649703
0
0
0
0
0.01218059073
0.04594940192
0.01724757923
0.03179058282
0.04731317479
0
0
0.02044051077
0
0
0
0
0.01420801102
0
0
0
0
0
0
0.02876313462
0
0
0.05660113411
0
0
0
0
0.037569435
0
0.04304937893
0.02620085484
0
0
0
0
0.03034006494
0.03554350337
0
0
0
0
0.004645646942
0.02213248115
0
0
0.03064217851
0
0.04655211786
0
0
0.04058018321
0
0
0.02316644457
0.01326916249
0
0.03242755007
0.004058467506
0.03459170751
4.44E-04
0
0
0.02873478778
0.04777473851
0
0.03065435754
0
0.003648732741
0.009670979918
0
0.005131692653
0.0420297554
0
0
0.0008721524091
0.006337020352
0.004316358963
0.02528051327
0
0
0.04654673139
0
0.01793284554
0
0.03287393153
0
0
0.03031939525
0
0.006537292407
0
0
0.01072361349
0
0.00507594829
0.0359407297
0
0.004017370604
0.01545332933
0.02706251718
0.001085850009
0.008448144445
0.02113932941
0
0.00E+00
0.002853813041
0.008797348493
0
0
0
0.003170137852
0.01557565562
0
0.01985486713
0.02000631309
0.02116486777
0
0.0457006645
0
0.007768376378
0
0.03560923929
0.01962752387
0.02286335551
0
2.62E-02
0.00448940031
0.02552704646
0.01413161852
0
0
0.008431452711
0
0
0.004469708237
0.006481284223
0.01266243809
0
0
0
0
0
0.001724789052
0
0.006108587023
0.00932788968
0.0104032778
0
0.01789930443
0.03792795477
0
0.01773818284
0.03438207417
0
0.00E+00
0.01603323498
0.005465489355
0.0009231103221
0
0
0
0
0.002205567574
0.02068106625
0.03493502339
0.002802935353
0.004964300543
0.009848714961
0
0.003336995815
0.03469186756
0
0
0.01529397365
0
0.02121250503
0.05405298778
8.82E-03
0.00119541834
0.01074042317
1.43E-03
0.03374616197
0
0
0.01959915272
0
0
0.01341737606
0.004662375619
0
0.006670502173
0.005538902589
0.02677226857
0.003459831969
0.01104037906
0
0.005369755454
0
0.03654295111
0
0
0
4.66E-02
0
0
0
0
0
0.001742793156
0
0.01271586471
0
1.25E-02
0.00E+00
0.003344546421
0.02210291969
0.05458805488
0.0007808760346
0.01201200069
0
0
0.001945427056
0
0.0334696527
0
0.004920877438
0
0.03619562276
0.02589194053
0
0
0.02989758546
0
0.02194182189
0.0358743686
0
0.007927606901
0
0.03320467046
0.04198652745
0
0
0.009097046364
0.03355922533
0
0
0.02125681874
0
0.04841819313
0
2.60E-03
0.01172863019
0.0058094384
0.01243583257
0
0.02548392956
0.02638270802
0.03709119763
0
0.00E+00
0
0
0.0008433173872
0.01288949395
0.0162705279
0.02854417379
0.005565206155
0.02208074927
0.02671068996
0
0.05029821128
0
0.001212449429
0
0
0.02432929672
0.01933858535
0.02579475725
0
0.001668567783
0
0.04056178313
0
0
0.005501475054
0
0
0.000465782245
0
0
0
0.004816803662
0.05346979509
0
0.01423991009
0.00E+00
0.001667497026
0
0.0204895486
0.003188178718
0
0
0.0129242604
0
0
0.01225419286
0.03168592789
0
0.02053341453
0.01384550626
0.01053827665
0
0
0.01560286784
0
0
0.02944014219
0.006078871992
0.01826693182
0.01215280927
0
0.03150454212
0
0.03031797
0.009713299507
0.008254912433
0
0.02864548894
0.02340781233
6.10E-04
0
0.02593931634
0
0
0
0
0.01622795931
0
0.0279793557
0.0107829864
0
0
0.003555995179
0.04417395058
0
0
0.01992959578
0
0.05549477366
0
0
0
0.0112337867
0
0
0
0.00909853928
0.01231105139
0
0
0
0.02333665374
0
0.03764319098
0.004394597339
0.02803878037
0
0.003397023812
0.001288541741
0
0.01321352557
0.002212060083
0.003513544223
0
0
0.0338238936
0.006069103193
0.03620940913
0.01275099236
0
0.01402954141
0.03530567728
0
0
0.03422084049
0
0
0.01311231442
0
0.02902759248
0
0
0.02226901535
0
0.005456307661
0.01554465725
0
0.01563688694
0
0
0.009717378524
0.01721615654
0.003460931003
0
0
0
0.005749345994
0
0
0.002275348234
0.03424787091
0
0
0.02343033511
0
0.02874305061
0
0.008127411055
0.02653041927
0
0.008338793809
0.01871862302
0
0.02733387175
0.01237734014
0.005934493933
0
0.02563750379
0.01359379874
0.03088552557
0
0.02887154734
0
0
0.005478419677
0
0.0373603139
0
0
0
0.03084994756
0
0.03408867012
0
0.01197749085
0
0.05498098058
0
0.03718054309
0
0.0172884823
0.005137770385
0.02105500902
0
0.001508887089
0
0.05669123949
0.04780001932
0
0
0
0.03860065598
0.01356151408
0.0279371129
0.004960664288
0.06186385832
0
0.08730294438
0
0.03006629329
0
0.002049723382
0
0.04053334586
0.01649158518
0
0
0
0
0
0
0
0
0
0
0.001290230473
0.04031627603
0
0
0.02072685984
0.002074237876
0
0.04770753984
0
0.006235443679
0.002833191683
0
0.01014338204
0.05390262774
0.04538441411
0
0
0.01384531699
0.02603105363
0
0.05761781505
0.02149022701
0
0
0
0
0.009064471069
0
0
0.01244781891
0
0
0.0275432446
0
0.02109731047
0
0.02881467636
0
0
0
0.0351617681
0
0.03112608021
0
0.02486551798
0
0
0
0
0
0
0
0
0
0
0
0
0
0
0
0
0.005554104775
0
0
0.02467233403
0
0.002195101031
0
0
0
0
0.007257611653
0.04764324495
0
0
0
0.03932151853
0
0.009935619694
0.04567598804
0.04226837603
0.02396894906
0.007393195804
0
0.04297506934
0
0
0.02108346424
0.02618459088
0.01303969351
0.005255969799
0.01548934331
0
0.03285123924
0
0
0.03748747489
0
0
0.03199351961
0
0.01477946732
0
0
0.05894030894
0.02292354061
0
0.05047322687
0
0.01300439324
0.004298625907
0
0.002678068572
0.00683142029
0
0.008881607935
0.005243718229
0.009658123365
0
0
0
0
0
0
0
0
0.02596259065
0
1.37E-02
0
0.01613680571
0
0.0007948182522
0.002856659936
0
0.005778281987
0.02144554319
0
0.004879643462
0
0
0.01035986898
0
0
0.03354903054
0
0.002970634269
0
0
0.005607753962
0
0.03171564765
0
0.00535389354
0
0.005345125044
0.02768140379
0.01708559211
0.008473848518
0.02168168163
0.001258509222
0.03004439483
0
0.02306345639
0
0.001871252329
0
0.0197025833
0
0.01510630031
0.03520310318
0.00307004712
0.005695188795
0.02595142631
0
0
0
0.01618841058
0
0
0.007487301075
0.008659230146
0.004320671639
0.03560877167
0
0.02197015976
0
0
0.007383546165
0.001066223988
0.01927219518
0.007408110222
0.01916964339
0
0.01911701668
1.70E-02
0
0.02474764751
1.16E-03
0
0
0.002564826383
0.01162691626
0.00633845754
0
0
0.01187113062
0.01651481592
0.001096697416
0.01653966614
0
0.01380606475
0.008301675879
0.01367397179
0.03176356285
0
0
0.01090628981
0.006786942359
0
0.01912560933
0.02348730799
0
0.03647096915
0.01330792026
0.005706728486
0
0.004022453201
0.01297547161
0.02396498089
0.005167154263
0.0156219526
0.01414539522
0.01740416217
0.02072304845
0
0.01377622202
0
0.03050478955
0.004086498064
0.02503321583
0
0.004532997035
0.03394852388
0
0
0.01873748769
0.01039833185
0.01319392648
0
0
0
0.01666418342
0.03193627436
0.02219893196
0
0
0
0.03827810896
0
0
0
0
0.02851215926
0.02076350699
0
0.01661577533
0.01837929032
0.008085573409
0
0.003237833247
0.007070531371
0
0.01979095591
0
0
0
0.03391789046
0.03204359532
0
0.01292598764
0
0.01087263088
0.0308597446
0
0.01940116897
0.027454454
0
0
0.001603782482
0.02772306954
0.003102175874
0.03748775608
0
0
0.03209283751
0
0.01539691039
0
0.00526260021
0
0.002786973163
0.01268134823
0
0
0
0
0.008795482156
0
0.02486632876
0.03231816174
0
0.01445706402
0
0.02251364244
0
0
0.01506268319
0
0
0
0.03314874177
0
0.01639480057
0.006318969001
0.02995094919
0
0
0.0198860445
0
0.01596515279
0
0.0169052535
1.76E-02
0.01853211713
0
0.01161313837
0
0.0319847967
0.006190871834
0.03887528786
0.001642003029
0.03085535452
0.04079620568
0
0
0.02587869563
0.002903942361
0
0
0
0.002086713826
0
0.00197542588
0.01618061669
0.01194103151
0
0
0.01249150632
0
0.007557995865
0.02042671762
0
0.02858640503
0.01457900344
0
0.03422381175
0.03075912629
0
0
0
6.76E-03
0.004439427984
0.001022623079
0
0
0.04191317841
0.0366327286
0.04987388375
0.004587626034
0.0275712096
0
0.03062155693
0
0.002475643783
0
0.04014635839
0
0.03049029435
0.003282875101
0
0.02473527777
0
0.002826698496
0
0.02836037814
0
0
0
0.02688199332
0
0.03558100116
0
0
0.03993644987
0.01459710458
0
0.01132937724
0
0.03022616712
0.05099715353
0
0.01445850664
0.02414690029
0.009411841296
0
0
0.0465516643
0.01785650426
0
0
0
0
0
0
0.005811739113
0.01992439274
0
0
0.0006737224263
0.01979972299
0
1.97E-02
0
0
0
0
0
0
0
0.04277065587
0.01406550308
0.0369211863
0
0.003850509353
0.009280109571
0
0
0
0.007707608724
0.02519840722
0
0
0
0.01670543096
0
0
0
0
0
0.002692417112
0.02827336403
0
0
0.009147076156
0
0.04305792326
0.02720427022
0
0.009505011714
0
0.001939144488
0
0.01578036297
0.03945569163
0
0.008293655483
0.01068274547
0.003464235715
0
0
0
0
0.02244132943
0
0
0.04186856011
0
0
0.03518868806
0
0
0.02121760085
0
0
0.01442923546
0
0.02960109489
0.01636582085
0
0.02061913307
0.005500742213
0
0
0
0
0
0
0
0
0.02922973153
0
0.0132258084
0
0.01105411495
0.009314520592
0.0566022596
0
0
0.0119243385
0.02012840011
0.02679017036
0.01064680858
0.007008557454
0.03832736575
0.01476453103
0.02263799992
0
0.008540326747
0
0
0
0.005635963727
0
0.007884073535
0.03820474919
0.001884092955
0.0195617426
0
0.0153552631
0.009279682337
0.04146620493
0
0
0.01158776567
0.0003259598434
0
0.03282160505
0
0
0.02238444016
0.00104435166
0.02555200537
0
0
0.01683620825
0
0
0
0.03486323984
0.05028687038
0.001208392177
0.05293965743
0
0.02502137161
0.004500705306
0.001118926
0
0
0.01319375466
3.05E-02
0
0
0
0
0.0008955792508
0
0.005451240504
0
0
0
0.002952897844
0.01697335236
0.03784963038
0
0.0192338423
0
0
0
0.005707298319
0.03673919943
0
0.03437487842
0.002647866647
0
0
0.009350160493
0
0
0
0.03796878499
0
0
0.03245660691
0
0
0.01200486754
0
0
0.02425794882
0.005212173511
0.0232824528
0.02785594221
0
0
0
0
0
0
0
0
0.04619835461
0.006480025855
0.02875536743
0.04853469698
0.05412527975
0
0
0.005849722221
0
0
0.0004238001694
0
0.03734978921
0.008413145612
0
0
0
0.01315296928
0.04653829324
0.02559094876
0.005000127057
0.01256419286
0.04103932318
0.004673897776
0
0.02395273006
0.03058843492
0
0
0
0
0
0
0.01626281098
0.03488825816
0
0
0.005566468574
0
0.007054263534
0.03458150284
0.009867831383
0.01544024186
0
0.01846586618
0.02515858407
0
0.02283465839
0.00493034524
0.01042843562
0.01569779663
0
0.005909246502
0.0140064621
0
0
0.006008844174
0.02074161298
0
0
0
0
0.04212829957
0
0.0511130017
0
0
0
0
0.03105152522
0.01229502702
0.04672781041
0
0
0.00668198599
0.03129783587
0
0.03114900925
0.007131505254
0
0
0.02423258743
0
0
0
0
0.002073169894
0
0
0
0.01144913854
0
0
0
0.007007149906
0.001591186978
0.004974539007
0
0
0
0.02403104959
0.0003757473043
0.03512153903
0.01150475429
0.02521858357
0
0.01246090939
0.02025735995
0
0.00847913369
0.02897487305
0.001817064581
0.02451943009
0.01128188664
0
0.01225797143
0.01178218828
0.02927406038
0.03204767729
0
0
0.03067165334
0.04365033015
0.001170283548
0
0.03782707503
0
0
0.007747348858
0
0.02674743573
0.01218806868
0.006183980995
0.008730127538
0.01234751344
0
0.03053514261
0.0168400992
0
0
0.01784233368
0
0.03711883212
0
0.01724975728
0
0.00238841797
0.01766120123
0
0
0
0
0
0
0
0.03231720071
0.009829856699
0.0472179375
0.006046670517
0.009859218872
0
0.02098314825
0
0
0
0.003860976865
0
0
0
0.02098388029
0.0290367092
0.01365050355
0.003910241756
0
0.0312763798
0
0
0
0.02784772082
0.006575933779
0
0.01429355866
0.009774388792
0.02045387773
0
0
0
0
0.01187175699
0.02191859921
0
0.03419817503
0.02071004702
0.00734175944
0
0
0.03729239786
0
0
0
0
0
0
0
0.0443084689
0
0
0
0
0.03657218946
0.02222606589
0.01149613653
0.0104993187
0
0
0
0
0.0261364725
0
0.03611364262
0
0.04070374727
0.0293067951
0.007143055682
0.00350356191
0.015898888
0.004474207198
0.01117922589
0.02835288808
0.02057851324
0
0
0
0.04607580775
0.02455893667
0
0
0
0
0
0.05093992578
0
0.0230249827
0
0.00609713418
0.04590510956
0.01043082794
0
0.003223159114
0.02623513524
0
0.006592730397
0.02351492139
0.01177901243
0
0
0
0
0
0.006680385538
0.02750840003
0
0.03319776938
0
0
0.003673053233
0.001735732796
0
0.01930832747
0.02576238252
0
0.02404654467
0
0.02109305593
0.01848684429
0
0.02780152667
0.006105168182
0
0
0.001870347417
0.01640111008
0.005188293494
0
0
0.0177531778
0.004209404352
0.002722835434
0.006897258882
0.0006527859581
0.02523830931
0.01287733876
0
0.01101729911
0
0
0
0
0
0.01592229752
0.009358227765
0.003352691271
0.0352917132
0.03116907759
0.002254220348
0.01838043641
0.01059868799
0.03123139342
0.01374709406
0.0123938666
0
0.0109000818
0.03181165031
0.0002160650523
0.01744382373
0.01536921029
0
0.02606546576
0.01869860801
0.008403233437
0.02564971414
0
0.01852403105
0
0
0.01916393017
0.02128905552
0.008446882842
0
0
0
0.03127871531
0.01932018598
0
0.01064420241
0.01352050461
0
0.0266164696
0.02850408688
0.0124335912
0
0.003598376498
0.01260033922
0.01450110606
0
0.001204866071
0.025028297
0
0.006718650144
0.02128275983
0
0
0.006578402088
0
0.006738415697
0.002512733085
0
0.001185132932
0
0.004077596647
0.01938297002
0
0.02547546161
0
0.008330185656
0
0.02911110767
0.00E+00
0
0.02774093306
0
0.03042888913
0
0.01282628157
0.018331005
0.01332013585
0
0.0230890829
0.01894201331
0.02058251338
0
0.03564181329
0.02363934519
0
0
0
0
0
0
0
0.002913992467
0.02708640258
0.0003569318744
4.56E-03
0.02514864608
0.003712845625
0
0
0
0
0
0.01646555348
0.02734581544
0.01798386898
0.02619290627
0
0.008664816303
0.005403182107
0.004190913651
0.02428363505
0.01597031759
0.01588112562
0.03468328935
0
0.03438042102
0.01051167691
0
0.02662563151
0.01785007588
0
0
0
0.02686307211
0.004029117468
0
0.01772583773
0.02765712386
0.02519891895
0.02385517773
0
0
0.03075383232
0
0.01244680016
0.02000858604
0.00E+00
0.02095159601
0.00694787458
0.0199515847
0
0.01797104983
0
0.02006829757
0
0.02201192246
0
0
0.004131559914
0
0
0
0.005913776242
0
0.002677937243
0.01396884575
0.01922273934
0.02269062773
0
0
0
0
0.002492904406
0
0.009670069729
0
0.02379419236
0
0
0.03937487519
0.01067422823
0
0.001698474309
0.04134636574
0
0
0
0
0
0
0.02287272812
0.03705779229
0
0.007432496876
0.01161253078
0
0.01257266812
0
0
0.03849756187
0.03755569469
0.02303168609
0.002272684085
0
0
0
0.02293582242
0
0.008202643713
0.02433255017
0
0.02526669139
0.006284505712
0
0.02395895756
0.02798206203
0.00819379423
0
0.008459228268
0
0
0
0
0.008945756317
0.01117031614
0
0
0
0
0.03516831724
0.01097285698
0.03505338153
0.002244767703
0
0.02220488992
0
0.005851235937
0.008807722565
0
0
0.01791184681
0.0148186335
0
0
0
0.04192678715
1.37E-02
0.006849070921
0
0
0.04678298968
0.02426459137
0.04737339296
0
0
0.02049695404
0.02065278436
0.007592196279
0.007492974815
0.04771997684
0.01563824936
0
0
0.01559333639
0.03168388716
0
0
0.01098275758
0
0
0
0
0.004767751053
0.05146814226
0
0.004950814633
0.01768497133
0
0
0.02816944296
0.007600717158
0
0.03119977874
0
0
0.00481780003
0
0.03210988173
1.88E-02
0
0.02720109811
0.0008051865889
0
0.009367989442
0
0
0
0
0
0
0.009464832976
0.005386552049
0.01653138501
0
0.02508248978
0
0.02167340755
0
0
0.009633696406
0.03377219375
0.0481868487
0.01688884034
0.04139848938
0.05721664558
0.02310981054
0
0
0.008691290899
0
0
0
0
0.01379454954
0.02332544977
0.02593522494
0.00113659125
0.00E+00
0
0.03103364995
0.01769618137
0.02256701001
0
0.02362473497
0
0
0
0.04292362359
0
0
0
0
0.03545203482
0
0
0.009486294047
0
0
0
0.02076602595
0.03489869522
0
0.03365423787
0
0.02054325989
0
0.00545836337
0
0.007837411893
0
0
0
0.01552039393
0
0.01669473549
0.0159467612
0.0078863251
0
0
0.03154040991
0
0
0
0
0.02519985077
0
0.002739316421
0.01330596431
0
0.01426888162
0
0.01148657421
0
0.06929961528
0
0
0.04601919615
0
0
0.0004898106567
0
0.006006174825
0
0
0.01719296554
0.05057685659
0.01917740374
0.0006386479646
0.02075524894
0.00678159311
0.007481695456
0.01965037977
0
0
0
0.01427666108
0.03675678841
0
0
0.04433421462
0
0
0.01055407456
0
0
0
0.006831811888
0.01284565345
0.01254682301
0
0
0
0
0
0
0
0
0.01864606268
0
0.0270860748
0
0
0.003261000849
0
0.0480569562
0
0.01031095754
0
0
0
0.004599000589
0.05495080157
0
0
0
0.0257344792
0.03323835959
0.04706615236
0
0
0.02777776908
0.01435526319
0.04132489779
0
0
0.04547539269
0
0
0.003611055004
0.03770094889
0.008312406396
0
0
0.007503896909
0
0.01109589619
0.0008704730461
0.05185896625
0.009947277747
0
0
0
0.05136555801
0.004285571484
0
0
0.02095875957
0
0
0.002365163726
0
0
0
0
0
0
0
0.02923122247
0
0
0.03592190858
0.03471781341
0
0.03188503801
0
0
0
0
0
0.03168904503
0.02778112901
0
0.01350725391
0.0007087864783
0.03825605263
0
0
0.01494025123
0.06811904303
0.003330714165
0.008015467578
0.04197838661
0.01271556705
0
0
0.02755806505
0
0
0
0
0
0.003067822352
0
0
0.04682775207
0
0
0
0
0
0.05139789497
0
0.03940403709
0.02334634858
0
0.02603242544
0
0.03563546893
0
0
0.02022759105
0
0
0
0.03910266164
0
0
0
0
0
0.005972328353
0.004040482262
0.005297710431
0
0.01307185708
0
0.05542746023
0.00E+00
0.04222844593
0
0
0.01332037804
0
0.04367344716
0
0
0.009791308514
0.01131104678
0.04483417446
0
0.00158200302
0
0.009053015939
0
0
0
0.01566901802
0
0
0
0
0.01615440907
0.007058588323
0
0
0.04685371979
0
0.01988836479
0.01675503731
0.02799216559
0
0
0.03696909845
0.002704500498
0
0
0
0
0
0
0.011989115
0
0.02072155727
0.03328207173
0.04118288942
0.007907971177
0
0.03024405305
0.01342162628
0
0
0
0
0
0
0.01720327426
0
0.01274062721
0
0.03431494191
0.02452623815
0.01616053933
0.0387653456
0.00E+00
0
0
6.34E-05
0.01799314301
0.01302085544
0
0.02459415361
0
0.02717451279
0.02489038493
0
0.02752610222
0
0.02018507062
0.02106962322
0.03476084367
0.03370934848
0
0.01133614229
0
0.03429709631
0
0
0
0
0
0
0.01248877365
0.00E+00
0
0.03790527972
0
0.03122111686
0
0.001693660313
0
0.002683692438
0
0
0
0
0.003658317426
0
0.01359578653
0
0.03730165002
0
0.006603981266
0
0
0.01172326413
0.01702158144
0
0
0.01242673931
0
0.0194720841
0.0460065894
0
0.03036741874
0
0
0.03076226389
0
0.0001495232308
0
0
0.00214213882
0
0.01031645962
0
0.02923676013
0.03269958989
0.002857097074
0.03647658464
0.02396027577
0.003726693348
0.03621542322
0
0
0
0
0
0.03436637743
0.01126887564
0.009225462875
0
0
0.01179672451
0
0
0.006268141257
0
0.03607916975
0.01006525147
0
0.01410330922
0.03621200883
0
0.01234252933
0.007924117905
0
0
0
0.01414154662
0.02375817183
0
0
0.01914084895
0.01274852941
0
0.004921180724
0.03453475622
0
0.000365708982
0.02192675095
0.006654255377
0.02244158648
0
0.02601683161
0.02342666468
0.02063295325
0.0196855067
0.02457656233
0.01671630854
0
0
0.005951529111
0.001841192065
0.01958636951
0
0.01660548583
0.008131397114
0.006829013331
0.03130002307
0.01901094467
0
0
0
0
0.007335606574
0.03050238854
0.04413654259
0.01799170942
0.004410101372
0
0
0
0.003445988743
0
0.005524547888
0
0.03940912612
0
0
0.02771679721
0
0
0
0.04640508745
0
0
0
0.004217692997
0
0
0.02827491461
0.03469530698
0
0.002068484954
0.02351308383
0.01227589043
0
0
0.001486343662
0.01229104378
0.04366122223
0
0.007766644122
0
0
0
0.04658524882
0
0.021726475
0.02289768261
0
0
0.01473081694
0
0
0.01403645883
0.02384467126
0
0
0
0
0
0
0
0
0.001044866748
0
0.008678814094
0
0
0.008514687097
0.044188086
0
0
0.03259551944
0.0381479018
0
0.01785735616
0
0
0.05336848993
0.0001421448691
0
0
0
0.03120939064
0
0
0
0.006613330827
0.04035811354
0.01741888014
0.05859393246
0
0
0.02320743958
0.0219286946
0
0
0.05518247512
0.005103491613
0.002201323802
0.008264406223
0.02240887559
0.02352111906
0
0
0
0
0
0.01762809639
0.02518781552
0
0.02205180365
0
0
0.005727822531
0.02526236362
0
0.01969150197
0.01380488971
0
0.02110348586
0
0.01922975891
0.02125506505
0
0.01953013977
0.01521293077
0.01160259818
0
0
0.02668630014
0
0.008957467752
0
0.001890120503
0
0
0
0
0.008605553595
0.009631679918
0
0.003684853721
0.01974815537
0.01945935555
0
0
0
0.01926899024
0
0.003128767304
0.02269923371
0.02829252624
0
0.03380744171
0.006030789561
0.03247339821
0.01483229092
0.01238705365
0.00E+00
0.02464016423
0.02343016264
0
0.04450053732
0.03129817397
0.004339240877
0.01379858803
0.01022090684
0
0.03180193446
0
0
0
0
0.005529654626
0.01326905833
0.005188865575
0
0.0011466533
0.006518057391
0.03973294197
0.002389123272
0
0.007749963714
0.01348770924
0.01363039588
0.00839166062
0.04883092675
0.01665245194
0
0.01523040079
0
0.02009796669
0
0
0.01873833805
0
0.009014657142
0
0.009714918678
0.02173956542
0
0
0
0.02622772848
0
0.02495531388
0.02129776029
0.02694945878
0.008734645357
0
0
0.01067897517
0
0.00840244774
0.01483390604
0.00558275648
0
0.01347574889
0.01700890657
0.008055012279
0.02394483341
0
0.01035223404
0.03133904132
0
0
0.04669853707
0
0
0.01687784529
0
0.0463732809
0.02614051321
0
0.02496693354
0
0
1.41E-02
0
0
0
0
0.0225709739
0.02291693288
0.0126607193
0
0
0
0
0
0
0
0
0.02414802853
0.002938924183
0.026210201
0
0.03197255382
0
0.01271435421
0.00843499352
0
0.01024280368
0.02300782664
0.0094717115
0.01492883727
0
0
0.00897817478
0.003663359413
0
0.02756173328
0.00E+00
0.01636164496
0
0
0.02065076816
6.79E-05
4.48E-02
0
0
0
0.01796730588
0.01786652618
0.03875452869
0
0.0192731039
0.003217460507
0.02813859477
0
0.02110867987
0
0.007317769939
0
0.02593635701
0
0.0176438852
0.02515760031
0
0
0.01706881616
0.00E+00
0.01453229226
0.005814604596
0.004482286714
0.0006593268252
0.01865514038
0
0.01476767735
0.006211444227
0
0.006947146625
0
0
0
0.02312931206
0
0.0106238719
0.03012991557
0
0
0.02332397957
0.01771687587
0
0.0120271518
0
0.001454072606
0.00585391443
0.003210245324
0.009384507667
0.03497249714
0.001315151648
0
0.007003040898
0
0.01387017197
0.01246898356
0
0.008290571384
0.02405045294
0.0259555236
0.02046630999
0
0
0.03286290089
0.02620319315
0
0
0
0.007173433673
0.003494754885
0
0.01530674198
0
0.01902085091
0
0.02301242746
0.023131713
0.03139955348
0.002365668018
0.009141853637
0
0
0
0
0.0218086322
0
0.02671411459
0
0.005918292523
0.02435507353
0
0.02852322746
0.008601108688
0.0240020493
0.04038699346
0.02983062248
0.01990235937
0
0
0.0213165164
0.05283846002
0.004711319325
0
0
0.01590278648
0
0
0.001846164622
0
0.01155998726
0.003102549901
0
0.0359128133
0.00312024791
0.02120999516
0.005780709587
0
0
0
0.005932828055
0
0.00848860011
4.50E-02
0
0.03231069197
0.01531727977
0.01969843954
0.007093684717
0.01165358846
0
0.005579368333
0
0
0
0.0165934235
0
0.01005120682
0.02461181824
0
0.00197289272
0.003545507546
0.03707298359
0
0
0
0.03530738253
0.001524292609
0
0.01940375822
0.01254520523
0.03932327206
0
0
0
0
0.004148949494
0.01478118778
0
0.04149867773
0.02746825446
0.01114601786
0
0
0.03332249138
0.001219022647
0
0
0
0
0
0
0.0248015311
0
0.002739335929
0
0.01086277957
0.04261766964
0.01109466471
0.02294271405
0.00568759241
0
0
0
0
0.02172054169
0
0.03202156507
0.009900728113
0.01250490569
0.008344750722
0
0.02299213258
0.001394688561
0.007631721798
0.03366967215
0.03741962739
0.03059120574
0
0
0
0.04070998816
0.01685990999
0
0
0
0.004463463058
0
3.38E-02
0
0.01078559274
0
0
0.03896727505
0.01292297625
0
0.01597086859
0.006554044976
0.04207173542
0
0
0
0.04446335089
0.01797031607
0
1.36E-05
0.01627995328
0.01234459637
0
0.03254660227
0
0.02257100329
0.01274136651
0
0.06120651268
0
0
0
0.0002534693804
0
0.02006442941
0.02378605689
0
0.02231296975
0
0.02250423402
0.01044269517
0.04239983135
0
0.003314755866
0.01959972066
0
0.007397851386
0
0
0
0
0
0
0.001497523483
0.05178969899
0.01972147096
0.05768006483
0.007897149031
0
0
0.02683797203
0.02970826231
0
0.02217053795
0
0
0
0
0
0
0.02228777176
0
0.03432666089
0.01733137022
0
0
0.032969716
0.01387260653
0.01984828881
0
0
0
0
0
0
0.04720669677
0.01245286046
0
0
0.03739082304
0.02771277234
0
0
0.0171286697
0
0.004168151921
0
0
0
0
0
0
0
0
0
0.003736901309
0.04308984815
0
0
0.008335063981
0
0.01865389562
0
0.03811445013
0
0
0.01047009222
0.01720727796
0
0
0.04522986516
0.01508767981
0.04080337332
0.00576666633
0
0.04566671356
0
0
0
0.03265699079
0.02833217469
0.02028795576
0.01008366447
0
0.01668532398
0.01191937709
0
0.0143216044
0
0
0
0
0.03703033827
0
0.009112876651
0.03395238794
0
0.03021937597
0.03912941818
0
0.04184153246
0.006635366362
0.02615379263
0.01237659869
0
0
0
0
0.004896249381
0
0
0
0.00470872827
0
0
0.01274901232
0.003883858587
0.0173571272
0
0.015131893
0
0.008230675325
0
0
0.02142171976
0
0
0
0
0.01314656942
0.009122729851
0.01460358183
0.02324560514
0
0
0
0
0.01488549427
0
0.005269812024
0
0
0
0
0.02478253094
0.007318061594
0.01455045818
0.03483054137
0
0.02971223853
0.01104892482
0.008493803401
0.01015759643
0
0.02021549303
0.00E+00
0
0.01100405613
0.02432251405
0
0.0271719327
0
0.007664190251
0.01224600904
0.01883800508
0.03356473721
0
0
0.002405139657
0
0
0.0005862082036
0.006203652215
0
0.02398421323
0
0.01025064982
0.01878172173
0.005929523102
0
0.01624397643
0.0213094963
0
0.03131053572
0
0.00272726069
0.01397353988
0.01064031623
0.01567240259
0.02306750371
0.01372458261
0
0
0.02621411751
0
0
0.005626718654
0.008385561734
0.006268686886
0.01284544995
0
0.008436392436
0.01977114537
0
0
0
0.01285683618
0.01870121702
0
0
0
0
0.002421736555
0
0.0212916834
0.01335489636
0
0.02078398323
0.0222621138
0.04458816043
0.003131409269
0.01384393858
0
0.01134409404
2.12E-02
0.003173438397
0.01589248236
0.02622902809
0.01943332237
0.02074652623
0.02210645842
0
0.01125359433
0
0.007112209689
0
0
0.02713926543
0
0
0
0
0.03415453358
0.02316581221
0.01304085929
0
0.01170957626
0.02246499663
0.0328936275
0.01451616795
0.01846889231
0.02494144439
0
0.01352105954
0.01476253847
0.009829004865
0
0
0.02733415894
0
0.003628482537
0
0.03395601782
0
0.02653878748
0.0430333014
0
0
0
0.009939978163
0
0
0
0
0
0
0.01526234937
0.008884385709
0.02036346055
0
0
0
0.02115518412
0
0.00146485682
0.01362966848
0.0036371485
0.01891211913
0.007789546065
0.04840002
0.03096630591
0
0
0.03691096323
0
0
0.04802995
0
0
0.03510629709
0
0
0
0
0.01585718927
0
0.0459267572
2.70E-02
0.01380103115
0
0.01534760196
0
0
0.01190203616
0
0
0
0.008855398924
0.03751814208
0.011981188
0.02887058623
0.004008389314
0.01242814616
0.02071656372
0
1.52E-06
0.008053255966
0.02515720677
0.06025981961
0
0
0
0
0
0
0.006102203023
0.009509908872
0.001515841141
0
0.002541151117
3.37E-02
0.005736223955
0.03709027697
0.02558346771
0.01268351214
0
0
0.01531836183
0.03746609079
0
0
0
0
0.008029771961
0
0.0235697328
0.009442677499
0
0
0
0
0.01289604264
0.02517065101
0.03439932371
0.02329058258
0.01895284229
0
0
0.01866490026
0
0.007628985249
0.006129132362
0.004114690689
0
0.003121729836
0.01239144723
0.01516352531
0.005952792877
0
0.04208508971
0.02230413068
0
0.0160487211
0
0
0.03586356062
0
0
0.02801157858
0.004660483612
0
0
0.02183249349
0
0
0
0.02565591003
0.02329487217
0.03205972007
0.03072001999
0.008836187432
0
0.005604829906
0
0.02654490445
0.02050831846
0
0
0.01787446262
0.02168010076
0.009029161039
0.03166871651
0.005538547216
0
0.01285603977
0
0
0.02073295734
0.007263212091
0.006323957356
0.04093760137
0
0.007340583543
0.01228293033
0
0.03690545829
0
0.02494918091
1.26E-02
0
0
0
0
0
0
0
0
0
0
0.009473679764
0
0
0
0.0131343229
0.04603896792
0
0.00E+00
0.03882083119
0
0.03470654247
0
0.01146228662
0
0
0.004238706728
0.03303601428
0
0
0.009189684026
0
0
0.01755987536
0.02745446893
0.002865463839
0
0.000917921521
0.009309261296
0
0
0.0002315375663
0.03109953798
0
0
0.01547013707
0.007182375118
0.007124744675
0.06281182852
0
0.03081407037
0
0
0
0.03280936827
0
0.0290801748
0.00180200575
0
0.06617728036
0
0.02725602278
0
0.02006841131
0
0
0.01084227284
0
0.01839092113
0.01571968063
0.01659160824
0
0.00E+00
0
0
0
0.02714946649
0
0.02692952639
0
0.01069469634
0
0.03356083844
0
0.005050785839
0.01736887874
0.01422795745
0
0
0
0
0
0
0
0.06228149596
0
0
0.005534624305
0
0.0006400889844
0.01367446079
0
0.01654222751
0
0
0.0330439748
0.006011008949
0.03796553248
0
0.006650588525
0
0.003269223459
0.01957845122
0
0.02152416269
0
0.01202710915
0.01248037256
0
0
0.02251070712
0.01536970057
0
0
0.01063450864
0
0.02599207983
0
0.0508190345
0
0
0.03688952993
0
0.005104334432
0.01162285588
0.04153207573
0.00E+00
0
0
0
0.01611924677
0.0107369545
0.04594928554
0.011402875
0.003563152761
0.0187937591
0
0.02330364711
0.03612651738
0
0
0.0298391517
0
0.01070552486
0.04822294717
0
0.01403153678
0
0
0.04491085692
0
0
0.005413532568
0
0.01384597022
0
0
0.007441899673
0.02452994959
0.01699183129
0.05521527613
0.003851835595
0.03307082242
0.001497776295
0.009164279449
0
0.02360014015
0
0
0
0.04136205012
0
0
0
0.0136129637
0
0
0
0
0
0
0.009114206846
0
0.0004441476069
0.03550271607
0
0
0.01769104712
0
0.007245665973
0
0.01644915035
0
0.0007972232738
0
0.03648859411
0.0008671928188
0.006037754164
0
0.02332588169
0
0
0.006341746738
0
0.02570954069
0
0.03652903109
0.0152276118
0
0.02372947491
0.005974858063
0.03703423519
0
0
0.01514603488
0
0.04417947114
0
0
0
0.01460136665
0
0
0
0
0
0.0184648881
0.02038768295
0.02379790258
0.03660698722
0
0
0
0.01383997451
0.001255745352
0
0
0.009042774949
0
0.02878603302
0.01906739442
0.002893993822
0.03063404665
0
0
0
0.004016309083
0.0008677341795
0.01662479124
0.00E+00
0.02466507965
0
0.007913096692
0.003876941948
0.01882422854
0.0006273187509
0
0.03235050031
0.007349137103
0
0
0
0
0.01488122334
0
0.01321526504
0
0.005104676598
0.02535781091
0.046128938
0
0
0.009507437317
0.01748601525
0
0.008750714906
0
0
0
0.05869290276
0
0
0.01399469215
0
0
0.02143748127
0
0
0.04421211564
0.005516833749
0.02097629759
0
0
0
0.05422275902
0
0
0.00859385018
0.03905062508
0
1.59E-02
0
0
0.03996140692
0
0.01939944939
0
0
0
0.01033271344
0
0
0.0507091417
0.02917567553
0.00E+00
0.04045659178
0
0.03114529336
0
0
0
0
0.03389034165
0.00737716128
0
0.03453670095
0
0
0
0
0.02871041559
0.00176452355
0.007317022042
0.01131733603
0.007113864283
0.005071762746
0.01483080145
0.0008041444498
0.0129260889
0.01760193541
0
0.005134010929
0.03203350907
0.03036003588
0.004034945166
0.02216510563
0
0
0
0.01091113022
0
0
0
0
0.0289525317
0
0
0.007993470449
0
0.01448429273
0.03447415814
0
0.04703112127
0.02995154118
0.02310956427
0.0005087011982
0
0
0
0
0.006591373489
0
0
0
0.03471951227
0
0.005276593117
0.0187306515
0.01624485146
0.008230067153
0
0.03258406401
0
0.005837342473
0
0
0.02331945818
0.02088285995
0
0.003207041209
0
0.02303057708
0.02133356514
0.02460134981
0.01514188487
0.01355466112
0.01663486223
0.00E+00
0
0.03028539873
0
0
0
0
0.01747469222
0
0.01612875348
0
0.01762636511
0.02283366346
0.001575958241
0.02613878332
0
0.02827201085
0.0151135955
0
0.02930848684
0
0
0.01943415093
0.03750551481
0
0.007866036933
0.004997590224
0.02547464497
0
0.02774838333
0
0
0.01145821174
0
0.03020531982
0
0.02301007167
0
0.003867849436
0.01091995154
0
0.00551730459
0
0.01982393741
0
0
0.00360729791
0.003667479155
0.01609458666
0
0.01526088202
0.03839013182
0
0
0.02109714769
0.03783715968
0.007109818282
0
0.0477117336
0.006060180189
0.001280436363
0
0
0
0
0
0
0
0.02886314781
0.03656171433
0.03548452767
0.03302075815
0.0002851657836
0.005255927018
0
0
0.007910275807
0
0
0.00983047006
0
0.0129957353
0
1.94E-05
0
0.03384122186
0.02477245394
0.02041795036
0.0483913764
0.00533436019
0
0.02601653667
0.02667422583
0.009657173834
0.02126026506
0
0.003822428792
0
0.005586455159
0.01913122896
0.001403703813
0.0044539186
0
0.01510705548
0.03591851826
0.03831414725
0.003019503541
0
0.02750070137
0
0.02105726121
0
0
0.002181214484
0
0.01185091942
0
0.01528281822
0
0.01601872314
0.02687707666
0.004741478329
0
0
0
0
0.03321398292
0.008245086822
0.01256945213
0
0
0.01537867363
0.001068909086
0
0
0.03442001176
0.02339010977
0.04480586372
0
0.001636336688
0.02835641152
0.008420233595
0
0.04451267914
0.01721012063
0
0.008706049335
0.0134895975
0
0
0.05000259734
0
0.02675717228
0
0.0005170670731
0.01996885421
0
0
0.02181744125
0.01483667459
0.01367197107
0
0.01512204353
0.02720002499
0
0
0
0.00273967821
0.01105041321
0.0299789876
0.00164760041
0.02270029657
0
0
0
0
0.01466944033
0
0.000551961178
0.01474837645
0.003987656231
0
0
0.001593403022
7.84E-05
0.02301167843
0.0134653426
0.02865385335
0.01744697508
0.0178321187
0
0.02469782744
0.02667551306
0
0.02092230139
0
0
0
0
0
0
0
0.004332553895
0
0.04817898949
0.03066804642
0
0
0.01749582162
0.03270614071
0.01010638355
0
0.003765336757
0.004354107795
0.03687997722
0.01923276614
0
0
0
0.02957569937
0
0.0009349887484
0
0
0
0
0.02497441117
0
0
0.04180704833
0
0
0
0
0.001815880295
0
0.01336661062
0.01461192531
0
0.02275192046
0
0
0.00114035854
0
0.003921801798
0
0.01447213477
0
0.01379911231
0
0.02615806094
0.0400807319
0
3.20E-02
0.00457803119
0.008741304523
0
0
0.03001960613
0.01534250127
0
0
0
0
0
0
0
0
0.03154816241
0.01549907244
0.04102674056
0
0
3.15E-03
0.002315129442
0
0.01626525212
0
0
0.02501734586
0.004764435156
0.009510053853
0.004246539064
0.009268443889
0.003890944049
0.0381143506
0.02256927979
0.002151124523
0.03314202756
0.01749125467
0
0.00808409369
0.01213062955
0
0.02882886082
0
0.02782228803
0.01284047839
0
2.70E-02
0
0.01208063993
0.005565024089
0.03140774024
0.03252762293
0.01395085255
0.01270804533
0
0.03031736043
0.01426532282
0.02413319444
0
0
0
0.01740027916
0.0167601797
0
0
0
0.01107314704
0.03403669962
0
0.02213892334
0.01542279864
0
0
0
0.0652172186
0.00E+00
0
0.01154770214
0
0.004838506886
0
0.05471902525
0
0.02692175787
0
0.01526028179
0.007368886887
0
0.0365229205
0
0.02792293839
0
0
0
0
0.02562921685
0.0001093409456
0
0.01012457549
0.03372686569
0
0.03013354714
0.04021111181
0.0005861613657
0
0.02989105225
0
0
0.002027454269
0
0.003186677673
0
0
0
0
0
0.0209506958
0.006534093786
0.05807888629
0.04694202316
0.00E+00
0
0
0.004734668078
0.001573185539
0
0
0
0.005121768517
0
0
0
0
0
0.006738477502
0.03738949638
0
0
0.02900957136
0.04445688103
0.04743912867
0
0
0
0
0.03733126727
0
0.05227273053
0
0
0
0
0.01163705933
0
0.03652785425
0.004083417184
0
0
0
0
0.03188097145
0
0
0
0.03304313748
0
0.01239967936
0.01117899394
0.03473077127
0
0
0
0
0
0.04614697207
0.02673067205
0
0
0
0.01548975157
0
0.03518568018
0.03149133139
0.02999805518
0
0.01383169298
0
0.01655242888
0.01885384836
0
0.0229678807
0.01844842238
0
0
0.03805983987
0
0.02430163297
0
0
0.04526632545
0
0
0.04446326376
0
0
0.009660252087
0
0.02544138483
0.04279832824
0
0.03815079365
0
0
0
0
0
0.04216018325
0
0.03592719416
0.01068773546
0.03241771682
0
0
0
0
0
0
0
0
0
0
0
0.0003349356122
0.00446612455
0.02344322447
1.96E-02
0
0
0
0.0324207613
0.02645856287
0
0
0
0
0.02971464114
0
0.0410936981
0
0
0.00E+00
0.002885141071
0.03075362525
0
0.03647245795
0
0.005609990372
0
0
0.004135708295
0.02218260235
0
0
0
0.018886037
0
0.02201232648
0
0.01449364983
0
0
0
0.00E+00
0
0
0.01788317684
0
0
0
0.04684570358
0
0.01492675477
0
0.04278566693
0.01101337726
0.02281962664
0.00136014957
0.003157361303
0
0.01144170745
0
0
0.02441758223
0.02353928796
0
0.01959558144
0
0
0.01904553014
0
0
0
0.005451834074
0.01368137683
0.02035222671
0
0
0.04224348578
0
0
0.01539476441
0
0.02255629381
0.02842438988
0
0.0513444876
0
0
0
0.009570427064
0
0
0
0.007249006573
0.01995773539
0
0
2.94E-02
0.03849787323
0.01820726736
0
0.01156944834
0
0.01427103441
0
0.00794708702
0.02437722202
0
0.02039450621
0.00836566012
0
0.01139910878
0.001871903361
0.04141787759
0.04291584775
0
0.003773311286
0.01293677218
0
0.0006948063231
0.006723883766
0
0
0
0
0
0
0
0.02931869803
0
0
0
0.04148798996
0.01555634522
0.04486549346
0
0.007641627914
0
0
0.02714180213
0.0250556727
0
0.0190786119
0.02893944038
0
0.00584191886
0
0.009383597412
0
0
0.01476311987
0
0.01205181378
0
0.0179549966
0
0.02553999438
4.96E-05
0.0200268513
0
0
0.002048113221
0.01128502472
0.02881576704
0.01294311434
0.01690075349
0
0.008772952432
0
0.01218484995
0.01293006885
0.005042582066
0
0.00E+00
0.007774012248
0
0.015136221
0
0
0.04177043973
0.007248687292
0.02436979377
0.02733878247
0.00115370574
0.04625706303
0
0
0
0
0
0.004522883758
0.006449439228
0.005856265237
0
0.0186276425
0.0139718575
0.03093964679
0.01895081584
0.007754022356
0
0.02425097051
0.02457634229
0
0.003296519329
0.01629078902
0
0.02794893907
0.02098769043
0
0
0
0.02177222693
0.03648452584
0
0
0
0.02639732752
0
0
0.03499317142
0.008280076218
0
0
0
0.006647297353
0.004402476562
0.03129311735
0.01205727837
0.01616425433
0.02171014827
0.008393208296
0.03292961627
0
0.01034151432
0
0.006132183301
0.02067295303
0
0
0.007112426777
0.01574218163
0.02797877578
0.00954813123
0.01405476625
0.0337651538
0.04041343967
0.001284995598
0.004048756027
0
0.00E+00
0.03159445199
0.01326485035
0
0.03194277086
0
0.03540577079
0.04259836966
0
0.03530582743
0.01958733765
0
0
0.03223838676
0.005628576947
0
0.0269201078
0
0
0.002082694173
0
0.0093061803
0
0
0
0.01715411925
0
0
0
0
0
0.03768121527
0
0.02403179112
0.01732541898
0
0.002081810495
0
0.03203783229
0
0
0
0
0
0.04329250167
0.06414256892
0
0.02646833263
0.0348706075
0.007736801878
0
0
0.01473060888
0
0.00E+00
0
0.01335438555
6.02E-05
0.04304820411
0
0.03374958567
0
0.006575952998
0.004602667907
0.03300721276
0
0.02339553657
0.0195758363
0
0
0.001156924324
0
0
0
0
0.0002694285939
0
0.0008788119684
0
0
0
0
0.0201165582
0.002061410678
0.02938584039
0.003315611837
0
0.02089629374
0.01997934378
0
0.006902145733
0.01667204306
0
0
0
0
0
0.01734145361
0.02711157088
0
0
1.49E-02
0.01719192578
0
0.00E+00
0
0
0.001996808805
0
0
0.03054375007
0
0
0
0.02046249054
0.01035757462
0.02606550486
0.01128042777
0
0.01882692111
0.005069801065
0.01266948259
0.02676747491
0.0192085857
0
0
0.02575708097
0
0
0.01857706279
0
0
0.02676835997
0
0.02659296911
0.01775992137
0
0
0
0.009522432282
0.02808695397
0.008908240519
0
0
0
0
0.01193494498
0
0
0.01134717837
0.00449640717
0.0415404278
0.02844883643
0
0.02746824212
0
0
0.01429179928
0
0
0
0.02892763644
0.01383074219
0.02267469591
0
0.007361818831
0.007491872075
0.01397158266
0.001005867979
0.01086476638
0.03055887115
0.002818882733
0
0.01711373015
0.03613603099
0.03597909298
0.004315997742
0
0
0.03512065649
0.004416385478
0.04353866221
0
0
0.01622648672
0.007561734879
0.02803170821
0
0
0.01500229609
0.0050389814
0.01935440587
0.005257278956
0.02609034443
0
0.01370401379
0.005059594907
0
0
0.004239124757
0.06155566291
0
0.03906913743
0
0.04273907398
0
0.07156520021
0.003681745417
0
0
0
0.001675519392
0
0.0004446281814
5.30E-05
0
0.01668288692
0.01569071174
0
0
0.0007162361195
0
0
0
0.06034345358
0
0
0.006789774104
0.02166864569
0
0
0.003112870093
0
0.0007009117802
0.01340886394
0
0.05827865056
0
0.01170095801
0
0.02927180311
0
0
0
0.01970352795
0.04552407939
0
0
0.03629590363
0.06183964288
0
0
0
0
0
0
0
0
0
0.02450695984
0
0
0
0
0.04320682624
0.007477281682
0.0340319512
0.005365021673
0.06121446904
0
0
0.009335870088
0
0
0
0
0
0
0
0.01613647676
0
0
0
0.01926945922
0.001166343381
0.07720457151
0
0
0
0.0315601801
0.02400897415
0
0
0
0.02046795784
0
0
0
0
0.02621982882
0.01246647435
0
0
0.0207055743
0
0.0395101846
0
0
0.02027029743
0
0
0
0.008323271884
0.005509027401
0.02729936372
0
0.001258322305
0.01116467546
1.65E-02
0.004081267932
0
0.006106531434
0
0
0.01180852815
0.01174778985
0
0.03489477279
0.01855105157
0
0.02731135765
0
0.01426541305
0.01786072077
0.002588458527
0.03508479217
0.02395218414
0
0
0
0
0
0.001483846116
0
0
0
0.01905993124
0.004810034901
0.0129486541
0.01805264636
0.009567127882
0.02135833425
0.01161847398
0
0.02501519906
0
0
0.0334688184
0
0.002053576556
0
0
0.01762187288
0.02067030935
0.008438068648
0.03133435136
0
0.01007086337
0
0.02118889486
0.01931098019
0.02988787848
0.02100900527
0.007593915493
0.02403977448
0
0.0007593676711
0.01041890265
0.01821675547
0.03537006719
0.01244533286
0.002389782712
0.01030065836
0.01545489342
0
0.002773198394
0.01382839988
0.0009019641722
0
0
0.01937412634
0.01455147612
0.01094243007
0.04376131548
0.01391962167
0
0.004846625048
0
0
0.04218393869
0.0308882383
0.005395589504
0
0.0510410455
0
0.02450378817
0.02051804863
0
0.05128494789
0
0
0
0.03092815678
0.01102680737
0.004838912163
0.01770961362
0
0.04354896963
0
0
0.002154589176
0
0
0
0.02605574929
0.04188453458
0
0.03901939573
0.02544566507
0.003915211557
0.02923526999
0.00550330596
7.32E-03
0.04302068303
0.008177267841
0.02312619925
0.01697001837
0
0
0
0
0.01472978622
0.0299259985
0.009825224157
0
0
0.00476385764
0
0
0.01825516467
0
0
0
0
0
0.008735089085
0
0.004942377383
0
0
0
0
0
0.006825907721
0.02020471586
0.01529437163
0.001216427466
0
0.005989961283
0.01772572807
0
0.005619645765
0.006824513746
0
0.009157744651
0
0
0.00379151845
0.03163835657
0.02151108896
0.01473842399
0
0.00132558489
0
0
0.01865172562
0.003134204316
0
0
0.008695829335
0.03122006868
0.00E+00
0.02008148492
0.04071287248
0
0.03600826819
0
0.04579979082
0.03231541762
0.00592499154
0
0
0.002317076219
0
0.0102044041
0
0
0.009995544245
0
0
0.003730583315
0.02747102925
0
0
0
0
0
0
0.01560602276
0.02206881521
0
0.03153836559
0.04225136893
0.008041778905
0.009967679308
0
0.02848479923
0
0
0
0
0
0
0
0
0
0.004590106426
0.01582698278
0.04706916636
0.04350035588
0.02934188412
0
0.000271733065
0.004696577377
0.04197277659
0
0.02099714146
0.01277186754
9.64E-05
0
0.01110885287
0
0
0.04753055341
0
0
0.04567422011
0
0
0.04427685132
0.02802281453
3.93E-02
0
0
0
0
0
0
0
0.02506939132
0
0.02453039624
0.01463737776
0.00305314264
0.01101308604
0
0.05708519158
0
0
0
0
0
0
0.02446887918
0
0
0.010956519
0
0.06041654276
0
0
0
0
0
0
0
0
0
0.004055760224
0.005698038938
0.002529137013
0.03187025365
0
0.01484246794
0
0
0
0
0.006174207464
0
0.03008744763
0
0.01322025322
0.01396780594
0.01000707442
0.0230517024
0
0.03004216064
0
0
0
0.01247683166
0
0
0
0.02888722057
0
0.001516633254
0.01005195141
0.02948764302
0.01813881521
0
0.04160405589
0.03500219587
0.03834907227
0.03001884924
0
0
0
0
0.001168134915
0.02497197726
0.02289486722
0.005096283996
0
0
0.01005390788
0
0
0.006364429252
0.01296942614
0.03540330002
1.30E-02
0
0.01714204991
0
0
0.002869796002
0.00856762687
0
0
0.0007982168225
0
0.01429405969
0.003040552736
0.02060631273
0.006651862001
0
0
0.02770625971
0.02020139767
0.0001660778463
0
0.005323550745
0.04204933795
0.01569246762
0
0.001922326986
0.008021513291
0.03308149778
0.02615925627
0.01519161458
0
0
0.02334869314
0.002176055466
0.02735195785
0
0
0.00245029927
0.02642583337
0.02181848645
0.01556647782
0.04834136687
0
0.01446090566
0
0
0
0.02318149375
0.03503583696
0
0.04547531191
0.02357571693
0
0
0.02369927395
0
0.004891978728
0.005950820697
0
0.007265266784
0
0
0
0.03789451316
0
0.06127907466
0
0
0.03277321749
0
0.002722850315
0.0274936786
0.02392027571
0
0
0
0.01155484087
0.03811655522
0
0
0
0
0
0
0
0.02701450211
0
0.03218586573
0.02485621642
0.03405292299
0.005413498885
0.0131377854
0
0
0.002708766166
0
0
0.01170796908
0
0
0
0
0.001111477743
0.03413465583
0
0
0
0
0
0.02976230664
0
0
0
0
0.05061252387
0
0.06571232191
0.01815877877
0
0
0
0.03752754736
0.01467714746
0.01968915025
0
0
0.01778763344
0.001615226359
0
0.02262722189
0
0
0
0.04461329525
0
0
0
0.06036327696
0
0
0.01123829808
0
0.01687743414
0
0
0.01687842051
0
0.04802499876
0.01114800007
0.0005731315179
0
0.003006892867
0
0
0.01759268655
0
0.003259838127
0
0
0
0.006326649517
0
0
0.01300544601
0
0.00925449224
0.008785988781
0
0
0.01867523496
0.0109295193
0
0.04470548074
0
0
0.05823808956
0
0
0.0002165009625
0
0.01676818787
0
0
0
0.02090535538
0.0199583917
0.02766180791
0
0
0.01755765816
0.05379322755
0.002624538563
0
0
0.04576369996
0
0
0.01589186193
0
0.01527823709
0
0.01959811221
0
0.02901209767
0
0
0
0
0
0
0
0
0.01630228702
0
0.006655030601
0.01379674998
0
0.06213082202
0
0.05096494598
0.03464749342
0.02293674004
0.03954460387
0
0.008921732019
0
0.05302943343
0
0
0
0
0
0
0
0.004686037452
0
0.008163712319
0.01581502551
0.03333140948
0
0.04977755399
0.006984442244
0
0.008924740947
0
0.04208610913
0.005834399347
0.02383889736
0.0124943966
0
0.01329048704
0
0
0
0.005856122477
0.003193494989
0
0
0
0.01080185453
0
0
0
0
0
0
0.007604694647
0.02936847
0
0.02491866374
0.03600437209
0.007705312843
0.03338475625
0
0.02888238754
0.02676679082
0
0
0
0
0
0
0
0
0.02679610307
0.02106336152
0.0472600536
0.02846180253
0.01303228144
0
0.01577086624
0
0.01480196452
0
0.03339816716
0.006891080134
0
0.006796838761
0
0.003900818446
0
0.03884482782
0.0003332893638
0.002338163507
0.03243287981
0
0
0.0259629403
0
0.02142506792
0
0.00E+00
0.00438268935
0
0
0.007665918157
0
0.04615383967
0
0.04855210738
0.02970543842
0.02275710953
0.03404327688
0
0.04338199789
0
0.01750678179
0
0
0
0
0.00456932362
0
0
0.005427191739
0
0.04337569095
0.01175138032
0.00709338501
0
0.01316741279
0
0
0
0
0.02996397384
0.03750724273
0
0
0.01591875134
0.002442107366
0
0
0
0
0.02239300628
0
0.004295002514
0.03124225318
0
0
0.01307974658
0.0196487714
0
0.03047935422
0
0
0.02067220144
0
0.02924038412
0.0282956436
0.009481639464
0
0
0.02646129432
0
0
0.006701369303
0.005271039126
0
0.02292703308
0.001281694009
0.02054841127
0.02145997362
0
0
0
0.005272003716
0.01970753301
0
0
0
0
0.002098236161
0.005622455862
0.01899173876
0.005532210565
0
0.01758564723
0.03238903027
0.03974850913
0.004592096909
0.01633392556
0
7.30E-03
0.01718940351
0.009244060908
0.0052758972
0.01083467663
0.02434695542
0.01806892094
0.02216562713
0
0.01401555992
0
0.01422793794
0
0
0.02734818262
0.002920312641
0
0.0004957547093
1.70E-02
0.02844055053
0.0233827054
0.006341464256
0
0.01814993258
0.01634245903
0.03009886045
0.00331018964
0.0081618762
0.02743354205
0
0.02186377039
0.004500965378
0.01570991825
0
0
0.02749279619
0
0.01112531032
0.060531096
0
0
0
0
0.0477932306
0
0
0
0.02506884527
0
0.02965360011
0.02517248254
0.01089115972
0.0326040904
0.00571208537
0
0.01720426388
0.01574271639
0
0
0
0
0
0.03887141771
0
0
0
0
0
0.04508004898
0
0
0.06173435185
0.00E+00
0
0.03297162461
0
0
0
0
0.01175067907
0.02089397322
0.01998014705
0.02549254446
0
0
0
0.02999226128
0.01655695037
0.03081579599
0.004354930515
0.03576317245
0.02860055884
0.02183309904
0.001127873889
0
0
0
0.01564403019
0
0.03222809439
0
0.001401169059
0.001306624839
0
0
0
0
0.00135207816
0.005285758354
0
0
0.008064526079
0
0.0177181424
0
0.03610191498
0.04176830047
0
0
0
0.01874578617
0.0181810192
0.03677099982
0.00E+00
0
0
0.02227616054
0
0
0
0
0
0
0.005128367859
0.0005745702023
0
0.04125945769
0
0.002331443457
0
0.03538092107
0
0
0
0
0.02633248108
0
0.04357456697
0
0.009272255696
0.006223426604
0
0.02676190759
0.01622293229
0.002528581993
0
0.03781182162
0.01440541334
0.01103431898
0.04390681822
0
0.01479706905
0.002275385133
0
0.0262991916
0
0
0
0
0.03085448388
0
0
0.01093515256
0.02835821495
0.02658200377
0.04237122266
0.02140982451
0.04465051134
0.01548282785
0.02222689854
0
0.009590523789
0
0
0
0.04036396954
0.01114968288
0
0
0.008622318669
0
0
0
0
0.001885868678
0.006855131896
0.01459626041
0
0.004549933672
0.02194988842
0
0.001078150905
0.02103557016
0
0
0
0.01381457908
0.002151924413
0.006008732983
0
0.02294262919
0
0
0
0.0237319208
0
0
0.00228102748
0
1.95E-02
0
0.03775472438
0.0139440018
0
0.03698119159
0.00177833355
0.0323464884
0
0.00744896822
0.003374061227
0
0.02972023742
0
0
0.01020008015
0.02465809026
0.002105759651
0.005577277
0
0.0195975909
0.0420823787
0.0002631728595
0
0
0.008851141106
0
0.01257490002
0.006083647116
0.04383579154
0.01660264546
0
0
0.006414912847
0
0.01807134355
0.007216962863
0.01761132226
0.02418442863
0.01269329347
0.002058398426
0.01178134747
0
0.008475510749
0.0202186495
0.010473798
0
0
0.03456088861
0
0.01070399868
0.01707864632
0
0.0371035754
0.01021571044
0
0.04222750703
0
0.009994768283
0.01739164613
0
0
0.003046134504
0
0.007623579092
0.00698103205
0.004457789418
0
0
0.004072064366
0
0
0
0
0
0.0419426873
0
0.03813184614
0.005202024566
0.02255368149
0
0.02952342839
0.009857010758
0
0.01239500993
0.04459043495
0.0009772033875
0.02251614063
0
0.0007572473962
0.0214085693
0
0
0
0
0.0126554223
0
0
0.001197541719
0
0.02919910587
0
0.01722434476
0
0
0.03083399767
1.52E-02
0.0198694753
0.03288956541
0.01759175548
0.002996472539
0
0.02574326135
0.005613312137
0
0
0.04195424168
0
0.002622661581
0.02676864743
0
0.02589905505
0
0
0.02969888875
0.01136946763
0.01149887408
0
0.03796936537
0.001347763469
0.03157230269
0.02019536078
0
0.05316342395
0
0
0
0.05370389813
0.03325079871
0
0.005812220561
0
0.0054629184
0.02641187564
0
0
0.009166833229
0
0
0.003267721604
0.05663574049
0
0.02449032718
0.01613921286
0.003090932618
0.03513860549
0.02144595334
0.01583492008
0.04074890021
0.00271468804
0.01844656359
0.009199130869
0.004318921066
0.002727126319
0
0
0.009159253592
0.03945137546
0.007749542886
0.01600270709
0.003739378398
0
0
0.003291057806
0.00E+00
0.02046589329
0
0
0.003600025102
0
0
0
0
0.01496270923
0
0
0
0
0
0.02421261375
2.33E-02
0
0
0
0.01763419344
0
0.002135874104
0.01771753226
0
0
0
0
0.02669682577
0.0170408653
0
0.03415695885
0
0.0208319883
0
0.00740731371
0
0
0
0
0
0.01894440463
0.005975187917
0.006976965317
0.02107101646
0
0.001415670152
0.01560862823
0
0
0.02515461713
0.0790525654
0
0.02559327456
0.008020004659
0.04795485426
0
0.06503013827
0
0.0252861566
0
0
0.01507924893
0
0.002175375917
0
0
0
0.03632869141
0
0
0.008233508492
0
0
0
0.05453856644
0.01113733448
0
0.0104800775
0.04914992958
0
0
0.0147159302
0
0.003596175508
0.005459635278
0
5.79E-02
0
0
0
0.02050964665
0
0
0
0.01022457966
0.01768962506
0
0
0.02100502754
0.04586476315
0
0
0
0
0
0
0
0.00E+00
0
0.02400881064
0
0
0
0
0.03288936409
0.01557573003
0.01768650118
0.00E+00
0.06530247303
0
0
0
0
0
0
0
0
0
0
0.01541506995
0
0
0
0.02637195119
0
0.07323135886
0
0
0
0.03066300198
0.01694992523
0
0
0.004729296023
0.05310660949
0.02311268422
0.04830142319
0
0
0.00333644435
0
0
0
0.01770072699
0.03174626756
0.01109181209
0.06136237202
0.02432120797
0.02841026379
0.03788942519
0
0.01004024269
0.01386061322
0.01421500189
0
0
0
0
0.01254925452
0
0.01559969076
0
0
0
0.02376561556
0.0164274288
0
0.01661681193
0
0
0.01661257952
0.05349878595
0
0.01471868981
0
0
0.0121359212
0.02340631917
0.02977562435
0
0
0
0.009232580352
0.01192943441
0.05951114536
0.05120816789
0
0.02497752108
0.03922785625
0
0
0
0
0
0.00E+00
0.01656282046
0
0
0.02871677389
0
0.01721104537
0
0
0
0.0210087818
0
0.009741188987
0.002376271592
0.000735493685
0
0
0
0.001125234626
0
0
0
0
0.01763992912
0.01026434742
0
0
0
0.03780481595
0
0
0
0
0.02107634321
0
0
0
0
0.006048432297
0
0.03528353462
0
0.008360616623
0.01772261121
0
0
0
0.02939050278
0
0
0.001609949026
0.004150208769
0.01333170563
0.03495581411
0
0.01692442516
0.007686655314
0
0.006917508983
0.01491611542
0.01913166477
9.67E-05
0.01632683448
0
0.006017014064
0.009763983946
0
0.02806867887
0
0
0
0.01992250315
0
0.01147974598
0
0
0.01589535612
0.01403042187
0
0.03305308858
0.01241735095
0.01888343952
0.01154402756
0.0007671066086
0.029110833
0
0
0.007307149313
0.01814899072
0
0.01856845477
3.75E-02
0
0.03302698988
0.02108909814
0.01383674196
0
0
0.01044016158
0.009816239841
0
0.006114891094
0
0.01622322774
0.03162750031
0
0
0
0.02289500078
0.0101971213
0.03710249798
0.003846180933
0.008184862304
0.03495444272
0
0
0.01651165721
0.01583099818
0
0
0
0
0.005313035676
0.0243089777
0.02303590646
0
0.001034479356
0
0.03231324519
0
0.006776931526
0
0
0.02014173418
0.01377531203
0
0.02905778742
0.02013095315
0.01315897276
0
0.02178471389
0
0
0
0
0.0151513348
0.03950839428
0
0.01435523392
0.004433237809
0.02896986833
0.01775357922
0.02461280357
0.01166925555
7.27E-04
0
0
0.02190449024
0
0
0.02761405535
0
0.02307266854
0.003482739304
0
0.01217011722
0.01266811887
0
0
0.01332294254
0.04209795069
0
0.007395655336
0.03163090605
0.02211839106
0
0
0.00141376169
0
0
0
0
0.05777376449
0.003503035645
0.007057680041
0.007387008438
0
0
0
0
0.002050162339
0.002729193199
0
0.004527086668
0.02452964721
0.05059535601
0
0
0
0
0.0189489321
0.008527104253
0.009426102041
0.03262300832
0
0.02927891305
0.003137430201
0
0.02017821198
0.007270200414
0.02101726071
0
0.003547358004
0.02358010053
0.0244308911
0.00E+00
0.004997850693
0.02327019801
0.01776539435
0.00548962418
0
0
0
0
0.02480654194
0.02458350713
0
0
0
0.0238122413
0
0.05342806009
0
0.02308688894
0
0.02439754925
0.01438601317
0
0
0
0.02871959817
0
0
0
0
0.008313423364
0.00260309465
0
0
0.02714046547
0.0105075174
0.0374940365
0
0.007046139319
0.0117981703
0.006713405296
0
0.02338324223
0.005731407186
0
0.02705381207
0.02012552891
0.0118812488
0
0.03388498125
0.01039867484
0.02106806796
0
0.0006384314181
0.02223278341
0.0007535875647
0
0.02769745529
0.02107579685
0.01245682425
0
0.01140968814
0.01206000783
0
0
0
0.01230008734
0.01910993284
0.01860608278
0
0.009556353742
0
0.007552165021
0
0
0
0
0.002074932089
0.01546006621
0.001016312201
0.009755551868
0
0.01480916025
0.007603783023
0.01251561352
0.03035699512
0.03087485997
0.01113642113
0.03152201285
0
0.01225767863
0.01032895724
0
0.03463268936
0.005291376225
0
0
0
0.01673595975
0
0
0.02270691109
0.005691705895
0.0414594293
0.03523017874
0
0
0.01070775124
0.02638946406
0.02491140207
0.009835761068
0
0.01264274579
0.03117186733
0.01090110735
0
0.009414662568
0
0.03465137363
0
0.004132600239
0
0.003483770485
0.0009848894866
0
0.000104543339
0.03999128883
0.03985209321
0.01345668799
0.02483292542
0.007815398063
0
0
0
0.002876889
0.0170700487
0
0.01388204353
0
0.03089414864
0
0
0.02066367356
0.04543944444
0.03053998971
0
0
0
0
0.03817066261
0
0
0.02131096717
0.003349783211
0
0
0.02615750848
0
0
0
0.03242877811
0.01014876947
0.0250267331
0.01741352145
0
0
0
0
0.03000095584
0.02723006265
0.01362385693
0
0
0.02616131489
0.03251455497
0.05726904358
0
0
0
0
0
0.03457008247
0
0.00E+00
0.04543770562
0
0
0.01737665922
0
0.02850202817
0.005934701622
0.02985756903
0.02429223553
0
0
0
0
0
0
0
0.00976780313
0
0
0.009465164009
0
0
0
0.01898537844
2.16E-02
0
0
0.03579871147
0
0.00760799033
0.00483245633
0.01479762789
0
0
0
0.04296348318
0
0
0
0
0
0
0
0
0
0.001381835726
0.005479091845
0.01680547516
0
0
0.001272000821
0
0.01831769675
0
0.003074277273
0
0
0.0001821789943
0.01318031839
0
0.0001223198176
0.03649340008
0
0.02979684729
0.02505387294
0
0.007282134992
0.01850267214
0
0.00114960211
0.01491539067
0.01001507418
0
0.01230389939
6.21E-03
0.02247361038
0
0.002475026514
0
0
0
0.009086119252
0.02150459133
0.01468989998
0
0
0.01048192512
0.02705354454
0
0
0
0
0
0.008518006202
0
0.01823140359
0.03046603781
0.0052808294
0.01409796342
0.02860276434
0
0.02974203371
0
0
0.03935762858
0
0.0241934916
0
0
0.017404695
0.03592600125
0
0.0249353285
0
0.009200323513
0.01845662078
0
0.0295542781
0.01249457457
0
0.004102510626
0.01784278561
0.02800774271
0
0
0
0.05175313943
0
0.04160066895
0
0.02515319447
0.008826811237
0.03035995733
0.02765985952
0.007183063433
0
0.02798602875
0
0.01461467197
0
0.03914197319
0
0.03105221617
0
0.002416187777
0
0
0
0.05883136289
0.06581201632
0
0.006957106722
0
0.04386460489
0.01721569236
0
0.03449302631
0.04690377936
0
0
0
0.002038225888
0.003515811956
0.03017279579
0
0
0.01739218137
0
0
0
0
0
0.006036122853
0
0
0
0
0
0.001560910372
0
0.0252403285
0.05040978768
0
0
0.001950879232
0.02148112787
0
0.01244974168
0.02423554981
0.01041578916
0
0
0.05368906149
0
0
0
0.0367751915
0
0
0
0
0
0
0.007208611349
0
0.04076785765
0
0.001609883384
0.01553994704
0.000557667833
0
0.04228953839
0
0.07571741313
0.03248320626
0.0140675386
0
0.006252056891
0
0
0
0
0.01502253803
0
0
0.008888655318
0.001453045468
0
0
0
0
1.91E-02
0.04162233981
0
0.011119479
0.0118086778
0
0.03910691792
0.01045456305
0
0
0
0.002996542962
0
0
0
0.03661065404
0.05042621552
0
0.006647727715
0.01972605212
0.02513089803
0.01998464118
0.01023489699
0
0.02085657591
0
0
0.05816662982
0
0
0.005389707599
0
0.00246550417
0.03916821585
0
0
0.03589083189
0
0
0.02695032458
0.04532885999
0
0.006767301124
0.01979114878
0.03567609479
0
0
0
0
0
0
0
0.03576336366
0.001461700131
0
0.04558122532
0.02718269778
0
0
0.003423733215
0
0
0.003015464619
0
0.0116337676
0.02513356446
0
0
0
0
0.01081197941
0.003767642333
0.00359640311
0.01511185139
0
0.05123862475
0.007036016391
0
0
0.001851071969
0
0
0
0
0.06002187603
0
0.00E+00
0.002846194366
0.01684877493
0.01694914745
0
0.005595956592
0
0
0
0.01821507766
0
0.02272000717
0
0.03157141014
0
0.04828297006
0
0.004018309683
0
0.05397611583
0
0
0
0.00413623093
0.01029664621
0
0
0
0
0.04218328358
0.07295696517
0
0.007544339993
0
0.0424023057
0.006469022555
0.06157534429
0
0.02346580397
0
0
0.02621632153
0
0
0
0
0
0.01908550321
0
0
0
0
0
0
0.07147699923
6.52E-05
0
0.03645199435
0.03563675387
0
0
0
0
0
0
0
0.07273056127
0
0.01643865354
0.003468431184
0.009985420515
0
0
0
0.02835913061
0.01192350044
0
0
0.03305969471
0.04509979811
0
0
0
0
0
0
0.0009177827162
0.001257519384
0
3.92E-02
0
0
0
0
0.0341180115
0.01696709057
0
0
0.04827808532
0
0
0.02712395514
0.00339385779
0
0
0
0
0
0.009251049111
0.008377278136
0
0
0
0.03508993322
0
0.05599765024
0
0
0
0.02725111814
0.01591565105
0
0
0
0.03066896342
0.005305171828
0.02148427678
0
0
0.03217569392
0.02437335596
0.00E+00
0
0.04179349371
0.03746797994
0.04790209188
0.0147159298
0
0.0517796965
0
0
0.04037878463
0.04185268624
0
0
0.005799316889
0
0
0.05549583985
0
0.003510766032
0
0
0.01133500705
0.005700571994
0.001053507634
0.0006518218828
0.01879505436
0.0310180196
0
0.008711742689
0.03176981112
0
0
0
0
0.02422680782
0.03963285571
0.01453848425
0.01114604924
0
0
0
0
0.03093369005
0
0
0
0
0
0.01215470729
0
0
0.02991049367
0.002073365569
0.01348070743
0.01969235694
0
0
0.0214124412
0.02092745687
0
0.001706661274
0
0
0
0
0
0
0.005070879962
0
0
0.05550468168
0.01982844908
0
0
0.003852707441
0.02679243634
0.01191314572
0
0.0081180302
0
0.02753345881
0.02626101538
0
0
0
0.009549534382
0
0
0
0
0
0
0
0
0
0.01626587478
0
0
0.02026888022
0.01948880426
0.03246001877
0.01326821318
0.002446058439
0
0.01038623523
0
0
0
0.01146286906
0.00E+00
0.02354197574
0
0.006995528049
0.04000450994
0
0
0.001175166359
0.03133329057
0
0.003995110604
0
0.02376792093
0
0.007367096675
0.01463723171
0.006515350845
0.01788135323
0.003089148061
0
0
0.009798842597
0.01734763327
0.02307156673
0
0.01913703274
0.03038369972
0.01383330551
0
0
0.05029930506
0.01999137135
0
0
0
0
0
0
0.01669535825
0
0.01586719478
0
0.01632514335
0.03414038499
0.02245896655
0.01408052965
0
0
0
0
0
0.02164265607
0
0.03248142405
0
0.02736607169
0.01663275686
0
0.02369805902
0.00889437019
0.001137399376
0.02444135754
0.03503961449
0.02996404985
0
0
0.008393533113
0.0459230637
0.008366926135
0
0
0
0
0
0.01940646759
0
0.0131077632
0.005515684443
0
0.04361092106
0.01671318164
0
0.00788372879
0.02901920505
0.04419078374
0.02566257977
0
0.01277589233
0
0
0.01164242199
0
0.01213221653
0
0
0.0381476998
0.01375418506
0.009218824979
0.05770218591
0
0.002828608352
0.02111067764
0
0
0.02207091198
0
0
0.01869887488
0
0.02041019136
0
0.01752850168
0
0
0
0
0
0
0.01789766702
0.02118576969
0.03049465033
0.00849805246
0
0
0
0
0.0439934051
0.02834524219
0
0
0.01711736347
0.03442281561
0.03402557099
0.04138022062
0.02976588041
0.005521341807
0.02327646672
0
0
0
0
0
0.02384581524
0
0.04419113979
0
0
0.05277003693
0
0.01173906275
0.0142276952
0
0
0
0
0.02761751285
0
0
0
0
0
0.001340475871
0
0
0
0.005814757539
0.03176979834
0.007604308478
0
0.002468449013
0
0.02807913283
0
0
0
0
0.006231668438
0.0156170785
0
0
0
0.03386486078
0
0
0.008544180906
0
0.02184416962
0
0
0
0.02740084719
0.04142602968
0.008091891631
0
0
0
0
0
0.01060881773
0.01919399997
0.00E+00
0.01685929793
0
0.00480320221
0.05253607792
0.002539400285
0
0
0.02657229158
0.001260420906
0.003774332604
0.0018582752
0.03174905831
0
0
0.02536483329
0
0.001585391861
0.02409269238
0
0
0.02299420249
0.009693055049
0.0218943472
0
0
0.03318687855
0.004944461889
0
0
0.0588559495
0.01285934931
0
0
0
0
0
0
0.002929796888
0
0.02908639804
0
0.01858094401
0.0301023148
0.03224162039
0.0162501025
0
0.003819790657
0
0
0.01708170688
0.02268294143
0
0.01117185978
0
0.04059095381
0.01680360077
0
0.01153879275
0.01902051354
0
0.01076660392
0.04098204597
0.0208783313
0.01056450858
0
0.01653758126
0.03229062521
3.55E-05
0
0.009591715131
0.003614332322
0
0
0.01122713984
0
2.16E-02
0.01016388386
0
0.02513582926
0.0175524375
2.65E-03
0.00E+00
0
2.81E-02
0.002906547189
0.007215650884
0
0
0.02051798025
0.03605870524
0.05192426063
0.00840728265
0.009437022709
0
0.0148968628
0
0
0
0.04134828017
0
0.034502395
0
0
0.04359259803
0
0.01583803326
0
0.01414870699
0
0
0
0.03594726192
0
0.02021089801
0.001808665898
0
0.02399118704
0.0548797262
0
0.006836515409
0.02014597346
0.008999051797
0.03857926794
0
0
0.0359175704
0.00E+00
0.004634417731
0.01043361939
0.05907425519
0.02160647602
0
0
0
0
0.00E+00
0
0
0.01775659239
0.005599270944
0
0.01265071673
0.009313951859
0.001990949819
0.01920310087
0
0.00842568039
0
0.00272012135
0.03805643021
0
0
0.005354281923
0
0.0432633757
0
0.0151998399
0.01799547067
0
0
0
0.02526463921
0.02463709253
0.01971704597
0
0
0.001030955934
0
0.008284714282
0
0
0
0.002451987902
0.007146136636
0
0
0.01649138017
0
0.01320035099
0.01224160419
0
0.00E+00
0.01007404072
0
0.0261436701
0.01459597006
0
0
0.01648461935
0
0
0.003345841615
0.03893433885
3.59E-02
0
0
0.01968046916
0
0.006827152787
0.006460116302
0.02910724332
0.02895272196
0.005464583393
0
0
0
0.03108033639
0.0237364242
0
0.01609956339
0
0.01148857873
0
0.0248368231
0.008100529776
0
0.03426708831
0
0.000625540656
0.02392784844
0
0.01101389267
0.007541040248
0
0.02493333128
0.003035676655
0.01538108555
0
0
0
0
0
0.025010748
0
0
0
0.009958229483
0
0.04649359075
0
0.01902282377
0.02383658917
0.01627225409
0
0.02801975073
0.01160745345
0
0.01923938359
0.0269392085
0
0.01575587464
0
0.01950551986
0.04105983572
0
0
0
0
0
0
0.02162007105
0
0
0
0.007825797228
0.01837207763
0
0
0.02446260351
0
0.02072769123
0.04466587706
0.008872384564
0
0
0.004942376271
0.01942045809
0
0.003446019151
0.03212643886
0
1.28E-02
0.001495890172
0.02922183934
0.06418059968
0
0
0
0
0
0
0.01533710419
0.04646930532
0.02181577621
0
0.001228364952
0.01937210227
0.00985228238
0.004523933957
0.01197287503
0.02909096737
0.03488528376
0.003931644281
0.001889600393
0.00254519217
0
0.0203056403
0
0.01886283405
0
0
0.0154213306
0
0.01908533279
0.0004219255854
0
0.02299562656
0.01097327947
0.007066206499
0.0629534708
0
0.01525608406
0.001896752249
0
0
0.01053190123
0
3.96E-05
0
0.0008705304881
0
0
0.02599743896
0.008736700675
0
0
0.007241463042
0
0.03696176577
0
0.0338296272
0.008752220489
0
0
0.02160830233
0.002916619442
0.007016888002
0.006274848515
0.05125931532
0
0.0154032302
0
0
0.008815348788
0
0
0
0
0.006263658208
0
0
0
0
0.02341585378
0
0.03399555649
0
0
0.04227760039
0.0008191760336
0.03889222851
0.02528674209
0.02021050219
0
0
0.03052638571
0.005412422297
0
0
0.03359285898
0
0
0.01371216105
0
0
0
0
0.02792021782
0.04004261346
0.02497819234
0.01028447907
0.008476536427
0.01318388872
0
0.07454331587
0
0.02418835871
0
0.00E+00
0
0.03170595053
0
0
0.00059207004
0
0
0
0
0
0.00114100098
0
0
0.03604213071
0.0457333372
0
0.03343367813
0.007415318853
0
0
0
0
0.02966175489
0.01360412377
0
0.04091150515
0.03101514081
0.0452296374
0
0
0.02146428729
0.05868856045
0
0.02384411016
0.02010456486
0
0
0
0.01762498959
0
0
0
0.003180142405
0
0.002703490007
0
0
0.01657288208
0
0
0
0
0
0.06274038962
0.001909236784
0.0270587461
0
0
0.02343943692
0
0.01808811266
0.01148431647
0
0.004918412878
0
0
0
0.04722011837
0
0
0
0
0
0
0.01487305287
0
0
0.006808880523
0
0.0537121461
0
0.009748711933
0
0.007484042779
0
0.01155164276
0
0
0.01376424725
0.00764859164
0
0
0.03119265576
0
0.02811026028
0
0
0.02221850915
0
0
0.003523468905
0
0.01370289033
0.03495323464
0.003346441745
0.01342148007
0.03808226186
0
0
0.03252027291
0
0
0
0.01101343637
0.008441582165
0
0.01610434232
0.01744040519
0.0006856291604
0.03183101752
0.008281363501
0.00274264605
0.02624753697
0.00489888387
0.04003120436
0.002076583625
0
0
0
0.0003561838121
0
0
0.01281486967
0
0.004312605281
0.006670910032
0
0.02198573704
0.0244377481
0
0.0078945639
0.02366841265
0
0.01258914465
0
0
0.0361892202
0
0
0
0
0.01195542209
0.04334847966
0
0.01564144296
0
0.0055036147
0.01446321596
0
0.03277399018
0
0
0
0
0.02463625036
0
0.002755678459
0
0.04363715447
0.02069293989
0.02802219731
0.009633358743
0.003965888924
0.0130836411
0.02446801068
0.0206777454
0.01486551859
0
0.02424329398
0.002638609118
0.01241683452
0.009170090447
0.03917259595
0.003912104204
0.06296455129
0.05991763385
0
0.007109637774
0
0
0.007998846561
0
0
0.05185404051
0
0.0554303386
0.003468299818
0.01428552667
0.01083965457
0.004076129127
0.01156064098
0.0236911264
0.04120476009
0
0
0
0
0.007728386608
0
0
0.006558569435
0
0
0
0.03087139053
0
0
0
0
0
0.04651730415
0
0
0
0
0
0.02873168331
0.04970003667
0.002848125534
0
0
0.01290184701
0.01687840204
0.08436004701
0.03738256062
0
0
0.01633423641
0
0.02298950655
0
0
0.02569689486
0
0
0.02952518025
0
0.03917919169
0.01196205456
0.04995930079
0.00718836988
0
0
0.01171115179
0
0
0
0.002038125965
0
0
0
0
0
0
0
0.004049578202
0
0
0
0.009200142155
0
0.004882195232
1.41E-02
0.02327670991
0
0
0
0.04514813245
0
0
0
0
0
0
0
0
0
0.006385873316
0
0
0.04051232782
0.02074936718
0
0
0
0.008119376659
0.02904025922
0
0.03661716476
0.02146923396
0
0
0.00400944192
0.02967241312
0.007449578862
0.03725635693
0.004304293992
0
0
0.01672087035
0
0.001731353405
0
0.003006128793
2.53E-03
0
0
0
0
0.003966647615
0
0
0.03354113748
0.03077209048
0.02054029148
0
0
0
0
0.0008802167104
0.009325969742
0.003530653565
0
0
0.04688911922
0
0.01498314896
0.01449010002
0.04015393085
0
0.001030787417
0.01692025567
0
0
0.009464163465
0
0.01759807767
0.03343857938
0
0
0
0.01358407907
0.03985836709
0.01768362402
0
0.04519560323
0.04116329236
0.003617904179
0
0.03569317462
8.92E-05
0
0
0
0.02399994338
0
0
0.01105551947
0.02846563426
0
0.01582757922
0.0003681521996
0
0.02158237501
0.02952526036
0.008365169291
0.01988291975
0
0.01362779297
0.02679166223
0.01228431552
0.02424337485
0
0.003521646972
0
0.01710720272
0
0.009892127478
0.02580179749
0
0
0
0.04187708197
0
0.03451856849
0
0
0.03919814678
0
0
0.01848864879
0.01678031762
0.01752679286
0.008398725615
0.01197411081
0
0.04058207072
0.01564201975
0
0.02978877734
0
0
0
0
0.01148923091
0
0.008819476318
0.01248815581
0.03232406938
0.04656151024
0.007965834831
0.03286899434
0.01126532686
0
0.0413747455
0
0
0
0
0.0002208126603
0
0
0.03306730374
0
0
0.0220446312
0
0.004904127766
0
0.0142804373
0.0248855783
0.01783216652
0
0.00118955374
0.00297729025
0
0.0135546916
0
0
0
0
0
0.02725593673
0
0.009859611966
0
0
0.007023417582
6.42E-03
0.01585589047
0
0.001160042559
0.003456654429
0
0.0239769665
0
0.02082760882
0.00E+00
0.01748494282
0.04507183086
0.02590693158
0.01290915204
0.001287850768
0.01350458355
0
0.02714765431
0
0
0.01738880804
0
0.002485180922
0.012424817
0.03733550174
0.02399735368
0
0
0.0228046331
0.004038064055
0.02828985939
0
0
0
0.003985169444
0
0.009253303714
0
0.007626962233
0
0
0
0
0
0
0.006355746947
0.01514615835
0
0.00130416016
0.02018644818
0.003676014863
0
0.02201376536
0.02781804506
0
0.02156651888
0
0.01362063557
0.04522758569
0
0
0.02072617045
0
0.02981726779
0
0
0.023151896
0.005281648502
0.003173714792
0.007698136698
0
0
0.009334174619
0.02546767502
0.002670661523
0
0
0.04728686356
0.02118568169
0
0.01094764167
0
0.03842712818
0
0.01795766879
0.01071682002
0.02974998596
0
0.01037654926
0
0
0
0
0.006690806695
0.01229987434
0
0
0
0.02427231859
0
0.0419534855
0.008672893633
0.04289368609
0.03133689093
0.02787898916
0.02977881608
0
0.02615765013
0.009748776848
0.0362257186
0.01183252034
0
0
0.001027619375
0
0
0
0.01116892112
0
0.002097474943
0.01329138922
0.01428142918
0
0.04550518646
0.01200544354
0
0.01971536102
0.009096614307
0.01758973412
0.02696012068
0
0
0.02205370115
0.00686580514
0.001096833189
0
0
0
0.01782914028
0
0.04140775425
0.009447846315
0
0.003684131341
0
0.007833009014
0.03352933427
0.01573802948
0
0.005990837377
0
0.02422115449
0.0111820265
0.0283418025
0.006250109308
0
0
0.01781953445
0
0
0.02706836462
0.0170786698
0.01499240464
0.03193928776
0.004369625988
0
0.01835099656
0
0.01110452575
0
0.001498914216
0
0.02763104262
0.0003762520044
0.003893481564
0
0.007821003907
0
0.02007337223
0
0
0
0.03116392444
0.02339689337
0.01344899533
0.001386941521
0.02846683876
0.00066607171
0
0.02939151892
0
0.01419947018
0.02721629649
0.01758022423
0.01153572668
0
0
0.02129413765
0.01544863707
0
0
0.02827216678
0
0
0.01455030536
0
0.03082771517
0.007587564977
0.03457598771
0
0
0.01896281483
0.02311168029
0.02715707246
0
0.004697776619
0
0
0.02622591051
0.008742127446
0
0
0.01227996045
0.01496242022
0
0
0
0
0.03017978856
0
0
0.0168115137
0.02388742633
0.01926989629
0.002994806533
0.01346920658
0.0009559088886
0
0
0.001825333465
0
0.02956548691
0
0.03604713293
0.002754451945
0
0.02232385173
0
0
0.0117349936
0.03661245693
0
0.02482802449
0
0.02230250868
0
0.02590661158
0.01422174817
0
0.02583700828
0.009812281957
0
0.0005430555451
1.84E-02
0.02011937961
0.03238514482
0
0.01224401917
0.02111674259
0.01779453913
0
0
0.0372972026
0.01862285138
0
0
0
0
0
0
0
0.02859320335
0.01509252242
0.002261666413
0.02955930303
0.02895806742
0
0.02507442051
0
0
0
8.07E-05
0
0.01485619951
0
0.03028746088
0.02180812898
0.002825889994
0
0
0.02597967159
0
0
0.01969413595
0.02071327101
0.03266003182
0
0
0.01373009736
0.0193669935
0
0.009893344525
0
0.001256070072
0.001785265537
0
0
0
0
0.02535092817
0
0.03303843613
0.03187359967
0
0.01539462714
0.01257079657
0
0
0.002114205846
0
0
0.00806457792
0.01301612921
0.01979841967
0
0.007254869987
0.006041179201
0.002285631223
0.02053413452
0
0.004639225408
0.00743848629
0
0
0
0.04284100677
0.00693542442
0.03554262217
0
0
0.02766732259
0
0
0
0.008214170984
0.0002354402081
0
0.01145119399
0.01106343593
0.008651822523
0
0
0.002470805319
0
0.02583989311
2.32E-02
0.01240760597
0.03181024237
0
0.003032744955
0
0
0.01107456281
0
0
0
0.01623939151
0
0.01093818683
0.01047228543
0.04513228224
0
0.002050645806
0.01862018155
0
0.03209963245
0.006052187379
0.002224413093
0.03712022467
0
0
0
0.00E+00
0.03941582748
0.01746637477
0.03571523301
0.01117229823
0.01742491557
0.04196836381
0
0
0.03488789559
0.01555206609
0
0.002891693659
0.007399110334
0
0
0.001311951855
0.02907580953
0.0349101942
0
0.004331189743
0.01348751942
0.001982853547
0
0.0349990391
0
0.03188460508
0
0
0.03906420606
0.02843782314
0
0.009456985054
0.01939178775
0
0
0.0009364354911
0
0.002310144668
0
0
0
0.04050535162
0.002144381589
0.03031037753
0
0
0.01891444132
0.007664803797
0
0.004444553825
0.02875992664
0
0.01937170242
0.04500273438
0
0.0003309059537
0.03516409731
0.006555307272
0.02024294548
0
0
0.02247592753
0
0
0.02093448314
0.01103577268
0.01268351697
0.0116678988
0.0181888508
0.01947979205
0.01902141216
0.005019939379
0
0.01642712216
0.0008850213594
0.02905623901
0
0
0
0.03519033351
0
0
0
0
0
0.001600170112
0
0
0
0.02689439182
0.0070429046
0.01797604278
0.0309241056
0.04012114236
0.004714138362
0.01764256741
0
0
0.002232147299
0
0.03295524608
0
0
0
0.0006162200889
0.01072990267
0
0.003561280885
0.02511332812
0
0.04013661703
0.04229984411
0
0.000341868921
0
4.17E-02
0.03235537977
0.002148233936
0.01100395906
0.009132476646
0.03605955548
0
0
0.0006731375363
0
0.03556072067
0
0
0.003267205057
0.01225083123
0.005418675138
0.00145998117
0
0.0105586553
0.02786942399
0
0.009061183674
0.04645567163
0.03484914642
0.0123153855
0
0.004110968293
0
0
0.04684179748
0
0.05031067428
0
0.01589216309
0.003393263832
0.03325947206
0.04889795742
0
0
0
4.20E-02
0
0
0
0
0
0
0.02523386369
0.06142635367
0
0
0.01246221561
0.03795968712
0
0
0
0.002602858206
0.007627521085
0
0
0
0
0
0.02796498597
0
0.05152521238
0.06036488653
0.03509013402
0.002220843185
0.005005109992
0
0
0
0.0336137597
0
0
0
0
0
0
0
0.02653372261
0
0
0.01543977765
0
0
0
0.0176896842
0
0
0.0385970733
0.03199855983
0
0
0
0
0.002841484665
0
0
0
0
0
0.02194580338
0
0
0
0.04052150986
0
0.03682542033
0
0.005761281931
0.002780768615
0
0
0
0.01011004122