3e-05 0.00181 3.5e-05 1.5e-05 0.00212 0 4e-05 0 0.00022 0.00134 3.5e-05 0.004135 0.00308 6e-05 0 0 2e-05 1e-05 0 5e-06 0.009985 0.002605 0 0.00027 0 0.000865 0 0 4.5e-05 2.5e-05 5.5e-05 0 4e-05 0.001875 3e-05 8.5e-05 0.00018 2e-05 0 0.002955 0 0.01159 0.00341 0.00015 2.5e-05 1e-05 6e-05 0 0.01391 0.005675 2e-05 0 7e-05 0.00489 0.00028 0 5e-05 0.00278 0.00322 0.002195 0 0 0.00012 4.5e-05 5.5e-05 0.008865 0.002755 4.5e-05 3e-05 0 0.004055 0.0008 2.5e-05 0 1.5e-05 6.5e-05 0.00076 0 0 0.00465 4.5e-05 0 0 1.5e-05 5.5e-05 4e-05 0 5.5e-05 3e-05 0.00033 0 0 0.01188 5e-05 0.00356 0 0 0 4e-05 0.01055
0 4e-05 0 0 4.5e-05 0 0.008815 0.003785 0 1.5e-05 2e-05 3e-05 0 0 0 0 0.00929 0.006625 3.5e-05 0.00308 0 0 2.5e-05 2e-05 0 0.006615 0 5.5e-05 3.5e-05 5e-05 0.00013 5e-05 0.00491 1.5e-05 3.5e-05 2.5e-05 6.5e-05 0 0 0 0 0 0 4e-05 0.002325 7.5e-05 1.5e-05 0 3e-05 0 3.5e-05 0 0.00019 2.5e-05 0 0.0048 1.5e-05 0 5e-05 7e-05 2e-05 0.00213 0.01197 0.00058 0.00329 3e-05 2.5e-05 4.5e-05 2.5e-05 0.001075 0 5e-05 2.5e-05 0 0 6e-05 0.000285 3.5e-05 0 3e-05 2e-05 1.5e-05 0.003265 7e-05 4e-05 0.000915 0.00019 4e-05 2e-05 0 0.003405 0 2.5e-05 0.017195 5e-05 2.5e-05 3e-05 0 0.00561 4e-05
0.00687 0 0 4e-05 0 0 0.003845 4.5e-05 0.0086 0.000225 1.5e-05 0.001295 5e-05 0.0005 1e-05 0.00155 0.01233 0.01305 0 3.5e-05 0 0 1e-05 0.008065 0.00688 0 0 0.000235 0 2e-05 0 3.5e-05 0.0001 0 0.00036 0 0 0 0.00396 0.000995 3e-05 2e-05 0.0004 0 6e-05 1e-05 0.00161 1.5e-05 1e-05 0 3e-05 0.010175 3.5e-05 0.005315 0.006245 0 0 2.5e-05 3e-05 0.003575 0 0.00179 0.00165 6.5e-05 0.00514 3.5e-05 2.5e-05 4.5e-05 0 0.00685 0 0 0.002505 0 0 0.00913 2.5e-05 1.5e-05 0 0.00103 0.000715 0 0.00416 0 0.001395 1.5e-05 1e-05 0.00917 0 2.5e-05 2.5e-05 4e-05 5.5e-05 0.003055 0 0 0 0 0 2e-05
4e-05 4.5e-05 2.5e-05 0.005005 0.01015 0.00192 0 0 0 0 1e-05 4e-05 0 2e-05 0.007545 0 2e-05 0 0 0.00857 0 2.5e-05 0.003755 4e-05 0 0 0.012355 0.00362 0.000605 0 3.5e-05 0.001215 0 0.01469 6e-05 1.5e-05 0 5e-05 0 5.5e-05 0.006165 0.000315 0 0 0 0 0.002145 7.5e-05 0 0.002095 0.00304 0 0 0 5e-05 0 2.5e-05 0 5.5e-05 4.5e-05 0.000245 2.5e-05 0.0081 0.007045 2.5e-05 0.006765 0 0 0.00249 0 0.001655 0.001025 3e-05 2e-05 2e-05 3e-05 0.003705 0.000525 0 0 0 2.5e-05 4e-05 0.010255 2.5e-05 0.00041 4.5e-05 2.5e-05 3e-05 6.5e-05 0.001375 0.00049 0 2e-05 0.013675 0.000185 1.5e-05 0.00202 5e-05 5e-05
0 0.00045 3e-05 0 0.008115 0.00246 7e-05 0 0 0.0035 0 0.01315 0 0 0.00026 5e-06 4e-05 5e-05 0.00125 5e-05 3e-05 4.5e-05 0.00066 0.00025 0 0 0.00222 0 0.001065 1e-05 3.5e-05 0.00397 0.0037 2e-05 9.5e-05 0 2e-05 0 2.5e-05 4e-05 0 4e-05 0.00137 2e-05 0 5.5e-05 0.000905 0.001545 0 0.01288 0 0.013485 0 0.007425 0 3.5e-05 0 0.000425 0.006335 0.00052 0 5e-05 0.001505 2.5e-05 0 3e-05 0.00332 3.5e-05 0 0.00799 0.00181 0 4.5e-05 2.5e-05 0.004065 0.00664 0.00558 1e-05 0.000345 0 4e-05 0 2.5e-05 0 0 1e-05 4e-05 3e-05 0 2.5e-05 0 2e-05 0 3.5e-05 2.5e-05 3.5e-05 0 0.011955 0 4.5e-05
0 0.002775 0 2e-05 0.00398 0.00689 0.006615 8.5e-05 0 0 3e-05 3.5e-05 0 3.5e-05 0 3e-05 0.0007 0.000525 0.00634 0.00902 3e-05 6.5e-05 0 0.00011 0.00166 0.00113 0 2e-05 4e-05 2e-05 0.000315 1e-05 0 0 0 0.008685 0 3e-05 0 0 4e-05 1e-05 0.005255 0 2e-05 0.008695 3.5e-05 3e-05 0.00105 2.5e-05 0 0.00279 0.00609 0.000195 0.01087 0 3e-05 0 1e-05 0.00193 0 0 7e-05 0 0.006235 0 0.00475 2e-05 0 0.003825 0 0.00542 0.00056 0 0 2.5e-05 0.00019 4e-05 0.0026 0 0 0.00692 0 4e-05 0.01033 1.5e-05 3e-05 5e-06 0 3.5e-05 0.002895 0.009105 3e-05 0 2.5e-05 0.00474 2.5e-05 0 0.00257 2e-05
0.000675 0 0 0 0.00642 0.00178 0.00587 5e-05 0.004245 0 2e-05 2e-05 0.00011 4.5e-05 4e-05 0.004945 0 0.007055 0 0.001235 0.00042 0 6e-05 0.011415 0.002755 0 3e-05 0.002 0 1e-05 3e-05 0.011625 8.5e-05 3e-05 2e-05 4.5e-05 0.000405 1.5e-05 7.5e-05 0 1e-05 0 0 0 0 2e-05 0.00033 5.5e-05 0.005485 0 5.5e-05 0.000605 0.00229 0.00126 0 8e-05 0 0 2.5e-05 5e-05 2.5e-05 0.003885 0 3e-05 0.001055 0.00038 0 0.001045 0.00262 0 0.004405 5e-05 0.0054 0 0.00173 0 0 4e-05 0 0.00018 0 0.007425 0 0.00145 0.01532 0 0.002215 0.01017 0.00388 0 5e-05 0.000425 0 2e-05 0 0.015305 0 3e-05 0 4e-05
0.001655 3e-05 0 4e-05 1e-05 5.5e-05 2e-05 0.014375 3e-05 2.5e-05 0.000775 4.5e-05 0 0.003005 0 0.00403 0.01503 0.00662 3e-05 3.5e-05 0 3e-05 0.00218 3e-05 0.000335 5e-05 4e-05 4.5e-05 0 0.020615 2.5e-05 4.5e-05 0.007325 0 0 0 2.5e-05 0 0.00152 0.00018 0 0 0 0 0.00023 0 0 2.5e-05 0 4e-05 0 8e-05 0.017035 1.5e-05 0 1e-05 0.0064 3e-05 2e-05 2.5e-05 0 4e-05 5e-05 0.00428 0.00726 2.5e-05 0 3.5e-05 1e-05 2e-05 4.5e-05 0 0 0 0 0 2e-05 0 5e-05 0 0 0 4e-05 0 0.00046 1e-05 2.5e-05 5e-05 0.000705 0 4.5e-05 0 0 0.00504 0 1e-05 6e-05 0 0.005665 0.0027
4e-05 0 0 0 3e-05 0 0 2e-05 0.00097 3e-05 3.5e-05 0 5e-05 0.018315 2e-05 0.010915 0.00729 4e-05 0 3e-05 0.00799 0 0.00028 0 0.002005 1e-05 0.00475 0.000185 1.5e-05 0.01155 3.5e-05 7.5e-05 2e-05 6e-05 2e-05 5e-05 5.5e-05 0.0009 1.5e-05 0 0 4.5e-05 1.5e-05 0 0.007795 0 1e-05 0.0013 0 0.008315 0 5.5e-05 0 0.000185 2e-05 3e-05 0 0 3.5e-05 3.5e-05 0 0 0 0 0 0 0 4.5e-05 0.00743 0 0 0 2.5e-05 2e-05 2e-05 0.003045 0.00054 0.014595 0 4e-05 0.001365 0 3.5e-05 0.010825 2.5e-05 0 0.00285 4e-05 0.010455 0.00372 0 0 0.00999 0.013995 1.5e-05 5e-05 5e-05 0.00031 1.5e-05 1.5e-05
3e-05 0.00284 0.01043 5.5e-05 0.006915 0 0.0014 2.5e-05 0.0011 5e-05 1.5e-05 0.00446 5e-05 0 0 2.5e-05 0.00497 3.5e-05 4e-05 4e-05 0 0.01113 2e-05 0 5e-06 0 0.00107 0.000155 0.01152 0 0.002315 0 0.005935 0 0 0.002225 0 0 0 0 0.000275 0 0 3e-05 0.001155 5.5e-05 4e-05 0 0.00731 0 0 0.004825 0.004975 4e-05 0.01129 0.006735 4.5e-05 2e-05 0 4e-05 0.00322 0.00025 5.5e-05 0.00369 0 3e-05 3.5e-05 0 0.00841 0.0001 1e-05 0 0.006805 4.5e-05 0 0.0092 0.00076 6e-05 0 0 0 0 0 2.5e-05 5.5e-05 0 0.004645 0.00369 2e-05 4.5e-05 4e-05 0.000375 0 4e-05 0.001515 0 0 1.5e-05 2.5e-05 0
4.5e-05 0.000195 0.000525 1e-05 0 0 2.5e-05 0.01389 0.01006 3.5e-05 3e-05 0.011625 2.5e-05 0.002655 0 0 4.5e-05 6e-05 7.5e-05 0 3.5e-05 0.001975 0 4e-05 0 0 5e-06 2.5e-05 0.00136 0 0 3e-05 0.00041 5e-05 0.00323 3.5e-05 0.000555 6.5e-05 6e-05 3.5e-05 0.00712 0 6e-05 0 0 0.0006 1e-05 2e-05 0.003185 0 0 0.00468 0.01383 2.5e-05 0 0 5.5e-05 3e-05 0.00159 3e-05 0 2.5e-05 0 3e-05 0 0 0.000775 0 0 1e-05 2.5e-05 1e-05 4.5e-05 0 0.00464 4.5e-05 0 0 0 0 2.5e-05 1e-05 1.5e-05 0 2.5e-05 0.005855 0.00093 0.00155 1.5e-05 3.5e-05 0.002185 0 0.003515 0.000245 0 2.5e-05 0 0 0.004975 0.00144
0 0 0.00503 3.5e-05 0 2e-05 0.013795 0 1e-05 3e-05 0.00121 0.015885 0 2.5e-05 3e-05 0 1e-05 3e-05 0 5e-06 0 0 2e-05 0 0.001815 3.5e-05 0 0.000745 0.00066 0 0.011875 0.00071 0.000155 0 2.5e-05 4e-05 0 0 5.5e-05 5e-05 0 0 0 0.000695 1.5e-05 0.00787 4.5e-05 3.5e-05 0 0.002355 0.00582 3.5e-05 0.00425 4e-05 0.00306 0.00016 3.5e-05 2e-05 4.5e-05 0 4e-05 0 1e-05 5.5e-05 0.000205 0 0 0.01495 0 0 0 4e-05 0.00272 2.5e-05 0 3.5e-05 0.00223 0.005085 0 0 0 0.000165 0.006675 0.00301 0 0 0 0.007975 2e-05 1.5e-05 1e-05 0.000755 0 0 0.00436 3.5e-05 3e-05 3e-05 1e-05 0.000155
0.001585 0 0.00335 4.5e-05 4.5e-05 0 0 0 0.00303 0.00019 0.000125 0 3.5e-05 4.5e-05 0 0.00878 2e-05 0 0 0.01245 0.00097 0 3e-05 0 0.004765 0.00082 0.0063 2e-05 5e-06 0.008045 0.00073 3e-05 0 0.001485 0 0 2e-05 0 0.00163 0.003175 3e-05 0 5.5e-05 4e-05 0 0.01159 0.00434 3e-05 0.00034 0.010995 0.001265 5.5e-05 0 4.5e-05 2.5e-05 0 0.00879 0.003515 4.5e-05 0 0 0.000245 5e-05 0.00321 1.5e-05 2.5e-05 0 0.00708 3e-05 0.0153 1.5e-05 0 0 0 5e-05 0 0 2e-05 0 3e-05 0.00307 0 2e-05 0 0.00288 4.5e-05 0 4e-05 0.0039 0 5.5e-05 0.001365 4e-05 3e-05 0 0 3e-05 7e-05 4.5e-05 0
0 0.000825 0.002015 0 4e-05 0 0.003005 0 0.00986 2e-05 0.00028 3.5e-05 0 0 4.5e-05 4.5e-05 7.5e-05 0 0.0001 0 0.00904 0 0.00069 0 8e-05 0 0.00084 0.000145 0.000395 1.5e-05 9e-05 0 0 0.004435 0.009375 0.004015 0 3.5e-05 0 2e-05 0.00011 0 0.00125 0.001155 4.5e-05 3.5e-05 0 0.006285 0.00861 0.00018 0 2e-05 2e-05 2.5e-05 0.00412 4.5e-05 0 1.5e-05 0 2e-05 0 2.5e-05 0 0 0 0 0.01066 0 2e-05 0 0.00097 0 2e-05 0.000305 3.5e-05 0 3.5e-05 2.5e-05 0 0.008805 0 0.01019 3e-05 3.5e-05 0.00774 0.003895 0.000815 0.00874 0 0.00026 1.5e-05 4e-05 4e-05 0.001755 0 0 1.5e-05 3.5e-05 0.00742 0.01255
0 2.5e-05 0.005525 2e-05 0 0 0 3.5e-05 4.5e-05 0 9.5e-05 0 0.006315 0.00018 0 0.00882 0 3.5e-05 2.5e-05 0 0.009295 0.001145 0 0.002225 0.001635 4e-05 0 5e-06 0 0 0 4.5e-05 0 3.5e-05 1.5e-05 0 0.00644 0.00141 0.006655 3e-05 5.5e-05 0.000155 2.5e-05 0 0.002565 0.00272 0 2.5e-05 1.5e-05 0 0 0.012735 0.00846 0 0.007405 0 2e-05 4e-05 2e-05 4e-05 0 0 5e-05 0.007355 0.00845 2.5e-05 0 0 0.000765 0 2.5e-05 0.00146 0.000225 0 4e-05 2.5e-05 0.004985 0 0 1.5e-05 0 0 2e-05 0.002005 0 6e-05 0.00823 4e-05 0 2.5e-05 2.5e-05 0.00047 6e-05 2.5e-05 4.5e-05 5e-05 5e-06 3e-05 0 3e-05
5.5e-05 0 2e-05 0 0 0 6e-05 0.000465 0.003865 0 0 0 0.00059 2e-05 3.5e-05 3e-05 3e-05 0 0.000575 0.000705 0 2e-05 0 1.5e-05 0.002885 2.5e-05 0 5.5e-05 0 3.5e-05 0.0119 7.5e-05 4.5e-05 3.5e-05 2.5e-05 5e-05 0 0 0 0 0.015005 0 0.000755 0.009255 0.023295 2e-05 0.003965 3.5e-05 0 0.00984 0 0.0067 3e-05 2.5e-05 5.5e-05 0 4.5e-05 0.0009 0.009275 3.5e-05 0 0.000175 0 0 2e-05 2.5e-05 1.5e-05 3.5e-05 0 0 0 0.008555 1.5e-05 6e-05 1.5e-05 0.00445 5.5e-05 4.5e-05 0 0 2.5e-05 0.00124 3.5e-05 0.00394 0.003455 3e-05 0.00893 4e-05 4.5e-05 1.5e-05 0 0.0093 3e-05 0 0 0 0.00478 0 3e-05 0
0.00333 8.5e-05 1.5e-05 0 2.5e-05 5e-06 0.00624 2.5e-05 2.5e-05 5.5e-05 2.5e-05 5e-06 0 0.005655 0 3e-05 3.5e-05 0.000255 0 4e-05 0 4e-05 0.001785 0 0.000585 2e-05 5e-05 3.5e-05 0.000315 2.5e-05 3.5e-05 3.5e-05 0 4e-05 2e-05 2.5e-05 4e-05 0 0 0 0 0.00991 0 0.001335 3e-05 3.5e-05 0 0.008445 0 3.5e-05 5.5e-05 0.004375 2e-05 0.009935 0 2e-05 1e-05 6e-05 0 0.00397 3e-05 0 2.5e-05 0 0.01046 0.015245 0 2.5e-05 0 3e-05 0.00015 2e-05 0.006405 4e-05 0.00039 0.00553 4e-05 7e-05 4e-05 0 9.5e-05 2e-05 0 0 5e-05 0 2e-05 0 0 0.01323 0.002315 4e-05 0.000155 0 0 0.01234 0 3e-05 0 3.5e-05
0.00451 4.5e-05 0.005925 0 4e-05 3e-05 1.5e-05 0.003625 0.008995 3e-05 0 4.5e-05 0.0025 0.002545 0 2e-05 0.000155 0 0 0.00282 0.0024 0 0.00992 4e-05 0.008895 0.004 0 4e-05 4.5e-05 2.5e-05 0 0.005205 0.00043 0 4e-05 0 2.5e-05 0.00256 0.008205 0.00978 4e-05 0 0 0 0 0.002515 0 0.00338 0 0 0.00257 3e-05 0.011795 3.5e-05 0 1.5e-05 0 0 2e-05 0 3e-05 3e-05 5e-06 0.00404 1.5e-05 0.001605 0 0.0004 0 0.00043 3e-05 0 0 0 0 0 1.5e-05 0 3.5e-05 3e-05 0.00014 5e-05 0 0 6e-05 3.5e-05 6e-05 2e-05 0 3.5e-05 6e-05 0 0.000545 0.000335 5e-06 4e-05 0 0 1.5e-05 0
0 0 6e-05 4e-05 0.000235 0.00019 2e-05 1.5e-05 0.00451 0.00517 0 3e-05 0 0 0.01019 0 0 0 0 4e-05 3.5e-05 3e-05 0.000135 0 0.002355 0 0.00087 3e-05 4e-05 0.01671 2e-05 0.008575 1e-05 0.00736 0 3.5e-05 0 0 3e-05 1.5e-05 6e-05 4.5e-05 1e-05 3.5e-05 4e-05 2.5e-05 0.00074 3.5e-05 0 0.001695 0.001735 2.5e-05 1.5e-05 0.005365 0 3.5e-05 4.5e-05 2.5e-05 5e-05 0 0.00872 4e-05 0.000215 4.5e-05 2e-05 0 0 2.5e-05 3e-05 0 0 5e-05 4e-05 4.5e-05 0 2e-05 0 0.010205 0 0 0 0.00713 0 0 0.00403 0 0 0 0.007245 0.008425 5e-05 0.00071 0 0 0.00574 2.5e-05 0 0 0.002325 0.0077
3e-05 0.001125 0 0 0 0.0001 2.5e-05 0 0 4.5e-05 3e-05 0 3.5e-05 0 0 3e-05 2.5e-05 3.5e-05 1.5e-05 0.00557 0.012905 0.002575 0 4e-05 3e-05 0 0.000515 0 0.009905 4.5e-05 0.00183 5.5e-05 3e-05 4e-05 0 0.00569 0 3.5e-05 0 2e-05 0.000165 0.00557 3e-05 3e-05 6.5e-05 0 2.5e-05 0.012575 0.0039 0.007475 0.000705 0 3e-05 4e-05 0 0 0 0 0.00269 0 0 0.002205 0.000395 0 5e-05 0.000995 0.006 0 2e-05 0.01103 7.5e-05 9.5e-05 0 0.000155 4e-05 0.00892 0.00663 0.0025 0 5.5e-05 3e-05 4.5e-05 2e-05 2.5e-05 3e-05 0 0.00873 0 0 0.00228 4e-05 0 0 0 0 2.5e-05 2.5e-05 0 2e-05 0.00022
0 0.00805 0 0 0 0 0.000105 4e-05 0.000495 0.00733 2e-05 0.00138 0 3.5e-05 7.5e-05 3e-05 3.5e-05 0 3e-05 2.5e-05 1.5e-05 0 3.5e-05 0.00997 0 2.5e-05 4e-05 0.000645 0.001195 0 5e-06 0 0.004965 0 0 2.5e-05 0 0.00189 2e-05 0.002465 4.5e-05 3.5e-05 0 0 2e-05 0 0.00043 4e-05 0.000255 1.5e-05 3.5e-05 0.0134 0 0 0.001705 0.003455 2e-05 0 0 1.5e-05 0 0.0051 2e-05 2.5e-05 0.00013 0 2e-05 3.5e-05 3e-05 4.5e-05 0.00092 0.00021 4.5e-05 0.002705 0.010545 0.004245 0 3e-05 0 0 2.5e-05 0.009545 1.5e-05 3e-05 4e-05 0 0 0 0 3.5e-05 0.00019 0 5e-06 5e-05 4.5e-05 0.002445 0 0 0.006085 2e-05
9.5e-05 4e-05 0 1.5e-05 2e-05 0 0 0.00067 5e-05 0.00551 0.000355 2e-05 0.01067 0 4e-05 0 0 0 2.5e-05 0 0 0 2e-05 0.00013 4e-05 4e-05 5.5e-05 0.0034 4.5e-05 0 0.00585 3e-05 0.00325 6e-05 0.00216 3.5e-05 3.5e-05 0.00015 0 0.002125 4e-05 0 0.00078 0.017535 0.00854 0.011195 5.5e-05 4.5e-05 2.5e-05 4e-05 3e-05 0 0 0 0 0.000225 2.5e-05 0 0 0 0 5e-05 3.5e-05 2e-05 0.003775 1.5e-05 0 2.5e-05 4.5e-05 0 2.5e-05 3e-05 0 0 0 0 6e-05 3.5e-05 0 0 2.5e-05 4e-05 3.5e-05 5e-05 0 0.000195 0 0.013505 5e-05 3.5e-05 0 0 4e-05 3.5e-05 1.5e-05 0.00392 0.017455 5e-05 2.5e-05 5e-05
2e-05 0.01087 0 0.00554 0.002105 0 4.5e-05 0 0 0.008085 1.5e-05 2.5e-05 3e-05 2.5e-05 0.000165 0 2.5e-05 5e-05 2.5e-05 0.002335 0 0 0 0 0 2.5e-05 0.004825 0.00026 0.00023 0 0.00445 3e-05 3e-05 0 9e-05 0.002265 3e-05 4e-05 0 3.5e-05 0 0 0 4e-05 0 0.00087 0 0.000985 0.005075 0.00115 0.007345 1e-05 1e-05 0.001085 0 0.006975 0 2.5e-05 0.0074 0 0.009365 0 0 2.5e-05 4.5e-05 0 0.000365 3e-05 4.5e-05 3.5e-05 0.010005 0.002285 5e-05 0 0.003965 3e-05 0.00524 0.00637 0.00682 0 5e-05 4e-05 3.5e-05 0.001185 2.5e-05 0.006065 0 0 5e-05 0 0.001095 0 3e-05 5e-06 0.009555 0.00176 3.5e-05 0 0 0
2.5e-05 3.5e-05 0 0 0.00037 0 0 0 1.5e-05 0.00369 0.002165 5e-05 0.012255 0 0 0 2.5e-05 0.0002 0 0.000705 4e-05 0 1.5e-05 0 0 3.5e-05 2e-05 0.00568 0.001615 3.5e-05 0.00093 0.0023 0.001755 0.005535 0.002155 0 0 4e-05 0.000185 0.00499 0.001415 0.002 2e-05 0.003875 0.003135 0.006705 0.00433 0 0 0 4.5e-05 0.000125 2e-05 1.5e-05 0 0 5e-06 0.00069 3.5e-05 4e-05 3e-05 8e-05 0 1.5e-05 0 0.005305 0.00047 6e-05 4e-05 0 0 1e-05 0.011745 3e-05 0.000975 0 5e-05 0 0.001725 0.007355 3e-05 2e-05 0 5e-06 0.00061 4.5e-05 4e-05 0 3e-05 0 0.003645 0 2.5e-05 3.5e-05 0 0 0.01092 5e-05 6.5e-05 0
0.00723 0 2.5e-05 4.5e-05 0 0 0.001055 4.5e-05 1.5e-05 0 4.5e-05 2e-05 0 0.002375 0.000135 0 0 0 2e-05 0 0.000135 0.003215 1e-05 0.000595 0 0 0 0.00081 0.00212 2e-05 0 0 0 4e-05 0 0 0.00373 0 0 0 2.5e-05 0 3e-05 1.5e-05 2e-05 1e-05 0.000235 0 4.5e-05 4e-05 0 0 3e-05 0.00144 0.0121 0.00056 1.5e-05 1.5e-05 0.01016 4e-05 0.00274 4e-05 0 3e-05 0.000725 1.5e-05 2.5e-05 2e-05 0 0.000135 0 4.5e-05 3.5e-05 0.000685 0.00879 0.00265 0.01074 0 0.012095 0.008665 2e-05 0.009145 0 6.5e-05 3e-05 0 0.00047 0.00335 0.00975 0 0 4e-05 5e-05 0.00232 0 0 3.5e-05 0 0.008215 4.5e-05
0.0001 4e-05 0 0 2e-05 2e-05 0.007565 0.001175 3.5e-05 0 0 0 0.01666 0.001475 2e-05 0.00362 0.000385 0.002155 0.000255 0.00054 0 0.004715 0.001345 1.5e-05 0 0 0.00347 0 4e-05 0.000325 0 0.0005 2.5e-05 0.006695 0 0 0 5.5e-05 0 0 0.002955 0.000565 0 0 0.00201 3.5e-05 0 1.5e-05 0 3e-05 0 0 0.00544 2.5e-05 1.5e-05 0.007985 0 0 1e-05 1e-05 0 4e-05 0 0.007225 0 8e-05 0 0 0 3.5e-05 4e-05 3e-05 0.01015 0.001295 0 4.5e-05 0 0.000895 0 3.5e-05 0.005465 0 0.00606 0.012315 0 0 0 4e-05 4.5e-05 0 0 3.5e-05 8e-05 0.007905 0.0032 0.004855 0 5e-05 0.002105 0.003735
0 0 0.00692 0.003945 5e-05 0.00011 4e-05 1e-05 0 0 1.5e-05 0.004815 0 0 3e-05 5.5e-05 0 5e-05 0 1.5e-05 2.5e-05 0 0.002145 5e-05 9.5e-05 0.009105 4.5e-05 0 3e-05 0.001835 0.00851 3.5e-05 2.5e-05 0 4.5e-05 5.5e-05 2e-05 0 0 5.5e-05 0 3e-05 5e-05 3.5e-05 0.00366 0 0.00403 0.003825 2e-05 0.00244 0.00104 3.5e-05 0 0 0.00063 1e-05 0.005625 3e-05 0 0 0 0 0.012105 0 0.00245 0 0 3.5e-05 6.5e-05 0 0.00659 1.5e-05 0 0 2.5e-05 0.00032 0.0068 0 0 5e-05 4e-05 3.5e-05 3.5e-05 0 4.5e-05 0 0 3.5e-05 0.012585 0 0.00407 4e-05 5e-05 0.000135 5e-05 0 0 0.01106 2e-05 0
0.00842 0.004065 0.003005 3e-05 0.00119 4.5e-05 3e-05 0 0 0.00182 0.000265 0 0 0.001175 2e-05 0 0 0.00204 7.5e-05 2.5e-05 0 0.01332 0 0 5.5e-05 0.00561 0 3.5e-05 0.00691 0 0.00037 2.5e-05 0 2.5e-05 0 0.004405 5.5e-05 4e-05 1.5e-05 2e-05 0.00295 0 2.5e-05 2e-05 3e-05 0 3e-05 0 0 2.5e-05 0 0.002645 0.000285 0 0.002655 0 0 1.5e-05 0 0 0.00129 0 1.5e-05 0 4.5e-05 0 6.5e-05 0 0.007305 3.5e-05 0 0 0.00039 0.007755 2e-05 0 0.001245 0.003125 0 0.00474 0.00473 4.5e-05 5e-05 0 0 0.003465 2.5e-05 0.000845 4e-05 0.000295 3.5e-05 5.5e-05 0 0.000245 0.000445 0.00771 2.5e-05 0 0 0.00609
0 6e-05 0.00028 0 0.00044 0.017475 0.00011 0.00333 2.5e-05 2.5e-05 0 0.00201 3e-05 0.000355 0 0 0.00126 2.5e-05 3e-05 0 3e-05 0 0.00253 0 2e-05 3.5e-05 5e-05 0 0 0.012385 8.5e-05 0.00864 0 0.00799 4e-05 0 3.5e-05 0 0 0 4e-05 2e-05 0.0008 0 0.001645 3.5e-05 2e-05 0.00549 2.5e-05 5e-05 3.5e-05 4.5e-05 2.5e-05 0.000295 0.005065 3e-05 4.5e-05 6.5e-05 3.5e-05 0 2.5e-05 3e-05 2.5e-05 0 4.5e-05 4e-05 0 1.5e-05 5e-05 0 3.5e-05 0.00058 0 4.5e-05 5e-05 0.007755 1.5e-05 0 0.009695 0.002495 0 3e-05 0.000245 0 0 0 0 0.00506 0.005925 0 0.00686 2.5e-05 6.5e-05 5.5e-05 0 0 5e-05 0 0 0.00112
0.002695 0.00019 5e-05 2.5e-05 0.000725 4e-05 0 5e-05 1.5e-05 0 0 0 4.5e-05 0.00936 0 2e-05 0.00926 3e-05 0 0 4e-05 1.5e-05 0 0.006285 3.5e-05 0 1e-05 4.5e-05 0 5.5e-05 4e-05 3.5e-05 0.004535 0 0.001365 0.00142 2.5e-05 0 3e-05 0 5e-06 0.00015 0 3.5e-05 4.5e-05 0 3e-05 0.001495 0.00752 0 0 8.5e-05 0 1e-05 0.00545 0 0.00319 6e-05 0 0.00467 0 3e-05 5.5e-05 0 0 0.01014 0 0.000285 4.5e-05 0.00471 0 3e-05 0.0001 3.5e-05 0 0.00217 0 4e-05 0.00389 4e-05 0.002225 0.00093 0 0 3.5e-05 0.00368 0 0.010685 0 0.014895 0.000965 0 0.01175 0.003425 0.008005 0.000325 0 1.5e-05 0.0001 0
3e-05 0 0.00023 0 0 2e-05 0 0 0 0 1.5e-05 0 0.00028 2.5e-05 0.01505 0.00906 4.5e-05 0 0 0.010195 0.001175 0 5e-05 0 5e-05 0 0 0 0.001545 0.00242 0.005765 0.00209 3e-05 0.01704 0 4.5e-05 0 2e-05 0.00079 0.000575 6e-05 0.00198 0 0 0.00043 0 0.005805 4.5e-05 0 0.007705 3.5e-05 0 2e-05 0 3.5e-05 5e-05 0 3.5e-05 3.5e-05 0 0.000545 0 0 3.5e-05 2e-05 4.5e-05 3e-05 0.000125 4.5e-05 0.000305 3.5e-05 0.01029 0 1e-05 5e-05 2e-05 0 0 0.005575 0.000185 0.00643 2.5e-05 3.5e-05 3.5e-05 0.010955 3e-05 6e-05 2.5e-05 0.000235 4e-05 0.001055 0 0 2e-05 3e-05 2e-05 0 5.5e-05 0 3e-05
0 5.5e-05 6e-05 5e-05 0 0 2.5e-05 0.000615 0 2e-05 3e-05 0 0.000385 4e-05 0 0 3.5e-05 0.002885 2.5e-05 0 0 0 0 2e-05 0 2.5e-05 2e-05 3.5e-05 2.5e-05 3.5e-05 5.5e-05 0 0 0 2.5e-05 3e-05 2.5e-05 3.5e-05 3e-05 0.002365 0 5e-05 0.00022 0 0.00399 2.5e-05 0.00735 0.014675 0 0 0.004305 4.5e-05 0 0.00926 6e-05 1e-05 0 4.5e-05 0 0.000135 0 0 0.000515 4.5e-05 3e-05 2.5e-05 0.005005 5e-06 3.5e-05 0 0.002325 0.002235 2e-05 0 0.000605 0 0 0 0.015895 0.00121 0.00784 0 1.5e-05 0.00396 0.00842 5.5e-05 0.000475 4.5e-05 0.013795 0 5e-06 0 0 0.0042 0.004695 4e-05 0 0.005305 0 4.5e-05
4e-05 0 2.5e-05 3e-05 0 0.0027 0.00253 0.00621 5e-05 4.5e-05 3.5e-05 3e-05 0 3e-05 0 0.00727 0 0 0 0 0.0093 2.5e-05 2.5e-05 0 0.00022 0 0 0 3e-05 0.000645 4e-05 0 4e-05 0.002355 0.001885 3e-05 4e-05 1.5e-05 0.00016 9.5e-05 2.5e-05 0 5e-05 0.018325 0.013325 4e-05 0 0 1.5e-05 2e-05 0 0 3e-05 2e-05 3e-05 0 2.5e-05 0.003255 4e-05 0.00085 0.000715 0.00137 0 5e-05 4.5e-05 0 0 3e-05 0 0.00461 2e-05 6.5e-05 0 0.00029 0 0 2.5e-05 0 0.006315 0 0 0.004185 5.5e-05 2e-05 0.011605 2e-05 0 3e-05 0.001185 3e-05 0 0.001465 7e-05 4.5e-05 4e-05 2.5e-05 0 3.5e-05 0 0.008325
0 0 0 0 3e-05 0.00402 9e-05 3e-05 0.00022 0.002795 0.00347 0 0 4e-05 1.5e-05 0.00169 3e-05 3.5e-05 0.0016 0 7e-05 0.00178 0 0.00172 0.008105 0 0 0.00043 0.000445 3e-05 0.0063 2.5e-05 0.007515 0 2.5e-05 0.007125 3e-05 0 3.5e-05 0.002885 0 0 0.006485 5e-05 0 0 0 0 3e-05 0.005435 3e-05 5e-05 0 0.001515 0.00683 3.5e-05 0.00236 5e-05 0.00089 0.00269 2e-05 0 5e-06 3e-05 0 0 2.5e-05 0.002195 8.5e-05 4e-05 0 0 0.006395 0 2.5e-05 0.0001 0.003105 0 0.007645 0.00014 0 0.002155 0 2e-05 0.00138 0.00114 0.00094 0 0 0 9.5e-05 0 3.5e-05 0.000785 1e-05 4.5e-05 0.002705 0 5e-05 3.5e-05
4.5e-05 0 3.5e-05 0 0.000425 0.00078 4e-05 3e-05 3e-05 2e-05 0.00332 0 0.003425 0.0001 0 3.5e-05 3.5e-05 2e-05 0.001845 0 0.00158 0.01045 0 0.0129 4e-05 0.016675 0.003455 0 0 2e-05 0.006455 0.00524 0 0 0.00387 0 5.5e-05 5e-06 0.01452 1.5e-05 0 6.5e-05 0.00258 0 2e-05 0 4.5e-05 1.5e-05 2.5e-05 0 0 0.001005 0 5e-05 0 5e-05 2e-05 4.5e-05 0 0.0055 0 0 0 0 0 0 0.00011 0.00794 2e-05 0 0.00654 4e-05 5e-06 5e-05 0 0 3.5e-05 4e-05 4e-05 0 4e-05 3e-05 0.01049 0 0 0 1e-05 3e-05 3e-05 0 3e-05 0.008605 3.5e-05 0 4e-05 0.00512 0.000455 0 0.002105 0.00465
0 0.000305 0.002735 2.5e-05 0.000545 4e-05 0 5e-05 0.00658 0 0 0 2.5e-05 0.00242 0 0.003075 0 4.5e-05 0 0.00112 0.00143 0 0 0.004535 0 0.00971 0.00549 4e-05 3.5e-05 0 0.002845 0 3.5e-05 2e-05 2.5e-05 0.00241 0.00301 4.5e-05 0 0.00281 0 3.5e-05 6e-05 0.001235 4e-05 0 0.00414 0.00027 0.00758 0 7e-05 3.5e-05 0.000895 0.000125 0.000475 4e-05 0 0 8e-05 0 0 0.011045 0.00831 0 0 0.010705 5.5e-05 0.00015 3.5e-05 0 0.00725 3.5e-05 5e-05 0.00011 2e-05 5.5e-05 4e-05 0.00021 0 0.008345 0.00727 0 1.5e-05 0.00368 0.00045 3.5e-05 0 5e-05 0 0.001045 0.006105 0 9.5e-05 0 0 0 0 0.005685 2e-05 8.5e-05
1.5e-05 5e-06 0.007165 6e-05 0.0026 0 2.5e-05 0 0.00551 0 0 0.01109 0 6.5e-05 0.000135 0.00608 3e-05 3.5e-05 0 0 5.5e-05 0 2.5e-05 0.004145 0 0 5e-05 0 2e-05 5.5e-05 0.00658 2.5e-05 0 2.5e-05 0.00044 0.00254 0 0.000115 0 0 1e-05 2e-05 0 0.00279 0 3e-05 0 3e-05 4e-05 0.004805 0 0.00858 0 0.000555 0 2.5e-05 0 0 0.008465 0 0.0066 2.5e-05 3.5e-05 0 0.0006 5.5e-05 5e-05 5e-05 0 0 0 4.5e-05 2.5e-05 0 0.014435 4.5e-05 2.5e-05 0 0.00011 0.011325 0 0.009835 4e-05 5.5e-05 5e-05 3e-05 4e-05 0.00155 7e-05 2.5e-05 0.00963 0.000965 0 2.5e-05 0.002215 0 0 0 0.00118 0
5.5e-05 0 3.5e-05 0 0.004595 3.5e-05 2.5e-05 0.00351 0.00013 0 2e-05 3.5e-05 0.000855 2.5e-05 0 0 2.5e-05 6.5e-05 0 2.5e-05 0 3e-05 3.5e-05 0.00832 0 0.000245 0.00471 4e-05 0 4e-05 3.5e-05 0.000355 0 0 0 0.00622 0 4.5e-05 0 0.000135 0.000355 0.00032 0.0002 0 3.5e-05 0 0.002065 3.5e-05 2.5e-05 0.003285 0.003935 0.001535 0.00315 0 0 0 0.00187 0.00718 0 1.5e-05 0 0 3e-05 0 0 0.00036 0.003105 0 0.00358 0.000715 0 0 0 0 0 4e-05 0 1e-05 1e-05 0.006885 0 0 2.5e-05 0.00362 0.009245 2e-05 0.00085 0 5.5e-05 0 3e-05 0.002955 0.00267 2e-05 2e-05 0.008555 0.003365 0.0014 0.0086 0.008815
7e-05 1.5e-05 0 4e-05 0 5e-05 0 0.006895 0 3.5e-05 0.001595 2e-05 0.005625 1e-05 0 4e-05 0 0 0.003775 0.01407 0.000115 2e-05 2e-05 0 1.5e-05 3e-05 0 4.5e-05 0.001205 0 0.00058 3.5e-05 0 1.5e-05 0 0.006655 4e-05 2.5e-05 0.012605 2.5e-05 5e-05 2e-05 3.5e-05 0 7.5e-05 0 0.00222 0 0.00601 0 0.00559 1.5e-05 0.001605 0.001295 5e-06 0 0 0 0.001495 0 2.5e-05 0.006815 0.0047 2.5e-05 2.5e-05 0 0 0.000935 0 3e-05 0.00393 7e-05 0.00217 0.01003 3.5e-05 1.5e-05 0.009815 0 0 0.00306 3.5e-05 0 2e-05 0.010815 0.00025 2.5e-05 0.000155 0 3e-05 0 4e-05 0.00073 2.5e-05 3.5e-05 0.003315 0 0 0.001095 0 2e-05
0 0.001245 0.000405 2.5e-05 0 0.017165 4.5e-05 0 2.5e-05 5e-05 0.00777 0 4.5e-05 2e-05 0.002675 0 0 4e-05 0 0.001095 0 6e-05 0 4.5e-05 0.00498 1.5e-05 0 2e-05 0 0.001935 0.00084 0 3.5e-05 0.000835 0 0.00426 0.00695 0 0.00024 0.00719 0 0 2.5e-05 2.5e-05 0 0 0.001125 4.5e-05 0 0.00084 0.00281 0 0.00012 0 0 0.001795 2e-05 0 0 3.5e-05 0 2e-05 4e-05 5.5e-05 0 7e-05 0.000515 2.5e-05 2e-05 2e-05 0.00184 2.5e-05 3.5e-05 0.01152 0.000265 3e-05 0.00501 5.5e-05 0 0.002335 4.5e-05 0 4.5e-05 0 0.008975 3.5e-05 3.5e-05 0.003045 1e-05 0.00198 0 0 2.5e-05 0 0.01069 0 5e-06 1.5e-05 0.010845 0
0 3.5e-05 4e-05 0 4e-05 2e-05 0 0.00409 0 0 4e-05 0 2e-05 0 0 3.5e-05 0.000785 8.5e-05 4e-05 0 1.5e-05 5.5e-05 0.003075 1.5e-05 3e-05 0 6e-05 5e-06 2.5e-05 0.00763 0 0.000195 2.5e-05 0 0 3e-05 1e-05 0.009235 0 0 3.5e-05 4e-05 6e-05 2e-05 0 3.5e-05 0.00126 3e-05 0 0 3e-05 0.00069 0 0 0 0.010105 0.01024 0.000275 3e-05 0.002285 0 4e-05 3e-05 0.000185 0 3.5e-05 5.5e-05 1e-05 5e-05 0.012355 0.007495 2.5e-05 0 0 0 0.000445 0.00809 0.00408 0 0 0.00523 0.00504 0.003135 0 4.5e-05 0 0 0.000885 0.000135 0.012245 0.00048 3e-05 0.00373 2e-05 0 0.000395 0 0 0.003245 0.004705
2e-05 0.00029 0 5.5e-05 0 0.000245 2.5e-05 1.5e-05 0 0.01199 6e-05 9.5e-05 2e-05 0.00024 0.009575 0 3e-05 2e-05 0 0 0 0 0 0.00324 3e-05 0.00125 5e-05 0 8.5e-05 0.00126 0 0.011905 5.5e-05 6.5e-05 0 3e-05 0.015415 0.00077 0 0 0 3.5e-05 8e-05 0.003065 3.5e-05 4.5e-05 0 3e-05 0.002755 0.002075 4e-05 0.014645 6.5e-05 0.00203 0.003135 2.5e-05 0 2.5e-05 0.00545 0 0.01018 0.004945 0.00152 0 0.00212 4.5e-05 0 0 0 2.5e-05 0 0.002045 4.5e-05 4.5e-05 0.00043 0 0.000495 0 0 0 0 2.5e-05 0 2e-05 0 3.5e-05 0 0 0 2e-05 2.5e-05 0.00025 0.0001 0 3e-05 0 0.004095 0 0.00559 6e-05
0.000155 1.5e-05 3.5e-05 0 0.008725 0.00383 3e-05 3e-05 0 3.5e-05 5.5e-05 0 0.000285 9e-05 0 0.00183 0 3e-05 0.01002 0 0.00024 4e-05 0 0 0.010955 0 0.00093 0 4e-05 0.00102 8.5e-05 0.006355 3.5e-05 1.5e-05 0 2e-05 3e-05 0 0 0 0 2.5e-05 2.5e-05 0 6e-05 0 0 4.5e-05 0.0049 0 0.003005 3.5e-05 0 0.009545 0.00017 0 0.00472 2.5e-05 3e-05 7.5e-05 4.5e-05 0.00892 0.01072 0.0013 0 2.5e-05 0 0.000495 0 5e-05 0.00155 1.5e-05 1.5e-05 0 0 0.00105 0 2.5e-05 0.00043 0.004845 0.01196 0.0114 0 0 7.5e-05 3e-05 6e-05 0 0 0.000275 0.004445 0 0.005085 0.00045 6e-05 0 3e-05 0 0.001185 0
0 0.01206 0.00044 0.000355 0 0.009065 2.5e-05 0 0 7e-05 0.00427 0 2.5e-05 4e-05 2.5e-05 2.5e-05 0.00773 0.00506 4.5e-05 3.5e-05 5.5e-05 0.002365 4.5e-05 2.5e-05 5.5e-05 0 0 1e-05 3e-05 0 0.019835 2.5e-05 0.00163 0 0.00014 0.003415 2.5e-05 0.002645 4e-05 0.000895 2.5e-05 0 2e-05 3.5e-05 1e-05 0 1.5e-05 0.012065 4e-05 0.005035 0 2e-05 0.007195 0 0.000225 0 0 0 0.00702 0.00306 6.5e-05 2e-05 2.5e-05 2.5e-05 0.00014 5e-05 0 0 0 0.007605 2.5e-05 0 3e-05 0.000445 0 0 0 0 0.017495 0.00168 3.5e-05 0 0 1e-05 0 3e-05 0 3e-05 0 4e-05 8.5e-05 5e-06 0 0 0.000495 2e-05 0 7.5e-05 0.003135 4e-05
0 0.003 0 0.000655 0 0 4e-05 4e-05 0.00109 3.5e-05 4e-05 0.004045 3.5e-05 0.00022 0 0 3.5e-05 3.5e-05 0.002455 0 0.01172 0 0.0007 6e-05 2.5e-05 0.00463 0 4.5e-05 0.00038 0.001045 3e-05 0.001395 4e-05 0.003835 0 0 0.00166 5.5e-05 1.5e-05 7e-05 0 0.0021 4e-05 0 3e-05 4e-05 6.5e-05 0 0.00842 0.01098 0 3e-05 0.00037 0.0088 0.004015 3.5e-05 0 0.004265 0.00038 0 0.00141 0 6.5e-05 0.00128 0 0 0 0.01152 0 0 0 0 5.5e-05 0.00136 1.5e-05 0 0.00073 2.5e-05 0.000375 0 0.0059 0.00272 1.5e-05 0.006405 3.5e-05 2e-05 0.002555 3e-05 3.5e-05 0 0.00088 0 0 3e-05 0 3.5e-05 4e-05 0.001 0 0
4e-05 4e-05 0 1.5e-05 0.00618 0 0 4.5e-05 0 0.00202 0.00193 3e-05 0 0 0 0.01194 0 0 0 0 0.009725 0.004065 0.00013 0.0003 2.5e-05 0 0 0 4e-05 2.5e-05 5e-05 0.0011 6e-05 0.000445 5e-05 5.5e-05 0.00815 2e-05 3.5e-05 0 0.01828 0.005595 4.5e-05 0 0.00013 0 0.002965 6.5e-05 0 0.00016 5e-06 3e-05 0.001175 0 0 4.5e-05 0 0.00271 0 0 4e-05 0.010915 0 1.5e-05 4e-05 0 4.5e-05 0.00063 0.00222 3e-05 0.00455 0 2e-05 3e-05 0.00019 0.00098 3e-05 0.00138 0 0.0051 0 0 4.5e-05 0.00376 0.00124 3e-05 0 3.5e-05 0 0.010605 0.00135 5e-05 0 0 9.5e-05 0 0.00565 4.5e-05 0 0
0 2.5e-05 3e-05 4e-05 0 0 0.0094 2.5e-05 0 0.001625 3.5e-05 4.5e-05 0.00122 0.004075 0 2.5e-05 4e-05 8e-05 0.00624 3.5e-05 0 0 0.00031 0 6e-05 0 4e-05 0.00621 0 5e-05 6.5e-05 0 0.00017 3.5e-05 0.00708 2.5e-05 0.000725 4.5e-05 0 3.5e-05 5e-06 0.00113 2e-05 0.005375 0.00201 0 3.5e-05 0 0.00088 0 5e-06 0 6e-05 3e-05 0 0.010675 0 1e-05 0 9e-05 0.001425 0 0.005015 0.00639 0 0 1e-05 0 3e-05 5e-05 0.0041 0.000225 0 2.5e-05 0.000185 2e-05 0 4.5e-05 6e-05 0 0.001115 0.000135 4e-05 0 0.001745 0 0.00015 2e-05 0.00525 4.5e-05 4e-05 5e-05 6e-05 0 6.5e-05 0.001635 0 2.5e-05 0.00095 0
0 0 0 0.00689 0.01598 4.5e-05 0.0011 0 0.000465 0 1e-05 0 5e-05 0 0.005305 0.0132 3e-05 2.5e-05 1.5e-05 0 1e-05 3e-05 0.00605 1.5e-05 2e-05 0 0 0.00744 0 4e-05 3e-05 1.5e-05 0.0002 0.0001 6.5e-05 1.5e-05 4.5e-05 0.01079 0.002715 0 4.5e-05 0 3e-05 5e-05 0 7.5e-05 0.00666 0.009475 4e-05 0.00687 0.0003 0 0 5e-05 0 0 0 0 3e-05 5e-05 0.000805 0 3.5e-05 9e-05 0 0 0 0.00015 0 4.5e-05 0 0 0.00103 0.002805 0.002805 6e-05 0 0 0 0.00178 8e-05 0.00129 2e-05 3.5e-05 0 0.007615 0.00023 0 0.005395 1e-05 4e-05 0 4.5e-05 2e-05 0 0.000525 0 0.00119 5e-05 0
3.5e-05 3.5e-05 2.5e-05 0 4.5e-05 0 3.5e-05 3e-05 0 4e-05 0 0.00742 2e-05 0 3e-05 0 0 3e-05 0 0.000575 0.008135 6.5e-05 4e-05 0.00596 0.001985 0.00169 0 0.000455 0 3.5e-05 0 0.00429 4.5e-05 4.5e-05 1e-05 9e-05 0.012435 5e-05 1.5e-05 0 0 0 0.002285 3.5e-05 0 2.5e-05 0.00062 3.5e-05 0.00423 0.00032 0.0071 3.5e-05 0.000955 0.014075 0 0 5e-06 0.00384 8.5e-05 0 0.004255 0 0 3e-05 0.00662 0.00287 3.5e-05 0.000265 2.5e-05 0.01004 3e-05 4e-05 3e-05 0 3.5e-05 2.5e-05 0 0.004055 0.00055 0 0 0.00039 0 3.5e-05 0 0 0 0.00337 3.5e-05 0 0.006365 0 4e-05 0 1e-05 0.000155 0 0 0 0
2e-05 2e-05 0.014845 0 0 0.001055 0.00159 0 0 2.5e-05 1e-05 0.00286 0 0.00151 3.5e-05 5.5e-05 0.00468 0.000135 2.5e-05 0 0 0.005345 0 2.5e-05 0.003985 0.012695 2.5e-05 5e-05 5e-06 0 0.001015 3e-05 0.00127 2.5e-05 0 0.00308 0 0 0 0 3.5e-05 0 3.5e-05 3e-05 0 0.000635 3.5e-05 0 3.5e-05 0 0 4e-05 0.00184 0 0.00094 5.5e-05 2.5e-05 4.5e-05 0.002865 0 0 5e-05 0 3e-05 0 3e-05 0.008065 0 3.5e-05 0.00105 1.5e-05 3e-05 0 0.01518 9.5e-05 0.010855 0 0 0 0 0 2e-05 0 3.5e-05 0 0.00041 5e-06 6e-05 3e-05 2.5e-05 0.00039 2e-05 3.5e-05 0.013645 2e-05 2e-05 2e-05 0.00031 4e-05 6.5e-05
0 0 0 0.00462 0 0 0.000495 0.0023 0 2e-05 4e-05 0.00049 1.5e-05 0.00106 0.000755 2.5e-05 5e-05 0 0.010275 0.005545 0 2.5e-05 0.00508 6e-05 0 0.00373 0.00132 0.00015 0 2.5e-05 3.5e-05 0.011895 0.000885 3.5e-05 0 0.00058 3.5e-05 0.00351 0 2.5e-05 0 0 2e-05 0.001935 1.5e-05 0 2e-05 0 3e-05 0.00612 0.000235 0 0 4e-05 0.000695 3e-05 0 0.001745 0 0 0 3e-05 1e-05 0.00571 0 7e-05 0.009905 0.003435 0.0001 8.5e-05 0.00296 0.000165 0 4.5e-05 0 0.00204 0.005855 0 0 0.000895 0 0 0.00604 5e-05 2e-05 0.002305 0.000105 0.000875 0 7.5e-05 0 0.006845 0 2e-05 3e-05 1e-05 0.0049 0 0 0.007195
0.00366 0.001875 1.5e-05 0 0.00575 0 1e-05 0.000115 0 4.5e-05 1.5e-05 0.001235 2.5e-05 4e-05 4.5e-05 0 0 0 0.01374 0.008005 5e-05 4e-05 0 0 0.01422 0 3.5e-05 2e-05 5e-06 0.00028 2e-05 0 0.011615 4e-05 0 0.00712 2.5e-05 0.0001 0 0.004235 0 2.5e-05 0.00241 3e-05 2e-05 0.002045 0 2.5e-05 0 0.00717 0.000155 0 0 1.5e-05 0 5e-05 0.00868 0 0 0.002665 0.004845 0 2.5e-05 1.5e-05 0.00298 0 0.00035 1.5e-05 0.0014 8.5e-05 0 0 0.00024 6.5e-05 0 4.5e-05 0 2e-05 2.5e-05 0.007015 6.5e-05 0.006405 0 0.000785 0.005785 4.5e-05 4e-05 0 0.007325 0 3.5e-05 0.00957 3e-05 5e-06 2.5e-05 0.002675 0 0 0 0.001685
0 3e-05 4e-05 4e-05 0 3e-05 0 0 2.5e-05 2e-05 0 0 5e-05 0.01657 0.00783 8e-05 3.5e-05 3.5e-05 4.5e-05 7e-05 0 0.0125 0 2.5e-05 0 1.5e-05 0 0.02289 0.000305 0 4e-05 0.00615 4.5e-05 0.00146 0.00085 3e-05 0.00239 0.00114 0 0 0.00065 4e-05 0.001345 0 0.013195 2.5e-05 0 0.003275 0.001355 0 3.5e-05 0.00724 4.5e-05 3e-05 1.5e-05 0 3.5e-05 2.5e-05 0.0101 1e-05 0 0.003805 0 0.016565 0 4.5e-05 0 0 2e-05 0 0 3.5e-05 0 0 2.5e-05 3e-05 0.00144 1.5e-05 3.5e-05 1e-05 0 0 0.006055 0 3.5e-05 1.5e-05 3e-05 0.002635 0.01251 0.0046 2.5e-05 0 7e-05 3.5e-05 4e-05 5e-05 0 0.001965 0 4e-05
0.000795 0.003535 0 0 2e-05 4.5e-05 0.001915 0.000755 0 4e-05 0 0 0.00013 0 5.5e-05 1e-05 0.000495 0.001675 0 0.00064 0.010555 0 0.001435 5e-05 0 0.002015 0.000355 4e-05 0.01133 2.5e-05 0 2e-05 0 4.5e-05 3.5e-05 3.5e-05 0 0 0 0 3e-05 2.5e-05 3e-05 2e-05 0.00473 3.5e-05 3e-05 0.000375 1.5e-05 0 0.003885 0 3e-05 2e-05 0.001865 0.009325 2e-05 0.003195 0.001525 1.5e-05 0 0.00885 0.01245 0.011155 2e-05 2e-05 0 0.001045 4e-05 0.009165 0.00359 0.001615 4.5e-05 0.00511 2e-05 0 0 0 2.5e-05 1e-05 3e-05 4e-05 0.01064 0 0 0.008305 0 3e-05 0.00447 0 0 0 0.001575 0 0 0 3.5e-05 3e-05 2e-05 1e-05
4.5e-05 0 0.000475 0.00018 8.5e-05 4e-05 0.000645 0.004485 0.00063 0 0 0 0.004255 0 0 3e-05 3e-05 0 0 0.000105 0.00884 0.0011 0 2e-05 3e-05 0 0.000825 5.5e-05 0.0068 3e-05 0 0 0 3.5e-05 2e-05 0.00027 4.5e-05 0.000505 0.004795 0.00013 0 0 0 2.5e-05 0 0 8e-05 0.003875 0.00587 0.00642 0.006275 0.001215 0 0 0.00224 0 0.005235 0.015025 0 0.002695 0.00045 1e-05 0.00048 0 3e-05 0.00435 0.009 0.00119 2.5e-05 0.000675 4.5e-05 0 0.003995 0 1.5e-05 0.000115 0 0 4e-05 3e-05 0.006075 6e-05 0 3.5e-05 3.5e-05 0 0 0 0 2e-05 1e-05 0.00122 0.008745 6.5e-05 3.5e-05 0 3.5e-05 0.00561 0 0
3.5e-05 0.001585 0 0 0.01108 0.01147 6e-05 0 0 4.5e-05 0.00015 3.5e-05 0 0 0 0 0.003135 4.5e-05 0 0 0.00736 3.5e-05 4e-05 0 0.00017 4e-05 0 5e-05 0 0 6.5e-05 4e-05 0 0 4.5e-05 0.004095 0 3.5e-05 0.008325 0 0.0027 0 0 0 4e-05 5e-06 0.00798 3.5e-05 0 0.004845 0.01097 0 3.5e-05 0.002425 0.011345 0 1.5e-05 3e-05 7e-05 2e-05 0 0 0 0.00301 3e-05 0.007875 0 0.005555 3.5e-05 3.5e-05 0.00053 0 0 0.00327 0 3e-05 0.01261 0.00465 0 0 0.00348 0 1e-05 0 0.00299 0 3.5e-05 1.5e-05 0.002265 0.00408 0.00312 3.5e-05 0 2e-05 0.000355 0 1e-05 0.008355 0.000185 5e-05
0 0 0.00434 2.5e-05 0.006885 3.5e-05 4.5e-05 3.5e-05 0 3.5e-05 0 2.5e-05 0 0 2e-05 0.01772 0.000195 4.5e-05 0.01004 0 0.003035 4e-05 0.001055 0.007195 0.00039 0 0 4e-05 2.5e-05 0.017265 0 0.01046 4e-05 0.00091 0 0 0 0.00392 4e-05 2.5e-05 0.010065 0 0 0 0.001435 0 0.000705 4.5e-05 0.00021 3e-05 0.003655 3e-05 0 0 1e-05 0 0.00572 4.5e-05 1.5e-05 0 0 0 0.00098 0 0 0.00527 0 0 0.00752 0 0 5e-05 3.5e-05 4e-05 3.5e-05 1.5e-05 3.5e-05 0 6e-05 0 0.014165 0.00195 0 0.00115 0.00185 5.5e-05 2.5e-05 0 0.00316 0.00953 4.5e-05 0 0 0.00228 3.5e-05 3e-05 3e-05 1.5e-05 3.5e-05 0
0.000115 0 3.5e-05 4.5e-05 0.003315 0.00435 0 0 2.5e-05 3.5e-05 0.006265 2e-05 0 1.5e-05 0.000665 0 0 0 3e-05 0 0.00558 0.00059 0 2.5e-05 1.5e-05 4.5e-05 0.00419 0 0 4e-05 0 2.5e-05 0 0.00029 0.005585 0 0.00216 0 1.5e-05 0 4e-05 3.5e-05 2.5e-05 0 0.007915 0 0.00464 0.001725 0.00795 0 2.5e-05 0 3e-05 0.000705 0 0.01783 1.5e-05 0 0.01648 0 0 0 0 1.5e-05 5e-05 0 0 1.5e-05 5e-06 2e-05 0 3e-05 0 0.006755 0.00635 0 0 2e-05 0.0084 0.00026 5e-06 1.5e-05 0.00117 0.00244 0 0.005285 0.00845 0.00123 4e-05 0.005395 0.00012 0 3e-05 0 0.000375 0.004525 5e-05 0.002945 0.00166 1e-05
0 0.001015 0 0 1e-05 4.5e-05 0.000935 0 0.0121 4.5e-05 3.5e-05 0.014975 1e-05 0.001875 2.5e-05 4e-05 0 0 2.5e-05 2.5e-05 4.5e-05 0 0 0 0 0.008225 0 5.5e-05 3.5e-05 3.5e-05 0 5e-06 0.001535 2e-05 0.00199 0 2e-05 0.006075 0 4.5e-05 0 9e-05 5e-06 9.5e-05 0 0 2.5e-05 0 3e-05 0.00163 0 0.003865 0.005885 0 2.5e-05 1.5e-05 0 0.00045 0 0.010275 3e-05 1.5e-05 2.5e-05 4.5e-05 0.000395 4e-05 0.00152 0.00226 0 0 0 0.00581 0 0.00253 0 0.012365 4.5e-05 0 0.00295 0 5e-05 3e-05 0.010175 3.5e-05 0 0.007735 4.5e-05 3.5e-05 4e-05 6e-05 1.5e-05 2.5e-05 3e-05 0 4e-05 5.5e-05 0 4e-05 0 1.5e-05
1e-05 0.007225 0 0 0.010165 3e-05 0.00268 0 3e-05 2e-05 0.00132 0.006255 0 0 0.007495 0.00779 0 2.5e-05 3e-05 0 0.005495 0.008585 0.00054 4.5e-05 2e-05 0 0.002135 0.00106 6.5e-05 2.5e-05 1e-05 1.5e-05 0.000185 0.00975 2.5e-05 0 0 0.000905 0 0 0 1.5e-05 2e-05 0 0.00131 1.5e-05 3e-05 0 2.5e-05 0.001275 3.5e-05 0.00344 0 6e-05 0 0.000635 3e-05 0.005285 3e-05 3e-05 6e-05 0.009045 0 0 4.5e-05 0 2.5e-05 1.5e-05 7e-05 0 0 2e-05 3.5e-05 0.000185 0.00768 3.5e-05 0 0 3.5e-05 0 0.012565 0 0.002585 9e-05 0.00592 0 5e-06 3.5e-05 4e-05 0.00504 0.006795 0 3.5e-05 0 0.0068 3e-05 0.002305 3.5e-05 0.00399 1.5e-05
0 4e-05 0 2e-05 0 0.000615 0.00017 3.5e-05 0 0 5e-05 0 0.00276 3e-05 0.00109 0 0.0129 0.00128 4e-05 0.00364 0.005805 2e-05 0 0 0.002215 0.00018 3e-05 0 4e-05 0.00494 6e-05 0 4.5e-05 0 3.5e-05 0 0 2e-05 2e-05 1.5e-05 0.011205 1e-05 0.001065 1.5e-05 0.012145 0.00319 4e-05 0 0.004155 0.006355 5e-05 0 0 0.00589 0.000185 5e-06 1.5e-05 0.00276 0 0.006865 0 1e-05 0 0 4.5e-05 1.5e-05 4.5e-05 0.009335 3.5e-05 0.002005 4.5e-05 6e-05 0 1.5e-05 2e-05 0 0 0.007895 0 2e-05 0 0.000385 0.007845 0 0 2.5e-05 3.5e-05 0.007835 1.5e-05 0.008325 0.00099 0 0 0 0 5.5e-05 0.000335 4e-05 8.5e-05 0
0 0 0.002695 3e-05 3.5e-05 0.00072 7e-05 1.5e-05 3.5e-05 0 4e-05 0 0 0 0.004415 3e-05 0.006715 0 0 6.5e-05 1.5e-05 3.5e-05 0.000155 0.00104 5e-05 0 0 3e-05 3e-05 0.002975 3.5e-05 0.00429 0 0.0009 0 0.000325 2e-05 3e-05 0.00479 0 0.00971 0.00028 0 0 0 0 4.5e-05 4e-05 6.5e-05 0 0 3e-05 1e-05 6e-05 3.5e-05 2.5e-05 0 4.5e-05 0.002945 6.5e-05 9.5e-05 0 2.5e-05 0.00029 0.003415 5e-05 0 0 3.5e-05 3e-05 3.5e-05 0 0.00066 4e-05 0 0 0 0 0.000145 3.5e-05 4.5e-05 0 0.001955 0 5e-05 3.5e-05 4.5e-05 0.00041 4.5e-05 0.001235 0 2e-05 0 0.011455 3.5e-05 3e-05 0 0 4e-05 0.00199
0.00584 0.004965 0 6e-05 3.5e-05 0 0.00669 5e-05 0 5.5e-05 2.5e-05 4e-05 0.007505 4.5e-05 4e-05 1e-05 4e-05 0.000425 3.5e-05 0.00277 0.003015 0.00432 0.001475 0.003815 0.005765 3e-05 0.000355 3.5e-05 0 0 0.003165 0 0 4e-05 0.000175 3e-05 3.5e-05 0.00148 0 0 3e-05 0.01112 0.00429 0.001865 3.5e-05 0 4e-05 0 0.00967 0 2.5e-05 3.5e-05 0.007175 0 2.5e-05 5e-06 0.00702 4.5e-05 0 0.0003 0 0.000205 4.5e-05 2e-05 2e-05 0 2.5e-05 0 0 0 0.015575 0 0.009305 0 0 0 3e-05 0 0 0 0 0.0035 0 5e-05 4e-05 2.5e-05 0 0.001325 0 2.5e-05 0 4e-05 0 0 2.5e-05 2.5e-05 0.0019 0.00541 0.000585 0
2.5e-05 0 0.00084 0 0 2.5e-05 4e-05 0.000225 0.00011 0 0.013735 3.5e-05 4e-05 0.01443 0 0.01315 4e-05 2.5e-05 4.5e-05 4e-05 0 3.5e-05 0.00142 5.5e-05 0 0 0 0 0.00478 0 0.00328 0 0.01194 0 0.007645 2e-05 3e-05 0.004635 0.002825 0 5e-06 0 0 5e-05 6e-05 2.5e-05 0.00957 0.00025 4e-05 2.5e-05 0 0 0 0.00011 0 0.001475 0 0.00091 3e-05 2.5e-05 0.0036 2.5e-05 0.00127 0.00395 0 6e-05 0 0.000425 0.001455 3.5e-05 1e-05 0 0.001195 0.00729 6e-05 1.5e-05 0 2.5e-05 0 0 0.011615 0 0 2.5e-05 0 0 2.5e-05 2e-05 0 2e-05 4e-05 0 3.5e-05 0 3.5e-05 0.00072 4e-05 0 3.5e-05 1e-05
1e-05 0.00181 0 0.000745 0.01008 0.000865 0.001635 0.00265 2.5e-05 0 0 5e-06 3e-05 6e-05 0 0.00553 2e-05 0 3e-05 0 0 0.010465 0.00569 2.5e-05 0 3.5e-05 0.00781 0 0.0097 0 3.5e-05 0 0.003 0 3e-05 3e-05 2.5e-05 0 1.5e-05 0 0 3.5e-05 4.5e-05 0 0.000685 0 0.00146 0.000755 3.5e-05 0.005345 3.5e-05 0 0 4e-05 4e-05 0.00719 4e-05 0.000935 4e-05 5e-05 4e-05 0.00084 4.5e-05 0.00043 3e-05 0 1.5e-05 1.5e-05 0 0 0.00831 0 8.5e-05 0 0.009415 3e-05 5e-05 3.5e-05 3.5e-05 0 0.004555 0 2.5e-05 0.00351 0.00232 0 0.00909 0 2.5e-05 0.000315 0 2.5e-05 0 0 0 2e-05 0.000255 5e-06 0.003885 0
0 2.5e-05 0 3e-05 9.5e-05 0 4.5e-05 0 0.0076 0 3e-05 0 2.5e-05 0 0.00013 0.000575 2.5e-05 3.5e-05 0 3e-05 0 4e-05 0.00788 0 1e-05 0 4.5e-05 3.5e-05 2.5e-05 6.5e-05 0.00024 1.5e-05 0.01348 0.000245 0 0 3e-05 4e-05 0.0066 0.00435 0.001415 0.0002 0.006 0 0 0 3.5e-05 0.0065 1.5e-05 0.00315 5.5e-05 1.5e-05 0.001565 0.001515 2.5e-05 0.002165 0.000165 0.002815 0.00173 0 0 0 4.5e-05 0 0 0 0.01398 5e-06 0 2e-05 4.5e-05 6e-05 0.00331 2e-05 0 0.006735 0.0099 0.002 0 0.004395 0 0 2e-05 2.5e-05 2e-05 2.5e-05 3e-05 0 0 4e-05 0 0.00313 2.5e-05 0.003645 0 0.002045 0 0 2e-05 0
0.006755 0.000515 0.000865 0 3e-05 0.010435 0.00064 3.5e-05 4.5e-05 0 3.5e-05 0 0 1.5e-05 0 1e-05 0 0.00684 0 0 5e-05 0 2e-05 0 2e-05 0 0 3e-05 0 0 0.004755 0 0 3e-05 7e-05 8e-05 5e-05 4e-05 4.5e-05 0 0.003335 0.014065 0.0002 0 0 0.00163 6.5e-05 0.000485 0 0.000955 6.5e-05 1.5e-05 0 0 3e-05 0.00109 0.000225 2.5e-05 2.5e-05 0.003025 0.00865 0 3e-05 0 2.5e-05 0.009615 0 0 0.001065 2e-05 0 0 3e-05 0 0.00396 0.002705 0 5e-06 2e-05 0.001325 4e-05 1.5e-05 0 4e-05 0 3.5e-05 5.5e-05 0.012665 0.000375 4e-05 4.5e-05 0 0.00049 0.010625 2.5e-05 0.00079 0 0.00612 2.5e-05 0
0 0.00359 0 2.5e-05 4.5e-05 0.010405 3.5e-05 2e-05 4e-05 0.0132 0 3e-05 0.00574 0.000865 3.5e-05 5.5e-05 4e-05 0.006605 0 0 0 6e-05 3.5e-05 8.5e-05 5.5e-05 0 0.00169 1e-05 0.00164 0.009385 0.00237 0.0005 0.00494 0 0.00538 0 2.5e-05 0 4e-05 0.001185 3e-05 0 0.003515 0.00155 5.5e-05 0 3.5e-05 0 0 3.5e-05 3e-05 0 0 5.5e-05 4.5e-05 0.001275 0.003715 2.5e-05 0.000185 0.001165 0 3.5e-05 0 0 0 0.00714 0 4.5e-05 0 3.5e-05 0.007725 0 0.01475 2.5e-05 0 2e-05 1.5e-05 0.00378 0 0 0 0 0 8e-05 0 0 0.002245 0.00537 0.00977 0 3e-05 0 0.00169 0.00023 2e-05 0.007315 5e-05 0 0 5e-05
0 0.000195 0 0 0 4.5e-05 0.00093 0.00016 6.5e-05 0 3e-05 0.00085 0 3.5e-05 0 0 0 0 0 0.01347 0.00029 0 1e-05 0.00649 4e-05 4e-05 0.011785 0 3e-05 0 0.005145 0.001095 6e-05 2e-05 4e-05 3e-05 0 0 4.5e-05 4e-05 2.5e-05 0.00133 0.000335 5e-05 0.010415 3.5e-05 5e-06 5.5e-05 2e-05 4.5e-05 2e-05 0.00038 0.000955 0 0 0 2.5e-05 0 2e-05 0 3e-05 0 0.00394 0 2.5e-05 4e-05 0 0 0 0 0.00483 5.5e-05 4e-05 0.000155 2e-05 0 3.5e-05 2e-05 0 3e-05 2e-05 0.014325 6e-05 0.001015 3.5e-05 0 0.01238 1.5e-05 0 0 0.01333 1e-05 0.00208 3.5e-05 3.5e-05 0 0.01262 0.00203 0.00813 0
0 0.00324 0 0 0.01571 3.5e-05 2e-05 0.00392 3e-05 2e-05 0.01107 0 3e-05 0.001535 0.000775 0.012885 3e-05 3e-05 1e-05 0 3e-05 0 3e-05 4e-05 0 4e-05 0.00021 0 0.007665 4.5e-05 0 3.5e-05 0 0.011105 0.00947 6e-05 0 0.008545 0.00765 0 0 0 0 0 3.5e-05 0 0.00027 2e-05 4.5e-05 0.00225 0.00154 0.00289 3e-05 3e-05 1e-05 0 0 2.5e-05 0 2.5e-05 1.5e-05 3.5e-05 5e-05 0.005565 4e-05 3e-05 0 0 0.002115 0 0.002885 2.5e-05 0.000315 5e-05 0 5.5e-05 3e-05 0 0 0 0 0 4e-05 3e-05 0.00718 0.00998 0 3e-05 0.00049 4e-05 1.5e-05 0.003755 3e-05 1e-05 2.5e-05 0 4e-05 0 1.5e-05 5.5e-05
5e-05 4e-05 0 0 4.5e-05 3.5e-05 4e-05 0 2e-05 0 0.009285 0.002285 0.00729 0.004365 4e-05 0.003195 0 0 0.00553 2e-05 0 0 3e-05 0.002375 0 0.008845 0 3e-05 0.00035 3e-05 0 0 3e-05 4e-05 4e-05 0 0 0 2e-05 0 0 5.5e-05 0.00162 4e-05 0.002915 0 0 0 3e-05 4e-05 0.00074 2.5e-05 0.002225 0 0.00195 0 0.00508 0 0.007985 4.5e-05 0 1.5e-05 0 3e-05 0.006915 0 0.00073 3e-05 2e-05 2.5e-05 3.5e-05 0.00491 0 0 5e-05 2.5e-05 5.5e-05 0.000805 0 4e-05 4.5e-05 0 0.001435 0.00088 0.005515 0.01032 0.001595 3.5e-05 0 0 5e-06 0.00257 0.00587 1e-05 0 0.000165 3e-05 0 0 0
3.5e-05 0.00772 0.00833 0.00583 0 0 3e-05 0.00109 1e-05 0.00017 0 2.5e-05 3e-05 0.01164 0.007005 0.000365 3.5e-05 4e-05 0 4e-05 4e-05 0.007055 0 2e-05 0 0 0 0 4.5e-05 0 3.5e-05 0 0.00216 0.018135 0.003125 2e-05 3e-05 0.00084 0.004615 0 3.5e-05 0 2e-05 0 3e-05 0.00746 3e-05 0 2.5e-05 0 0 0.006465 4e-05 1.5e-05 2e-05 2.5e-05 0 0.000105 0.005135 3.5e-05 4.5e-05 0.00151 4.5e-05 0.003475 0.001025 0.000225 0 3.5e-05 0.000205 0 0 0 0.00833 0 0 0.000305 0.00037 0 0.003895 0 3e-05 2.5e-05 1.5e-05 0.000155 0 0.000535 0 0 0 4e-05 2.5e-05 0 0.00197 5e-05 0.004545 0 0 3.5e-05 2.5e-05 0.00299
2e-05 0 1.5e-05 0.0038 0 1.5e-05 3.5e-05 1.5e-05 0 2e-05 0 3e-05 0.000145 0 5e-05 0 0 5.5e-05 2.5e-05 0 0 0.001985 2.5e-05 5e-06 0.00078 4.5e-05 0.0016 5e-06 0 7e-05 0 0.00022 2e-05 0 0.005645 4e-05 0 0.000415 0.002795 3e-05 0.00988 0.00058 3.5e-05 6e-05 3e-05 0 0 2e-05 0.00153 3e-05 2e-05 0 3e-05 2.5e-05 0.00863 1.5e-05 0 0 0 0 1.5e-05 4.5e-05 3e-05 0 0 4.5e-05 1.5e-05 0.00512 0 0.00584 0.00315 2e-05 0 0.00197 1e-05 0.004855 0.00771 1e-05 0 3e-05 5.5e-05 0 0 3.5e-05 2.5e-05 0.00354 0 4.5e-05 0.002985 0.001105 0 0.0072 4e-05 1.5e-05 0 4e-05 0 2.5e-05 0 0.012225
0 0.015965 2e-05 0 0 0.00286 4e-05 0.001715 0 5e-05 0 0 0 0 0 0.01074 3e-05 0 0.001415 3e-05 8.5e-05 0 0 0 0 0.0025 0.00613 0.004775 0 0.00487 0 5e-05 0 0 0.010575 0 0.001425 0.000305 3.5e-05 4e-05 4e-05 4e-05 3e-05 1.5e-05 0 3.5e-05 0 0.001455 0 7.5e-05 3e-05 0.00181 0 7e-05 0.012075 7e-05 0 3.5e-05 0.00619 1.5e-05 2e-05 2.5e-05 5e-05 2.5e-05 0.000955 2.5e-05 0.01269 3e-05 0 3.5e-05 2.5e-05 0.004735 3.5e-05 0 2.5e-05 4e-05 5.5e-05 2.5e-05 2.5e-05 0.003385 0 0.003435 1e-05 0 5e-06 0.000885 0.00034 0 0 0.008895 0 3.5e-05 2.5e-05 1e-05 0 3e-05 0 0 0.00051 0.0001
3e-05 0 0.00171 0.00049 3.5e-05 0 0 0.006785 0 0 4e-05 0.00058 4e-05 0 0.002825 0 2.5e-05 0.00918 0 0 2.5e-05 3.5e-05 0.012145 3.5e-05 0 3e-05 0 5.5e-05 4.5e-05 0 0 0 0 0.002845 4.5e-05 5.5e-05 2.5e-05 0.00011 1.5e-05 1.5e-05 2.5e-05 4.5e-05 0 0.01813 0.002335 0 0.009855 3e-05 4e-05 0 0.000125 0 0.00174 2.5e-05 2e-05 0 5e-06 0 0 3.5e-05 2.5e-05 2e-05 2.5e-05 4e-05 0 7e-05 0.00996 0.00862 0.000165 0 0.001535 1.5e-05 0.007635 0 0.00636 3e-05 8e-05 0 0.001175 3.5e-05 0 0 0.001165 0 0.0007 0 3.5e-05 3.5e-05 0.001415 0.00011 0 0.001985 0.010635 2.5e-05 0 2.5e-05 0 0 3.5e-05 4e-05
4.5e-05 0 0.002775 0 0 0 3.5e-05 6.5e-05 0.006785 0.00025 0.006715 8e-05 0 0.00023 0 2.5e-05 0 0 0 5e-05 5.5e-05 0 0.00016 0 2e-05 0.00464 0.006085 0.00104 0 0 2e-05 0.001035 4e-05 0.00835 0.00193 0 0.009955 0.019105 4e-05 0 0.00025 0.00528 4.5e-05 3e-05 0 2e-05 3e-05 0.0063 2.5e-05 0 0.00488 0 0 0.000365 4e-05 4e-05 0 5e-05 0.001875 4e-05 0.000465 3.5e-05 0.000455 0 3.5e-05 4e-05 4e-05 4.5e-05 0.00468 5e-06 0 3e-05 0 5.5e-05 2e-05 0 3.5e-05 0.00039 3e-05 4.5e-05 0.002075 0 0 0 2.5e-05 3.5e-05 2.5e-05 4e-05 0 0.000185 0 0 0.008895 6.5e-05 0.00334 2.5e-05 4.5e-05 0.00029 7.5e-05 0
0.006705 0.00392 0 0.001875 2.5e-05 3e-05 5e-06 0 0.00037 0 0.00074 0 5.5e-05 4e-05 4e-05 0.012705 0.00013 5e-05 1e-05 0.001005 0.00013 0.00306 5e-05 0.004095 0 5e-06 5e-05 1.5e-05 0.00118 4.5e-05 0.000435 0 5.5e-05 0.0002 6e-05 0 5.5e-05 0 7e-05 0.00097 0 0.005455 0 0.00815 0 0.00107 4.5e-05 0 0 3.5e-05 0 3e-05 0.000895 0.002015 0.0057 6e-05 2e-05 0.003665 0.003185 0 0 0 4e-05 0.00172 0 0 2e-05 0 0 3e-05 2.5e-05 0 0.000135 2.5e-05 2.5e-05 0 1.5e-05 3e-05 1.5e-05 4.5e-05 0 0 0.00012 0 0 0 0 0.004835 1e-05 0 6e-05 0 4.5e-05 0.00762 0 0.0072 0 0 5e-05 3.5e-05
0 4e-05 0.00122 0.00537 4e-05 0 0 0 0 0 0.00928 0 0.01176 0.00208 2e-05 4e-05 5.5e-05 3e-05 0 5e-05 3e-05 0.014905 0.001435 0 2.5e-05 0 4.5e-05 0.01036 4e-05 0.000485 0.002245 2e-05 3.5e-05 0 0.00102 0 3e-05 7.5e-05 4e-05 0.00506 0.00331 0 0 0 0 0.00861 2e-05 0.00955 0 0 0 5e-05 0.000155 3e-05 0 0 0 0.000345 0.006995 0 0 5e-05 0 0.000275 2.5e-05 5e-05 0 0 4.5e-05 0 0 3.5e-05 0.00403 0.00685 0.001045 0.002855 2.5e-05 1e-05 0.00416 4e-05 0 6.5e-05 0.016585 3e-05 2e-05 0.009155 5e-05 0.00074 3.5e-05 0.002325 0 0 3e-05 0.00479 3e-05 0 0.01214 0 3.5e-05 6e-05
4.5e-05 0 3.5e-05 0 2.5e-05 0.002495 2e-05 0 0 3.5e-05 9.5e-05 0.00231 0.000565 0.001755 0 5.5e-05 0 0 0 3.5e-05 3e-05 2e-05 2.5e-05 2.5e-05 0 0 0.004745 0.003185 3.5e-05 0.009435 2.5e-05 0 0 3e-05 0 0 0.01065 0.00114 0 0 3.5e-05 0 2.5e-05 5e-05 0.00452 0.015275 4.5e-05 2e-05 0.00807 0.00266 1.5e-05 0.01691 4.5e-05 0.00329 0 0.007295 0 2e-05 2.5e-05 0.00058 0 5e-05 0 0 0 3.5e-05 0.00159 0 0 0.00018 0 0.000485 4e-05 6e-05 0 0 0 0 2e-05 0.000235 4e-05 0 5.5e-05 2.5e-05 0 3e-05 0 2.5e-05 0.010385 0.010365 0.007705 0 0 5.5e-05 4e-05 4e-05 0 4e-05 0.008925 0
0 4e-05 0 1.5e-05 0 3.5e-05 8.5e-05 0.004755 0 0 3.5e-05 0 0.00212 0.00481 0.00068 0 0.00297 3.5e-05 5e-05 0 4e-05 0.003995 0 5e-05 4.5e-05 0.00253 0 5e-05 0.000185 3.5e-05 0 0 0.00316 0.00079 0.004195 2.5e-05 0.003025 0.003965 4e-05 0 3.5e-05 0.007495 3e-05 4e-05 0.004745 0.014685 0 0 0.01682 2.5e-05 7e-05 0 0.001605 3e-05 1e-05 0.0001 0 0.00028 2e-05 0 0.00185 0.004555 0 0.008975 2.5e-05 0 4e-05 0.0059 0 0.000115 3e-05 0 0 0 0.00241 0 0 0.000365 5.5e-05 4e-05 0.00132 0.00092 4e-05 3.5e-05 0 0 0 0.00539 5.5e-05 3e-05 0 0 0 3.5e-05 0.007835 0 0.004835 5.5e-05 4e-05 0.004985
0 0.001145 0.002575 0 0 0 0.0064 0.0001 1e-05 2e-05 2e-05 0 2.5e-05 3e-05 0 5e-05 0 0 9e-05 0.00879 0.00131 0.015375 5e-05 0.002285 0.009685 0.003595 0.00464 0.00202 0 0 0.00013 0 3e-05 0.000295 0 0 2.5e-05 0.000655 5.5e-05 2.5e-05 3.5e-05 0 2.5e-05 0 0.00013 3e-05 0 0.008305 0 3e-05 0 0 0 3.5e-05 1.5e-05 3.5e-05 2.5e-05 3e-05 3.5e-05 3.5e-05 0 0.009335 1.5e-05 0 4e-05 5e-05 0 3.5e-05 0.001295 4e-05 0.017215 0.00329 9.5e-05 0 0.00262 0 3e-05 4.5e-05 0.000955 2.5e-05 3e-05 0.00853 0 0.008365 0 0 0.00883 4e-05 0 0 0.00852 4.5e-05 0.00011 3e-05 0 0 0.001785 3.5e-05 4.5e-05 0.001655
0.00507 3.5e-05 3.5e-05 5.5e-05 3e-05 0 0.007675 0 0.00068 0 1.5e-05 0.00817 0.00666 3.5e-05 2e-05 3.5e-05 0.001155 3.5e-05 0 0 0 2e-05 2e-05 0.00596 0 0 0.00079 1e-05 0.00084 0.0027 4.5e-05 2.5e-05 0.00264 0 0 0 0.002785 0 6e-05 0 0.000135 0.011045 0.014195 0 0.00635 3.5e-05 0.003165 3.5e-05 4e-05 0.00654 0 0 0.013285 0.00079 0 0.007635 0 0.003285 2.5e-05 0 0.007695 0 0 4.5e-05 0.000855 5e-06 5.5e-05 0.001695 8e-05 0 4e-05 1e-05 0 3.5e-05 2e-05 3e-05 0.000135 0 0 1.5e-05 0 0.001685 0 1.5e-05 1.5e-05 0 2e-05 0.001155 0.002905 0.00099 0 0 0 0 0 0.00248 0.01008 0.009495 0.000205 0
3e-05 0.00814 0 0 3.5e-05 5e-06 0 2.5e-05 4.5e-05 0.000905 0.00182 0 3e-05 0.00141 0 0 3.5e-05 0.005455 0.011365 3e-05 3.5e-05 0 0 0 0 0 2.5e-05 0 4e-05 0 0.000285 3.5e-05 0 0.00324 0.00855 0 0 0 7.5e-05 0 4e-05 2.5e-05 5e-05 0.013725 4.5e-05 0.001885 4e-05 0.000135 0.001485 2e-05 0 2e-05 0 3.5e-05 2e-05 1.5e-05 0.01518 6.5e-05 0 5e-05 0 0 0.000615 0.000205 0 0.01326 0.000545 4e-05 0.00072 3.5e-05 0 0.006815 0 3.5e-05 0.00015 0.002685 0.00375 0 0.00435 0.000475 0 4e-05 5.5e-05 2e-05 3.5e-05 0.002675 0 0.00036 0.00546 4e-05 2.5e-05 2e-05 2.5e-05 3e-05 4e-05 0 0 0 0 3.5e-05
2.5e-05 2.5e-05 4.5e-05 0.01268 0.002055 2e-05 5e-05 0 0.00019 0.00146 0.004955 0 0 0 0 0.007575 5e-05 0 4e-05 0.005105 5.5e-05 0.00399 2.5e-05 0 3.5e-05 0.002805 0.00727 0.007805 0 0 0.000375 0.011505 2e-05 0.002495 0 2e-05 0.00764 4e-05 0 0.00035 0 5e-05 4.5e-05 2e-05 0 4e-05 2.5e-05 0 0 2e-05 0 3.5e-05 0 0 0 3.5e-05 0 0.00628 0 0.00013 0 0.002185 0.012545 0.004575 0.00017 0 0 0 3.5e-05 4e-05 2.5e-05 0.000125 0 0 5e-06 2e-05 5e-05 5e-05 0.012845 3e-05 0.0023 0.00509 0 0 0 0 0.000715 4e-05 0 0.005915 0 0.00471 0 3.5e-05 2e-05 0.004265 0 2e-05 0 4e-05
4e-05 0.000425 0.00658 0.0069 0.00784 0 0.00024 5e-06 0 4.5e-05 0.01061 0.00575 0.00022 0.000205 2e-05 0.006895 5.5e-05 3.5e-05 4e-05 0 3.5e-05 0 5.5e-05 0 3e-05 0 0.01231 4.5e-05 0.00392 1.5e-05 8e-05 0.00296 0.009365 0.002095 0 1.5e-05 5e-06 0 0 0 0 2e-05 0 0 2.5e-05 1.5e-05 2e-05 0.00138 4.5e-05 5.5e-05 0 0 2.5e-05 3.5e-05 4.5e-05 0 0.007585 3.5e-05 0 0 0.00086 0 0.005655 4e-05 5e-05 3e-05 0 4e-05 0 0.000175 0 0.002745 0 0 0.00103 2.5e-05 5e-06 3e-05 0.00046 0.007495 0.003235 0.00062 0 3.5e-05 0 0 0 4e-05 0.000685 0 0 0.009435 0.003195 2.5e-05 1.5e-05 0.00025 2e-05 0.00859 0 0
3e-05 0 0 0.00286 4e-05 0 0 0 2.5e-05 0.00011 0.00372 0 0.00473 4.5e-05 0 2e-05 0 0.013455 0.00822 0.00029 4.5e-05 0.00017 4.5e-05 0.000725 0 0 0 0 0 0 0.00304 0.00729 0 0.00031 0 3.5e-05 0 0.00027 1.5e-05 0.0001 0 2.5e-05 0 0.00825 0.000485 3e-05 0 0.00022 2.5e-05 0 0 4e-05 0 2.5e-05 1.5e-05 2.5e-05 0.000415 3e-05 0.006475 4.5e-05 4e-05 0.000195 0.002695 0 1e-05 0 1e-05 1e-05 3.5e-05 5e-06 0.01054 0.017075 0.010285 0.000275 0.001485 3.5e-05 3e-05 2e-05 2.5e-05 0 3e-05 0 0 0.010395 0 0.003695 0.002265 0 5.5e-05 5.5e-05 0.007425 3.5e-05 0.016385 0 2.5e-05 2e-05 0.00029 0 3.5e-05 0
3e-05 0 0 0.00019 0.012425 0 0.004215 6.5e-05 3e-05 1.5e-05 0.00114 0.001625 2e-05 0.000105 0.00051 0.000845 1.5e-05 0 1.5e-05 0 0.001305 0.007825 0 3.5e-05 0.00789 1e-05 0.000365 0 0.00017 3.5e-05 0.00081 0 0.005285 0.00901 4e-05 1e-05 3.5e-05 0.00265 0.0015 4.5e-05 2e-05 1e-05 2e-05 0 0 0 0 0.007475 0 9.5e-05 0 0 2.5e-05 2.5e-05 0.0001 0 0 0 0 2.5e-05 5e-05 0 0.0003 0.002085 1.5e-05 5.5e-05 8e-05 4e-05 0.0011 0.002975 0.00319 5e-05 0.00205 0.003505 0.001585 2e-05 0 3.5e-05 2.5e-05 0.002795 0.016605 0 0 0 0.00908 0.008265 0.01046 0 0 4e-05 0.000475 0 4.5e-05 0 0 0 2e-05 0 4e-05 0
0.00715 2.5e-05 3e-05 4.5e-05 3.5e-05 0 0.00329 0 0.003525 0 0 0 0.00618 0 0 5.5e-05 0.00507 0 0 0 0 0 4e-05 0.00014 0.000105 4e-05 0 0.000545 0 0.00037 0 3e-05 0.004215 0 0.00134 0 0 0.00317 3e-05 5.5e-05 0 0.00027 0.012505 2.5e-05 0.004945 0 0.00025 4e-05 0.001965 0 4e-05 0 0.01078 0.00798 0 0.010255 4e-05 0.00052 0 0.003945 4e-05 1.5e-05 4e-05 6.5e-05 0 1.5e-05 3.5e-05 0 0.001385 0 0 0 0 3.5e-05 5e-05 3.5e-05 0 0 2e-05 2.5e-05 0 7e-05 3e-05 3e-05 0 0 0.00019 0.00805 0.00368 2.5e-05 0.003885 0.00096 2.5e-05 0.006445 2.5e-05 4e-05 0.001695 0.00554 0 3.5e-05
0 0.00479 3e-05 5.5e-05 0.001705 1.5e-05 0.004185 5e-06 0.000135 1e-05 2.5e-05 0.000495 4e-05 1e-05 0 0 0.012915 4e-05 0.00121 0.00477 0.0004 5e-06 0 0 0 0 4.5e-05 0.00028 3e-05 4e-05 3e-05 2e-05 0 0 3e-05 5.5e-05 0 0 0.002935 2e-05 0 3.5e-05 4e-05 0.00154 0.00798 0.002175 5e-06 0 2e-05 0.00114 0 0 5e-05 0 0.000875 2.5e-05 4.5e-05 0 3.5e-05 3e-05 0 0.00641 3.5e-05 0.00264 0.00092 0 1.5e-05 0.007595 3e-05 4.5e-05 3e-05 0 1e-05 0 0 0 0 0 4.5e-05 4.5e-05 0.0041 2.5e-05 0 0.00864 0.003095 3.5e-05 0 0 2e-05 3.5e-05 0.00914 4e-05 4e-05 0.004935 0.00191 5e-05 0.000705 0 0.00251 0
4.5e-05 3.5e-05 5.5e-05 0.002485 3e-05 0 7.5e-05 0 0 0 0.010645 0 0.001255 0 3e-05 0.01064 0 3e-05 0.0001 0.00267 0 0 1.5e-05 3e-05 0.00145 0.001805 1.5e-05 0.00176 0.006375 1e-05 0 0 5.5e-05 0.004 2e-05 0.002105 0.00616 0.001995 0 4.5e-05 4e-05 2.5e-05 3.5e-05 5e-05 0.000205 5.5e-05 0.013615 0 1e-05 0 0.00917 0 3e-05 0.000685 0.006425 0 1.5e-05 0.001015 2e-05 0.00071 0 0.002675 0 0 1.5e-05 3e-05 3e-05 0.00075 3.5e-05 0 5e-06 2e-05 0 0 0 3.5e-05 0 2.5e-05 0.009455 6e-05 0 0 0.009415 0.00082 0.00825 0.00894 0 1e-05 0 0.00166 0.00551 0 4.5e-05 3e-05 5.5e-05 0 0.002175 0 0 3e-05
0.00106 0 0 0 0.007945 0.0007 0.00743 0 0 3.5e-05 0 0.000155 2.5e-05 2e-05 0.00037 0 0 1.5e-05 1e-05 0 0.007635 0 0.003495 1.5e-05 0.01242 0 0.00944 0.01237 0.000165 4.5e-05 1e-05 1.5e-05 0 0.00383 5e-05 2e-05 3.5e-05 0.01555 0 2.5e-05 2.5e-05 4.5e-05 0 3e-05 0.001055 1e-05 0 7e-05 5.5e-05 0 4.5e-05 0.000365 5.5e-05 0 0.001125 2e-05 4.5e-05 0 1e-05 2.5e-05 0 0 0 0.000835 2e-05 0 2.5e-05 0 0.004515 0.00857 0.00795 2e-05 0 0 0.000185 0 2.5e-05 3e-05 1.5e-05 0 0.000365 0 5.5e-05 4.5e-05 0 4e-05 0 3e-05 0.00133 5.5e-05 0 0.003635 3.5e-05 4e-05 7e-05 0 0.00358 0 0 0.000165
0 0 0 2.5e-05 0.000545 1e-05 1e-05 3e-05 0.00658 0 3.5e-05 3e-05 6.5e-05 0.00037 0 0 0 4e-05 6e-05 7.5e-05 0.00212 0 0.004075 0 0 0 3e-05 0.001845 0 3.5e-05 3.5e-05 0 0.001885 0.000365 0.001025 0.00683 0.011595 4e-05 0.012995 1.5e-05 0.00018 1.5e-05 0.00395 4.5e-05 0.00278 0 0.00167 2.5e-05 0.00036 0.00071 0.00678 5e-05 0 0 0.00395 0.00041 0 0 0.003415 0.00351 4.5e-05 5e-05 4e-05 0.00079 0.014075 2e-05 0.002655 0.000485 2e-05 5e-05 3e-05 0 2e-05 0.006845 0 0 4.5e-05 0 1e-05 0.001235 0.00114 0 0.00758 0 0.009175 0 2e-05 0 0 0 3e-05 0 2e-05 0 0.006145 0.000775 6.5e-05 3e-05 0.00118 0
6.5e-05 0 2e-05 2e-05 7e-05 3e-05 2e-05 0.00125 0 0.00661 0.00059 0 0 3e-05 0 0 4e-05 0.00259 0.005535 0.005665 0 0.00769 4.5e-05 0 4e-05 0.00528 0.0004 0.000705 0.001375 0 0 2e-05 3e-05 0.000305 5.5e-05 0.00477 6.5e-05 0 4.5e-05 0.00032 0 4e-05 0 3.5e-05 0.00209 2.5e-05 0.009285 2.5e-05 0 0 0.008295 0 0 2.5e-05 0 0 0.004555 0 0.00201 0.0006 2e-05 0.00561 0 0.00253 1.5e-05 0.00663 0 0 5.5e-05 4e-05 0.000385 0 0 0.000255 3e-05 4.5e-05 3.5e-05 0 0.00094 2e-05 2e-05 0.00805 0.000825 0 0.00439 0.01336 0 0 0.0018 0 0.00175 0.004235 0 0 0 0.01024 0 0.00012 0 7.5e-05
0.002325 0 0 0 0 0.000625 0 0.00433 3.5e-05 0 1.5e-05 0 0 0.0015 0.004995 0 0 4.5e-05 0 4.5e-05 2e-05 5e-05 6e-05 3.5e-05 3e-05 3e-05 0.00054 0.011695 0 2e-05 1.5e-05 0 0.0018 0 0.00245 1e-05 5.5e-05 0 0 3.5e-05 4e-05 7e-05 0.005245 5e-05 1.5e-05 0 1e-05 4e-05 5e-05 0 0.00856 0 0 0 0 0 0.000865 5e-06 3e-05 4e-05 4e-05 5.5e-05 0.002495 0.01348 2.5e-05 2.5e-05 0.00388 0 0.000275 0 0.00512 0.00043 0 3e-05 2e-05 3.5e-05 0.002125 0.00136 2.5e-05 0 4.5e-05 2e-05 0.00067 0 5.5e-05 0.01326 3e-05 0.00817 0 0.00125 6e-05 0.00115 0 2.5e-05 0.00032 0 0 5.5e-05 0 0
5e-06 0.010545 0.002735 0 0 4.5e-05 6e-05 0.005345 2.5e-05 0 0.00177 0 0 0 0 2.5e-05 3.5e-05 1.5e-05 4.5e-05 0 9.5e-05 7e-05 0.000275 3.5e-05 5e-05 0.00362 6.5e-05 8.5e-05 0 1e-05 0 5e-05 0 2e-05 4e-05 0 4e-05 0.00014 3e-05 0 4e-05 0 4.5e-05 0 0 0.007565 3e-05 0 0 3.5e-05 1e-05 0 0 3.5e-05 0 0.000755 0 0.001415 0.00336 0.002745 0 0.00245 0 0.00471 0.00069 0 0.000515 0.001745 0 0.00726 0 0.002325 2e-05 0.015915 4.5e-05 0.010665 0 0.00815 0.000415 3e-05 5e-05 0 0.010005 4e-05 0 0.00261 2.5e-05 5e-05 2.5e-05 0 0.005335 0 0.001935 0.005025 0 0 3e-05 0 3e-05 3.5e-05
0 0 0 0 0 3e-05 0 5e-05 2.5e-05 0 0 0.004145 0.004195 0 8.5e-05 7e-05 0 0 5e-05 3e-05 0 0 0.00525 0.00253 1.5e-05 5e-05 4e-05 0 0.001165 9.5e-05 0.000575 3.5e-05 2.5e-05 0.0006 0 9.5e-05 0.00882 0.00108 5e-06 0 0.01386 0.01539 0 0.01366 0.003805 0.000225 0 3e-05 0.010475 5.5e-05 0 0 4e-05 0.000255 3e-05 0.00022 0 0.000235 0 1.5e-05 0 3e-05 1.5e-05 5.5e-05 0 0.002015 0.00576 0.00037 0.000305 3.5e-05 3e-05 0.003385 0 4e-05 0.00627 0 0 0.000185 0 0 3e-05 2.5e-05 0 3.5e-05 3.5e-05 0.004785 3.5e-05 6e-05 0 0.01518 0.000935 0.005665 0.000125 0 0.000545 5e-05 0.00579 0 4.5e-05 0.00187
0 2e-05 4e-05 0 4.5e-05 6e-05 0.00823 0.005835 5e-05 4.5e-05 0 0 0 0 3.5e-05 0 4e-05 5e-06 0 0.007315 0 0 0.004 3e-05 3e-05 0 0 0.005555 2e-05 0.00088 3e-05 0 4.5e-05 0.0066 0 0.00078 0 0 5e-06 0.00626 0 0.000185 0.00317 0.000405 0.005635 0 0 0 0.00935 4e-05 2e-05 3.5e-05 0 3e-05 4.5e-05 0.000285 0 0.00066 4e-05 5e-05 0 0 3e-05 0 0 0.01034 5.5e-05 0.012145 0.00086 3.5e-05 3.5e-05 0.000785 0 0 3.5e-05 2.5e-05 0 1.5e-05 5.5e-05 0 0.012565 3e-05 0.00117 0.0011 0.001745 0 5e-05 0 3e-05 1e-05 1e-05 2.5e-05 0.001275 5e-05 0.0026 0.00803 0.011295 0 3e-05 0.00015
0.00416 0 0.000555 0 0.00035 2.5e-05 0.002945 0.000945 6e-05 0 0.00142 4e-05 1e-05 0.000815 0.009405 0 0 2e-05 0.002465 0.0027 0 0.00543 0.013325 0 0.001795 0 3e-05 0.0034 0 3e-05 0 2e-05 0.00173 4e-05 2.5e-05 1e-05 2.5e-05 4e-05 0.000175 4.5e-05 0 2.5e-05 2.5e-05 0.00298 3e-05 0.001525 0 0.000545 4.5e-05 0.0001 0 0 2.5e-05 0 0 0 0 0 3.5e-05 0 1.5e-05 0 3e-05 0.002695 0 4e-05 0 0.003565 0.004965 0 3.5e-05 6e-05 0 0 0 0 0.0003 0 2e-05 0.003475 0.012255 2.5e-05 0.003985 0.001725 0.007455 4e-05 4.5e-05 2.5e-05 0 0.007285 0.000765 0 0 3e-05 0.00445 0 3e-05 5.5e-05 8e-05 0.00078
0.00252 4.5e-05 3.5e-05 3.5e-05 0.00232 0.001525 0.006135 3.5e-05 0.00018 2.5e-05 0 0.0017 3.5e-05 4.5e-05 0.001105 0 0 0 0 0 0 0 0.001185 0 0.00939 3.5e-05 3e-05 0 2e-05 0.00018 4.5e-05 0 0.0005 0 0 5e-05 0 5e-06 0.00531 4e-05 0.01087 0 0.003015 2e-05 0.00563 0 1e-05 5.5e-05 0 0.012075 0 0 0 3e-05 0.00985 0.00013 5e-05 0 3.5e-05 0 0 2.5e-05 2e-05 9.5e-05 7e-05 1.5e-05 3e-05 0.00125 0.001485 0.00511 4.5e-05 3.5e-05 2.5e-05 0 0.002645 0.00025 0 0.00332 0 3.5e-05 0.004205 2e-05 0 3e-05 0.000895 0 0 0.00766 2.5e-05 0.000765 0.004615 2.5e-05 0 0 0 3.5e-05 2.5e-05 4.5e-05 0 0
0 0.00169 0 0.014655 0 2.5e-05 3e-05 9e-05 0 0 0.008995 0 3.5e-05 0 4e-05 0.00018 1.5e-05 0 0.001895 0 5e-05 0.000125 4e-05 2.5e-05 0.00211 1e-05 0.01136 0.00012 0 0 2.5e-05 0.00453 0.004115 0 3e-05 3e-05 4e-05 0.010395 0.003005 5e-05 0 2.5e-05 0 3.5e-05 5e-05 0 0 0.00445 0 0 0.004035 0.00458 2e-05 3e-05 0 3e-05 3.5e-05 0.001155 7e-05 4.5e-05 2.5e-05 0.004795 0 0.00725 0.00036 4.5e-05 0 4e-05 0 2.5e-05 3e-05 2.5e-05 0.00165 0 5e-06 0 0 3e-05 0.00584 0.000105 0.00101 0 0 0.000485 0.00148 0.00216 0 6e-05 0.00121 4.5e-05 0 0.00015 3.5e-05 1.5e-05 3.5e-05 0 0 0 2.5e-05 3.5e-05
