63 66 58 69 7 75 22 37 78 47 93 16 8 31 85 53 54 1 11 40 48 4 71 26 9 44 68 23 46 62		
7 38 6 24 83 10 65 75 93 54 40 21 2 86 44 53 36 70 39 20 4 58 51 43 48 96 74 63 25 19		
64 44 3 18 51 15 24 92 94 35 6 79 4 86 8 82 81 2 26 41 97 61 22 46 5 76 89 32 49 69		
77 6 78 56 49 72 0 9 87 47 18 25 51 8 70 45 99 63 5 94 44 97 4 38 76 16 26 92 29 60		
89 45 21 82 73 29 60 28 1 56 76 25 95 37 30 64 53 93 48 78 47 87 49 3 35 4 90 12 58 36		
37 5 86 51 52 22 90 50 73 11 3 82 62 8 68 76 58 53 15 0 23 45 55 16 72 30 19 1 44 57		
11 88 44 10 94 20 23 1 12 49 64 3 22 35 32 55 9 54 76 39 40 53 7 51 45 41 89 25 78 63		
27 17 79 51 80 95 61 40 41 77 26 33 31 2 83 15 42 53 3 96 25 32 39 86 81 87 64 21 97 62		
24 29 80 62 96 75 59 20 53 56 93 92 90 85 49 19 26 61 86 27 31 83 63 89 72 87 98 57 0 97		
44 38 21 91 74 60 95 80 23 3 81 88 12 98 79 63 20 26 42 10 25 19 33 89 6 86 29 48 83 75		
65 80 40 35 77 71 94 19 51 29 62 50 98 61 12 87 38 84 44 33 89 49 63 45 13 24 37 86 60 79		
13 15 65 41 7 27 20 47 40 73 53 34 71 86 78 3 92 79 2 66 38 12 63 1 26 32 75 39 46 35		
42 77 81 61 12 48 66 78 31 67 3 94 73 2 50 10 69 47 23 90 72 11 96 40 64 22 70 6 79 58		
85 81 14 48 66 62 95 82 55 7 28 34 60 9 44 21 25 53 27 87 45 96 33 26 23 20 74 75 73 11		
1 92 95 94 6 75 47 61 51 8 9 82 46 87 71 11 89 43 5 76 98 39 91 66 50 0 37 35 85 13		
91 21 45 92 78 83 5 80 55 82 33 3 12 2 11 76 31 1 26 64 87 13 60 84 90 40 53 37 7 19		
48 38 12 37 44 86 28 39 73 72 61 74 27 49 63 6 71 89 59 70 75 56 2 68 14 10 3 43 94 52		
50 21 68 33 39 64 1 66 11 88 42 31 97 3 4 32 25 37 36 44 76 7 55 51 81 93 48 79 20 47		
4 86 15 14 51 63 59 33 13 5 53 44 36 74 80 69 50 26 49 84 61 29 82 7 12 2 56 48 1 47		
56 79 89 54 32 92 77 91 88 70 99 61 29 41 26 73 27 69 72 65 36 64 60 23 90 94 33 1 38 82		
85 9 25 39 45 32 41 22 69 90 17 82 23 88 24 54 66 15 53 80 4 11 30 52 7 10 43 93 16 86		
99 70 12 1 61 22 46 66 0 33 72 68 28 32 51 87 59 89 7 98 29 30 52 40 6 93 84 48 69 34		
95 46 34 86 78 25 48 15 24 85 79 2 94 57 23 21 97 49 30 60 17 84 5 19 33 64 47 43 81 73		
95 61 15 30 16 72 10 90 9 66 45 1 54 8 70 32 20 21 29 31 82 40 62 5 60 42 27 38 25 69		
93 76 0 25 51 37 49 45 18 39 38 73 84 82 19 61 83 43 53 35 28 23 88 8 17 10 87 22 64 98		
22 61 16 62 35 39 92 28 86 72 69 21 3 60 78 26 42 73 15 24 10 7 95 19 54 64 30 79 99 55		
63 1 81 49 56 21 35 97 76 27 98 12 82 9 84 46 33 44 64 78 55 69 60 13 51 96 89 94 80 93		
74 22 13 57 45 88 97 75 60 90 4 0 56 30 43 52 54 12 14 79 58 44 77 47 71 3 28 29 66 70		
14 59 84 97 92 20 17 61 89 45 32 94 55 4 49 64 66 31 54 83 36 87 27 95 88 76 69 60 24 96		
28 40 24 97 41 4 92 46 14 21 27 19 83 53 23 61 80 75 88 62 86 34 6 95 47 38 77 51 5 81		
54 50 60 12 81 61 6 48 91 90 83 18 85 22 96 2 14 24 20 88 15 17 59 79 63 29 68 47 5 7		
6 27 73 34 17 92 53 80 51 11 70 91 85 97 31 59 74 99 19 46 75 7 62 13 79 84 89 94 20 54		
45 78 50 23 72 17 99 18 38 21 55 98 27 70 25 80 93 51 7 2 74 13 56 90 11 64 95 49 0 3		
12 3 31 78 22 47 52 60 45 58 24 27 90 70 41 53 48 7 56 64 51 96 11 94 9 81 69 34 28 77		
15 39 33 31 50 38 79 46 24 11 52 22 73 2 72 74 32 35 83 68 25 40 57 78 4 77 93 6 13 60		
53 41 34 16 35 37 59 23 7 57 65 9 60 55 72 38 98 66 1 28 3 68 11 36 83 14 84 56 8 91		
55 52 22 61 41 27 48 26 72 66 58 39 44 18 30 0 29 37 50 4 94 14 95 8 91 40 99 36 57 46		
53 18 3 55 79 27 74 43 36 66 16 49 6 73 75 63 45 96 2 69 77 61 17 29 80 58 34 42 70 76		
28 8 75 41 48 18 89 2 50 53 3 6 93 17 74 84 97 91 21 27 63 1 14 7 66 52 76 69 54 38		
27 16 58 65 46 10 9 29 4 42 95 33 73 49 81 8 0 85 24 87 76 69 60 17 1 7 12 36 35 84		
67 90 68 89 6 82 84 49 73 69 76 57 54 13 17 94 91 43 14 79 86 33 42 19 37 59 25 44 32 87		
99 70 36 57 53 9 31 79 8 39 92 35 49 0 87 6 98 94 82 22 63 89 23 19 34 4 69 38 26 88		
68 28 5 66 93 55 33 17 97 7 52 75 91 94 10 19 61 29 11 73 42 26 0 12 22 54 34 98 41 78		
24 69 64 94 42 23 75 76 31 11 4 46 95 55 3 20 19 58 5 63 7 0 83 78 51 68 65 29 43 70		
10 82 94 37 92 67 57 36 27 44 56 62 22 24 40 90 26 13 12 33 0 54 98 18 72 21 43 80 7 39		
34 17 5 53 69 55 99 94 81 18 35 46 12 67 65 62 9 28 51 74 25 96 43 36 98 31 85 93 42 80		
81 7 93 48 64 82 13 76 80 63 21 84 83 31 28 85 94 96 69 50 6 43 57 3 56 51 89 88 38 33		
5 32 64 56 75 11 94 59 53 39 42 66 60 71 27 8 88 85 74 89 16 41 9 52 28 93 54 78 36 15		
48 26 68 49 57 22 28 42 32 23 38 97 72 78 99 39 14 74 80 84 77 5 79 93 27 87 20 12 66 63		
52 58 2 98 65 86 28 87 40 43 29 63 71 64 94 26 76 74 12 0 49 30 35 97 55 42 4 48 36 13		
22 28 84 94 34 39 78 4 86 31 89 88 37 27 51 96 50 15 74 44 43 49 20 99 17 42 14 1 54 59		
67 40 66 33 82 36 49 58 90 24 10 89 4 2 97 69 43 74 26 22 44 65 19 30 14 87 23 71 54 5		
13 86 52 51 34 46 71 76 49 47 28 90 35 95 69 6 74 73 88 84 14 77 15 45 23 70 17 30 37 4		
47 29 80 60 78 35 87 86 24 17 64 30 50 42 90 85 81 83 18 91 43 98 62 2 45 20 5 26 76 67		
64 59 72 29 24 8 80 83 13 95 91 96 6 28 12 46 15 98 53 9 51 1 50 37 70 47 97 82 23 87		
92 98 84 53 67 29 83 49 54 35 26 87 38 0 15 2 39 48 37 32 41 86 85 95 77 57 64 43 63 13		
31 10 77 64 60 23 41 94 42 5 11 16 38 26 33 57 91 62 58 32 83 12 55 75 1 28 99 84 89 19		
10 83 65 17 69 8 6 97 51 59 40 95 26 31 0 29 62 2 77 71 39 67 1 55 14 21 89 68 46 23		
40 74 36 88 38 31 35 30 58 96 94 48 90 23 17 53 77 91 62 33 76 50 3 63 57 64 80 28 22 92		
13 67 15 36 94 11 7 92 18 62 77 14 93 76 75 21 37 95 12 38 52 10 28 5 46 63 31 0 81 32		
44 62 95 57 71 81 52 27 8 21 35 41 99 76 20 28 23 69 86 79 97 65 46 31 85 83 61 89 94 40		
49 78 79 81 38 50 44 17 29 51 48 57 45 54 0 25 55 83 47 3 42 43 63 52 87 88 73 27 91 75		
40 24 98 3 2 26 86 12 57 67 88 11 21 54 19 64 85 46 83 34 70 28 0 14 89 22 60 33 5 82		
42 67 48 21 3 8 89 43 41 44 6 25 78 50 7 65 71 54 26 34 20 83 76 90 55 73 38 66 24 52		
26 22 52 38 87 31 81 13 36 2 91 70 42 83 67 76 73 30 89 24 58 20 17 25 62 97 75 69 7 82		
79 9 62 60 75 97 5 65 81 74 36 96 89 63 34 47 38 12 94 27 71 48 91 70 88 20 57 21 56 23		
58 65 43 18 88 77 40 39 96 57 20 42 5 73 31 86 68 26 46 8 37 74 79 98 81 47 70 94 27 1		
88 77 49 17 89 75 78 24 56 13 12 4 61 81 14 31 41 76 64 82 0 52 91 79 48 32 7 27 6 54		
43 67 87 74 99 72 32 63 39 92 68 69 97 20 95 29 42 12 90 86 48 59 98 21 80 49 56 17 66 73		
47 35 39 33 14 8 96 52 44 60 20 68 58 27 87 4 49 61 56 13 26 81 75 91 74 83 15 25 28 22		
37 26 32 47 92 74 5 65 84 34 81 60 48 87 6 10 96 31 23 89 76 21 91 78 82 2 75 46 77 80		
7 25 34 52 82 88 97 39 10 98 43 55 63 83 72 81 6 33 51 45 20 9 30 8 0 31 41 78 5 13		
59 74 61 35 31 73 7 46 90 33 51 37 87 81 75 70 50 34 41 88 69 43 32 13 68 86 63 27 36 71		
13 79 91 86 7 69 1 59 9 58 50 26 6 18 31 74 3 80 94 44 97 49 25 90 47 64 10 20 40 63		
58 37 13 21 88 9 1 64 19 18 44 65 15 23 81 35 39 55 86 53 99 68 25 72 49 62 14 75 61 5		
9 84 7 58 48 90 15 75 18 80 66 12 1 78 71 32 67 46 5 72 52 74 17 51 89 21 36 42 97 92		
58 56 64 67 1 5 33 11 80 99 75 88 70 12 29 10 31 50 24 43 2 71 54 63 92 65 18 49 74 60		
81 62 98 91 48 37 86 20 25 92 63 55 80 35 3 67 52 24 78 5 15 10 13 39 61 99 38 11 7 93		
87 30 35 44 72 20 22 91 14 89 29 94 99 78 82 1 48 28 8 26 21 64 68 10 93 85 45 24 38 97		
29 48 92 58 99 90 60 12 79 40 83 59 87 2 85 9 63 32 15 7 21 20 73 76 16 70 56 18 88 81		
84 89 26 64 66 53 9 5 42 50 43 7 94 10 35 57 37 54 52 3 74 96 72 28 95 12 11 33 38 61		
38 64 81 12 36 10 50 11 2 56 20 9 49 41 13 55 98 61 30 68 62 71 60 33 24 75 15 94 93 95		
1 35 5 80 63 7 94 58 77 19 29 32 8 75 95 33 53 25 23 57 26 14 13 88 86 56 40 62 21 43		
80 92 25 89 17 82 83 38 45 99 46 84 60 11 78 10 8 37 86 40 90 57 68 31 26 66 53 33 2 9		
63 72 41 40 57 17 84 62 11 26 50 70 5 99 35 14 8 37 46 18 19 6 7 21 33 89 76 38 36 54		
35 44 81 28 33 27 65 62 77 79 38 36 55 53 40 60 87 6 11 0 15 32 13 88 29 86 66 94 47 49		
62 32 42 18 36 82 31 0 73 26 94 10 84 23 41 48 89 20 12 2 22 49 39 44 33 24 1 78 90 83		
96 26 97 55 32 81 5 78 23 38 54 50 66 59 82 85 65 42 16 75 36 69 24 29 2 6 76 48 79 45		
16 26 2 61 64 1 80 55 33 44 5 87 71 91 40 32 39 17 75 82 98 60 68 29 27 79 78 20 90 85		
35 11 87 70 61 17 67 99 66 96 98 47 42 54 75 85 89 49 44 92 24 91 95 97 36 10 0 77 63 74		
13 37 57 25 10 80 68 77 62 71 15 35 95 4 32 9 48 42 1 65 27 60 6 81 84 34 47 82 23 96		
79 15 55 86 38 18 80 44 30 99 49 62 4 28 6 51 75 48 32 14 35 54 58 43 21 96 71 73 78 42		
94 91 58 65 81 85 61 38 22 77 80 42 48 54 87 27 36 78 89 62 50 18 30 64 56 52 75 33 97 24		
82 77 51 1 48 8 32 15 45 96 24 34 7 90 6 80 52 60 35 95 37 28 31 99 66 23 5 70 43 93		
79 85 73 45 62 40 58 66 92 23 75 83 59 99 21 89 31 49 47 34 32 50 93 95 38 82 18 2 74 10		
71 82 69 42 33 79 36 61 56 80 94 85 19 11 40 97 62 10 38 43 29 83 24 81 78 90 67 55 63 41		
0 98 44 5 39 41 38 36 42 27 12 72 53 66 70 9 89 65 58 3 45 28 40 71 68 50 57 43 19 25		
63 80 96 13 70 51 54 43 57 35 93 69 78 42 68 56 6 98 46 41 16 45 5 36 92 84 0 39 88 30		
84 4 43 29 95 33 10 51 48 23 75 86 78 71 87 21 2 44 31 38 64 47 61 8 69 25 15 40 81 76		
66 96 12 95 59 86 19 9 8 76 20 13 58 31 51 23 78 80 55 70 40 61 47 42 2 64 3 10 18 36		