25 12 17 56 40 5 53 27 59 96 41 99 0 34 1 2 13 71 60 79 6 21 93 90 30 61 52 35 63 66 14 3 28 23 48 18 37 8 72 78 92 24 4 91 69 45 65 15 64 44 43 26 16 57 32 77 84 62 9 22 42 54 98 46 81 47 19 89 67 11		
88 94 33 83 42 26 59 86 37 34 28 69 3 57 21 38 41 63 61 68 62 92 97 36 71 40 66 4 18 19 2 8 58 73 7 98 17 13 84 91 49 30 76 31 9 60 29 48 52 75 82 85 99 32 55 22 47 27 80 78 95 20 70 45 5 89 15 24 25 50		
22 42 56 8 57 87 89 27 64 69 15 32 67 26 1 12 53 21 14 19 20 47 23 40 38 86 43 25 81 84 85 59 24 73 5 41 68 35 49 75 96 3 36 76 46 70 37 62 7 9 30 31 18 93 54 6 39 66 50 82 74 98 60 34 79 0 90 28 51 61		
10 98 11 52 72 64 56 15 81 76 8 85 99 96 1 13 33 67 62 59 86 31 23 97 69 40 49 46 50 36 78 38 32 60 17 58 65 48 0 24 55 21 26 25 35 92 41 79 5 14 80 66 63 44 82 4 9 34 2 3 30 75 83 61 37 95 39 84 68 28		
77 5 24 23 51 36 47 79 8 33 34 65 80 81 87 88 78 7 29 82 94 9 11 2 60 57 53 31 86 99 39 45 17 61 0 90 41 6 26 72 85 92 13 91 19 69 12 37 28 52 25 74 16 71 1 70 27 93 10 38 59 83 3 54 73 63 56 4 62 58		
27 71 60 32 0 82 76 70 90 78 39 48 22 66 72 21 35 94 98 68 54 84 7 40 25 93 33 41 83 57 55 37 36 45 31 59 38 1 81 79 26 3 80 96 77 49 58 56 16 4 69 89 73 87 15 65 67 18 12 9 17 43 52 61 5 10 88 95 86 13		
99 51 57 85 79 19 59 52 2 89 25 93 31 4 38 36 54 60 12 18 91 0 53 43 11 64 90 17 72 69 97 47 22 62 41 77 86 84 21 95 44 5 20 24 76 78 8 32 81 16 94 9 15 56 63 6 73 7 26 87 14 34 67 1 88 35 10 82 96 70		
51 65 83 64 96 87 90 27 86 99 32 54 5 11 55 44 80 28 1 16 68 60 2 39 8 20 53 19 49 34 48 12 41 84 88 43 73 67 7 93 38 82 78 36 77 92 13 72 59 17 97 33 10 79 22 42 63 3 6 61 56 26 66 35 85 47 94 37 62 4		
87 5 31 75 20 57 19 51 30 2 81 63 71 39 26 72 47 9 4 27 97 1 62 12 18 69 83 35 60 0 96 58 86 15 93 21 53 17 90 84 61 92 91 45 54 95 40 28 6 46 78 64 77 99 56 70 16 68 36 22 11 65 55 50 10 74 33 41 94 29		
60 67 96 8 85 82 62 49 38 90 71 15 69 98 72 57 75 36 74 94 83 11 65 54 19 9 78 68 92 4 52 77 10 43 88 91 42 0 29 44 87 66 16 20 33 73 46 18 37 47 27 56 86 12 64 26 58 32 1 41 7 25 22 13 89 34 63 51 76 2		
0 92 80 32 53 44 16 71 14 59 93 3 42 1 54 67 4 12 41 30 51 24 84 48 2 62 90 86 83 9 95 66 52 7 49 89 73 55 28 10 57 46 77 94 26 56 34 38 76 31 99 78 39 74 70 35 25 13 50 37 23 47 69 79 33 5 63 88 27 29		
1 31 98 38 35 67 50 28 79 61 12 42 33 76 52 85 60 25 57 83 99 14 91 26 53 27 41 2 75 92 59 70 62 45 36 9 13 66 47 82 63 18 94 29 22 88 4 54 16 23 89 20 19 68 34 11 84 46 48 56 80 7 97 37 6 8 43 58 21 65		
27 83 74 97 10 21 6 35 7 16 50 62 22 13 86 41 42 9 77 89 14 17 48 43 55 59 29 28 58 98 54 73 67 33 34 25 47 30 39 72 53 75 93 40 68 63 4 76 51 96 3 0 46 66 11 90 82 20 78 88 57 95 26 24 23 19 70 36 85 49		
9 52 32 76 48 61 39 77 99 78 44 21 6 26 40 91 80 42 4 90 63 72 53 5 24 82 86 31 66 87 98 46 88 94 92 25 37 57 20 49 36 65 34 95 29 67 68 50 84 12 8 83 16 13 33 59 17 19 89 73 1 27 93 71 58 79 75 14 51 55		
73 41 23 67 84 57 77 46 47 17 2 15 80 76 64 49 85 34 78 92 36 98 42 65 55 74 22 10 52 99 6 8 0 1 75 44 18 21 69 33 51 30 61 27 72 88 31 97 19 93 5 81 13 11 60 83 9 24 39 28 68 87 37 79 3 12 25 7 91 90		
38 27 12 90 92 84 77 4 71 8 14 55 86 48 66 2 51 67 88 61 47 19 87 46 72 83 93 9 36 34 73 62 98 56 70 43 28 45 6 29 79 18 32 97 13 64 80 5 30 11 0 40 89 63 21 58 24 54 65 60 75 39 57 35 96 59 3 26 82 23		
32 65 37 43 2 91 95 4 68 64 40 70 72 97 84 76 77 15 51 94 88 62 49 19 34 48 74 78 56 99 58 83 75 85 54 27 59 71 1 82 90 36 26 16 96 63 28 13 20 60 93 98 81 89 23 3 29 7 30 67 53 25 86 14 50 57 69 73 10 0		
1 60 7 32 56 94 65 27 50 33 68 69 0 81 80 8 73 97 31 75 54 89 57 95 84 59 74 76 58 9 41 46 4 85 12 90 26 49 10 17 16 29 38 15 11 79 91 6 53 71 63 67 70 45 88 47 22 77 39 72 25 5 3 99 64 62 66 36 96 78		
76 47 92 83 31 62 84 73 85 51 22 69 44 88 46 98 42 61 12 20 41 49 8 28 39 7 24 80 27 18 4 0 58 77 64 23 93 68 59 19 5 74 56 3 55 87 17 43 95 90 70 94 79 60 11 86 96 67 30 52 82 29 14 33 99 13 57 34 36 50		
34 58 29 87 64 92 13 42 41 76 37 93 84 24 7 52 78 33 2 57 48 5 10 80 18 71 53 23 40 19 25 86 63 75 91 82 67 39 77 54 26 60 32 17 38 85 12 35 1 46 11 36 21 0 61 73 28 50 88 97 4 66 3 45 55 15 72 51 59 47		
87 70 13 95 73 23 88 93 96 28 7 67 46 9 5 80 21 71 29 53 4 59 64 20 30 65 76 10 86 66 19 27 81 37 45 49 2 35 38 40 92 82 22 77 50 8 61 68 12 1 3 99 42 39 74 51 79 72 83 18 0 63 75 98 36 43 24 55 78 33		
58 62 78 8 24 89 18 92 87 6 12 85 38 71 40 95 4 31 48 98 26 97 45 9 30 99 79 20 54 43 17 37 94 84 33 10 90 16 65 70 44 77 13 88 64 34 0 46 66 35 22 19 52 86 75 50 69 59 27 39 56 53 15 36 80 2 21 28 73 32		
75 84 81 35 43 19 64 17 98 23 51 6 3 85 90 56 4 83 39 36 45 82 78 95 32 57 59 29 47 65 2 89 52 61 12 18 94 69 38 24 5 22 44 91 87 14 74 20 40 1 15 9 50 41 86 76 77 73 68 11 92 53 0 58 93 21 8 7 27 71		
99 37 32 85 75 96 60 47 21 86 29 81 82 87 4 41 45 27 80 0 98 83 73 22 69 42 36 50 1 11 56 62 5 39 35 97 3 12 44 14 9 54 58 19 84 52 61 26 25 49 70 34 59 8 94 7 91 71 38 24 15 33 53 57 10 43 51 63 88 30		
62 68 85 41 12 65 26 55 86 1 46 36 13 57 8 89 58 63 17 43 27 19 53 33 83 71 84 29 72 34 16 75 14 11 0 69 66 74 4 59 70 15 64 48 5 18 31 91 98 42 52 61 25 54 79 35 44 80 96 7 78 92 37 81 9 97 50 28 51 23		
38 73 70 0 79 25 36 62 44 87 2 39 11 96 75 86 10 94 80 48 85 33 93 60 59 69 83 90 47 26 72 68 78 13 9 30 88 35 31 4 89 84 76 14 65 63 23 37 12 91 24 57 34 92 3 74 54 50 40 27 32 66 55 53 58 97 82 51 28 61		
9 12 55 7 21 72 74 63 34 50 27 85 82 38 40 62 79 56 92 80 0 89 78 5 54 46 93 65 33 86 13 29 31 69 6 60 15 51 64 17 88 48 37 77 42 32 98 43 87 49 20 75 18 45 96 8 24 66 23 44 70 14 16 11 19 91 1 41 4 99		
94 89 49 77 24 86 35 59 56 67 96 47 34 27 20 11 78 9 92 14 46 36 45 25 19 21 61 63 53 84 50 80 26 99 54 4 79 62 39 75 98 29 30 74 40 91 95 51 41 48 64 6 38 55 70 12 22 81 66 44 15 8 43 71 97 83 3 60 93 52		
80 53 14 96 46 61 20 13 2 82 18 74 98 23 55 17 27 63 43 77 48 91 57 79 49 97 30 88 94 22 84 67 85 34 90 33 51 87 0 26 19 3 25 6 11 68 24 39 56 60 59 65 89 62 81 70 86 5 42 99 12 35 83 16 29 32 72 28 7 44		
25 16 42 77 50 79 34 97 52 99 83 63 40 96 43 57 72 44 29 11 8 20 7 98 60 47 36 10 9 21 0 55 5 95 78 53 82 59 68 76 89 38 39 28 1 58 46 2 81 93 62 94 61 51 45 12 88 31 30 4 22 90 91 23 6 18 80 86 92 14		
43 42 56 89 22 25 85 78 19 21 13 80 1 98 70 93 71 87 52 24 35 0 63 3 90 33 79 20 40 32 23 74 9 38 88 81 62 12 96 97 82 15 18 39 26 4 7 92 10 48 34 94 55 58 68 44 72 2 61 60 65 6 95 77 75 28 50 67 17 36		
29 89 30 13 58 88 28 66 7 16 17 67 3 32 69 39 57 36 93 8 82 74 26 15 91 77 59 23 72 48 21 12 62 61 95 51 98 5 18 9 2 96 97 24 37 4 75 14 52 0 20 38 85 92 40 55 46 49 35 94 45 11 56 79 83 41 22 33 1 80		
25 75 67 31 72 28 35 74 15 42 19 96 22 0 56 37 62 88 66 55 7 32 17 36 49 63 93 50 64 8 83 39 68 81 9 33 99 12 38 95 69 90 24 14 77 16 43 11 87 20 46 13 47 10 82 71 54 91 60 51 58 23 40 6 30 41 45 65 76 94		
17 41 1 4 51 98 93 39 5 74 10 24 40 43 6 79 85 25 26 57 16 0 95 31 63 20 22 42 70 90 48 3 82 97 88 59 19 67 14 38 44 2 53 46 52 81 91 64 83 12 9 96 61 55 86 68 78 49 36 66 33 21 13 84 60 8 77 34 50 92		
97 92 98 87 3 73 60 2 35 99 75 9 57 95 4 45 79 90 39 34 28 64 47 81 58 50 0 66 68 59 96 86 54 40 80 10 17 51 53 8 70 30 20 25 29 83 27 93 67 65 76 74 6 84 21 19 46 18 31 38 85 77 49 63 24 82 16 42 72 62		
64 13 72 36 83 41 37 21 59 49 14 60 34 84 38 75 87 73 90 6 20 95 80 57 19 97 51 46 55 47 29 79 77 68 76 70 62 81 22 31 63 48 10 5 56 92 69 45 58 39 3 96 25 26 67 53 71 78 82 18 89 32 42 35 30 24 52 28 33 12		
6 28 95 55 48 15 3 76 65 12 79 43 88 86 20 56 80 94 40 51 58 5 22 90 29 92 63 24 54 42 18 75 38 26 91 45 67 1 53 49 37 41 2 59 7 70 85 62 69 11 99 25 52 27 96 47 64 57 66 89 31 60 39 17 19 35 32 8 87 74		
48 13 87 5 17 32 83 89 74 9 8 38 73 95 98 42 53 59 40 45 57 2 22 99 72 4 25 93 6 31 67 78 84 85 70 79 96 0 29 69 94 64 34 49 88 35 51 66 41 36 50 44 24 71 65 11 46 19 39 14 97 27 82 76 54 52 37 43 1 20		
75 42 3 86 31 96 66 4 9 35 98 57 56 90 24 93 69 67 83 55 11 87 78 33 39 73 44 52 53 45 17 10 49 12 61 46 89 36 91 77 85 0 76 2 26 88 82 19 80 63 94 37 8 68 30 71 74 21 47 29 60 58 81 18 22 27 20 40 5 92		
26 6 30 80 23 43 98 82 38 88 54 61 22 34 5 3 17 85 92 1 0 46 36 44 2 52 37 15 78 48 64 90 99 75 58 7 13 71 72 67 66 12 91 31 14 84 79 76 27 55 50 74 62 94 81 16 89 53 87 19 39 65 32 73 45 69 97 83 28 4		
44 73 5 91 21 41 52 36 95 82 29 16 72 40 90 47 54 62 2 59 63 78 50 89 99 14 53 92 42 23 65 56 80 86 43 88 8 15 81 79 0 94 37 4 74 93 48 45 87 31 61 64 1 7 19 28 11 25 27 66 84 24 55 77 49 6 57 38 30 10		
3 73 67 61 20 30 80 54 90 97 55 5 69 38 33 2 25 64 93 35 47 62 60 91 72 57 88 76 58 86 40 84 27 52 92 13 98 66 6 12 99 16 17 0 44 1 39 36 77 14 94 15 28 8 26 42 71 7 63 74 53 43 41 21 23 45 24 31 18 22		
94 62 89 13 21 68 64 87 53 49 67 78 45 39 9 32 72 85 55 37 6 2 4 0 66 96 77 38 86 41 3 93 31 27 82 69 8 65 33 17 57 98 95 26 81 36 28 79 44 91 88 35 1 25 74 76 10 30 75 43 84 73 50 54 11 23 20 70 63 48		
61 50 36 19 56 16 3 81 1 90 70 10 24 22 84 9 64 6 2 32 12 98 92 99 0 65 47 46 55 96 14 60 11 40 82 39 62 38 89 87 45 71 78 15 88 72 5 8 4 48 69 18 75 31 85 79 43 41 57 51 29 44 97 80 30 76 91 74 33 21		
72 5 7 4 76 39 1 91 79 61 42 73 98 82 97 83 12 2 26 31 71 19 95 54 13 67 64 20 52 93 8 30 47 0 60 86 44 11 40 59 68 34 50 17 90 99 3 87 84 25 69 18 9 65 10 41 70 80 29 23 56 15 57 75 22 36 66 43 53 46		
86 51 6 60 11 21 71 15 55 82 5 61 25 3 23 64 2 42 34 50 80 29 14 9 54 58 24 59 91 65 97 95 76 93 57 83 33 52 27 20 12 4 32 99 31 79 1 47 0 43 40 18 16 63 48 92 85 36 66 78 41 22 68 35 90 88 94 38 62 89		
94 14 54 74 67 60 55 86 57 53 85 0 50 32 88 90 79 13 87 47 68 15 84 31 33 80 93 70 36 22 17 49 76 12 5 77 21 82 30 6 23 38 10 11 41 29 91 71 24 2 56 73 96 27 89 46 69 92 63 18 97 62 34 59 19 42 35 51 37 72		
39 80 78 90 23 4 3 5 46 31 41 10 8 79 42 94 76 29 64 2 65 99 71 60 12 91 72 67 30 85 97 56 96 16 53 57 40 83 73 86 92 21 38 28 15 37 93 24 48 95 43 63 34 36 25 14 50 44 74 47 6 0 22 88 89 66 35 51 61 11		
75 7 90 63 40 56 8 43 77 81 0 19 50 58 11 9 12 64 46 51 94 73 49 80 85 91 39 99 15 67 13 30 5 6 96 60 33 20 84 18 61 47 92 55 42 65 52 62 98 26 27 70 44 93 54 37 45 78 38 97 24 68 4 83 71 82 36 66 28 29		
99 57 65 70 98 42 82 92 24 89 61 33 95 12 56 76 60 32 15 30 53 63 7 64 8 55 26 67 88 58 18 44 25 62 68 21 96 75 80 90 28 38 5 71 46 35 14 3 47 86 20 79 74 48 78 23 54 83 91 73 41 22 72 85 37 81 97 11 39 43		
28 92 72 61 56 18 81 25 74 57 65 52 58 26 33 10 73 19 21 95 91 16 2 98 97 36 66 20 84 80 4 62 44 87 64 69 47 17 14 55 5 48 89 22 59 43 86 51 24 93 1 75 30 88 76 70 38 0 78 39 67 12 15 77 50 35 63 42 85 90		
56 64 52 41 30 31 94 45 55 13 38 74 49 57 0 73 29 53 87 99 81 7 1 67 80 78 68 89 42 46 60 26 44 93 14 54 2 48 70 20 8 79 19 6 82 12 61 84 40 28 69 21 4 90 47 88 72 36 95 18 63 65 34 25 50 16 97 76 10 77		
32 88 39 45 30 23 95 73 29 24 42 38 6 35 51 71 72 17 21 33 70 60 55 53 7 87 56 1 79 2 31 40 69 91 80 93 59 44 28 0 8 3 77 61 10 14 90 49 25 37 97 46 83 66 36 65 9 86 22 67 34 54 89 98 82 15 18 19 92 11		
21 88 75 15 39 96 61 32 41 50 48 24 54 98 84 10 6 52 78 93 0 44 59 77 56 7 63 20 14 55 5 53 57 79 67 49 68 3 12 34 83 70 71 19 37 89 4 73 13 2 26 9 60 51 8 76 33 86 80 27 64 66 91 99 31 95 87 17 81 69		
68 96 62 84 13 53 82 34 48 56 74 73 38 35 63 18 77 72 78 88 69 79 5 55 87 71 11 95 21 36 23 15 47 16 44 76 14 3 98 85 31 9 58 30 0 25 99 20 92 24 4 86 40 8 91 51 75 42 22 29 33 93 1 10 6 50 89 65 32 26		
66 52 6 94 56 83 60 73 80 4 97 28 26 16 36 11 20 34 46 95 47 82 86 88 75 30 45 24 69 23 64 15 85 76 21 89 87 25 7 54 29 81 17 10 53 40 99 19 37 65 9 70 49 62 71 50 14 13 32 0 42 5 44 12 84 18 55 31 72 2		
6 31 7 12 64 55 35 96 76 60 78 98 46 20 52 22 73 53 21 66 2 29 32 37 41 74 36 72 94 28 75 14 45 26 16 1 47 82 87 68 83 51 38 57 71 50 95 89 10 61 54 11 43 27 97 65 8 58 62 13 99 40 15 88 39 19 4 25 17 44		
11 82 84 17 6 15 27 71 73 4 26 67 74 31 86 36 77 22 56 40 90 34 41 38 50 98 28 30 32 63 37 87 21 75 2 57 65 49 76 61 39 85 52 24 3 25 55 94 47 23 59 48 45 99 1 51 13 83 95 58 0 70 81 35 88 64 80 42 7 20		
11 7 64 72 89 8 49 5 17 36 76 95 74 79 70 50 77 10 25 13 28 22 85 82 44 87 91 65 38 56 51 58 55 1 48 60 94 27 21 12 37 57 84 47 43 35 31 73 98 93 75 34 14 96 40 61 41 53 0 33 9 67 2 24 92 68 15 29 63 97		
46 15 34 49 1 67 5 47 77 51 23 72 16 10 19 90 0 12 91 81 17 3 29 58 93 38 18 84 59 2 78 6 70 36 98 20 14 79 76 41 44 24 4 94 69 85 28 8 32 63 55 13 96 45 75 95 11 65 82 37 56 25 39 68 48 83 26 21 31 60		
12 45 54 42 36 87 37 84 90 39 69 60 16 22 28 52 74 30 80 32 73 10 58 91 97 3 19 57 13 94 33 5 99 47 64 41 25 59 4 23 27 70 11 46 8 77 63 98 88 50 93 24 38 40 1 34 53 89 85 20 49 56 9 15 96 31 2 86 17 79		
67 52 50 84 31 74 18 38 2 16 82 6 29 53 45 77 96 83 62 97 40 35 65 90 63 59 51 32 71 44 89 28 34 26 92 56 99 58 55 15 78 14 75 10 37 20 72 47 1 3 69 12 48 73 88 24 13 98 91 22 7 61 23 46 66 60 39 87 4 86		
28 85 76 50 41 53 19 17 37 12 29 7 11 52 45 30 35 34 64 9 75 32 89 87 57 94 58 2 21 93 20 56 81 27 22 88 48 1 74 47 49 97 43 0 79 92 69 73 14 68 99 67 31 39 83 4 5 24 61 80 6 86 3 90 62 71 18 26 82 44		
5 33 74 49 14 10 54 79 95 62 39 71 23 70 88 37 31 99 59 55 1 51 27 42 60 89 82 45 28 65 7 64 13 90 84 38 4 30 85 0 68 48 78 15 61 35 21 81 87 9 83 53 19 24 56 8 6 11 92 67 73 69 34 72 91 16 17 20 44 52		
85 31 44 93 49 95 98 37 71 62 5 66 55 23 88 11 73 4 12 67 43 81 68 70 9 33 34 69 60 2 92 61 7 20 47 77 75 74 0 54 79 39 24 27 59 53 17 97 63 22 19 16 78 64 25 28 89 42 10 51 30 84 48 14 36 80 50 82 8 99		
42 86 44 27 39 99 21 64 71 4 87 72 16 54 34 93 23 82 13 91 78 70 85 33 32 61 9 92 2 8 75 11 37 46 3 41 62 58 12 6 26 43 45 94 1 69 17 28 77 36 56 89 81 65 76 67 52 40 53 55 29 7 74 48 68 35 88 79 95 84		
91 24 99 27 65 73 55 14 83 81 50 16 93 56 70 80 38 97 82 85 53 98 88 7 6 15 5 25 79 63 84 86 89 18 48 2 77 49 36 66 96 39 74 4 0 92 54 62 23 20 13 87 17 10 34 45 75 37 71 76 78 64 95 8 68 9 29 19 52 58		
81 82 9 47 64 94 6 80 3 79 92 7 31 43 42 45 73 40 50 61 96 66 19 67 91 5 15 77 69 71 74 33 63 28 68 20 46 78 39 62 16 70 37 65 0 89 53 14 38 54 59 99 29 52 8 22 95 98 72 26 93 85 44 21 86 34 84 87 60 25		
26 17 86 74 94 4 51 89 76 63 62 83 79 41 2 30 33 28 42 3 95 65 15 44 11 43 66 64 35 21 71 61 7 80 8 13 45 38 88 24 5 60 90 19 84 52 48 10 32 37 91 92 97 93 73 77 99 12 40 98 27 69 57 96 72 56 82 18 75 78		
26 89 17 96 23 77 21 45 73 43 88 93 56 44 69 14 10 80 91 36 70 4 37 60 13 29 67 47 59 62 98 19 39 82 25 1 66 81 63 64 54 58 68 16 51 71 61 34 72 94 57 48 52 65 95 75 15 41 97 86 11 9 92 53 6 50 99 3 38 42		
53 40 58 56 16 96 95 33 1 76 35 11 19 37 77 52 79 27 57 55 26 9 90 50 61 8 15 99 74 51 44 14 48 28 86 17 23 29 83 45 12 24 49 36 62 42 30 20 92 85 46 80 32 69 93 68 87 73 60 34 6 54 65 75 91 3 38 21 98 94		
14 49 17 69 52 31 98 4 66 25 2 7 77 3 43 53 68 64 51 92 99 41 27 9 76 32 54 75 74 85 6 13 5 23 44 93 94 83 48 57 35 59 80 11 97 42 30 39 21 40 79 28 58 24 87 15 26 22 60 47 67 90 81 18 70 95 61 84 96 20		
76 80 8 57 17 53 15 44 32 97 29 2 88 26 85 4 16 68 45 34 48 28 70 56 11 87 37 61 58 36 23 92 79 25 71 62 66 47 40 42 39 12 14 30 24 20 22 3 72 74 7 59 77 96 52 18 64 69 10 93 27 65 82 91 9 31 43 75 1 99		
27 24 86 11 98 62 22 97 2 10 5 0 75 20 3 93 35 70 17 88 92 61 73 8 87 80 95 47 13 74 31 41 26 38 44 30 59 48 9 71 65 56 89 78 90 96 63 81 50 83 85 43 12 34 28 99 79 14 37 76 36 23 53 57 15 60 46 6 68 82		
31 30 94 3 2 0 91 59 51 35 98 58 64 23 56 41 15 77 24 76 83 7 70 81 86 25 4 21 33 17 82 28 14 38 66 22 19 11 34 48 87 67 60 68 73 18 90 57 88 47 53 84 85 55 49 6 92 79 72 43 52 42 12 96 78 27 45 40 29 74		
12 63 83 11 40 49 1 96 37 98 48 57 8 79 21 77 13 94 5 46 43 52 75 33 60 56 86 42 85 35 72 41 71 81 70 55 22 82 45 26 53 62 28 64 29 9 91 36 74 88 61 2 68 73 90 89 23 19 95 39 51 65 16 58 24 10 78 3 47 97		
54 13 91 58 25 23 65 97 26 33 56 8 7 89 62 53 24 81 63 99 92 50 31 64 20 96 2 71 3 49 11 67 1 52 37 61 90 4 39 10 86 32 14 42 45 5 75 44 35 30 87 18 68 93 57 70 28 46 59 55 77 82 66 47 36 94 48 9 0 41		
61 28 65 23 13 11 96 56 42 40 10 80 76 58 52 29 59 20 64 47 21 74 43 67 1 87 79 49 39 71 99 45 94 33 38 68 34 4 93 18 14 3 78 16 48 98 30 77 97 83 89 54 35 73 17 66 81 9 57 63 44 15 55 32 75 84 7 5 69 26		
21 65 60 72 94 57 42 36 64 80 27 74 6 39 1 12 81 44 3 9 4 68 58 84 69 16 15 47 8 79 92 37 98 50 35 28 51 14 77 38 86 32 61 26 53 85 20 22 59 7 17 97 45 93 29 41 55 43 25 31 71 95 48 40 54 23 90 13 83 89		
94 54 99 16 41 61 85 73 55 91 33 71 32 13 36 10 35 34 93 68 8 30 31 19 58 64 70 1 22 6 29 62 5 92 40 2 81 4 97 14 56 42 83 84 53 66 0 60 49 23 50 25 21 57 38 12 79 18 74 37 69 9 86 78 89 3 17 63 15 76		
34 65 81 75 51 83 38 23 82 97 78 48 2 64 92 27 25 24 57 73 62 72 60 20 94 43 71 3 68 88 87 77 66 16 32 42 14 18 36 54 35 80 55 6 45 41 47 37 49 91 63 40 22 28 31 59 9 5 13 11 84 99 56 21 29 86 96 15 46 58		
8 87 15 94 98 82 99 69 88 53 68 33 32 20 54 86 65 29 6 26 76 56 39 48 13 25 97 60 51 11 44 49 37 19 91 74 27 61 23 55 57 7 9 95 17 89 59 50 78 12 81 62 0 83 16 5 64 67 80 22 30 38 46 84 90 35 96 28 77 42		
80 57 17 20 26 6 36 18 64 41 28 21 53 38 61 29 47 86 92 72 46 79 16 76 78 52 25 74 87 63 77 5 48 40 97 51 10 42 94 31 62 81 96 93 14 0 98 99 75 59 49 45 3 85 34 66 89 13 65 56 30 71 91 69 67 90 68 1 73 9		
46 11 74 66 0 80 43 2 7 92 83 20 93 47 98 57 52 42 13 51 58 8 82 78 23 9 97 24 70 31 60 75 87 89 61 69 45 48 33 3 14 28 12 15 50 62 19 95 68 26 54 1 22 71 65 90 10 86 27 77 55 36 35 91 63 99 81 16 39 6		
72 38 23 47 95 24 58 88 57 33 20 81 55 43 51 53 40 65 77 70 44 39 90 15 84 52 0 13 48 42 25 98 14 89 61 6 60 54 34 37 2 86 8 12 5 67 22 56 29 27 93 87 79 32 63 28 36 1 76 78 3 96 91 17 41 82 80 94 10 26		
76 65 99 10 33 35 13 37 56 14 97 83 8 80 21 2 27 41 69 6 96 62 32 1 17 48 47 16 55 73 36 79 87 43 26 58 72 0 98 95 7 29 70 90 88 3 46 18 81 15 19 9 67 39 68 23 94 52 44 30 82 59 40 75 84 93 42 64 49 38		
0 94 5 38 70 79 58 81 90 45 64 60 50 95 9 34 74 3 25 75 61 65 1 29 55 68 7 26 13 32 89 66 51 24 57 53 47 63 28 39 8 16 46 78 36 12 30 31 85 93 62 17 97 54 82 22 49 33 20 4 69 21 37 80 88 73 77 71 2 14		
43 44 68 66 3 27 0 85 42 38 73 7 65 26 86 99 55 21 63 79 74 2 75 56 98 83 90 32 13 10 33 82 20 40 48 49 91 76 22 96 80 31 77 1 46 37 34 24 29 51 50 35 41 71 53 64 70 23 84 39 78 6 60 93 18 11 52 8 95 58		
26 20 6 35 5 74 48 58 57 18 22 17 11 64 53 50 9 38 88 44 56 55 92 31 16 28 2 0 7 10 95 63 14 71 80 72 1 3 81 15 87 54 69 90 43 68 82 77 25 94 86 78 19 39 46 67 21 91 65 60 61 24 33 27 76 79 40 75 51 49		
46 66 44 12 2 19 26 72 85 96 37 6 81 29 78 41 32 30 86 79 61 7 50 69 82 80 35 5 13 11 39 23 20 73 98 59 21 3 94 56 54 74 53 48 76 55 1 68 4 71 89 49 99 63 0 16 25 9 70 52 92 43 28 18 27 17 22 31 65 14		
61 33 79 50 39 53 15 78 65 6 28 21 35 66 27 98 70 75 13 23 51 94 8 18 14 95 54 63 86 25 89 74 64 22 72 34 26 80 38 83 3 19 37 92 87 76 42 11 0 7 2 68 10 44 5 99 69 96 20 93 4 48 31 88 62 1 43 47 60 9		
24 82 3 27 54 92 19 57 84 32 7 74 48 67 38 75 80 49 17 99 2 0 26 33 42 45 23 1 97 39 50 31 30 28 4 60 12 40 9 70 62 73 86 8 85 34 35 72 15 77 41 53 88 21 81 59 25 44 55 64 94 98 71 16 69 6 87 76 43 95		
35 50 99 39 69 26 3 44 52 75 27 92 90 18 82 43 7 84 87 96 32 10 81 78 17 24 61 28 76 97 60 29 74 36 23 21 58 72 95 16 48 41 70 40 38 68 37 98 34 66 77 46 89 94 12 86 53 62 56 25 64 2 1 79 8 59 9 31 49 11		
25 71 12 35 37 16 82 94 32 63 70 46 79 83 95 13 80 92 33 74 77 40 84 62 0 43 91 15 66 21 39 52 86 6 9 28 93 34 53 57 49 88 45 61 1 78 5 42 30 4 64 89 54 20 98 27 55 51 8 47 73 26 60 96 38 3 44 18 90 81		
15 18 27 72 14 69 28 36 57 96 78 63 37 40 0 42 20 66 76 91 86 47 60 74 94 19 21 93 56 29 34 77 92 9 5 62 25 90 10 33 31 35 80 45 53 43 87 8 99 7 51 41 22 12 89 70 58 16 88 49 79 2 30 52 54 50 82 44 38 13		
45 37 70 87 48 69 33 40 71 49 97 46 60 77 56 19 7 32 38 98 84 57 43 4 95 64 12 80 93 90 73 2 66 92 67 34 16 76 41 94 81 23 18 21 72 11 30 13 1 27 22 89 79 0 10 47 82 74 15 52 54 17 24 51 85 36 6 83 86 68		
71 55 26 47 30 35 56 57 27 97 98 87 76 34 40 58 28 25 1 54 2 16 19 80 77 69 89 59 78 50 79 91 99 8 0 86 15 18 13 45 83 85 52 21 94 46 42 31 74 14 61 95 43 73 51 12 24 63 10 44 75 53 37 92 88 20 36 70 39 33		
57 99 25 48 64 96 38 34 66 49 85 17 90 22 26 67 56 83 45 60 86 15 77 12 6 70 31 50 23 2 72 84 80 3 71 98 82 37 10 58 63 19 97 9 81 5 62 24 95 92 32 89 28 61 94 76 53 29 40 74 54 43 14 42 16 11 87 44 1 55		
42 96 70 91 94 81 58 74 4 17 9 99 38 84 41 33 29 72 64 93 48 56 66 30 90 34 2 27 45 85 20 89 3 82 5 53 76 44 54 50 65 21 39 86 59 32 43 77 13 62 98 25 15 88 71 24 12 73 10 26 49 83 37 55 79 40 92 63 8 11		
56 15 84 6 90 91 93 12 47 75 77 67 14 73 24 36 70 79 63 72 98 74 61 76 89 34 48 86 35 32 31 20 13 23 65 97 18 1 99 19 88 59 95 10 17 55 37 41 46 11 85 57 8 68 51 25 96 71 21 62 58 42 40 43 2 81 9 3 0 64		