31 38 87 50 97 42 54 27 84 75 19 26 41 45 95 25 83 17 5 39 23 94 85 65 29 32 33 61 6 7
62 30 44 68 83 9 89 25 53 74 57 4 67 33 14 69 99 29 28 73 1 91 98 38 49 47 35 76 40 31
29 20 16 71 70 0 81 19 47 79 10 90 56 39 83 15 23 93 21 30 74 54 27 76 51 32 53 13 78 8
55 33 50 83 59 28 43 0 53 16 23 78 56 92 69 54 96 81 5 24 32 87 94 7 62 68 27 82 29 15
30 68 45 27 11 77 31 14 56 0 78 46 81 66 49 52 41 91 90 47 17 60 8 26 93 51 48 96 76 43
32 71 81 23 4 78 91 75 87 41 36 51 9 46 19 43 96 11 98 97 63 34 84 77 90 61 28 53 15 62
55 62 12 98 75 54 46 52 30 25 66 87 93 5 22 74 40 9 50 65 95 27 32 67 19 11 0 72 28 48
78 26 34 17 8 87 91 98 22 72 57 84 15 1 21 82 31 9 97 77 5 66 69 28 0 65 80 13 51 42
84 35 75 21 71 68 99 82 72 44 78 87 32 73 45 65 31 55 63 92 70 97 38 90 53 54 98 61 36 42
48 21 43 11 20 66 95 22 78 18 63 84 0 4 88 68 16 13 52 8 93 2 38 26 55 5 57 25 76 67
75 35 65 17 41 99 92 73 56 87 53 1 40 49 13 48 90 21 69 18 88 8 67 16 39 86 91 98 46 25
60 37 88 84 12 53 76 82 21 47 78 5 15 55 1 66 92 29 42 10 36 62 83 65 13 19 69 59 90 30
17 96 40 89 70 24 8 68 22 56 30 64 1 78 54 42 10 21 97 36 37 80 20 43 9 95 46 74 84 61
72 19 24 18 0 37 8 52 91 94 82 23 5 36 65 84 17 78 89 75 79 21 93 96 11 54 29 46 13 88
52 3 85 55 64 18 73 4 10 58 21 29 94 28 9 48 19 56 46 38 82 17 45 98 53 54 22 63 49 86
34 85 3 96 24 23 19 64 10 57 36 90 72 4 51 20 65 70 12 99 46 88 39 79 15 48 45 26 17 77
38 97 87 19 43 0 67 93 65 76 2 25 10 81 3 68 88 80 95 35 73 57 47 44 69 74 77 31 58 60
40 21 61 86 36 2 70 89 49 8 13 50 91 55 88 54 24 59 46 23 65 31 1 75 84 19 82 69 14 16
56 98 36 88 4 65 60 84 58 17 11 97 74 28 86 71 30 64 59 20 90 52 2 61 9 49 15 63 67 7
34 18 86 1 24 69 73 56 88 58 85 80 77 8 78 3 50 36 46 62 87 47 45 75 79 81 6 93 11 55
90 45 0 68 61 75 30 46 62 49 66 82 79 85 34 37 99 33 73 51 44 86 70 96 63 60 42 40 4 93
42 38 67 98 59 91 0 54 19 80 2 85 29 28 11 46 8 21 96 26 74 16 82 5 87 45 69 61 53 12
5 30 19 61 23 62 4 75 6 29 57 56 51 96 27 22 32 80 9 46 34 83 76 45 58 24 36 90 53 92
75 37 80 23 46 81 4 85 43 94 18 6 82 60 30 88 95 44 33 79 77 7 25 16 49 59 15 74 51 67
44 38 57 84 27 83 6 17 41 53 97 5 11 34 39 63 22 55 30 45 59 68 26 98 61 87 80 69 74 21
71 41 52 73 99 3 8 82 5 74 58 36 67 57 75 7 79 54 78 4 31 89 55 43 93 13 49 91 32 68
78 72 52 31 75 44 3 73 91 18 94 29 68 45 15 23 1 12 2 61 77 55 69 8 87 92 9 62 42 4
27 8 7 78 70 65 19 68 86 45 49 31 89 92 93 71 73 80 91 62 69 46 38 22 90 77 29 81 12 23
33 11 38 76 65 28 10 84 47 73 23 74 9 21 20 0 83 70 16 93 37 49 24 43 68 3 56 36 1 35
87 21 32 10 40 80 22 93 48 82 14 52 46 89 61 8 39 54 70 92 34 17 67 26 4 88 94 77 18 19
70 32 28 0 59 56 3 16 66 96 58 91 25 12 75 46 89 92 61 54 33 99 27 84 20 44 10 60 53 8
91 86 41 3 37 2 18 40 10 52 88 73 24 17 25 27 57 49 60 82 36 12 65 38 93 51 89 19 0 87
53 25 50 40 14 74 80 99 22 69 26 70 68 48 51 19 72 97 52 33 2 83 41 98 44 56 34 9 87 92
38 90 53 6 61 58 79 45 50 43 5 2 47 68 27 88 73 20 1 0 74 93 15 28 54 10 78 46 19 17
17 85 15 78 20 22 30 88 71 16 27 80 3 5 8 98 97 65 50 37 75 56 57 60 64 73 77 91 0 42
91 58 19 6 77 30 11 55 67 87 72 2 79 69 1 10 89 17 3 84 53 21 95 88 83 52 5 98 47 90
48 7 10 97 60 66 82 14 29 30 77 36 20 89 5 53 98 37 26 31 74 23 78 3 59 2 18 61 49 13
6 75 41 76 23 5 30 85 2 74 90 58 4 84 65 62 53 33 9 27 87 26 31 51 66 54 11 47 55 32
77 39 16 4 48 73 2 42 6 15 96 28 40 90 65 75 93 27 52 17 58 21 43 87 44 1 51 89 69 79
0 97 33 75 35 14 87 56 86 53 85 39 49 72 82 6 26 67 19 65 21 12 91 30 13 62 92 70 51 55
18 71 74 36 4 14 65 27 68 10 7 76 22 6 73 81 72 31 28 79 47 46 97 91 40 9 41 78 39 1
29 77 19 53 76 65 40 75 90 18 14 9 25 45 8 20 74 17 34 80 95 86 62 54 71 83 64 72 6 2
80 28 74 21 2 76 31 53 97 70 46 58 86 47 75 99 45 26 71 93 66 0 94 65 96 14 64 78 38 50
49 26 61 51 38 56 68 63 52 89 39 80 62 74 97 53 94 10 83 34 0 55 1 24 18 30 64 85 54 95
43 97 94 75 87 15 24 65 50 66 80 68 14 3 90 40 18 11 91 48 59 38 0 34 30 33 52 71 53 63
4 24 86 25 85 80 16 0 10 3 28 45 6 50 13 7 74 79 37 68 81 87 78 34 1 59 55 14 38 94
55 63 83 77 68 98 39 12 75 34 36 32 53 38 27 31 51 49 25 79 88 61 85 46 11 47 78 35 8 6
87 76 27 89 77 22 61 91 7 62 29 14 0 9 92 84 3 93 79 72 68 36 88 32 10 46 58 43 70 26
22 79 88 73 16 13 97 26 15 50 57 74 81 52 66 19 39 44 59 17 51 98 2 80 91 99 32 10 38 0
60 53 77 13 42 25 36 65 6 47 96 10 39 64 85 49 54 31 15 52 8 66 83 45 99 12 16 89 98 37
52 43 74 42 35 92 64 69 10 14 67 15 83 9 60 94 26 93 75 25 0 38 33 85 72 34 77 29 44 58
52 74 17 34 14 15 7 79 2 76 61 72 63 32 45 53 24 77 83 29 57 51 58 99 80 67 96 20 75 9
13 31 54 80 70 43 83 10 18 47 14 93 40 92 28 60 48 89 0 53 95 72 22 74 66 7 46 67 21 71
24 96 18 63 60 66 5 90 91 78 14 71 58 92 51 87 15 36 84 9 31 39 82 43 64 0 46 6 10 32
9 84 46 61 14 90 1 91 30 48 22 15 3 80 92 31 74 95 38 64 63 56 77 39 76 33 18 98 59 10
53 4 34 84 25 82 5 41 87 40 51 99 19 71 66 72 24 49 73 57 77 28 2 44 67 56 79 48 38 23
55 43 80 89 41 54 42 84 37 56 50 91 60 66 81 57 77 30 2 34 53 74 15 10 47 20 36 22 27 68
47 1 28 11 90 3 27 12 40 60 68 6 10 13 99 55 41 50 20 64 97 39 21 74 92 45 83 56 9 80
44 46 72 33 41 76 84 10 66 96 63 9 6 38 75 83 19 88 74 15 92 11 28 54 95 12 60 67 42 58
24 31 33 12 7 55 70 71 87 35 42 92 45 60 57 38 39 0 77 84 46 99 11 6 5 97 56 89 29 34
80 62 59 77 13 40 27 17 88 11 74 42 70 87 72 3 12 41 21 9 16 25 28 68 73 92 67 83 84 48
40 7 42 3 65 17 89 34 43 51 32 18 54 11 73 62 83 15 56 79 98 59 8 77 61 86 70 25 72 2
57 35 17 50 75 21 81 58 96 54 18 76 93 97 43 51 87 82 22 5 59 65 16 56 49 70 41 74 80 68
66 13 91 5 17 81 46 20 63 84 90 8 31 89 11 61 33 74 23 78 15 38 51 56 48 95 85 55 12 58
92 58 67 33 43 94 90 42 74 30 1 96 53 7 15 34 79 76 91 23 99 63 5 78 27 9 25 8 29 57
29 69 87 47 79 8 17 28 56 89 63 88 60 11 7 5 86 38 81 92 23 45 74 40 39 72 25 3 33 77
65 9 45 74 25 95 41 58 67 96 68 59 26 52 47 71 73 87 89 18 5 35 4 56 94 61 38 66 62 6
51 17 26 30 6 95 34 78 23 82 84 53 93 67 98 24 4 41 36 3 40 89 69 63 97 15 29 22 8 81
7 29 97 51 98 83 96 84 15 24 36 82 57 0 27 69 46 37 11 3 67 87 88 85 49 77 95 58 93 22
23 2 1 59 97 34 6 31 10 12 66 88 82 53 37 92 27 72 86 83 61 32 81 14 28 25 35 36 56 46
43 60 31 85 13 70 52 74 41 26 98 36 8 33 73 15 18 35 54 12 58 17 37 46 91 29 76 55 5 83
86 94 88 73 10 8 23 71 93 35 75 84 64 37 76 80 45 24 6 48 98 78 47 65 19 12 77 82 46 32
22 13 87 17 80 16 48 20 8 7 28 85 27 64 97 73 92 84 53 61 0 65 74 50 34 98 60 77 75 55
76 79 18 43 27 55 42 77 98 64 86 63 5 90 41 38 71 58 85 68 49 70 95 97 88 73 65 0 30 99
88 10 66 29 17 27 55 22 45 97 64 47 44 65 46 57 28 30 71 80 53 1 13 35 54 63 39 84 52 74
66 35 40 12 42 39 23 36 17 74 76 5 47 75 97 13 9 62 60 99 68 28 67 70 64 79 98 56 20 24
38 24 74 83 88 47 53 12 36 67 41 89 44 73 75 37 92 56 76 86 3 58 17 23 5 77 55 97 54 91
15 64 41 63 84 23 22 93 48 27 37 10 21 28 70 5 8 9 36 73 88 68 66 18 55 82 38 92 2 42
92 24 66 30 75 43 36 54 38 69 0 96 82 34 57 42 26 60 65 22 45 44 58 61 35 32 68 11 59 80
91 76 44 54 46 19 2 38 7 10 60 6 90 5 73 24 72 62 88 77 58 35 74 17 36 79 68 43 52 25
82 94 11 28 68 23 13 17 40 18 1 59 75 93 5 14 45 31 9 0 55 51 62 70 41 77 83 65 39 63
90 60 82 45 1 59 13 72 78 65 73 5 88 18 84 35 22 87 40 77 93 14 81 50 41 31 0 99 32 26
86 68 84 33 99 44 17 69 85 18 67 83 10 76 4 12 71 87 78 70 24 55 42 72 61 73 15 20 35 11
34 82 54 20 38 48 14 80 6 60 86 77 71 94 23 84 11 56 4 7 26 57 37 5 13 1 74 18 95 27
26 84 37 66 30 23 44 13 35 87 81 52 10 11 67 58 14 24 80 8 4 16 7 54 2 65 33 96 62 38
88 6 66 2 64 98 31 67 30 1 55 24 62 57 8 99 0 53 91 89 43 82 32 80 37 13 94 81 96 42
23 10 96 21 77 67 64 14 69 39 91 94 42 47 84 78 79 26 66 88 89 1 27 71 0 8 54 16 59 56
80 28 10 8 71 60 6 55 77 59 1 29 11 64 23 12 48 3 58 53 37 13 36 97 81 85 22 66 92 0
46 88 74 1 77 72 38 96 82 71 61 25 58 64 34 94 23 50 30 80 97 20 86 68 98 83 3 78 85 2
9 20 66 56 25 57 2 53 13 3 83 46 8 98 35 42 36 24 29 85 40 12 55 88 37 94 69 87 82 28
93 20 90 60 98 42 86 25 34 70 46 43 40 49 56 85 53 55 17 88 66 9 28 27 23 35 78 16 39 87
96 59 36 39 35 53 26 21 80 58 37 30 52 84 65 57 20 79 2 3 50 48 87 19 44 33 55 86 69 18
6 86 90 23 65 3 27 58 20 79 55 76 42 71 26 96 43 68 47 30 1 37 81 50 87 12 4 52 36 0
5 26 52 98 27 68 87 62 38 22 73 7 28 83 3 16 79 50 76 36 10 78 53 80 1 34 67 86 37 13
89 61 70 60 10 27 95 55 88 38 41 28 13 25 73 69 36 62 31 80 37 59 87 43 90 93 20 3 79 18
3 81 80 43 93 22 82 15 4 72 59 33 74 20 9 99 62 23 40 47 52 58 85 5 11 55 34 78 38 49
81 93 82 66 6 38 74 86 34 16 69 4 63 59 75 8 87 73 36 40 98 17 18 71 28 32 92 43 14 31
18 75 24 34 88 68 50 76 41 31 78 33 39 67 98 38 6 94 66 57 73 52 17 4 85 56 20 79 13 32
34 61 36 31 22 91 12 28 95 66 2 7 38 47 65 48 27 8 19 58 60 97 0 26 16 13 11 93 78 98
84 0 88 82 10 97 18 30 19 22 96 71 17 11 16 93 70 54 43 85 87 49 23 31 27 61 14 34 25 12