49 45 97 63 95 94 16 24 33 28 32 69 81 48 29 7 56 0 52 47 22 8 41 61 11 74 1 51 80 14 93 35 15 88 73 36 23 70 40 43 50 82 86 53 37 38 76 19 2 57 27 6 98 3 39 65 9 72 31 26 84 12 90 54 58 55 34 42 96 78
11 48 80 30 58 33 50 91 37 2 77 6 88 20 0 14 87 92 62 61 75 49 35 56 27 23 8 66 76 15 40 4 52 97 93 64 31 17 74 53 81 12 86 43 60 41 18 21 5 72 39 63 55 70 79 84 7 65 32 78 13 22 19 85 45 24 71 73 83 44
1 49 20 86 23 72 92 71 51 87 60 95 8 79 73 69 9 47 2 18 40 98 53 65 52 89 55 88 6 67 74 26 34 97 80 57 39 25 27 44 7 66 37 94 5 63 90 28 46 84 68 21 38 22 50 75 16 4 58 35 59 13 99 96 29 62 42 77 76 0
8 42 47 76 3 46 26 69 50 59 85 68 27 77 75 43 74 22 70 89 13 32 44 4 2 1 94 51 90 11 25 98 21 28 64 86 93 38 80 87 99 17 56 81 45 84 78 57 34 36 52 31 18 55 15 82 53 0 10 24 97 63 35 12 14 95 37 83 54 9
99 25 81 37 3 47 79 40 71 49 0 52 63 56 50 33 16 32 21 93 14 42 18 55 19 97 46 80 30 2 74 98 22 84 34 7 82 86 62 53 76 61 10 87 38 85 43 73 29 75 31 94 26 68 59 57 1 12 9 67 92 39 66 41 83 24 90 70 35 58
7 87 91 0 63 24 25 39 3 88 83 31 34 74 5 23 58 30 60 47 40 18 53 72 67 65 10 64 12 51 4 76 20 6 56 37 86 96 46 9 55 89 90 16 36 84 73 15 85 78 41 61 45 32 77 66 50 75 81 62 44 11 28 2 71 82 43 69 92 17
64 49 42 75 61 95 72 13 56 43 84 97 76 31 2 92 46 86 33 37 52 44 57 14 48 18 27 1 79 5 60 34 90 99 25 10 98 4 93 65 38 62 22 29 11 69 89 68 3 50 36 80 16 81 41 35 15 66 40 7 73 28 32 9 17 6 87 39 83 20
71 56 60 9 51 40 57 58 32 61 27 33 63 98 11 81 0 70 45 14 23 78 20 43 30 79 50 94 52 64 97 49 29 42 96 4 59 73 35 55 26 68 46 48 2 86 6 25 1 10 36 39 54 3 15 99 66 34 53 62 38 69 7 91 92 13 17 90 74 77
50 51 48 13 81 16 42 69 76 32 33 67 82 84 86 63 70 75 49 3 92 61 57 36 73 24 29 59 21 52 80 74 43 7 88 64 96 94 23 58 87 9 40 90 31 46 47 20 22 72 12 95 37 79 66 93 53 30 99 78 83 89 8 54 68 44 11 25 71 4
70 52 72 68 88 61 11 28 24 60 33 38 92 90 15 75 22 12 51 64 25 95 74 62 96 55 29 81 48 82 94 31 86 46 41 42 93 32 59 6 76 43 9 79 47 2 40 34 65 53 87 73 57 63 97 67 35 5 85 44 3 58 49 56 78 71 89 16 7 66
67 22 51 38 99 79 37 15 1 70 49 0 34 89 33 31 25 12 81 90 3 82 24 48 98 77 68 72 80 91 74 8 43 18 36 88 83 21 73 69 17 97 28 6 50 63 9 29 95 32 59 19 65 85 93 39 58 42 54 40 92 7 20 41 60 26 66 13 4 44
11 32 85 98 87 7 31 45 18 86 3 96 81 66 21 43 50 58 15 69 46 60 17 5 74 12 83 20 75 1 13 78 51 37 19 30 14 63 62 94 26 76 92 73 54 25 88 65 49 64 72 2 89 53 8 36 28 38 67 16 0 77 4 79 9 27 34 35 70 40
3 67 1 95 11 61 51 7 32 43 2 15 80 0 70 68 63 40 85 12 54 77 53 35 13 10 37 90 66 79 83 30 49 45 42 41 17 26 22 34 48 74 81 76 20 99 23 4 94 27 75 98 97 16 57 55 52 38 25 71 93 28 62 73 69 65 50 92 21 31
48 23 20 66 54 31 21 7 2 74 33 85 18 81 46 55 44 70 11 58 64 87 95 75 1 71 88 52 84 43 69 72 36 35 41 53 73 39 26 4 47 22 24 19 62 17 49 93 12 83 82 56 10 97 51 86 90 32 38 98 28 57 60 37 92 9 29 63 68 14
72 79 44 12 37 20 59 41 46 19 70 10 17 34 33 68 80 43 74 52 78 54 99 31 89 83 26 36 95 66 0 55 28 14 6 22 63 76 71 85 75 67 21 15 23 98 62 96 61 58 92 97 25 5 48 29 57 64 39 38 18 94 93 3 91 9 24 53 82 86
1 38 0 75 42 78 54 84 69 13 16 95 61 11 98 66 88 67 90 62 85 81 93 47 4 96 70 33 2 86 87 25 58 44 24 40 99 41 60 52 31 9 5 63 82 8 17 15 34 18 10 45 89 53 7 55 80 27 74 12 30 68 65 26 79 20 59 72 35 23
15 12 50 70 6 80 69 57 13 76 32 78 8 81 41 77 4 56 87 34 82 79 67 58 26 71 44 10 45 72 95 49 43 42 99 3 5 22 51 47 65 75 55 37 1 0 93 7 30 53 73 46 92 94 35 24 2 36 17 89 61 38 16 40 63 39 97 33 83 31
2 24 17 67 57 96 78 3 42 66 61 49 68 29 91 23 48 60 53 97 55 14 87 38 9 52 15 11 37 94 31 63 70 81 20 62 69 88 83 5 86 84 54 34 4 40 27 22 44 25 79 43 77 7 35 21 32 76 46 56 85 26 89 93 19 1 72 10 30 13
22 88 70 82 34 77 89 96 41 26 57 37 23 78 47 40 66 7 60 72 84 44 0 5 54 18 16 86 28 90 80 81 45 31 11 58 46 15 71 87 55 27 76 50 6 85 19 51 68 52 61 95 43 33 30 49 36 67 8 9 10 12 25 14 32 3 83 4 92 63
71 14 66 20 98 54 50 25 22 48 63 53 40 83 57 69 76 47 39 95 61 16 21 18 89 12 44 74 72 65 94 11 70 85 13 99 80 24 75 60 30 81 52 59 64 38 56 6 45 96 7 58 87 93 37 5 36 88 79 77 55 62 3 2 82 67 43 15 97 78
65 15 67 1 92 50 13 28 97 76 49 27 38 39 57 41 17 74 32 19 60 72 86 34 5 44 23 94 24 69 43 99 30 14 11 84 98 16 33 7 0 18 2 93 10 73 9 91 36 63 4 54 89 70 45 77 22 37 58 31 8 88 87 26 46 79 3 20 85 40
60 69 86 96 23 52 51 80 45 70 95 7 24 22 10 25 30 54 41 99 83 43 75 35 76 16 14 26 48 33 72 38 31 59 19 8 77 68 49 29 11 98 88 81 58 93 44 46 15 53 61 32 20 63 39 3 42 89 37 27 82 34 40 79 97 18 1 57 55 6
63 43 19 30 25 75 0 28 29 83 47 85 80 17 90 71 20 73 44 96 41 99 3 23 10 67 65 24 93 89 13 33 56 36 46 2 79 48 98 18 38 64 91 76 62 9 27 95 15 88 26 94 66 12 34 21 40 54 69 84 58 22 57 8 61 81 50 35 70 42
10 7 40 37 85 1 20 47 62 46 52 14 19 80 71 24 55 26 34 4 38 94 12 2 98 91 63 64 89 67 96 30 33 27 51 83 49 76 87 32 99 88 50 97 95 81 31 79 42 45 13 44 16 9 6 75 66 82 56 93 43 54 61 17 41 48 39 15 70 78
47 94 79 18 85 51 58 87 75 33 14 1 80 48 84 34 72 86 97 70 28 5 8 60 24 78 41 20 65 55 54 30 73 62 92 12 9 69 40 29 88 31 39 90 68 67 76 15 21 38 98 26 63 4 52 50 32 91 82 23 93 22 66 99 25 37 95 53 36 13
48 80 22 23 0 52 36 97 75 70 96 21 63 47 29 20 37 59 85 14 32 54 24 25 56 5 73 76 10 39 62 46 2 83 57 67 68 42 95 30 43 98 65 93 12 55 88 38 94 86 1 79 92 61 18 49 19 84 27 58 50 3 82 64 87 13 51 26 17 15
87 41 2 58 32 43 69 35 40 39 5 80 75 72 70 13 44 55 83 66 33 65 61 14 79 9 88 21 92 54 36 91 96 18 56 45 90 46 6 94 25 84 95 42 30 26 23 98 17 60 47 16 64 78 85 20 63 1 10 93 67 50 22 15 12 4 11 76 82 28
35 2 23 56 29 30 20 39 21 59 65 17 49 70 8 16 68 12 66 7 51 4 98 67 62 61 40 9 19 73 90 44 32 93 83 85 69 1 95 22 64 63 84 54 79 5 75 47 91 3 55 60 87 15 80 76 6 34 26 88 24 92 77 86 72 42 53 27 14 0
26 3 43 4 68 29 80 77 71 22 46 55 31 23 41 74 66 96 34 85 44 57 48 38 69 50 52 58 78 2 18 25 79 72 63 95 49 88 24 75 65 54 36 67 11 10 45 42 70 62 86 8 64 84 59 56 61 17 6 33 20 40 37 87 91 98 21 53 97 82
90 9 78 95 18 25 74 16 63 24 45 39 21 14 35 41 77 20 46 89 42 83 57 88 72 73 47 71 81 26 67 58 23 55 79 65 49 92 33 40 7 43 94 61 37 91 36 28 75 1 27 68 2 56 60 34 8 69 3 96 59 17 66 29 5 48 70 10 87 32
9 75 33 40 26 68 14 92 56 97 41 57 49 10 90 39 50 94 17 86 22 13 63 30 24 66 36 35 95 72 15 48 64 11 71 25 85 4 77 12 61 96 2 34 87 58 21 83 93 7 47 6 42 29 37 82 52 5 1 32 99 20 62 80 84 55 89 69 78 23
89 50 78 32 41 25 45 98 30 81 19 27 31 28 17 15 63 24 29 76 79 86 66 13 73 58 47 53 85 22 87 48 56 11 55 1 99 37 64 23 93 82 12 38 83 84 74 7 8 97 43 44 95 88 51 90 91 70 62 6 16 36 75 18 67 77 61 54 40 14
30 16 61 26 43 51 84 67 39 70 28 66 58 92 23 32 22 90 98 83 27 60 18 31 91 94 36 3 72 21 59 74 81 8 5 41 89 96 0 19 6 10 1 20 77 49 97 87 63 34 25 53 15 35 2 48 33 13 50 79 12 93 88 37 95 38 17 42 69 68
12 74 32 61 81 78 19 50 14 67 30 59 76 6 15 38 49 87 25 99 51 34 48 45 7 56 17 93 89 9 90 46 3 77 69 60 29 53 63 28 16 24 1 31 44 54 21 36 79 13 94 70 98 18 86 20 68 2 88 0 65 66 22 33 52 39 95 26 10 55
34 41 98 3 99 56 72 23 22 88 20 91 37 29 89 80 65 92 36 95 32 27 18 19 50 24 79 48 63 25 28 35 68 46 69 11 76 61 40 78 60 47 45 7 74 81 87 52 58 33 31 57 30 70 49 67 84 0 13 43 82 83 66 75 62 59 5 39 12 54
89 27 88 14 34 77 94 60 29 82 68 43 70 69 22 48 2 5 21 9 26 47 36 78 10 62 72 6 84 25 51 57 55 73 53 17 71 52 85 3 98 65 37 59 64 92 49 45 11 12 1 75 93 13 31 44 81 79 4 91 32 41 58 90 24 0 19 38 76 95
9 50 27 63 2 30 24 12 17 35 29 53 4 25 91 88 34 28 51 97 19 72 32 76 96 45 14 49 71 15 0 80 58 39 64 5 46 65 95 75 31 62 73 82 85 69 55 10 43 8 67 59 20 66 36 16 99 23 68 54 40 86 90 92 44 42 87 11 70 7
34 79 50 37 77 57 61 45 40 65 55 35 73 68 98 5 74 3 7 56 32 18 51 75 71 4 19 54 17 14 11 92 93 31 26 95 27 15 10 84 1 85 20 43 91 47 2 89 59 25 86 94 63 24 83 70 42 72 46 30 64 48 87 99 6 69 53 28 80 39
52 67 15 96 72 5 86 21 42 16 6 82 40 79 55 65 47 93 83 66 19 9 20 8 31 30 2 98 62 36 92 84 70 99 45 7 63 97 32 71 68 58 85 90 53 17 64 95 88 80 81 46 60 34 61 27 76 29 35 26 24 43 49 51 18 28 44 1 57 10
47 15 33 12 97 5 14 89 94 22 50 49 36 54 63 39 8 56 24 38 85 31 34 99 84 82 78 92 53 75 61 90 30 4 58 52 9 23 17 18 62 28 65 81 71 67 91 7 77 19 37 6 13 43 98 95 57 26 59 73 60 88 0 55 86 3 96 48 42 72
77 28 21 6 30 52 3 76 55 62 99 79 74 84 31 40 91 48 24 73 56 4 92 9 86 58 38 89 57 29 18 45 82 51 63 49 70 36 87 75 72 59 93 69 47 39 95 78 12 8 80 96 34 60 42 11 35 5 65 33 37 90 10 98 20 13 66 61 97 64
67 70 38 54 2 5 97 91 81 21 4 93 20 90 71 65 22 51 83 84 24 96 61 45 9 0 8 26 64 31 80 35 44 11 27 25 33 28 13 53 86 1 87 95 63 75 72 34 94 17 43 37 32 88 52 23 73 18 77 39 66 7 78 76 79 56 69 16 19 60
56 12 66 1 69 75 20 52 18 30 14 27 62 49 44 43 55 88 41 54 61 42 70 37 60 9 85 77 16 97 96 51 63 53 81 45 15 90 80 50 38 79 48 89 33 82 31 93 0 91 4 34 47 71 72 28 17 65 5 74 35 83 98 11 8 68 21 19 7 84
10 63 15 64 95 35 81 53 6 50 32 0 7 30 22 76 55 90 75 98 62 91 8 57 5 33 51 89 18 17 49 83 78 29 37 13 31 28 38 58 11 87 71 27 97 42 25 39 36 67 99 54 48 82 66 21 93 68 41 80 69 61 19 94 2 59 88 56 24 92
20 38 53 64 93 25 63 54 83 57 70 91 37 23 96 52 22 1 78 39 42 0 26 24 4 14 48 76 44 7 49 89 12 61 9 69 81 6 99 34 75 2 19 85 3 46 10 43 59 90 41 71 72 30 35 79 62 40 27 86 32 45 66 36 67 15 65 56 98 92
90 78 19 45 65 63 40 7 93 8 58 5 23 76 81 48 72 6 92 17 59 51 74 50 75 33 35 0 30 57 44 53 49 67 86 1 20 88 60 77 16 22 21 91 56 79 14 95 71 13 80 3 12 83 73 98 42 99 2 55 31 61 62 66 37 89 52 24 87 32
60 0 42 50 90 77 14 79 44 20 8 61 38 51 65 95 74 87 30 82 18 84 59 13 36 21 71 99 34 76 92 26 86 78 68 93 53 97 31 27 3 46 32 91 85 6 56 37 19 81 10 4 88 35 83 48 12 57 67 73 15 1 39 47 70 22 66 72 2 29
55 32 86 43 97 25 85 67 36 81 53 45 90 51 17 89 92 28 5 7 78 21 49 35 29 40 31 24 82 41 75 19 33 9 30 48 57 2 64 34 83 54 98 71 12 4 11 87 44 70 16 8 13 3 38 76 39 63 47 91 10 65 14 56 96 79 15 20 18 37
19 73 4 47 37 54 76 52 70 83 85 43 5 40 66 59 39 99 10 64 2 80 13 14 75 32 23 3 25 55 0 92 41 67 97 65 62 49 60 94 11 98 87 8 91 82 36 31 27 20 9 74 86 16 77 21 38 57 35 44 68 22 81 63 58 93 78 34 88 96
2 99 95 4 61 43 55 49 6 91 21 29 54 72 17 16 67 58 75 88 65 80 78 86 81 10 11 41 98 59 14 22 25 74 35 48 20 94 1 28 85 60 13 47 79 89 27 63 0 46 87 42 56 3 57 90 93 8 83 15 7 64 38 26 97 76 69 23 12 84
39 12 80 25 26 33 74 47 83 48 69 79 70 4 18 56 89 24 82 76 67 95 30 87 16 98 8 1 14 66 94 21 54 29 72 99 31 53 23 10 20 84 38 92 42 49 97 7 60 62 50 34 35 51 61 41 40 27 11 19 81 64 9 5 3 68 59 22 77 85
55 38 22 93 70 31 82 64 76 14 13 81 84 26 36 69 21 42 91 56 41 7 73 45 12 89 15 1 98 87 88 63 23 58 97 90 57 80 40 94 29 59 50 18 34 49 16 77 8 99 33 5 24 30 65 46 60 62 37 9 39 67 3 61 68 92 4 86 52 66
41 98 22 53 84 12 99 87 16 33 75 36 69 59 90 38 83 52 39 56 44 10 17 32 70 37 57 11 42 31 46 14 15 26 80 55 35 25 51 67 9 48 89 61 71 96 95 47 4 86 92 24 40 64 19 2 20 50 5 18 58 76 82 88 3 97 29 81 54 73
11 89 17 19 15 71 26 83 77 10 6 80 8 41 57 69 28 92 61 97 38 67 51 54 9 46 12 84 95 14 48 62 34 24 36 35 20 7 33 66 88 94 49 40 42 25 65 98 5 96 93 23 85 0 31 70 58 50 45 78 44 29 91 60 16 87 30 82 56 39
30 75 98 22 18 24 85 27 52 89 72 20 65 77 66 41 8 64 15 94 14 74 31 29 83 0 3 21 40 25 91 23 51 69 60 50 13 46 54 19 76 67 32 11 97 6 44 43 71 9 45 61 99 73 81 12 49 57 92 5 90 26 68 93 37 35 4 84 53 82
47 83 64 16 40 90 82 25 88 33 45 38 13 78 74 24 51 15 50 22 49 89 44 6 29 27 46 68 60 26 9 52 86 19 54 12 77 35 0 96 57 92 71 61 18 11 67 1 48 14 76 62 7 73 41 93 59 37 94 4 39 55 3 20 80 72 34 85 95 32
99 63 82 11 1 14 17 6 53 96 33 12 90 29 38 34 27 28 69 21 73 67 48 88 66 47 20 95 22 25 3 18 10 42 97 15 54 55 49 39 30 51 59 7 62 93 74 37 81 4 24 68 64 23 94 91 76 87 92 75 46 98 89 58 32 52 8 83 61 2
68 94 70 0 36 58 7 26 88 75 32 98 77 14 87 30 40 74 35 33 44 10 23 37 93 19 62 63 49 4 20 45 79 84 5 12 99 9 16 55 47 64 25 39 57 53 80 95 18 97 76 50 2 83 48 1 22 73 38 29 6 43 91 27 85 42 69 8 81 51
59 96 22 26 43 92 60 44 72 5 99 69 75 90 42 12 14 20 56 18 91 28 31 81 98 45 63 33 16 13 54 50 73 11 88 9 76 35 82 23 52 34 47 61 30 46 29 87 93 74 17 94 19 53 27 32 36 10 41 15 8 39 89 97 65 83 62 84 38 3
83 10 69 1 38 31 24 71 37 29 52 73 86 98 11 27 53 66 74 56 40 26 25 45 76 2 78 42 95 48 81 34 9 50 90 58 39 46 51 75 84 13 17 93 65 47 67 87 20 33 0 7 44 21 5 8 4 62 23 19 3 32 14 89 64 41 61 59 57 79
51 22 39 13 12 25 90 37 96 76 55 10 30 40 93 8 78 97 50 92 95 77 31 16 4 18 86 49 73 79 3 34 80 60 46 36 83 82 75 21 48 23 71 66 91 94 45 84 14 5 29 47 81 67 6 53 0 99 57 33 70 42 17 52 64 58 28 15 32 65
89 14 59 23 50 8 79 21 12 81 7 20 24 86 93 54 1 74 47 25 30 62 60 91 70 90 46 10 61 45 63 52 67 38 77 31 58 44 96 40 56 49 78 42 57 43 11 35 9 65 34 68 37 13 64 85 2 82 33 22 87 76 71 92 5 15 26 4 17 29
27 19 52 44 7 78 62 66 71 18 67 37 61 83 6 32 20 81 15 97 39 10 60 47 55 90 92 13 4 76 96 29 38 57 63 82 93 36 79 74 99 31 9 72 43 51 22 56 28 48 17 49 34 16 8 94 21 12 86 87 91 59 33 89 65 45 54 70 77 98
64 65 21 98 41 37 15 51 52 71 49 3 99 18 92 80 36 20 84 55 89 68 26 0 43 50 75 77 85 57 9 86 88 1 11 12 91 61 19 83 16 82 42 25 34 66 4 67 7 53 24 39 63 45 14 5 94 32 95 56 6 69 10 35 97 78 93 13 23 38
47 59 65 70 72 31 90 43 68 41 93 18 80 39 98 76 28 27 19 34 3 49 84 5 51 38 50 60 25 83 10 23 20 78 36 61 14 89 4 64 17 1 16 42 30 37 94 33 0 35 79 22 99 67 73 87 2 55 8 24 15 66 53 11 95 52 6 45 40 92
14 7 9 50 84 54 15 39 76 94 46 45 2 57 56 16 68 77 0 85 21 5 44 53 90 66 63 79 96 80 75 49 32 24 18 47 6 83 93 31 73 8 26 52 61 36 35 38 65 71 29 19 70 99 72 89 22 27 59 69 62 12 55 41 10 98 25 1 74 78
33 71 8 35 36 50 89 22 69 77 14 2 82 87 51 13 98 78 6 4 3 99 52 5 83 49 25 84 31 96 79 46 85 20 62 12 97 47 90 59 93 66 58 65 30 43 24 1 10 61 48 94 63 91 40 73 42 76 19 74 27 39 15 56 64 7 17 80 37 38
19 88 61 62 67 24 64 8 3 5 14 51 89 17 50 56 82 63 57 75 40 60 99 96 65 42 48 7 43 37 29 90 38 39 27 1 20 47 22 91 81 31 45 46 18 74 77 10 59 84 26 98 12 83 23 72 28 30 93 78 52 13 94 73 66 15 54 9 35 87
26 75 31 79 83 74 43 37 69 91 13 1 24 81 5 27 59 36 32 62 7 11 57 29 30 95 8 54 64 67 52 15 96 38 49 90 88 47 58 92 20 0 34 19 73 28 68 72 21 33 89 42 45 55 46 51 35 16 14 4 2 12 78 98 71 40 84 41 80 93
1 49 0 94 18 82 83 93 41 29 7 54 51 26 38 90 62 61 36 30 48 5 33 3 67 4 71 55 57 10 46 47 32 14 65 12 99 17 80 16 58 98 85 13 74 44 6 60 15 53 24 8 19 9 37 52 59 73 96 92 21 70 72 20 43 35 34 23 75 84
10 15 37 94 73 46 99 72 36 44 66 17 75 19 41 51 5 56 39 85 68 70 49 42 11 58 98 1 4 38 32 60 93 43 31 74 97 91 9 23 30 89 25 21 26 24 7 63 13 80 2 47 3 76 0 69 12 27 95 90 48 96 59 81 28 50 8 22 86 33
73 74 5 8 12 44 65 21 68 87 13 77 71 97 41 81 46 75 72 88 93 39 11 62 84 83 0 54 30 15 99 38 92 20 51 9 43 94 91 60 1 90 24 14 69 67 33 45 52 57 18 53 55 47 32 19 98 49 70 10 78 79 3 66 48 17 23 85 22 76
77 67 17 22 36 11 95 92 51 54 10 89 42 0 88 46 97 45 93 74 68 29 94 15 4 61 39 33 21 12 62 6 91 70 87 86 72 32 75 49 65 35 78 28 80 50 63 25 90 27 5 52 37 2 40 79 81 73 58 71 30 14 34 56 43 59 24 83 69 76
0 68 61 75 1 32 65 80 8 93 62 86 7 30 17 42 73 70 13 41 58 16 91 92 35 50 63 18 49 27 69 84 23 47 81 20 40 72 95 14 60 94 79 76 28 52 78 74 82 15 25 4 37 21 48 34 64 96 31 5 43 55 12 97 88 29 99 3 38 66
43 11 48 51 96 77 23 90 4 83 93 88 19 36 76 22 35 53 42 38 13 5 78 71 6 49 81 68 14 66 9 79 34 24 92 7 59 32 67 31 74 28 40 55 91 61 84 86 58 39 50 21 37 12 57 1 30 95 85 0 80 47 72 17 69 45 20 62 46 2
75 7 44 81 20 22 55 21 96 12 95 24 76 90 83 6 18 91 72 49 67 51 48 25 2 35 13 87 85 26 82 14 73 15 60 11 58 8 38 4 41 77 71 46 99 88 31 27 3 69 92 34 57 56 68 80 0 89 62 84 9 86 65 45 40 1 10 30 59 74
93 91 67 57 46 11 96 75 82 43 64 77 31 79 48 59 58 54 12 85 5 8 70 76 4 61 9 38 71 39 62 55 25 69 32 41 42 0 22 56 89 19 63 15 81 80 40 29 7 78 90 86 95 18 34 37 6 45 20 68 83 24 97 16 33 36 60 84 23 1
76 82 24 34 99 12 63 37 61 31 18 26 55 10 49 6 20 74 15 67 38 68 3 0 59 27 33 56 85 88 60 86 94 89 97 16 51 98 11 42 50 64 48 90 22 9 52 93 13 58 57 54 80 78 7 28 84 83 43 5 62 36 2 30 46 66 72 73 53 91
73 23 1 0 14 88 70 76 43 89 11 85 5 44 54 72 7 60 27 31 26 50 59 66 39 95 45 18 74 92 28 40 86 53 17 2 6 96 81 69 49 91 25 75 20 67 97 41 4 68 12 98 87 47 38 36 15 8 93 34 62 16 30 13 84 79 3 78 37 46
40 51 25 6 20 67 8 74 80 42 70 27 16 48 4 50 37 31 46 81 13 28 39 41 47 89 43 2 18 5 82 24 22 98 15 36 29 91 84 34 55 63 94 65 99 93 69 64 76 21 68 86 71 60 49 85 97 33 57 0 45 10 77 17 92 19 95 11 35 7
30 37 86 80 97 9 32 2 36 70 82 76 96 6 38 20 19 68 77 51 92 69 23 8 85 17 21 56 1 46 0 79 60 55 73 57 81 61 33 94 87 40 22 5 66 72 15 62 25 14 31 54 7 74 98 52 75 26 13 44 27 90 11 18 58 34 91 71 12 63
25 0 12 40 34 29 70 59 49 31 74 75 41 22 38 46 63 9 37 15 66 91 85 32 97 24 43 26 21 36 79 20 2 94 72 8 33 30 84 44 48 3 14 35 88 18 45 69 53 76 89 77 67 1 65 62 98 64 73 23 90 87 7 56 93 11 52 55 61 99
63 19 66 36 85 46 47 68 11 35 61 32 90 83 78 99 15 91 8 43 54 33 20 25 70 98 64 62 93 86 76 96 49 31 48 10 5 74 97 6 82 9 38 1 40 55 21 65 27 45 34 56 88 3 60 89 92 41 73 71 79 2 24 44 57 59 17 12 26 7
32 25 38 22 70 20 16 77 66 46 13 8 30 63 89 43 41 17 68 98 3 50 95 44 36 79 14 29 34 88 56 40 71 85 78 1 33 75 76 19 81 58 62 35 90 80 73 4 6 47 91 10 69 65 83 86 55 23 27 74 11 26 21 9 18 96 87 24 72 2
71 19 68 51 5 25 64 62 83 46 88 6 95 80 61 81 8 75 28 17 0 72 96 10 82 86 98 23 1 54 52 87 12 74 84 31 93 30 33 73 7 49 42 44 92 9 2 13 94 29 56 40 89 55 99 78 90 3 35 36 57 21 4 24 11 26 77 67 76 34
32 89 38 90 40 68 66 13 20 58 8 0 70 25 75 74 42 85 63 86 27 44 3 6 57 53 34 69 78 11 94 31 67 99 23 33 48 45 87 7 12 41 17 60 65 36 91 80 46 22 51 35 14 92 5 84 95 39 10 52 30 26 9 59 55 1 62 43 96 29
33 91 80 64 94 67 82 71 42 89 16 1 7 46 8 18 9 88 10 92 85 79 19 93 22 75 62 26 52 87 29 69 4 31 36 3 83 74 35 60 14 90 41 56 38 6 76 30 44 13 27 98 53 12 72 73 15 54 39 65 37 78 63 48 77 25 51 70 34 68
21 46 4 60 1 69 79 5 86 88 15 85 12 96 40 24 18 25 80 84 67 27 20 29 68 45 2 19 39 41 54 93 76 23 94 13 53 14 30 70 28 50 62 77 34 58 43 0 95 38 72 81 6 61 59 42 48 8 83 99 57 91 17 75 10 92 65 36 32 73
10 1 45 38 79 43 53 75 92 63 69 59 33 47 34 51 76 41 89 14 65 71 72 85 0 26 98 15 5 18 95 58 66 96 44 11 35 74 27 82 30 99 4 20 16 55 42 61 29 80 86 83 36 28 12 31 56 21 6 62 68 78 57 19 97 88 13 8 40 25
27 89 54 92 26 55 28 38 22 77 35 43 66 2 69 97 5 41 91 84 99 37 46 60 1 11 25 71 7 74 44 20 34 67 33 19 96 4 30 32 51 88 6 90 24 0 58 9 95 45 29 13 52 94 86 49 16 80 85 50 53 59 76 81 64 62 17 40 83 68
53 17 76 21 63 16 81 19 92 41 34 38 28 43 45 78 69 20 79 23 57 37 4 46 6 58 59 29 26 3 51 13 94 88 61 70 95 86 49 89 47 99 36 67 11 5 85 91 65 12 52 32 31 73 68 22 75 71 8 48 40 64 7 93 14 82 66 9 10 84
38 87 17 57 91 10 52 97 28 29 18 84 93 61 59 49 77 40 27 92 62 1 53 22 16 60 31 94 76 24 2 39 85 5 65 69 8 13 74 78 19 11 25 71 89 72 15 51 14 96 70 73 58 83 79 23 90 32 55 43 99 41 26 4 67 46 54 48 95 3
84 91 56 15 33 53 13 67 62 54 39 80 47 66 64 1 16 5 35 73 27 42 79 48 99 31 86 68 85 32 57 70 46 58 8 21 44 94 49 51 61 11 50 24 9 17 3 60 75 43 76 96 74 6 88 69 25 7 30 26 63 59 0 55 23 95 18 10 38 2
95 62 66 61 86 84 67 82 46 15 57 3 0 13 28 81 19 44 73 59 56 98 87 35 70 4 53 99 24 90 47 93 31 36 71 9 79 65 12 18 25 74 11 38 54 7 58 89 92 30 52 1 39 37 78 80 40 45 14 16 72 10 48 34 76 21 29 88 68 20
70 59 94 10 22 36 48 84 12 60 77 6 95 98 20 0 76 89 34 93 17 68 78 37 18 86 39 23 58 16 32 97 66 88 61 28 74 1 33 41 8 35 13 2 55 29 45 99 71 31 69 5 30 26 51 44 49 62 90 75 57 15 25 9 50 53 42 46 92 27
37 58 67 83 74 56 76 9 8 0 44 25 78 42 33 93 81 77 60 50 46 87 49 75 89 70 65 98 4 59 17 51 22 86 43 35 80 10 69 5 18 11 63 24 31 57 96 38 39 92 2 12 21 68 52 64 41 91 1 23 66 62 55 34 72 32 90 73 19 45
28 84 97 62 56 65 34 66 52 98 70 31 99 81 91 60 85 15 57 38 89 78 45 37 83 11 93 59 74 75 86 8 9 36 26 5 51 4 79 17 68 96 23 32 50 7 48 72 67 95 63 20 49 69 13 6 16 44 19 29 61 55 43 2 24 25 40 3 46 21
40 49 69 96 90 32 3 11 95 62 21 46 34 44 76 94 82 59 77 39 87 66 47 33 71 97 19 23 79 15 92 54 1 12 17 80 7 60 27 99 2 53 31 75 63 8 64 68 18 28 41 29 24 98 26 42 72 20 67 78 16 4 25 61 45 56 51 48 91 10
72 22 96 79 2 13 63 69 71 45 24 19 78 16 92 4 60 44 64 52 41 21 31 77 91 47 34 27 57 98 76 97 18 9 48 86 32 42 58 39 7 50 5 49 61 85 51 37 81 23 84 59 8 40 99 95 15 20 54 12 75 80 67 0 11 65 14 29 66 43
60 77 33 85 44 15 86 12 6 54 93 10 66 28 36 75 2 27 26 59 97 84 92 23 17 57 52 96 5 45 69 70 71 53 37 0 30 80 13 19 72 79 46 22 24 42 67 3 63 50 56 31 94 91 4 7 61 43 98 78 90 38 58 68 40 73 81 95 49 20