0
0
0
0
0
0.004847846887
0
0.0356012888
0
0
0
0.02649713361
0
0
0
0
0
0
0
0.0143597274
0.04250459857
0
0
0.03676448532
0
0
0
0.02528042859
0
0.007319082174
0.01086503442
0
0
0
0.04883348617
0.03956731736
0.07611928212
0
0
0
0
0.02215730423
0
0
0
0
0
0
0.03944100331
0
0.04620249524
0.003639710292
0.02402749101
0.01339633327
0
0.009620689092
0.01700548097
0
0.04280504526
0.01261625637
0
0.008197718526
0
0
0
0.04755533208
0
0.005165344338
0.04329321423
0
0
0.02035438095
0
0
0
0.002708707318
0.01970729523
0.03153508087
0
0
0
0
0.008170026659
0.008965392397
0
0.0006406224419
0
0.004982960846
0
0
0.01960753409
0
0.02994649697
0.03498906618
0.01996625518
0.01638395413
0.02273548077
0
0.05562361634
0
0.003951314878
0.003284374129
0.005569282558
0
0
0
0
0.03622904827
0.01903882798
0.008684251239
0
0.01101784643
0.01844540931
0
0
0
0
0
0
0
0
0.06727966197
0.007493026247
0.03854866905
0
6.31E-05
0
0.01211779478
0
0
0.0121355741
0
0.01849772813
0
0.03118221344
0
0.02161238221
0
0
0
0.001012690872
0
0
0
0
0.02358918608
0
0.0001203144362
0.02124597346
0.007366179572
0.05017004757
0
0
0.003159194621
0
0
0.01333252836
0
0.002480501548
0.05270670418
0.02247197981
0.01384308115
0
0.001135337973
0
0.02808130856
0.01318945342
0.0007371180307
0.05088618377
0
0
0.00797441478
0
0.0190441226
0
0.03504818732
0
0.01259036157
0
0
0
0.01638699355
0.03119996385
0.02439755322
0.06018991144
0.03653387919
0
0
0
0
0.03101571229
0
0
0.03982515924
0.007445711996
0
0.04398026769
0.01368942748
0
0
0
0
0.008923955882
0.01515538079
0
0
0
0
0.02689039252
0
0.004568498872
0
0
0
0.03540069469
0
0
0.01573695247
0
0
0
0.004921522288
0
0.01693128736
0
0
0.02851296921
0
0.03420338314
0.005913617308
0.01074970814
0.0217722909
0.03058729603
0.03343395717
0.01760046687
0
0
0
0.01531389177
0.01439234489
0
0
0
0.002312859104
0.03782324719
0.0255534779
0
0.02926547212
0.005311343788
0
0.004447599987
0.01175004022
0.004134236644
0.01506048989
0
0.02428743471
0
0
0.01443229805
0.00826471281
0.04142113761
0.008724076605
0
0
0.01786247912
0
0.03573503985
0.003956405414
0.02140119615
0.02680551858
0
0
0.03328719547
0
0.02352101712
0.03179713885
0.007144876849
0
0
0
0.02567212477
0
0
0.008190555467
0
0
0.03495970935
0.02913499912
0.01875120828
0
0.002617043894
0.01610349439
0.03132415438
0.007291737362
0
0
0
0.03394936885
0
0.01669769981
0
0.01404505299
0
0
0
0.002851346076
0
0
0
0
0.02781285143
0
0
0
0.02583256701
0.01162774665
0
0
0.01177990209
0.0661430945
0.00767323834
0
0.007501562913
0.02142749487
0
0
0
0
0.004796644238
0.02133618375
0.04213223634
0
0.01334287394
0.01490276131
0.06085945109
0.03273674741
0.06245242631
6.10E-05
0
0
0
0.03980015083
0
0
0
0
0
0.01087969597
0
0
0
0
0.01000807316
0
0.02514550188
0
0
0
0.06530577883
0
0
0
0
0
0
0.04221130577
0.001958867559
0
0.04405298125
0
0.03001792684
0.03351855782
0.01160966812
0
0
0
0.001358549361
0
0
0
0.02483097407
0
0
0.01544805972
0.00E+00
0
0.03503987857
0.01525108244
0
0
0
0.05979633357
0.02754206818
0.02136272702
0.006860794678
0.01726824313
0.008648191806
0
0.002769390868
0
0.02328120733
0.02813160396
0
0.007757247002
0
0.03247433094
0
0.0225572275
0.0002632264501
0.005762130907
0.02854986027
0
0.04828741252
0.01911698283
0.001970020536
0.01332781685
0
0.002833678891
0.02620417285
0
0
0.0217827167
0.01640512366
0
0
0
0.009070631604
0
0.03369886093
0
0
0
0
0.02561905113
0
0
0
0.05782083348
0.001981227444
0
0.03296603028
0
0
0.02402980093
0
0.0004651235315
0
0.01718427381
0
0.02433526279
0
0
0
0
0.01549670843
0
0.01081814572
0.007380416577
0.006801582019
0.03788039044
0
0.01398991008
0.02805623212
0
0
0
0
0
0
0
0.01975016031
0
0
0.01179104043
0.02445976836
0
0
0.02200127168
0
0.03229669577
0
0.006161976258
0.02651182025
0
0.04783122179
0.02268244239
0
0
0
0.01411380179
0
0
0
0.0115778226
0.02586881603
0.04236161347
0.01057119176
0
0.01747838167
0.01824273493
0.008490471672
0.0275190181
0
0.01233649953
0
0.02220993261
0
0
0
0
0
0
0.01500517006
0
0.01582331084
0.01477234664
0
0
0.02259933974
0.00E+00
0.00806040972
0
0
0
0.06191619811
0
0.01433120848
0.009219241381
0
0.007794432759
0
0.04564458423
0
0.01835253269
0
0
0.01690243148
0.04260238164
0
0
0.03029045687
0.04899797492
0
0
0.001549634958
0.009656892462
0
0.04468901014
0
0
0
0
0.0478792229
0.001663848752
0.02066499693
0.03343528653
0.02503125224
0.05773043448
0
0.02359794218
0.004914767232
0.001649962942
0
0.00160281415
0.004758928391
0
0
0.007988705321
0
0
0.06041290916
0.003331925702
0
0.004964669121
0.01034109377
0
0
0.006713704485
0.01036559344
0.05124931914
0
0
0.03394921786
0
0
0
0
0
0
0
0
0.009725739017
0
0.01151577348
0
0.03245965497
0.001218119719
0.0153787802
0.00548014276
0.01321171609
0.004619910144
0.04152981118
0.01052538979
0.03729613736
0.0376284251
0.01448524167
0.02076682282
0.008194855608
0.002873229408
0
0
0.005202513772
0.0344811206
0
0.01125225696
0
0
0.002199388725
0.02228213938
0.009489403708
0.01945964271
0.02308466976
0.008663590356
0.01918617917
0.02477953118
0.005579800655
0.0226164401
0.004266635015
0
0
0
0.0260123246
0.008685260496
0
0
0
0
0.01810989191
0.01647043755
0
0
0.01011044989
0
0
0.0272529097
2.01E-02
0.0001015635502
0
0
0
0
0
3.49E-03
0.00636429652
0
0.0223886649
0
0.006483921704
0
0.03669608009
0.04907319955
0
0
0.02582137453
0
0
0
0
0
0
0.01162972366
0.008994170142
0
0.02200483279
0
0.008199675695
0
0
0.01365618424
0.03850719804
0
0.01622830642
0.02258812592
0.02870958984
0.01414903968
0.0441072751
0
0
0.01682511716
0.04340133548
0
0.01534580457
0
0
0.005031344834
0.00262945507
0
0
0.0141448198
0.006201918994
0.02041084479
0.00468815476
0.01921055827
0.003416853871
0
0.006334519232
0
0
0.002710293193
0
0
0.0186651232
0
0
0.03522122353
0
0
0.006377100947
0
0
0
0
9.47E-05
0.04630228285
0
0
0.005555458128
0
0
0
0.009058125477
0.01802979907
0.005598634912
0.00666237832
0
0
0
0.05215327036
0.02567138284
0
0
0
0
0
0.02153245413
0.03551146456
0
0.03973367835
0.0008734531158
0
0.0145678325
0
0.008989812202
0.02051585894
0
0.03265927555
0
0
0
0.02995368825
0.04676449623
0
0
0.00358405015
0.01867414496
0
0.01569722431
0.03941763461
0.02230620295
0.002699108806
0.02360617258
0.006486679023
0.007683263824
0.01110086735
0.01316347095
0.01716026743
0.03908860027
0
0
0.01997648969
0
0.02646947904
0.01120309115
0.04142279465
0.005632498219
0.006820473277
0
0
0.04814371094
0
0
0
0
0.01412637797
0.02631132522
0.0125745829
0
0.01054631543
0
0.01884240719
0
0.03499693529
0
0.00800747593
0
0.003696115847
0
0.02316249489
0
0
0.01722869534
0
0.02088057055
0
0.03231583765
0.005673266156
0
0.01668685035
0.02056497385
0.006387701259
0
0
0.01419643391
0.01487955479
0.01119541035
0
0.01258828494
0
0.03692917373
0.02352483929
0.01396782044
0.03093962811
0.03182686364
0.04382926966
0
0
0.03238622568
0.03068900775
0.002696321545
0
0.01319332014
0.02025078445
0
0.03738424579
0.01878466041
0.004340830194
0.006509421886
0.01270308575
0
0
0
0
0
0
0
0.006090848153
0
0
0.02977122936
0.04806447567
0.02794612432
0
0
0
0
0
0
0
0.00460600465
0.009010123722
0.0323673647
0
0
0
0.003863810667
0.01413348137
0
0
0.01325978012
0.04762172793
1.18E-02
0
0.02666341019
0
0.01799589554
0.0118586137
0
0
0
0.001092479107
0.0006221137806
0.02498018171
0
0
0
0.01815789202
0.03649062627
0
0.004332777832
0.00686443378
0.006369720783
0
0
0.01607657946
0.0115815398
0.008394501836
0.01201404494
0
0.01322084515
0.02071779955
0.0222526757
0
0
0
0.002339819563
0.008974254569
0.03552958485
0.006273648783
0.008867573122
0.02056198775
0.02412007466
0
0
0
0.02221684925
0.006445451731
0
0.006480419342
0.003408860247
0
0
0.0120935434
0.01952257506
0
0.0189388989
0.02364215625
0.002315404405
0
0.003771099659
0.04758851243
0
0.03779113771
0.03625436044
0
0
0
0.008056450588
0.009266014038
0
0
0
0.02520414988
0.008958137643
0
0.01913844167
0.001552960858
0
0.02949202002
0.02285331912
0
0
0
0.01327966846
0
0.03152546747
0.004583315238
0.006645403942
0
0
0.03414543425
0.008636743783
0
0.05163472695
0
0.008209202388
0
0.009210022099
0.001846548565
0.009541364404
0
0.02516596242
0
0
0
0
0
0.04013225717
0.05114987489
0
0.001730138789
0.02967194104
0.01973682628
0.05566422839
0.005934781272
0
0
0
0.00927067905
0
0
0
0
0
0
0
0.02208975256
0
0
0.01101613302
0
0
0.004163613596
0
0
0.07171382726
0
0
0
0
0.005057757243
0
0
0
0.02489082452
0
0.007654508818
0.04215086268
0.003446308996
0.009196804937
0.08063695486
0.00510904734
0.01200649551
0.002008268464
0.04992301411
0
0.01146784382
0
0.01619499029
0
0.01091767226
0.002337094905
0
0.02292284296
0.009996229463
0
0
0
0.01119003706
0
0.003881662086
0.03504654229
0
0.01465854347
0.02361107175
0
0.02299563507
0
0
0.02388575939
0.02131424993
0.01025139617
0.02858113248
0
0
0.02943892111
0.003493031654
0.002571126088
0.01567229242
0
0
0.01349903232
0.008560520212
0.007286699586
0.005473103433
0.02155053703
0.01262960647
0.02736835398
0
0
0.01708053797
0.008099519579
0
0.001283884967
0
0
0
0.01367234185
0.0093623581
0.04075809303
0
0
0
0.01715489501
0.01247672231
0.02562617296
0.01383279749
0.02010852741
0
0.009968590091
0.04271545764
0
0.02584793955
0.01392281119
0
0.04091319021
0
0.01349223381
0
0
0.01546591346
0
0.01882894981
0
0.03847007566
0
0.01557034123
0.005896908007
0.03634171063
0.03893000868
0
0.05353418058
0
0.01695732285
0
0.06602059327
0.01781915111
0
0.01399086335
0
0
0
0
0
0
0
0
0.01504745767
0
0.0228406469
0.04259694412
0.02383292046
0.03508658635
0.006542320427
0.02138729302
0.02600318695
0
0
0
0
0
0
0.01408860868
0.009605319908
0.0009825285993
0
0.02858611243
0
0.03522908201
0
0
0
0
0
0.03534917077
0
0.0002060817615
0
0
0
0
0.03925545692
0
0.0150907619
0
0.01409939719
0
0.009832160417
0
3.76E-02
0.008412101051
0
0
0.01238737995
0
0
0
0
0
0
0.004311603126
0.01932451682
0.001741445462
0.03262498207
0
0
0.0284409506
0
0.001218532298
0.02630491843
0
0.0107878791
0.0004542568369
0
0
0
0
0
0
0
0.01705785337
0
0.05647257766
0
0.02874539217
0
0.02103451487
0.01577639309
0
0.007843111437
0
0.01201868373
0
0.002753215138
0.02239405737
0.005948674928
0
0
0
0
0
0
0
0
0
0.03330251606
0
0.02508100564
0.003958483384
0
0
0.01098025283
0.009357145725
0
0
0
0
0
0.004333818734
0.01172004531
0.01270015291
0
0.0150169372
0.001486603128
0
0.01722932044
0.01659231189
0
0.03360790623
0
0
0
0.01439375376
0
0.02818061285
0
0.05594537497
0
0.05125800631
0.007080644162
0
0.01610908738
0.0534568077
0
0.02689968317
0
0.004584776984
0.01975481784
0.03317059294
0.02408637578
0
0
0.04584333643
0.05453787394
0.0294739048
0.006997237123
0
0
0
0.03150660231
0
0
0
0
0.02819345186
0
0.0362847877
0
0
0.03558916279
0
0
0
0.02508439393
0.0271004653
0.02737750135
0
0.01414166457
0.04462719367
0
0
0
0.008177685488
0.01702999972
0
0
0
0
0.05646766677
0
0
0.0518281579
0.002494965243
0
0
0.01946885978
0
0.02074148371
0.030694101
0.02418644502
0.00E+00
0
0.002708082269
0
0
0
0
0.01471726077
0
0.0002767938848
0.03405573828
0
0.006206256156
0
0
0.05117803903
0
0.007570811794
0
0.01203886319
0.0074541002
0.0101549772
0.04987669167
0.03302922909
0
0
0.02532253295
0.01169242163
0.01142684935
0
0.0004283226204
0
0.05194009375
0.02953867043
0
0
0
0
0
0
0
0
0
0
0
0.003488366533
0
0
0
0
0.0145003783
0.002149571741
0
0.0080116152
0
0.01213787604
0.02014419105
0
0
0
0.02923933552
0.02929302349
0.01628630442
0.04610819253
0
0
0
0
0.02176346582
0.06162959107
0.006211770548
0.03313337692
0
0.003896692242
0.03802719012
0
0.05321815243
0.005378137064
0
0.01612021103
0.007188550488
0.009812606935
0.0145759191
0.03596956588
0
0.03257893076
0.006090140419
0
0
0.01566945706
0
0.00E+00
0.005430738351
0
0
0
0
0.01703130359
0.008448522545
0.001182299369
0
0
0.01496922474
0.001972822277
0.002092788272
0
0.01983161553
0
0.04939024194
0.004501794017
0
0
0
0.007683686402
0
0
0.02128174316
0.0006938834698
0.0354438551
0
0.004808968037
0.005366639416
0
0.01137367854
0
0.001367464431
8.09E-05
0
0.01930397358
0
0.02436332652
0.01134463844
0
9.15E-03
0
0.02885807882
0
0
0.01668916603
0
0.002492615065
0.03536015261
0.01383661489
0
0.02588540736
0.008686121038
0
0.01303651314
0.02721395968
0.003661103736
0.03512932773
0
0.02610019984
0
0.02601507009
0
0.01249499156
0.00395136914
0
0.02495462848
0.01318233623
0
0
0
0.03356851797
0.03837020488
0.04209746502
0
0
0.003305106016
0.01633454711
0
0
0.001666416588
0.0125129328
0.02334230967
0.001243455018
0.0137372689
0.0001135218701
0
0.003310029744
0
0.02607026677
0
0
0
0
0.01051584878
0
0.009609528445
0.003795898801
0.03334057807
0.00924656408
0.006217179485
0
0
0.0480589672
0.01771846812
0.03871681748
0
0
0
0.01467645839
0
0
0
0.02644716121
0.01109725537
0
0.002181944738
0.01349610008
0
0.01652870812
0.006190825472
0
0
0
0
0
0.03633700048
0
0.05042011495
0.001785579089
0.01343476878
0.05319242028
0
0
0.02151347154
0
0
0.01299326651
0
0
0.00615763496
0
0.03883240325
0.0357313935
0.02292208413
0.01866514798
0
0.0294802866
0
0.006159737884
0.01491029652
0
0
0
0.03610320707
0.06079197252
0.005231798312
0.005986074603
0
0
0
0
0
0.02382000075
0
0.02670091404
0
0
0.02986475923
0
0.02249876728
0.02902889723
0.016213327
0
0.01877361064
0
0.007375962072
0.00524059762
0.03906608799
0.03403474331
0.00104568248
0.003713098786
0.04112490534
0.005462831716
0.0002653733829
0
0
0.03582935629
0
0.007175169272
0.03291648554
0.01533998941
0
0.03338552321
0.02484514225
0
0.02262237526
0
0.03748867938
0.01026226062
0.02359042607
0
0
8.48E-05
0
0
0
0
0.0178081069
0.003198907335
0.01769360323
0
0.01398283597
0.001136668944
0.0243958238
0.01296213237
0.01265754766
0
0.0246778651
0.007805474428
0
0
0
0.02575735405
0
0.008409564301
0
0
0
0
0
0
2.00E-02
0.002423487273
0
0.002541949434
0.006543830987
0
0
0
0
0.06184900739
0
0.009903615436
0.00398693319
0.005317859197
0.0260958407
0.02633924121
0.01438085265
0
0.03733966743
0
0
0.0005329837866
0.01710286236
0
0.02943272118
0
0.008236176685
0.01530147518
0
0.03834985872
0.02842489048
0.0001682784011
0
0.001121458527
0
0.01011793601
0.05027785534
0.008326846274
0
0
0.01026603919
0.01439157835
0
0.01246476459
0
0
0
0.03060499212
0
0
0
0.03728543173
0
0.02105052166
0.008277680802
0
0
0.0109530381
0.02868479114
0
0.00612437985
0.004059194478
0.006216697296
0
0
0
0.009928997674
0
0.00E+00
0.06458722975
0
0
0.009036857697
0
0
0.02154828661
0
0.02218384985
0
0
0
0.003557894358
0
0.05129641826
0
0
0
0.01362828082
0.0006039326497
0
0
0
0.01097117425
0
0.006939586596
0
0
0
0.03303670005
0.005731608578
0.01420858568
0.02613344853
0.03344422612
0
0
0.0120648798
0.03318943011
0.006043811777
0.01630843409
0.01442898038
0
0
0
0.02747956976
0
0
0.008922883846
0.04311186443
0
0.03444822253
0
0
0
0
0
0.02845468521
0
0.02459309341
0.0308702355
0.03233000175
0
0.01932710676
0
0
0.009624967474
0.03348964143
0
0
0
0
0.05410826243
0.02523418798
0.00760218571
0
0.02954820947
0.02872554155
0.00293400092
0
0
0.02125613675
0
0
0
0
0
0
0
0.02366895647
0.004632334772
0
0.02009000943
0.01118858743
0
0.04375822877
0
0
0.01999594838
0
0
0.02748841835
0.02997110173
0
0
0.006962930901
0.007109200032
0
0.0004149375625
0.03667382242
0.01234300233
0
0
0
0.01180141999
0.001076168848
0
0.02039573282
0
0.04504720192
0
0.01341912665
0.02477314998
0.01856842821
0
0.03539924705
0.01355288468
0
0
0
0.005468124683
0.0205219057
0
0.05081050943
0
0.02601065832
0.001079571122
0.01791747834
0.03780467244
0
0
0
0
0
0
0.006059971513
0
0.003897563955
0.04858962053
0
0
0
0
0.03579566288
0.02256402429
0
0.04327122823
0.0527616355
0
0.004721940368
0.04863480209
0.03210081191
0
0
0
0
0.03040414601
0
0
0.003919747314
0.03349971658
0.0008700840741
0
0.01767329173
0
0.001752738885
0.001349117727
0
0
0
0
0.02554226889
0.02889883558
0.02539544638
0
0.0134718726
0.04663038153
0.03468105688
0
0.01558309436
0.06828798942
0
0
0
0.006302574431
0
0.02573424067
0
0.01814204783
0.01586749956
0
0
0
0
0.004150234982
0.009790767318
0
0
0
0.05085639585
0.04891155001
0
0.01322369673
0
0.0086635644
0
0
0
0.02187672701
0.03325808253
0.008644978372
0
0
0.001775656195
0.02211793602
0
0
0.001452537415
0
0
0
0.002244809501
0
0.02242907567
0.01729181401
0.006905668117
0
0.02036369367
0.0191594932
0
0.01312185017
0.003911576188
0
0
0
0
0
0.0255064623
0
0
0
0.03676138436
0
0.0166147299
0
0.0045684097
0.02454398237
0.04248643631
0
0.00502598505
0.04456014641
0.007493010992
0
0
0
0.007514789458
0
0.03477189372
0.04599402478
0
0
0.009216654984
0
0
0.02113967356
0.01911500059
0
0
0.01105433706
0
0
0.03525684513
0.04904885045
0.01869786183
0.02003099548
0
0
0.002009624854
0.03453019705
0
0.005273477583
0.02843425699
0.004998212042
0.03016340011
0
0.02689177051
0.04858927709
0.02242297991
0
0.0158668514
0.04484116583
0
0.04405404383
0.03559807617
0.007891506031
0
0.02934554485
0.008990837765
0.009079919866
0.00E+00
0
0.03190537294
0
0
0.0003027550914
0
0.01694966553
0.006699582501
0.01384955297
0.002804902541
0
0.03010585906
0.004792464264
0
0
0
0
0.01014690605
0.002216918435
0
0
0
0.00211815514
0
0
0.03506521499
0
0
0
0
0.01470010554
0
0
0.01046880605
0.003644566022
0
0
0
0.01875927423
0.005204819424
0
0.0105011582
0
0
0
0.01859931187
0.03624690114
0.0197951226
0
0
0.002173969386
0
0.01129264983
0.01792835694
0.001926760285
0
0.01107552393
0.02614418043
0
0.01874137334
0.008544420812
0
0
0.03635751659
0
0
0.03786780205
0
0.01379291651
0
0.003161162444
0.03143283293
0.01742554672
0
0.0001284296985
0
0
0.002485303755
0.04991125055
0.005311461502
0.005716383684
0.01654564
0
0.03448528393
0
0.02808280847
0.01863814296
0.008226617672
0
0
0.001589877532
0
0.03407545716
0.005631262092
0.009405362379
0.009636074301
0.0318913837
0.008803356877
0
0
0
0.03553897866
0
0
0
0
0
0.02987693335
0
0.02442543535
0.005119690254
0.0396702615
0.001172658173
0.02490271125
0.004727488697
0.01586320415
0.01547588356
0.05883723168
0
0.004612325036
0
0.01261780595
0.005677130753
0
0.02203697853
0.03098624095
0
0.00E+00
0.003996511175
0.0001011711091
0.0386620309
0
0.009979154698
0.01090270367
0.001946237923
0.004592156733
0
0
0.02557256083
0.008038805379
0
0.02954449924
0
0
0
0.03681115337
0.03323709473
0.01121565157
0
0.007533940068
0.005708383834
0
0
0.01062093799
0.03478195087
0
0.01662383434
0.01576505041
0
0
0.01401326709
0
0
0
0.005196480915
0
0
0.007238910445
0
0
0
0.006685997866
0.0267358009
0.02500963873
0
0
0.02574821382
0.008155052774
0.0241900771
0.01261233603
0
0.02212431344
0.01247697416
0.009781912498
0.03054447955
0.01114679455
0.01925219711
0
0
0.009422855044
0.00237306802
0
0
0.03267610154
0.01205956504
0.00E+00
0.0141451185
0.0377142267
0.002730443604
0
0.002325926338
0.00644175965
0
0.006782386312
0
0
0
0.01425951335
0
0
0.02294194366
0.008594595333
0
0
0.0102153912
0
0.01724651378
0.05296997182
0.04505410506
0
0
0
0
0
0
0.01290890193
0
0
0
0.01108885511
0.002979423493
0
0.002520635142
0.02708688675
0
0
0
0
0
0.008234070742
0
0.05683498693
0
0.01408136999
0.005356149389
0.04668779499
0.03803507505
0.01760081233
0
0.003556430299
0.02480577485
0.0003283879147
0
0
0.02232361439
0.03409005194
0.03212202222
0.006911288314
0
0
0.0187006493
0.02580343389
0.002902478845
0.01385628903
0
0
0.03409454459
0.004672799091
0.03031265886
0.01212676956
0.003194905807
0.03364925791
0
0.02028819584
0.0016230075
3.94E-05
0.04924413763
0.01076711738
0.0245341215
0
0.03920792217
0
0.02976916723
0
0
0.00666550576
0
0.02197083433
0
0.0300658482
0
0
0
0
0
0.004694672788
0.03945918477
0
0.001731628694
0
0.01712773302
0.009150721228
0.03889447674
0.004104593002
0.007684110874
0.000994039853
0
0
0
0
0
0
0.008734562816
0.01830948454
0.008041877324
0.02236291456
0
0
0
0.01243742172
0
0
0.03686477013
0.00230049524
0
0.02521699086
0.01530131895
0
0.01218794398
0.002862653538
0.01269514226
0
0
0
0
0
0.0316056306
0.0001523852298
0.001917147301
0
0.02946044055
0.008047557626
0.02486785304
0
0.00E+00
0
0
0
0.03374758746
0.02862718863
0
0.01987586195
0.0144105693
0
0.03076204452
0.02116335411
0.004613763948
0.04857200627
0.006581512778
0.05550525784
0.001727375679
0.01328533834
0
0.001946206863
0
0.008515345964
0
0
0
0
0.001202903281
0
0.008589522095
0
0
0.05464141411
4.34E-02
0
0
0.03982149583
0.03464847642
0
0
0
0.008341671743
0.0320787165
0
0
0
0
0
0.05177688766
0
0
0
0
0.007486632669
0.01278209709
0
0
0.0279582586
0
0.005994225766
0
0
0
0
0
0
0
0.002698785759
0.006172963253
0
0
0.05341268412
0
0.02293737223
0.04540222877
0.02532981899
0.004148247858
0
0.004712499482
0
0.01759127794
0.01596316925
0
0
0.003405119706
0.04036909281
0.03875002149
0.001290714828
0
0
0
0
0
0
0
0
0
0
0.05074493059
0
0.04283138424
0
0
0.0122022685
0.01672266048
0
0.03416951471
0.06812456077
0.02829100793
0.006430427935
0.007072966132
0
0
0.01311949837
0.02720010618
0.01649609785
0
0.006403342039
0.00E+00
0
0
0.03785165592
0
0.02142534419
0
0.02348481718
0.0301858048
0.06913026595
0.02177925579
0
0
0
0.01051852177
0
0.03973530302
0
0.01305302398
0.03356777727
0
0
0
0
0
0
0
0.008270442118
0.02920549229
0
0
0
0.01934524154
0.0298192548
0.0538699983
0
0
0
0.03470784178
0
0
0
0
0
0
0.01190737046
0
0.02616630257
0
0
0
0.03218031825
0.002933869652
0
0.01755650917
0
0
0
0.0169246642
0.0120508647
0.025250274
0
0.02421967322
0.04430080685
0.008185078481
0
0.05182872941
0.0009757757317
0.009665429773
0.01959548562
0.01558478756
0.005731753343
0
0
0
0.0009421387313
0.005610104274
0
0
0
0
0.04911873706
0
0
0.006671769457
0
0.01320609983
0
0
0.009029859603
0
0.0212119023
0.02324163399
0
0
0
0
0.0365950674
0
0
0
0
0
0.02017865148
0.05655539647
0
0.01590790582
0
0.009218822245
0.003579214247
0
0.01510611366
0
0.02432299315
0.03186406847
0.02260590138
0.007409993524
0.01280090489
0
0.003993712197
0.01810497479
0.003863974764
0.001625302275
0.01445399278
0.03608959608
0
0
0
0.009606752455
0
0.006269471845
0
0
0
0
0.02478553617
0.009800307278
0.04181923764
0
0.04906519064
0.0257891212
0
0
0
0
0.03738094235
0.005850220145
0
0
0.02834633155
0.06085144297
0.02335072313
0.01316841574
0.05528158085
0
0
0.01032443596
0.01231745925
0
0
0
0.0005116914005
0
0
0
0.001394652509
0
0.03209914505
0
0
0.001445738206
0
0
0.03676973025
0
0.002186525574
0.03206950101
0
0
0.008579777828
0.01176132149
0.02675688429
0.01918330172
0
0
0.01422130977
0
0.0303427545
0.02114207869
0
0.006332162179
0.005442447889
0.02227568104
0.01482561488
0.008175178197
0.01247650699
0.0134253913
0.02510804257
0
0
0
0
0
0.02675365134
0
0
0.007674177705
0.02517505531
0
0.005344589873
0.0009950568019
0
0.001259711767
0.01603583544
0.009901221433
0
0
0.01608154869
0
0
0
0
0.0266970987
0.04634705331
0.01066579061
0
0.004306198302
0.03970283912
0
0
0.01574660384
0.001801395507
0
0
0
0.01013673542
0
0.01455558304
0
0
0
0.0106816416
0.04904247985
0
0.0004144784541
0
0.05176699538
0
0.007938575563
0.01356352866
0
0.004588150674
0.002034739685
0
0
0.04306785665
0.006607666624
0
0.04973383734
0.04802523084
0.0008273781433
0.01837725854
0.00835338112
0.0235525656
0.00808526765
0.0167009263
0
0
0
0.01790283453
0.005839454692
0.05272133737
0
0.002600727348
0.03700347356
0.01837789783
0.02436319071
0
0.00963910652
0.01172797611
0
0
0
0.01602435199
0.001363172638
0.00E+00
0
0.006653056745
0
0
0.03115503569
0
0
0.01865295204
0.04400059128
0.0100732938
0.003513844538
0
0.01071048282
0.02728253543
0.01721728646
0.003557292019
0.006960924693
0
0.00439897213
0
0.01014593321
0
0
0
0
0
0.001595705867
0
0
0.03305198446
0.01382492683
0
0
0
0
0.02032792653
0.009325087018
0.01897281897
0.00984973469
0
0
0.001577707151
0
0
0.001554709819
0.0005701541333
0
0
0
0.002437942969
0
0
0.04783348321
0.05314116006
0
0.01999913492
0
0.01525739764
0.0287593143
0.02955331297
0.006942060532
0.03809924263
0
0.01635940718
0.01649067164
0.009516408794
0.01673527794
0
0.02048536185
0.00871506846
0
0
0
0
0
0.01347388919
0.03104740131
0.0007504517228
0.007773163206
3.57E-02
0
0.02107757373
0
0
0.02204064742
0.002012261602
0
0
0.001500165366
0.006590616348
0.03039856634
0
0
0.009806624588
0.009043432517
0.005114561142
0.06326938243
0.002533415804
0
0.02259233121
0.02102320728
0.04272044497
0
0.03601210758
0
0.008953119357
0
0.001421898997
0.01899643318
0
0
0.04455630673
0
0.01427210111
0.01073373926
0
0
0.01552121358
0.06004301425
0
0
0.002246161454
0
0
0.01540654743
0.01527332603
0.0561215783
0
0
0.03544004983
0.01015636086
0
0.00924319063
0.01572411727
0.01539783718
4.36E-02
0.0003214271003
0.0157517701
0.01374362909
0.001940214074
0
0.002991866599
0.009827464356
0
0
0.03719922409
0.01269620671
0.003449945084
0
0
0
0
0.01942706358
0
0
0.00848254977
0
0.00238888608
0.03917823587
0.01256112129
0.009981383709
0.02003795258
0
0
0
0.007818277162
0
0
0.006924905595
0
0
0
0.001198438942
0.02443817934
0
0.008688519534
0.0321590507
0
0.05572695558
0
0
0.01441968572
0.01277233498
0
0.01089423175
0
0
0
0
0
0
0.002646575423
0
0
0.03979174559
0.001620165155
0.01656378612
0
0
0.01522531843
0.04039744374
0.01745635592
0.01168687808
0.0420515864
0.01313986532
0.005037466243
0
0
0.005065398667
0.02878321403
2.55E-02
0
0
0
0.008412626435
0.01442727386
0.04131898722
0
0.02575343698
0.04067105867
0.0007727153608
0
0.02358959494
0.002084098837
0
0
0.00386090381
0.01376298753
0.04297945666
0
0
0
0.03699412995
0.007780222706
0
0.01886365422
0.003165093201
0
0.01506428328
0.007761913097
0.02713358273
0
0
0
0.06630521248
0
0
0
0.01008840083
0
0.02075027297
0.0293601284
0
0
0
0
0.01577249413
0
0.01459349063
0
0
0
0.01246075629
0
0.00E+00
0
0
0.02718328932
0
0
0
0.01279250122
0
0.00555004744
0.01011541894
0
0.02124889693
0
0
0.0008302936891
0.01969334253
0.02462215969
0
0.0005434968835
0
0
0
0
0.0167513149
0.02053042425
0
0.05006120939
0.05131271755
0
0
0
0
0.02242769555
0
0
0.0138413688
0
0.04255165537
0.008308525924
0.05519025057
0
0.03960847466
0
0
0.05343594607
0.01591720325
0
0.01394071844
0
0
0.01623065842
0.04694097437
0
0
0.03800073914
0
0.02689219946
0.03966479986
0.01215730914
0
0.01152848914
0
0.005081636452
0
0
0.002311416657
0
0
0
0.03524502655
0
0.0235828995
0.003504842107
0.01356066815
0
0
0.006986178339
0.02363394753
0.04147032463
0.001528281927
0.01198161712
0.003161467527
0
0
0.02153651019
0
0.02927182342
0
0
0.01374522157
0.0183863671
0
0.005224511881
0.01826084341
0.02359371846
0
0.01099818329
0
0
0.02610264744
0.05437857856
0.02587071373
0
0.005794601906
0.009864825038
0
0
0.01799587476
0
0
0.03370770652
0.00E+00
0
0.007467665707
0
0
0.01507259542
0.01963696065
0
0.05834748688
0
0
0.02032717814
0
0.03822756407
0
0
0.005433969618
0.01099728591
0
0.01075088569
0.02356679474
0
0
0
0
0.03674823883
0.01547951689
0.0007624442688
0.01268624306
0.06200694662
0.001202572881
0
0
0.01171278256
0.01225693523
0.003783418397
0.0218445477
0
0
0
0
0
0.03466473537
0
0
0.006120532646
0.01225263497
0.02013962203
0.02890444925
0.03886795498
0.001306205813
0.05182835114
0.0171358095
0
0
0.006150109036
0.01229739439
0.008632660426
0.01366528624
0
0
0
0.01939560656
0.03059181874
0.05003177858
0.02524597852
0.02371301918
0.006667436291
0
0.0278860802
0.02363721113
0.01729926876
0.03553233548
0.01418889155
0.006749843307
0
0.00E+00
0
0.007955157832
0.0002144244999
0.01422257414
0
0
0
0.0160378912
0
0.007304234894
0
0
0.01965683781
0
0.01534831867
0
0
0.00513037001
0.002701069463
0.02397071824
0.008467097859
0
0
0
0
0.01538055606
0
0
0
0.03121639325
0.05142061458
0
0
0
0
0
0
0
0
0.03042399278
0.00453560905
0
0.008678120208
0
0
3.02E-03
0
0
0
0.005343864377
0
0
0
0.03888585756
0
0
0.008879384923
0.05462230415
0
0.04569771439
0.02227860704
0
0
0.007606156054
0
0
0.05276168071
0
0
0.03214903882
0.001733504806
0
0.002756633696
0
0
0
0.002143261142
0.04639066429
0
0
0
0.04516970676
0
0.0286886605
0.01343658965
0
0.005950119628
0
0.01168311686
0.003513670935
0.009245199343
0
0.02135626561
0.02461078535
0
0
0
0.006407756811
0
0
0
0
0.02387388668
0
0.008254846934
0.01054260924
0
0
0.07482736552
0
0.006392908102
0.02634287593
0
0.009582392763
0
0
0.01835169848
0.03085123864
0.00E+00
0
0
0
0.05543058214
0
0.0490781678
0.01238169857
0
0
0
0.02897707827
0.01537948356
0.06445095605
0
0.03349675654
0
0.01665811517
0
0
0
0.009305979021
0
0.03367302734
0
0.02314071542
0
0.01441598082
0.007062431323
0
0.01840079337
0.0006751718998
0.03879872376
0
0.0329462076
0
0
0
0
0.0002561898539
0.002142945188
0
0
0
0.0004021307013
0
0.0361429445
0.03942503483
0
0.003104089788
0.0163619922
0
0
0.03698877976
0.04189844367
0.01482617849
0
0.05193692905
0.02767519487
0
0.0006790275164
0.000112046503
0.07307870287
0
0
0
0.01401822214
0.002645080321
0
0
0.03649489237
0.01752359993
0
0.00853829678
0
0
0
0
0
0
0
0.02567994065
0.02996070091
0
0.02381728387
0
0.0194482714
0
0
0
0
0.01726605768
0
0
0
0.009268838089
0.0148518655
0
0.01543272317
0
0.009175363011
0
0
0
0.000622104788
0
0.01738357914
0
0.004347749455
0.005637014033
0.0117680831
0
0.02436199165
0.007086277367
0
0
0
0
0.01671587907
0.04808699972
0
0
0
0.01171067994
0
0.01527639905
0
0.006473335887
0.0007295289796
0.02446085022
0
0
0.02165490268
0.04821381442
0.03055825334
0.01797168862
0
0.02301475001
0
0.04063529965
0.05689876546
0.01267671332
0
0.02824450734
0
0
0
0.007560155214
0.01023224678
0
0.02431243772
0
0.01548491803
0
0
0
0
0
0
0
0
0
0
0.03666661037
0
0.02828953508
0.01061840924
0.02856464246
0
0
0.005687655022
0
0.03007373232
0.01277315659
0.01120617276
0
0
0
0.02641078937
0
0.01807045213
0
0
0.01442184669
0
0.005597371531
0
0.03370156448
0.03665651253
0.02139759661
0
0
0
0.007145123956
0.05587717089
0.008515529844
0
0.01126109074
0.04894900893
0.01032791615
0.003298893114
0.05009791334
0.03130723103
0
0.01027558127
0.005207561798
0.006796176152
0.01499776344
0.001729067067
0
0.002353633153
0.03638501446
0
0.03544388679
0.02792977476
0
0.01533523463
0.02172035792
0.02459015019
0
0
0
0
0
0
0.02961995131
0.02072697454
0
0
0
0.01566948501
0
0.001307358186
0.001824237849
0.04259759933
0
0
0
0.01697816626
0
0
0
0.0002129933861
0.0009445082671
0.0008894736519
0.007657597909
0
0.04830176523
0
0.02379240652
0.0390733441
0.05665224043
0.006973516761
0.01342780163
0.01677763988
0
0.01364907714
0
0
0.002308967607
0.008967434529
0
0.004120937303
0.01133004705
0
3.09E-02
0
0
0.01789490045
0.03344154299
0.01164055679
0.02190443028
0.04566730196
0
0.02993509296
0.0120000653
0
0
0.001561666187
0
0
0
0
0.02318949028
0.005372152438
0
0.009935246779
0.0199515372
0
0
0.0117234042
0
0
0.008859007741
0.02057896993
0.04437783891
0
0.02528243901
0
0
0
0
0.004806498095
0
0.03803406718
0
0
0.01846713892
0
0.01290777045
0.01515542146
0
0.01233434373
0.046439425
0
0.02288781938
0.00870205295
0
0.006138245511
0
0.02698119731
0.0516192799
0
0.003407839798
0
0.00E+00
0
0
0
0
0
0.01704496872
0
0.01057117597
0.042884919
0.03098350326
0.008584612991
0
0.003766330936
0.02686325386
0.00E+00
0.04216284325
0
0
0
0.00180582471
0
0
0
0
0
0.04875998455
0
0
0.01660884513
0
0.0116610057
0.01313066739
0.01704064825
0.007812764746
0
0.01150801707
0.008983899093
0
0.0065277098
0
0.01069140424
0
0.04348607084
0.05809177572
0.02654795251
0.007118051643
0
0.01340739352
0.001151197501
0
0
0.01443894831
0
0.01557079607
0.01544746169
0
0.01837306456
0
0.0583202137
0
0.04891746922
0
0
0
0.009940947529
0.03381839205
0.005298717012
0.01055091963
0
0
0.042800583
0
0
0
0
0
0
0
0.01340403572
0.01793710687
0
0
0.01863365933
0
0
0.01055528366
0.008802309868
0.01153568889
0
0.02316959189
0
0
0.02582513047
0
0.0005809327084
0.02223969437
0.02316482236
0
0.01156283744
0
0
0
0.002217223403
0
0.04263121955
0.02716157962
0
0
0
0
0
0
0.00E+00
0.03732343695
0.01048517849
0.05341345437
0.02758839662
0
0
0
0.01675476404
0
0.01900875292
0
0
0.006924703651
0
0.02540212393
0
0.01201478625
0.002386399018
0
0.009597815062
0
0.0002368354854
0
0.009942277415
0
0.02605864423
0
0
0
3.34E-02
0.04548949459
0.02721172663
0
0
0
0.03486711576
0
0.03722479305
0.03449022046
0.007396863961
0.02183507187
0
0.04689864942
0.02375487438
0.01819728789
0.02993035107
0
0.03883238489
0
0
0.01664009957
0.008630661925
0.06998823158
0.002582395423
0
0
0
0.007698425161
0.001125245834
0
0
0
0
0.02441046411
0.01256352308
0
0.0266053087
0.01100837574
0.01889721245
0.01687440779
0.01906137393
0
0
0.01472787436
0
0
0.001247707013
0
0
0
0.01188245827
0.01545328114
0
0.007923304217
0
0.01311432231
0
0
0
0
0.02293580968
0.01747944557
0
0
0
0
0
0.01436751524
0.009079522293
0
0.01309195008
0.007039058912
0.04542941285
0.04722805138
0
0
0
0.02020218907
0.004409760313
0.002915949977
0.00330569807
0
0.02992568684
0
0
0
0
0.008575755353
0.02360495289
0.02038083914
0
0
0
0.002609582092
0
0.01035487559
0.020217841
0.03324060587
0
0
0.01047112764
0.01239506235
0
0
0.06521989101
0
0
0
0
0.006322185907
0.01557290281
0.02534504648
0.000909812084
0.02041864268
0.00388273747
0.02111498576
0.003295795331
0
0.0292507391
0
0
0
0
0.006430913151
0.00738432789
0.01276838671
1.98E-02
0.02492006448
0
0.02479679003
0
0
0
0.00648856275
0
0.03491737092
0.01770104683
0.01044243699
0
0.007951985216
0
0.05228764209
0.007193259857
0
0.02967687846
0
0
0
0.01593771532
0.02547120907
0.002808436648
0
0.02352019217
0
0.02152228516
0
0.0254792606
0
0
0
0
0.03411346452
0.02739976006
0.005833495275
0.04636771713
0.009539188476
0.005545247936
0.007009318785
0.006064834776
0.02490373258
0.03356269082
0
0.01810812002
0
0
0.02692066366
0
0
0
0
0.01402873947
0
0
0.01783485974
0.01687887131
0.006652666074
0
0
0.001461913151
0.02372291026
0.01236164899
0
0.03587668598
0
0.002048095971
0.00645072125
0
0
0
0
0
0
0.05490179717
0
0.03005167029
0
0.03886365724
0.04171291251
0.01898326465
0
2.52E-02
0
0
0.002602652594
0
0
0
0
0
0
0
0
0
0
0
0.002538029283
0.01539041809
0
0
0.02020966268
0.02093065895
0.06297187746
0
0
0.03213649122
0
0
0
0
0
0.03754170921
0.04261335815
0.02121648381
0
0
0
0.009504429671
0.0146817758
0.01526605598
0
0
0
0.01917550635
0
0.05256444154
0
0.03178824464
0.005453898338
0.01886807491
0
0.01167254259
0
0.0220896802
0.02565338517
0.02307888717
0.00761402285
0.03823610517
0
0.005415977234
0.04059504876
0.001544040775
0
0
0
0.0190423744
0.01036403224
0
0.01167258127
0.001667062773
0.005193375943
0.01768237885
0.02778342302
0.03410686126
0.04574839855
0
0
0
0.03485603018
0.05107059859
0
0
0.03084155502
0
0
0
0
0.005474108353
0
0
0
0.01390158987
0.006019433257
0.007209842237
0.0149532663
0
0
0
0
0.02366796425
0.004143137094
0
0.02308938543
0
0
0.01433112746
0
0.0174883239
0
0
0.004780756665
0
0
0
0
0.01885222893
0.01927583881
0.01815558849
0.01073429645
0
0.01608582828
0.0005775024843
0
0.01457745482
0
0.02103266791
0.004365490072
0
0.06059474835
0
0.01716587907
0.0109307965
0
0
0.04789754683
0.01838217727
0.01250734033
0
0.0609553811
0
0.03813190606
0.04125094829
0
0
0
0
0.01259457009
0
0
0.002011249586
0
0
0
0
0
0
0.03367435982
5.26E-02
0.004706048539
0
0
0
0.03536792489
0.01155153637
0
0
0
0
0.04728476704
0.0009142425051
0
0.008342974526
0.003915126476
0.02558017401
0
0.0002317983195
0.005252244962
0
0.0008994630038
0.02473127701
0
0
0
0
0
0
0.00117177026
0.01067055907
0.001746814159
0.01330180992
0
0.01411948938
0.0358694629
0
0.01576172414
0.07326479914
0
0
0
0
0.01315379295
0
0.03337597564
0.007232466166
0.0003705780774
0.008033467132
0.01547286697
0
0.006653704449
0.01115754395
0
0
0
0
0
0
0.04956097574
0.03348447195
0
0.0009098577362
0.05287388116
0
0.002176131972
0
0.01622413934
0.01556275166
0.000143720352
0.02965449047
0.005636779106
0
0
0.005079941401
0.06442383515
0.002817862879
0
0.03232434122
0
0
0.02574242533
0.01178675983
0.03738379262
0.01012602594
0.004008912421
0.01800417642
0
0
0
0.04638999366
0
0
0
0.0004719857552
0.002738250012
0.006535780153
0.007665845775
0.06145606427
0.02607146913
0.02270630454
0
0
0.03427962587
0.0102803995
0
0.03239949989
0.004883092005
0
0
0
0
0.004229508701
0
0
0
0.04545174163
0.03660378066
0
0
0
0
0
0.004319420217
0.01840976658
0.01700633048
0.01750598844
0
0.003362451419
0.01572187619
0
0
0
0.0121912333
0.01983555397
0
0
0
0.02350952186
0
0
0
0.03521841102
0.01686622548
0.02766081393
0.003477463369
0
0.009333676443
0.04925965962
0.002643725188
0
0
0
0
0
0.001130614682
0
0
0.05361929728
0.009451520137
0.0154060239
0.02301034017
0.03218114457
0
0.009218456223
0
0
0
0.01128059622
0.01783902154
0.01157368466
0.0006333448455
0
0.02561412646
0.02737297085
0.01259844446
0.02780282879
0.0002519722273
0
0
0.001228523775
0.002120845814
0.01918494987
2.96E-02
0
0.04538066092
0.02560054875
0.005333045786
0
0.07091422745
0
0.00591464949
0
0
0
0
0.05644412443
0
0
0
0
0.02821261006
0
0.01468549233
0
0
0.02379579436
0
0
0
0
0.03419289858
0
0
0
0.004854017917
0.007225036675
0
0
0
0.05455361212
0
0
0
0
0
0
0.02879790155
0
0.009770152494
0.02371557883
0.00E+00
0
0.01786645684
0
0
0.0003294590084
0.02140268455
0
0
0
0.003377359657
0
0
0
0
0.04916501812
0.006244551884
0
0
0.01014828963
0.04148813244
0.07674621582
0.01035224523
0
0.05613755087
0.007286940112
0
0
0
0
0
0.02139583026
0
0
0
0
0.02491749978
0
0.001439673572
0
0.01915779843
0.003444702731
0.03786768509
0.03859219904
0
0
0
0.00E+00
0.01528798727
0
0
0
0
0.01177153268
0.01361238988
0
0
0
0
0.001920758057
0
0.02724043029
0.008028939951
0.05972941983
0
0
0.03176879417
0
0.02763027826
0
0
0
0
0
0.02049894389
0
0
0.04086811068
0.0456940398
0.04764100476
0.02201618333
0.02278313842
0.01150806337
0.01572339271
0.046630299
0
0
1.57E-02
0
0.03300074882
0
0
0.005556577382
0.03226380639
0.02129166211
0.0007252319666
0.02086972699
0.002335508404
0
0.0158702619
0
0
0
0
0
0.005060203158
0
0
0
0.01406286856
0
0.006339981462
0
0
0
0.0167913918
0
0
0.0002519057916
0.01754127715
0.006438925906
0.03465822445
0
0
0.02989080987
0
0
0
0
0.009397834629
0
0.04736046295
0
0.02858905829
0.00E+00
0.02395396166
0.02059315533
0
0.01209610486
0
0.02309616346
0.04152918494
0.02031434838
0
0
0
0.007053118667
0
0.05160566524
0.01268996807
0
0.02559994353
0
0.005066538065
0
0
0
0.008015442039
0
0
0.01793618512
0.0737230311
0
0.01869102095
0
0
0.01142603729
0
0.01474604874
0
0.002631169038
0.01679819082
0
0
0.0245572475
0
0
0.08496693705
0.01241086829
0.02038973109
0
0.03952359409
0
0
0
0.0517614177
0.03460328564
0
0
0.008988553455
0.01062673461
0.01909543877
0.01958810264
0.02179310439
0
0.01253374967
0.003385205254
0.05366994511
0.0158901594
0
0
0.01423163126
0.01355251124
0
0
0.005089846819
0
0.02054970101
0.008018976035
0
0
0
0
0.03461151281
0
0
0
0.001640904802
0
0
0
0.01073682206
0.01304544982
0
0.0392327504
0
0.02957848552
0.04012034459
0.02554307237
0
0.04723543079
0
0
0.007555332565
0
0.01023387511
0
0
0
0.03318263696
0
0
0
0.002492345465
0
0.06027590784
0.002144154117
0.01474400562
0
0
0
0
0.006026560284
0
0
0
0
0.007481409049
0.06694613435
0
0
0
0
0
0.03865402566
0.03485719509
0.02960123122
0
0.003643345112
0.0001411164434
0
0
0
1.65E-02
0
0
0
0
0.03019178119
0.009378615332
0.02285296585
0
0.02476480025
0.02323815578
0.01745900363
0
0
0.03031646857
0.02528032831
0.02465021407
0.03628121376
0.0140682869
0
0
0.01147303139
0.005802421202
0.0005720972488
0.01454243061
0.03241058724
0.003670846425
0
0.03091823643
0.01907605126
0.02028984807
0
0.02856917759
0.03605840754
0
0
0.01024393412
0.003708633134
0.0009662748926
0.01483847417
0.004983792621
0.0438373205
0
0
0.01549317161
0
0.02565000207
0
0.00960444663
0.0221450101
0
0
0
0
0.005193994292
0.008496071797
0
0.006817840275
0
0
0
0.04420986254
0
0
0
0
0
0
0
0
0.01723653251
0.005208563567
0
0
0
0
0
0.0284758007
0
0.007605913822
0
0.01662063126
0.01803229159
0.01391706945
0
0
0
0.02898115136
0
0.01171426828
0.01130510116
0
0.01342143935
0
0.03482430426
0.01089246746
0.04337432892
0
0
0.04666749987
0.01309895861
0
0.01105575504
0
0
0.02240090036
0.0420982954
0
0
0.03544124805
0
0.04110343553
0
0.008924142862
0.05590488236
0.05484075309
0
0
0.01374259542
0
0.01274036549
0.02044936007
0
0.03634095988
0
0
0.008514744588
0
0.02745994321
0
0
0.03553398651
0.02048608837
0.0147434293
0
0.00595034182
0.01680791986
0
0.01285890942
0.02178501342
0
0
0.0002708745046
0.002676961587
0
0
0
0
0
0.003552254053
0.0003800017424
0
0.004457862288
0
0
0.02362260189
0.02974328612
0
0.01182226929
0.02432813526
0.01330617553
0
0.01716275969
0
0
0
0
0.006854651905
0.02489672876
0
0
0.006407822242
0
0.01953608649
0.01949881769
0
0.009056351877
0.01540587116
0
0
0.02877933229
0
0
0
0.009150653311
0
0.01941363619
0
0.01604658445
0.0176864046
0.009939617328
0
0
0.0137230332
0.01590049357
0.03939118343
0.01850805397
0.004874942158
0.003584022789
0
0.02646221218
0.0511352732
0.01686396615
0.02585476016
0.01373020428
0
0
0
0.02778924347
0
0
0.0571206595
0
0.0713692055
0.0185326718
0
0.00E+00
0.001706292989
0.03082503405
0.009640764531
0.01789287302
0.01314549714
0.02331208267
0.03195995774
0
0
0
0
0.007655734019
0
0
0
0.01240168941
0
0
0
0
0.003079503324
4.58E-02
0.01737182315
0
0
0
0
0
0
0.02262153412
0
0
0
0
0
0
0
0.00E+00
0.01462703102
0.003657923031
0.00456309084
0.02743765306
0
0.02292916106
0
0.06629814477
0.01650086858
0
0
0.005834353722
0.03178597309
0.003643822964
0.01529003654
0.01001606506
0
0.01732491423
0.03809162193
0
0.04560464965
0
0
0.02209615993
0.04254032784
0.007496622544
0
0
0.01858719505
0
0.04779982055
0
0.01624173569
0.01895138841
0
0
0
0.01679987832
0
0
0.01593583608
0.005876114319
0
0
0
0.0001573052078
0.01663378791
0
0
0.03140166393
0
0
0
0.02670011776
0
0.004734316099
0
0
0
0.03933317058
0
0.03888414831
0
0.007715853708
0.03409584648
0.00304817534
0
0.0428601278
0.02699949879
0
0.05954285425
0
0
0.02890978509
0.03017133954
0.004309368369
0
0.01658837237
0
5.68E-03
0
0
0.0226840697
0.03705015792
0.008161839481
0.01838357168
0
0.008866957321
0.01322152564
0.001670499703
0
0
0
0
0
0
0
0.008576030979
0.00335913525
0
0
0
0.02771329894
0.005125882673
0
0.004281218295
0.03242253885
0
0
0.001385157184
0
0.02059316482
0
0.006377926366
0
0.04093841224
0.01828655513
0.0002023401139
0
0
0
0
0
0
0
0
0.01288768029
0
0.0108020622
0.02439358906
0.02207074839
0
0.02054939081
0.006392573343
0.02094949262
0.04471866903
0
0.02879336414
0.02259658979
0.02085913632
0
0.01073623358
0
0
0.04395859863
0.0153614954
0
0
0.003994016205
0.01303073001
0
0.02696660901
0
0
0.03350099348
0
0
0.001559763034
0.03828691839
0
0
0.03396417254
0.002674811128
0.003648418085
0.03962078194
0.02644908361
0
0.03577925021
0.02705831579
0.01481486746
0.01340230124
0
0.03032296189
0
0
0
0
0
0
0.02545475735
0
0
0
0
0
0
0
0.02474230386
0.01146398019
0
0
0.0105024396
0
0.02292236506
4.21E-03
0.02500462187
0
0.004251421323
0.05227921528
0
0
0
0.03501271041
0
0
0.01215256027
0
0.02491597394
0.02023716045
0.01287047626
0.01170244609
0.04692402591
0.02067167893
0.007757206949
0
0
0.01423406661
0.00363843899
0.01250790374
0.005340493233
0.02792288
0
0
0.04498965765
0
0
0.003334655115
0
0.01047342506
0.02887731745
0.03124128166
0
0.0009770730943
0
0
2.62E-05
0.007709892384
0.03857995423
0.007118418978
0.0115364348
0
0
0
0.01001857128
0.01264043338
0.01918558438
0
0
0
0
0.03513563932
0.004609442486
0
0.007042077337
0.00E+00
0.02220707508
0
0.01550158134
0
0
0.007072966931
0
0
0.01351040223
0.03717046284
0.01363035831
0
0.04239553309
0.02582421962
0.01842614074
0.01138841207
0.006983803643
0.01914596874
0.004765611101
0.02030670051
0.007446814448
0
0
0
0.03380013423
0
0
0
0
0
0
0.0275419053
0
0.01373424782
0
0.03076554744
0
8.49E-03
0
0
0
0
0
0.0003682139431
0.02113419995
0
0.002956551205
0.0342131444
0
0
0.008755046787
0
0
0
0
0.01935472202
0.005206801612
0
0
0.005135134932
0
0.01683024306
0.008933741667
0
0.008529696252
0
0.02249987354
0
0.0114880576
0.0216974069
0
0.005071178998
0.0346078944
0
0.03872432673
0
0.007146978129
0.005598015466
0
0.0291625745
0
0.008715036824
0.07398626239
0.04441949043
0.0501579087
0.009415447358
0
0.006497797884
0
0.04503922267
0.03668945463
0
0.01232156651
0
0
0
0.02176841484
0
0
0.02567936655
0
0.03311256851
0
0.01055828431
0.03573176029
0.009032625638
0.004856220759
0
0.04853939259
0
0
0.05520668858
0
0.05103259021
0.01678088361
0
0.03307332218
0
0.05916789488
0.002263949473
0
0
0
0
0
0.007916956083
0
0
0
5.00E-02
0
0
0
0
0.008938280119
0
0.009324118247
0
0.003692019785
0.01518914938
0.02070140831
0
0.0002963260902
0.002961371052
0.02637213319
0.007805477229
0
0.02309370399
0.00142687699
0
0.06085803575
0
0.02582296123
0
0
0
0
0.02907113095
0.0154873149
0
0
0
0.0008655725698
0.05630309691
0
0.026761923
0
0
0
0
0.01955986404
0.01537155525
0
0
0.008941575141
0.003029683745
0
0
0.03531497553
0.005300232644
0.02379289601
0
0
0.007762011859
0
0.01677327106
0.02080646285
0
0
0
0.02409351305
0.01183988462
0
0
0.004522032399
0
0.02755960765
0
0
0.01076238261
0.01231934517
0
0
0
0.01644794915
0
0
0
0
0
0
0.0338259084
0
0
0
0.001711698671
0.02328844463
0
0
0
0.0303909524
0
0
0.004600471658
0.01805387804
0.02661820158
0
0.02695499621
0.001671561397
0.02467096168
0.04330825816
0
0.00301761594
0
0.05079776062
0
0
0
0
0
0.01484111755
0
0.03183169361
0
0.01728285954
0
0.03225726473
0
0.02958999186
0.03391413676
0.02723598379
0
0
0.01128442621
0.03205951306
0.00662000368
0
0.02072315129
0.01811609024
0
0.001062977764
0.02881191978
0.003381080459
0.002078543059
0
0.009493175231
0.03054411664
0.007062359719
0.02441736623
0
0
0.03031469802
0.03364747107
0
0.02286207958
0
0.009134464074
0
0.01503856973
0.01754718864
0.01687827398
0
0
0.005150940784
0.004855384094
0
0
0.04544547427
0
0.03278418249
0
0
0.0130905472
0.01733750818
0.01579071606
0
0
0.01353620824
0
0
0.01861986384
0
0
0
0
0
0
0
0
0
0
0.01722414622
0
0
0.007634753687
0
0
0
0
0.01819638182
0
0
0
0.03675113145
0
0
0.02406884096
0
0.02228465092
0.01081231175
0.04278965666
0
0
0
0.01604596117
0
0
0.06703014393
0
0
0
0.05855437557
0
0
0.01668722162
0
0
0
0
0.02479958596
0.03393945448
0.01869431054
0
0
0
0
0
0.02173159446
0
0.03036304647
0.0338847644
0
0.05051021122
0
0
0
0.05364086805
0
0
0
0
0
0
0
0
0
0.01341342758
0.007853168519
0.05381302903
0.008466609279
0.02413763767
0
0
0.04939334305
0
0.02622870689
0
0
0
0
0
0.02146758228
0
0.02900352465
0.02808764671
0
0.01742858916
0.06062311974
0.01374769942
0.04069250469
0
0
0.04233117158
0
0
0
0
0.002106610586
0
0.006884452828
0.02162339301
0
0
0
0
0.03598759525
0
0
0
0.04284300618
0.04172962368
0
0.04339608393
0.009977875804
0.002614987897
0
0.03417700619
0.03268481867
0.02154032069
0
0.05845032205
0
0.005523173807
0.02461433445
0.03999025731
0.0351933449
0
0.04381555371
0
0.00E+00
0
0.05373915936
0.001982679255
0
0.01727648092
0
0
0
0.008941787694
0
0
0.003732170913
0
0
0.0163390135
0.002689923385
0
0
0
0.01281626887
0.05179739468
0.004920183711
0.008742018832
0
0
0
0.03388167989
0.0128515697
0
0.009809260014
0
0.004054435944
0.02473501056
0.01624664108
0
0.03098694203
0.006402845857
0
0
0.001585829963
0
0.02221775806
0.001277236354
0
0
0.00E+00
0.0003000161018
0.01332666812
0
0
0
0
0.02108404319
0
0
0.02093924465
0
0.04745182813
8.26E-05
0
0.004305353865
0
0.02249151923
0
0
9.42E-05
0
0
0.01629272744
0
0
0.0136893523
0
0.003628187267
0
0
0.02691389667
0
0
0.02841012011
0.01296033839
0
0
0.01664103382
0.02549274716
0
0
0.01696904054
0
0
0.05249871323
0
0.004799785754
0.01850371044
0.0189159114
0
0
0.01219855702
0.0149712888
0
0
0.03374715347
0.01500004831
0
0.02044034034
0
0.01332738619
0.001900522161
0
0.03592938599
0.02677019839
0.004763765089
0
0
0.01650579358
0.0202124027
0
0.06430696601
0
0
0.02224097027
0.008579785577
0.0008411968135
0.02855022188
0.008385353477
0
0.03935337525
0
0.0007550444423
0
0
0
0.03072257435
0
0.02726855877
0
0.01486201909
0
0.02742258463
0.01303043439
0.01380389497
0
0
0.02972054453
0
0.01334560969
0.02890739774
0.00315679964
0
0
0
0
0
0
0.002030182434
0.01812388356
0
0.08437235723
0
0
0.02615208823
0
0
0
0.02327768387
0.01454375635
0.03476620684
0.0209023175
0.01668377566
0.02076411038
0
0.0008941628229
0
0.01789193027
0
0.01555982666
0.003199365446
0.02845852338
0.02660517726
0
0
0.02365759835
0
0
0
0.009655044185
0
0.02265698674
0
0.02193091671
0
0
0.04076931653
0.02017310391
0
0
0.02528991068
0
0.01793497347
0.03964974713
0.04155478646
0
0.006315034675
0.02245157313
0
0.01777971497
0
0.01319375967
0
0.007302636433
0
0.00369976883
0.01179596148
0.03075095155
0
0.003331393783
0.01356927945
0.01430269489
0.003165482805
0.01442911659
0
0.008290207406
0
0.009548631561
0
0.03882205183
0
0.0006429366589
0
0
0.05251404716
0
0
0.004348657154
0
0
0.008261688321
0
0
0
0.01690085039
0.0344162293
0
0
0.001413741036
0
0
0
0.04485413192
0
0.01457504202
0.02643160576
0
0.01116920145
0
0.01541278484
0.001392365808
0
0.02621924984
0
0.03587998866
0.02279550498
0
0.04164331765
0.001893016033
0
0.0004910134547
0
0.005883431395
0.02404841963
0.003430152421
0.01046220609
0.05311401777
0
0.01709975662
0.02528215864
0
0
0.04064272867
0
0
0
0
0
0.01257608915
0
0
0
3.20E-02
0.03100981545
0
0
0
0
0.004068627089
0
0.008912946821
0
0
0
0.009695762821
0
0
0.0003638981537
0
0.01295693657
0
0.007939382492
0.01915036939
0
0.04449957507
0.01431059865
0.06593451224
0.003014062319
0
0
0.02063308746
0
0.0212070334
0.004922442299
0
0
0.0492461548
0
0
0.02965157235
0
0
0.02858728293
0.02031033903
0
0.00102809637
0.0007188452559
0.01507405341
0.01271442071
0.04413930365
0
0.04380028803
0.01630232781
0
0
0
0.0404063645
0.008295455743
0.009230248832
0
0
0.001850029698
0
0.04695075532
0
0
0
0.01061556243
0.0293244729
0
0.01534644705
0
0
0.01640825163
0
0.001597016483
0
0.009972878547
0.006713534284
0
0.05226262683
0
0.01289737745
0.01165016167
0
0
0.02587959778
0.01736517157
0.003979618582
0.02296033223
0
0.009553572043
0.04775850511
0
0
0.02779405345
0
0
0
0.01258090983
0
0
0.0002630740242
0
0
0
0.02668175411
0
0
0
0.01515025265
0.008837706568
0.01971228388
0.01589136572
0.03746320435
0
0
0.001250868371
0
0.01763045637
0
0
0
0.0001429919371
0.001634219339
0.01264447981
0.05082462994
0.0503045771
0
0
0.05318349969
0
0.03339621851
0.006545777185
0
0
0.02919473943
0
0
0.03085234624
0
0
0
0.003045479687
0
0
0
0
0
1.04E-03
0.00272713855
0.01466721971
0.005304053686
0
0.03947461706
0.007260388298
0
0.03329594467
0.001852749244
0.001180770884
0
0
0.004682568863
0
0
0.02124062767
0
0.01543553996
0.01129656698
0.008376630248
0.04835274795
0
0.0380773793
0.0606479277
0.00747058053
0
0.01120528098
0.01901196092
0.01129935431
0.01954594007
0.0007795898462
0.05005011957
0
0
0
0
0.006769507505
0
0.01218185416
0
0.006075373528
0.02013215028
0
0
0.02267781544
0.01179304692
0.00224950795
0.003144984776
0.03085736486
0.01855634913
0.0179639626
0.03781401506
0
0
0.02692928181
0
0.001417282214
0
0.01481604366
0
0.001320132367
0
0.008720301368
0.02001543631
0.02146614269
0
0
0.0119451409
0
0.0146281842
0.02217118569
0.004126927437
0
0.02289716999
0
0.01448438913
0
0.01962695407
0.03715537698
0.0006062307026
0.002427059739
0.01582192508
0
0
0
0.04093368138
0
0.01467571152
0.01831826658
0.009874515931
0
0.01584212315
0.02871281676
0
0
0.002745522973
0.04677472124
0
0.02953405222
0
0
0
0
0
0
0
0.01479008497
0
0.02226461532
0
0.04185939407
0.008093984745
0.003490371636
0.04131031989
0.02397739025
0
0
0
0
0.02818818837
0
0
0
0
0.04593089679
0
0
0
0.005637069984
0
0.01689502705
0
0
0.02126950962
0
0.0563018193
0
0
0
0.01784468536
0.02639988372
0
0
0
0.007662333446
0
0.001223334952
0.0119857248
0
0.01120521947
0
0.02671461901
0
0.06947388531
0.03400989589
0.001530641345
0
0
0.05448548667
0.02557901085
0.00696613349
0.007280143876
0.0298138887
0
0
0
0
0
0.01056304031
0
0.01319152987
0
0.01552893475
0.02065082551
0.03468992115
0.0005160073975
0
0.01655100178
0
0.04464937326
0
0.01285987358
0.02200694757
0.01695710308
0
0.007744309286
0.03191178813
0.01164160606
0
0.004663467479
0.006653901822
0
0
0
0
0
0.00285989553
0
0.02849986652
0
0.01137270933
0
0.004225626805
0
0.01072344668
0.02317995375
0
0.008598900023
0
0.02105348639
0.00E+00
0.0356949045
0.0180852011
0
0.0159816052
0
0.02661796464
2.15E-05
0.03557665152
0
0.01072802583
0
0.002685061956
0.01564725336
0.02538998018
0.01629918105
0
0.04463450476
0
0
0
0
0.02119974445
0
0.0220557359
0
0.0560046736
0.02394596426
0.01109475766
0
0.009198131833
0
0
0.007174594327
0
0
0
0
0.02523156333
0
0
0
0.03308379525
0
0
0
0.008799411054
0.004236588742
0
0
0
0
0
0
0.008289969267
0
0.02765361826
0.03217310719
0.007100369624
0
0.01819986426
0.02792623405
0.01909602288
0
0.03165673712
0
0.009880134092
0
0.04958281929
0
0.01771495296
0.0442542153
0
0
0.004202293834
0.00132870545
0
0.02364918656
0
0.02882875201
0
0
0.06510869527
0
0.008548474289
0.04257668917
0.01325492753
0
0.007553241989
0.01516618223
0
0.03701713631
0.03661102072
0.01542760152
0.00469940197
0
0.04050936073
0.009815237568
0.0150188752
0
0.004142456896
0.001085952056
0
0.008690795372
0
0
0
0
0.008525075714
0
0.0008274169416
0.03092583014
0
0
0
0
0.0298513152
0
0
0.009235270427
0.008169323142
0
0
0.008818161302
0
0
0.0008405922187
0
0
0.04616802437
0
0.006158837192
0.03002158934
0
0
0.0235725418
0
0
0.02367233891
0.04075722617
0
0
0
0
0.001738859907
0.003574560661
0.04098282168
0.02541017755
0.0003727411852
0.001230089039
0
0.01509955
0.0188942791
0.03103732357
0.02380177257
0.01224602963
0.02187190315
0.004849175293
0.01896520465
0.03959097113
0
0.002311243785
0.0036202973
0
0
0
0
0.01009688457
0.004493394554
0
0.06370157104
0
0.01450873351
0.00292192084
0.008568435755
0.04151469461
0
0
0.02499660496
0
0
0
0
0
0.001713287043
0.03051979555
0
0.01582401208
0
0.01686657927
0.04000022325
0.001469418617
0
0.02781921905
0.03340096091
0.02999741615
0.005501422166
0.03011045712
0.01518026852
0
0
0
0
0.02609858907
0.001447880667
0.001444306863
0.005702251468
0.01496629016
0
0
0.01459773206
0
0.02066464811
0.003010781764
0
0.01557145688
0.0237758349
0.03104176049
0.01142291865
0
0.01289179882
0.03312244956
0.01132549541
0
0
0
0
0.001293768398
0
0
0
0
0
0
0.02786272067
0.03577745151
0.05422592345
0
0.007657332349
0
0.01755997461
0.03253888969
0.03189545745
0
0
0
0
0
0
0.04569320408
0.02511779134
0.03372183748
0
0
0
0
0
0
0
0.02100538265
0
0
0
0
0
0.01664116328
0.02785263581
0.04604719784
0
0
0.01055210637
0.009359274817
0
0
0.01673132222
0
0.03331823292
0.02511527622
0.009748353829
0
0
0
0
0.04458294345
0
0
0.02525213171
0.01687187802
0
0.0004419673908
0
0
0
0
0
0.01643826873
0
0
0
0.02291254208
0.02654523295
0
0.01186376635
0
0.02422369096
4.76E-05
0.04044584513
0
0.00166371598
2.69E-02
0
0
0.03181070504
0.03198475567
0.009148667328
0
0.02918655006
0
0
0
0.00825833915
0.004600062473
0
0.02330666427
0.001940963604
0.02665861079
0
0
0
0.02457858425
0.007442863757
0
0
0
0.01133609148
0
0.01127430552
0.001363063765
0
0.01592958057
0
0.02020872604
0
0.04031728928
0.02958271473
0.002142109913
0.003297424882
0.02103867465
0.05867865587
0.0328737437
0.01113684472
0.01480815171
0.02972301504
0.005480418307
0
0.0393004396
0
0.01000145471
0.03644701191
0.01269770427
0.005758051756
0
0.01333002509
0
0
0
0
0.01053015032
0
0.0573027347
0
0.009284122613
0.004449277798
0.04212506257
0
0
0.02418248411
0.002380979484
0.001738569925
0.00363141148
0
0
0
0.01731895152
0
0.0001550728286
0
0.0008111504568
0
0.03407602279
0
0
0
0
0
0.06487996723
0
0
0
0.01014342239
0
0.03126234821
0.01360927891
0
0
0
0.02833968085
0
0
0.02009721924
0
0.01246371002
0.02731096248
0
0.0312092842
0
0
0
0
0.008949904172
0.02464031912
0.01005685893
0.01584888649
0.02644836268
0
0
0
0
0.02095684945
0.005185413666
0.01470336587
0.06815646195
0.03331749005
0
0
0.016580822
0
0
0.001234255956
0.003630028781
0
0
0
0.001038196808
0.005006716873
0.01097630108
0.007551698327
0.01422314969
0
0
0.03688292342
0
0
0.02896637126
0.06441859447
0
0.0007233784382
0.06639711779
0.01034470318
0
0
0.0450350118
0
0.0174866481
0.02484135417
0.005526797057
0.03255095513
0.009879124704
0
6.37E-03
0.01536827864
0.0104949099
0
0.02279523321
0
0
0.0108595918
0.006860897072
0
0.03278895552
0
0
0.00454407888
0
0.02485661456
0
0
0.004242454605
0.00862013037
0
0.01194273257
0.003526770254
0
0
0
0.04528619874
0
0
0
0
0
0
0.04867765788
0
0.00508890043
0.01603457485
0
0.0263690894
0
0.02035646737
0.009002210886
0
0
0.009411441849
0.02494092241
0
0
0
0.00969455827
0.01952962478
0.00E+00
0
0.001756996988
0.00153335274
0
0.03183279952
0
0
0
0
0.02699122591
0.01562672234
0
0
0.01171722441
0.002028224366
0.003075040009
0.02820457907
0.03147127821
0
0
0.008960565841
0
0.03707575213
0.02429057645
0.02700135588
0
0
0.02030479066
0.02138384717
0
0.000162372986
0.001438098282
0
0
0
0
0
0
0
0.02993156513
0
0.0007975016061
0.07075100152
0.02382130521
0.03707576948
0
0
0
0.009955210695
0
0.003138267778
0
0
0
0.03405193241
0.01380518307
0
0
0
0.0373650276
0.008276578424
0.005767471336
0
0
0
0.02741885089
0
0.03723329163
0
0.04878555691
0
0.00951260836
0.004578424118
0.006671668988
0
0
0.0205142322
0.04161970454
0.02504637739
0.008444004989
0.0302616439
0.02041346597
0.03142513375
0.008115870957
0
0.01269277399
0.01588251943
0.03397146807
0
0
0
0
0.0182022436
0.000394360056
0.04141590323
0
0.007683227817
0
0
0
0
0.02953722607
0
0
0.0460093191
0.008823469399
0
0.01310380649
0
0.008060468411
0
0.0140539312
0
0
0
0.0116848617
0.0277723382
0.01310295002
0.00E+00
0
0
0.004147221638
0.03282586411
0
0.06115510905
0
0
0.006598855631
0.008533813333
0.01156522444
0.0152466069
0.00193786962
0
0
0
0
0
0.02300243877
0.001034656068
0.01637941458
0
0.03042949044
0.0120340437
0.01757731729
0.02274101684
0.02938405092
0
0
0
0
0
0
0.04970306038
0.01120204417
0
0.01381109851
0
0
0
0.02443863789
0.0297727759
0.01231126992
0.07383964583
0
0
0.003734044387
0.0019333211
0
0.006106010286
0.0002229642369
0.05685356594
0.01401895225
0
0
0
0.02210364106
0.001924875598
0.01922969971
0.05876827167
0.001032225251
0.005946272806
0
0.003353797573
0
0.02134544333
0
0
0.04105484005
0
0.003596330611
0.007856716589
0
0
0
0.03216674983
0.01997336803
0.04346069005
0.004497107557
0
0.006745053815
0.02344691489
0
0
0
0
0.0232964114
0
0.01052341146
0.01105164873
0.002598041246
0
0
0
0.01162727585
0.01196834863
0
0
0.00409758885
0.04250118249
0
0.001219202354
0.03078905631
0
0
0
0.007596364474
0
0.009563737111
0
0.01641654094
0
0.01604576453
0.0009099863695
0.03231384711
0
0.02370310495
0.008548780234
0
0.01883041535
0
0
0.03310181718
0
0.00E+00
0
0.02843453145
0.05588007057
0.02332729243
0.002557046473
0.04010689796
0.006705790292
0.03819458828
0
0
0
0
0.005471419429
0.001890808733
0.04195541595
0
0
0.04084427326
0.001082773648
0
0.06691585161
0.02812735954
0.02204129332
0
0.03362777427
0
0.0253934935
0
0
0
0
0.01289167725
0
0
0
0
0
0
0.02224073633
0
0
0.009782014172
0
0
0.001161158797
0.02966725023
0
0
0
0.01470807277
0
0.002129472682
0
0
0.001172437023
0
0
0
0
0.02219167853
0.0237437344
0
0
0.05659474832
0
0.05228649925
0.0295158661
0.00917237513
0.04260564355
0
0
0
0.003727689598
0
0.02571900528
0
0
0
0
0.03243119974
0.02102337152
0
0.01436077285
0.01477246145
0
0.004304872649
0
0
0.005851812391
0.02885802555
0.03857125116
0.02207459413
0.06071932961
0.08319504578
0
0
0.0380806783
0
0
0.03830331242
0
0
0
0
0.01980258588
0
0.007221507456
0
0.01850967791
0
0
0
0.01018145149
0.006540959569
0
0.0228408027
0
0.009048402199
0
0
0.03143448468
0
0
0.00300917244
0.008312013328
0
0.01176194936
0.01188506423
0.05220096724
0
0.007608723348
0.01025103603
0.01058197281
0
0
0
0.01314606153
0
0
0
0
0
0.01244300737
0
0
0.01632237588
0.04549190716
0
0
0
0.02126503034
0
0
0.02514803384
0.02647033456
0.0009448268091
0
0
0.00897841057
0.005015338312
0.02417114925
0.01919071347
0.005495930762
0
0.02241669288
0.01068651454
0.01029141097
0.02737840381
0.02004444714
0.01992770707
0
0.006298967364
0.01956668239
0
0
0
0
0.006712024819
0.008352359194
0
0.04923275277
0
0.01624380979
0
0.01825458933
0.004357269831
0.0252806039
0
0
0
0
0.008087161695
0
0.006420741058
0
0.008636529993
1.87E-05
0.01841738948
0
0
0.01205825561
0
0
0
0
0
0
0.008092402576
0.01874020427
0
0
0
0
0
0
0.02786901996
0.02036699458
0
0.01796622543
0.01154739696
0.01525570757
0
0.0443898086
0
0
0.009288860037
0.04546232661
0
0.0412018649
0.001597172887
0.001214751768
0.01564469532
0.0005435765693
0.04123053008
0.0009523069467
0
0.021115114
0.01877936472
0.03185639956
0
0.03053326171
0.0239566208
0.04295853968
0.02012247098
0
0.02404343459
0
0
0.009908142757
0
0
0
0
0
0.02281357989
0.001840147178
0.01068997972
0
0
0.00566931319
0
0.008339012453
0
0
0
0
0.03335579435
0
0
0.002657135617
0.03005566609
0.02321999249
0.005475504099
0.02660297797
0
0.05372880925
0.03029468799
0
0
0.03853071868
0
0.02592004769
0.007363270252
0
0.01801949224
0
0.01251436902
0
0.01192544551
0.003632674792
0.0278893023
0
0.01679814297
0
0
0
0
0
0.04335266403
0
0.04652297781
0
0.009856713811
0.05534482156
0
0.01230279169
0.01549499457
0
0
0.008716983092
0.01032273681
0
0
0.02658427896
0.0001818869521
0.03485994689
0.01140754134
0.02585777231
0
0.004856318476
0
0.02050756327
0.007242608159
0.0135590049
0
0.04867022944
0
0.007536547564
0.0065379094
0.001689475085
0.001414238636
0
0.005885339777
0
0
0.009012143027
0
0.02963861407
0
0
0
0
0.002757880927
0
0.04177726665
0
0.03239612088
0.01877290258
0.000909455359
0.02869420825
0.01474837946
0.01134081297
0.04952281866
0.007189504475
0
0
0.01701136179
0.04259861923
0
0
0.01017982609
0.01209636586
0.01829210858
0
0
0
0
0
0
0.01861619555
0.02271939132
0.001051802688
0
0.03139314146
0
0
0.02112824571
0.02240650264
0.02564761071
0
0
0
0
0.003327793097
0.0100377698
0
0
0
0
0.0003559696614
0
0
0
0
0.02656236044
0
0.01305815418
0
0.02516026189
0.04054693936
0
0.04475433875
0.02388439461
0.006630528957
0.01752877716
0
0.05925050769
0
0
0
0.01376372088
0.05463874313
0.06924252255
0.001847002302
0
0
0
0.01235816233
0.009525224826
0
0
0.03599380794
0
0.01234287096
0
0
0
0.00306265979
0
0
0
0.01826426316
0
0.004602574478
0.01552709183
0.03369132036
0.004310629456
0
0
0.0515978121
0
0.03209518137
0
0
0
0
0
0
0.01181853256
0.01827739716
0
0.006365290901
0.02973545538
0.008773452266
0
0
0.02630762569
0
0
0
0
0.04344913643
0
0
0.02496340079
0
0
0
0.0121136277
0.03694994525
0.01050954521
0
0
0.01551964202
0.02255212793
0.02802604283
0.02444141141
0.05625226653
0
0.0280264398
0
0.004514163707
0
0.0109477669
0
0
0.003527999103
0
0
0.02051691617
0
0.02393059879
0
0
0.01330474384
0
0
0.01498940985
0
0
0.003487840133
0.002577258091
0.02661913805
0.05761902387
0
0.0397607188
0
0.01252513824
0
0.02586039592
0.002995174722
0.002693171728
0
0
0.0124190303
0.01902993317
0.0238352301
0.02824862475
0
0
0.03703219704
0.03841890929
0.03996725684
0
0.02208753197
0
0.0368352283
0
0
0
0
0.006537572501
0
0
0
0.006731510821
0
0
0.0432595117
0
0
0.009118368409
0.02712141574
0
0
0
0
0
0.005644206039
0.00385860498
0
0.0194118403
0
0.009815374464
0
0.005500166591
0.04571184584
0.01778233476
0
0
0.001681047616
0
0
0
0.03063052251
0
0
0
0.02232007364
0.03439728802
0
0.03534076616
0.01056742935
0.009230637622
0
0.01069224297
0.04990923237
0.009908342064
0.006298285401
0.04327582166
0.02476476172
0.01211217477
0.03289004613
0.0443665945
0
0.01356721591
0.0007405230991
0.004328312723
0.02400793486
0
0.00157400577
0
0.003623310125
0.0160826816
0.003958945152
0
0.02446480179
0
0
0
0.03862104345
0
0
0.01664732541
0
0
0
0
0.008170893612
0.04985018658
0.02035029227
0
0
0
0
0
0.04740983318
0
0.005265322308
0.02960403207
0
0
0.005669182225
0
0.0149195159
0
0
0
0
0.006087524812
0.009339548734
0
0
0
0
0.04938595396
0.003569091324
0.002975908534
0
0
0
0.009552945393
0
0
0.0354523967
0
0.04120972466
0
0
0.03696471941
0
0
0.0203069469
0
0
0
0
0
0
0.001048874095
0
0.001133731691
0
0.02289415083
0.004467928445
0
0
0
0
0
0
0.001040455986
0.01230754291
0.01218056907
0
0.03351239467
0.04141049682
0.006279489407
0
0.03394473243
0
0.02769944097
0
0.01726258721
0
0
0
0.0376490682
0.04570518985
0
0.03315093319
0
0.001031831539
0.0032783226
0.02052185675
0
0
0.01357902076
0.01842946965
0.009652349687
0.03191923572
0
0.01572007526
0.03929832471
0
0.01253285704
0.02780484486
0
0
0.04498782735
0.006369420318
0.01662587497
0
0
0.03573244164
0
0.01363128943
0.01763163742
0
0
0
0
0
0.0009720855076
0.01877958258
0.02242334509
0.02335522183
0.02075783576
0
0.03417530796
0
0
0.02433188526
0
0.002014233514
0.01316509909
0
0
0
0
0
0
0
0.003728793874
0.02568550946
0
0.03769904015
0.03140696356
0
0.060763884
0
0
0
0.01300813857
0
0.05184729077
0
0.01520150859
0.01640850517
0
0.001786483349
0.0006846097186
0.0130853787
0
0.0415439942
0.01635418364
0.01436840589
0.02855284729
0
0
0
0
2.59E-03
0.02842392435
0
0
0
0
0.01578095264
0.003536291771
0.01696677982
0.02169631998
0.001483552984
0
0
0.0206957631
0
0.05125327274
0.01062171567
0.006962977076
0.00E+00
0
0
0
0
0
0
0.001453155691
0.02225701504
0.00419240713
0.04096957266
0
0.0162264526
0
0
0.012290273
0
0.0001344244499
0.0176535801
0.003619852759
0.01788231466
0
0
0
0.02034966254
0
0
0
0.000363388078
0.01032588025
0.0002513432815
0
0
0.02232550103
0
0.02456895788
0.02038543439
0.008293075415
0.01098585674
0.05310665085
0
0
0.0339084091
0.04549779463
0.003625128501
0
0
0.01543289135
0.02881463905
0
0
0
0
0.03710758497
0.03024270895
0.05357345174
0
0
0.03912785318
0.01218484903
0.005607678108
0
0.01246080938
0.02615677805
0.003212492467
0.004171149278
0
0
0.05274060337
0.0433798574
0.005891161662
0.01900914025
0.01505855582
0
0.01367185055
0
0.02413876533
0
0
0.008172272768
0
0.0192478056
0
0
0
0.01667051185
0.01517260425
0.01226430336
0.002547866422
0
0
0.009259773386
0.03902186359
0
0.01886655133
0
0
0
0
0.01000646324
0
0.007033980878
0.02547904892
0
0
0.03213699452
0.01311571974
0.02161431402
0
0.01715643535
0
0.009229323589
0
0.01421949297
0.02097682299
0.002859476817
0
0.02297525569
0
0
0.02309698906
0
0.00592144294
0
0.007733043877
0.003464998822
0
0.02239005899
0
0.01561014625
0
0
0.03821294812
0.0425492262
0.01924282833
0.003197094794
0
0.00443770884
0.009705173375
0
0.006197996776
0.02987354049
0
0.01132810416
0
0
0.05493515398
0.04359526255
1.99E-02
0.02281729237
0.003241594394
0.005471179721
0.01292606911
0.02093793077
0
0
0
0.00969060922
0
0
0.02795421217
5.36E-03
0
0.01146402461
0
0.05010134515
0
0
0.003573832956
0
0.00636096103
0
0.007314432519
0
0.02238235871
0
0
0
0
0.002235418985
0.01070294258
0.01054600701
0.008068845522
0
0.03499194375
0
0.01042055221
0.001492356937
0.02531409891
0
0
0
0
0.003563865516
0.03390281807
0.02465306911
0.03833349926
0.03346921074
0
0
0.01286007303
0
0
0
0.006775401553
0
0
0.01364273988
0
0
0
0.02776467545
0.06229884202
0
0.02485638591
0.008470299562
0
0.0582924696
0.01442662047
0
0
0.03818218966
0.01278472459
0
0.01193507275
0
0
0
0.01655222858
0
0.01067804477
0.01103327294
0
0
0.001449215757
0
0
0.01180955523
0
0.01065014761
0.01835040283
0.00E+00
0.001632249022
0
0.02179994367
0
0
0
0
0.01776510515
0
0.03378210301
0
0.03010595955
0.01351586419
0.05090865451
0
0.0286744091
0.05426063771
0.00254164787
0.003605986642
0
0.01283653114
0.01129076322
0
0
0
0
0.04164452378
0.03582102771
0
0.01210288543
0
0.006703906645
0.01119618839
0
0
0
0
0
0
0.02957123608
0
0
0.02412223679
0.03877833144
0.01849633636
0.01529502933
0.02488086183
0.002822356726
0
0
0
0.00940974719
0.04437537493
0
0.006087833205
0
0
0.002532229642
0.01733462444
0
0
0
0.0176111427
0
0
0.01841651035
0
0.0279011997
0
0.0393371552
0.006108431806
0
0.0198263881
0.01023494418
0
0.06251100852
0
0
0
0.05235182442
0
0
0
0.02005841388
0
0
0
0.00E+00
0
0
0.01775628216
0.03599601784
0.02703239764
0.017748791
0
0.005622624263
0
0
0.01766093597
0.008683940089
0.02354348294
0
0.004942389882
0
0.0242593375
0.01643067508
0.008235200925
0.01654746766
0
0.01463672049
0.03546854299
0.02204470362
0
0
0
0.05073553537
0.009389924806
0
0
0
0
0
0
0.00158882153
0.01309818158
0
0
0
0
0
0
0
4.28E-02
0
0
0.01525850897
0.009119447399
0.001291061384
0
0.03457776687
0.02557594924
0
0
0.04818115766
0.04998803432
0.0198841517
0.005916305783
0.0601885458
0.02178077383
0.006282668279
0
0.03670150828
0
0
0.02394589304
0
0.03182113346
0
0.01756702858
0
0
0.006731101885
0.01551107523
0
0
0
0.004779972369
0
0.07037526467
0
0
0.01945005598
0
0
0
0
0.003871412047
0.05013522186
0
0.01828016369
0
0
0.003784009572
0.007332169052
0.0458108183
0
0
0
0
0
0.01301946007
0
0.01117135056
0.0305017927
0.02661376726
0
0.006029574753
0.02294330812
0.004062703465
0
0
0
0
0.02004084312
0
0.0034507293
0.006059060424
0
0.01551707728
0
0.0329036992
0
0.009858302521
0
0.03310081129
0.002083065356
0.02174858087
0.0292422301
0
0
0
0.0005428308757
0
0.0003281539212
0
0
0.001992263892
0
0
0.0002892937655
0
0
0.0186290595
0
0
0
0.01733447323
0.03170487357
0.02063515518
0
0
0
0.04030742181
0.02162965903
0.04764975999
0.0396371697
0.009166368755
0.05540405912
0
0.01937289723
0
0.02384533935
0.04520454849
0
0.04845460624
0
0
0.001820695027
0.01842782107
0.04327742023
0
0
0.002581807545
0
0
0
0
0.007056674001
0
0
0.03761493346
0.01244081153
0
0.02600791618
0.0166046956
0.03628907701
0
0.0206102989
0
0.05873100874
0.006043374913
0
0
0.03133816152
0
0
0
0
0
0.00765415363
0
0
0.007343789443
0.003702006253
0.00E+00
0.002104656631
0
0.01984276231
0.00381010563
0.00E+00
0.02189150714
0
0
0
0
0
0
0.003432879835
0
0.03226722898
0.04855272908
0.00373468782
0.00E+00
0
0.01600459914
0.0182388244
0.04034409497
0.01010334533
0
0
0
0
0
0
0
0.002824949412
0.002853301927
0
0.01485886157
0.002161872419
0
0.03704033517
0
0
0.01006068552
0.05641609843
0
0
0
0
0
0
0.005514513362
0.0165055245
0.009516499889
0
0.04648263134
0.04252183546
0
0
0
0.02413587228
0
0
0
0
0.01078884182
0.04059892936
0
0
0.009003247727
0.02931273853
0.02805149203
0
0.002427630496
0
0.0490136755
0.07631080114
0.0310559723
0.05347709109
0
0
0
0
0.01324876119
0.01062530708
0
0
0
0.07951594711
0
0
0.01426052277
0.001002698937
0
0
0
0
0
0
0
0.02442645847
0.004009093524
0.03616545804
0.003096488382
0.01635374213
0
0
0.005479271002
0
0.03614780925
0
0.003152835848
0
0
0.004488232096
0.01128392318
0
0
0
0.05026103268
0
0
0
0.007545845558
0.01566992708
0.03412382734
0.02820941706
0
0
0
0
0
0
0
0
0.02299254392
0
0.02709642771
0
0
0
0
0
0.002536005469
0
0
0.02012921322
0
0.01460299031
0
0.01488005873
0
0.01095915348
0.03988463828
0
0.03402153862
0.05305975787
0
0
0
0.05191625494
0.03705299078
0
0
0
0
0
0
0
0
0.005113631279
0
0.02173083615
0
0.008271863177
0.02466107629
0.0430048755
0
0.007816602104
0.01028506656
0.004304083469
0.04756594359
0
0.03665236915
0.007295498702
0
0
0.01647286683
0.05146580229
0.01919532556
0
0.006166359474
0.02856401095
0
0.02647018926
0
0
0
0.04046674104
0
0.03946970026
0.0001908309084
0.008413357689
0
0.006513351716
0
0
0.01427989977
0.006702410829
0
0
0
0
0.05647969307
0.02046617107
0.004171944851
0.007543645217
0
0.01575157427
0
0.02165926471
0.002612417252
0
0.01365304702
0.01033935455
0
0.03711862209
0
0.006578462196
0
0
0
0.02625603185
0
0
0.004018271454
0.02946677636
0.003210750135
0
0
0
0.0215660619
0.01259445832
0
0
0.0285649368
0.008332238615
0
0
0.002427435896
0
0.005401940147
0.009394389919
0
0
0
0
0
0.03537322427
0.03067371334
0
0.03384834477
0.01043032218
0.04810559844
0.03019207621
0
0
0.0600975321
0.03022328025
0.0136324822
0
0
0.009339089393
0.00E+00
0.04411929903
0
0
0
0
0.009749068636
0
0.02679949473
0.002011526246
0
0.01659374629
0.05374042041
0.01226402379
0
0
0
0.000108670999
0.01601126991
0.03154906379
0
0.01313492374
0.008061752718
0.009949730146
0.0268868081
0
0.028176743
0
0.002202970298
0
0.009693570482
0.01317263613
0.01717967165
0.007371730425
0.01861997644
0
0
0
0
0
0.02356245804
0.01510825584
0
0
0.01623706317
0.001808624899
0
0.03967724114
0.02196398235
0.01146935529
0.01996032393
0.02308818164
0
0
0
0.0135541878
0
0
0.01056808877
0.01352580835
0.02509152139
0
0
0
0
0
0
0.01475310028
0
0.05159171458
0.04645811104
0
0.01149214399
2.18E-02
0.03329378199
0
0
0.006377320463
0.04144489745
0
0
0
0
0.01317335169
0
0.01192812193
0
0
0
0.02396144978
0
0.01941566716
0.00249807192
0.03749346614
0.005392159135
0.03863304848
0.04261407625
0.006015811377
0
0.00967221427
0.006207255468
0
0.0177762337
0.003575920234
0
0
0.03322685466
0.01626051364
0.04167028359
0
0.03641254328
0.009312535218
0
0
0
0
0.02928469587
0.03033367632
0.02252345601
0.005785025761
0
0.03747661455
0
0.006001346534
0.02934070384
0.03525290111
0
0.01090831716
0
0
0
0.00714993599
0.008473268129
0
0.001183286144
0
0
0
0
0
0.01843982334
0.01098544788
0
0.01362335234
0
0
0
0
0.02738685408
0.01194162288
0.001498311588
0
0
0.02726776658
0.0004965398051
0.003427403432
0.004189293819
0.04133241599
0.04465577544
0.006300369257
0.03446291341
0.03052201377
0.02443877647
0.02979553741
0.02607029959
0
0.05370824392
0
0
0
0.0002108393232
0
0.04825464515
0.0340309918
0
0.04218265317
0
0
0
0.01647308083
0.0203652895
0.02335135606
0.01141496693
0
0
0
0.03023478492
0
0
0.003625670506
0
0
0
0
0.00E+00
0.01362225423
0.009898862755
0.005618025739
0
0.00185314024
0.04402827941
0
0
0.01691891739
0.003061964653
0
0
0
0.007460544143
0
0.003573276201
0
0
0.005913117525
0
0
0.06167702436
0
0
0
0.005092794993
0
0
0.02916318674
0
0
0.001590420364
0.01682603017
0.007590989673
0
0
0.01384725124
0.007425577528
0
0
0.007776304299
0
0
0
0.04159835865
0.01978707108
0.01906056639
0
0.0553360715
0.03287989989
0.02500154391
0
0
0
0
0.01385466641
0
0
0
0.02826301777
0
0
0.01412821093
0.01260830466
0.01889275051
0
0.004470113425
0
0.03726669068
0.02980403575
0.01646491342
0.03225800779
0.03776346945
0
0.03385499209
0
0.02362160889
0.0535815076
0
0
0
2.33E-02
0
0
0.005541395087
0
0.006491261086
0
0
0.02177590315
0
0.01182212262
0
0
0.006899878212
0
0.0140454611
0.01633496214
0
0.02577286996
0
0.01149748817
0.03644078905
0
0.006376997702
0.009630916581
0.02318631846
0
0.01239483488
0.001753649323
0
0
0
0
0
0
0.005895611154
0.01077055344
0.011993937
0
0
0
0
0
0.003849172816
0
0
0
0.008217143264
0.03707345655
0
0.003103657418
0.001399809557
0.007477782563
0
0.04625014631
0.04351222236
0.05836151818
0.02462824803
0
0.01774877997
0.01792431197
0.005372306389
0.008459285045
0.005039700473
0
0
0.001748652936
0
0.03315659441
0
0
0.01745138756
0.0005686130462
0.04919704809
0.004386582907
0
0.0001310917037
0
0.02491876272
0.01639409856
0.04962816078
0
0.01478065526
0
0.02464617765
0
0
0.03564446819
0
0.0330179789
0
0.06306601848
0
0
0
0
0
0
0
0.0545672734
0.03236052936
0
0
0.05293872795
0
0.01685175991
0
0
0.008592100061
0
0
0
0
0
0
0
0.01987250169
0
0.01036310028
0
0
0
0.02443857278
0
0
0
0.005207307853
0
0.03198623699
0.03223901477
0
0.006430624368
0
0
0
0
0
0.003514820867
0
0.02021149884
0
0.04040220959
0
0.01345446888
0.02864608278
0.01450146281
0.02324937855
0
0
0.03174729716
0.02879980184
0
0.01822462822
0
0.02923118207
0.01246834056
0
0
0
0.02414181804
0
0.004192926807
0.03934651018
0.03685354539
0
0
0.02225342152
0
0.009231215729
0
0.00E+00
0
0.01910797793
0
0
0.01569498085
0.006782361446
0
0
0
0.002264333095
0.01019852234
0
0
0
0.002802576609
0.02793972521
0.002275814032
0
0.03439314749
0.01733302702
0
0.006570569109
0
0
0
0
0
0
0
0
0.03489955588
0
0
0
0.03253666095
0
0
0
0.04186876504
0.04588369241
0
0.02538835122
0
0.008541865391
0
0
0
0
0.04415049012
0
0
0
0.02267982503
0.008550968398
0.03314805725
0.006718634855
0.01368754896
0
0
0
0.04376307867
0
0.03680189617
0.02881883152
0
0.02231761958
0.02333858948
0.03138133325
0
0.00E+00
0
0.002880155959
0.01606841658
0
0.03413676996
0.004306093756
0.02136774707
0
0
0
0.01381199235
0
0.02683467406
0.008884060625
0.002078510081
0.01085561207
0.02121443509
0
0.01264270681
0.02962512882
0.01848290074
0
0
0.03239228638
0.003094487214
0
0
0.01049386727
0
0.03207756952
0.04268599137
0
0
0.03792168496
0.009891430209
0
0
0
0
0
0.03016843472
0.006442781857
0.02002000757
0.01371709249
0.04015881952
0.007473537454
0
0.03234085947
0
0.03576659511
0
0.003765140296
0.009422489743
0
0
0.01116367236
0.03612066403
0
0.00684189432
0.00E+00
0.02710743142
0
0
0.02583769433
0
0.01892935957
0.01562647504
0.01203152507
0.008265503969
0.02246814908
0.01294692672
0
0.02295882876
0
0.01538619428
0
0
0
0.01775080149
0
0.00E+00
0
0.01917455052
0.02281824878
0
7.86E-03
0.005138379098
0.02422026028
0
0
0
0.007343402653
0
0.02007928874
0
0.004220171866
0.02142824553
0.02482897337
0
0.0348312427
0
0
0
0
0
0
0.02825298752
0.001159013129
0.02299166757
0
0.01667699579
0
0
0
0.01022046719
0
0.02002482936
0
0.001654147046
0
0.03480332903
0
0.04283269482
0.01941772626
0.01027632035
0
0.03169671312
0
0.02330172568
0
0.02093721366
0.02557554959
0.004894631222
0.01829907758
0
0.006338880025
0.01599688721
0.007931341965
0.0006474298909
0.001083134451
0
0
0.03057349129
0
0
0.03072565778
0.05172225511
0.01380500075
0.01428226198
0.01639337864
0.04340459387
0
0.0009475568137
0.009174638489
0
0.02458726073
0
0
0.03162246236
0
0
0
0.01015839238
0
0
0
0
0
0
0
0
0.03110567435
0.03882564919
0.008093053235
0.01301846909
0
0
0.03975182108
0.00E+00
0.02003569303
0
0
0
0.007512334169
0
0
0.03175822664
0
0.01905838013
0
0
0.04016360934
0
0
0.00348032335
0.02525454143
0
0
0.01868529693
0.02953758764
0
0
0.02518491356
0
0.02024755654
0.01991682175
0
0
0.03526135242
0.003915922399
0.0206200914
0.01599570652
0
0
0.04716037448
0
0
0.01310358234
0.03574876672
0.0001435254321
0
0.01111440238
0
0.008341907257
0.008916505068
0
0.006590577769
0
0
0
0.03335531298
0.04790356098
0.0215124725
0
0
0.0116271314
0
0.03550956596
0.004329657351
0.0248673818
0.008398509502
0
0
0
0
0.01952321442
0.05077392327
0.00E+00
0.02704151382
0.02125348351
0.006642699349
0
0.01339046126
0.002398154975
0
0
0
0.003782619596
0
0
0
0.002793599538
0
0
0.005952061705
0
0
0
0.008538587723
0.02763935688
0
0.01230647222
0
0
0
0
0
0.01171659573
0.006015002991
0
0.01134032609
0.004063677268
0.05631432131
0
0.04847808486
0
0.008380832119
0
0.01454468738
0
0.01165487075
0.02657062954
0.01534716763
0.002548892793
0.03437544915
0
0
0.02242804908
0
0
0.03699704634
0
0.01744065391
0
0.0362974018
0.001307715354
0.004254914447
0.006389005173
0
0.01915716121
0.02651737741
0.01370080266
0.02424785506
0.01051768035
0.002067228597
0.03056644513
0
0
0.03634155702
0.03094107273
0.02126037388
0.01553931957
0
0.0289614684
0
0.006266710602
0
0.02312192276
0
0.00170588053
0.02063999431
0
0
0
0.03684056322
0
0
0.04394105582
0.009532785229
0.03334211883
0.03110184914
0.00993392714
0.007137805494
0.01982341278
0
0.02648555072
0.02521736083
0.004009236399
0
0.02883390653
0.009447693983
0
0.008944169135
0.0137624657
0
0
0
0.002225612181
0.02417944843
0
0
0.005245974651
0.003363752309
0.009680647014
0
0.01308177238
0
0
0.00604555904
0.009986835116
0
0
0
0
0.01993304714
0.02458403113
0.003932210128
0
0
0.001609608042
0
0.0241098574
0.04416128415
0
0.02307893986
0
0.002168463747
0
0.02145462266
8.20E-03
0
0.03565094665
0
0.008874161054
0.02363493065
0
0
0.02424057632
0
0.01988646431
0.02819347311
0.01490103398
0
0.006404344692
0.0114077692
0.005091308477
0.02210072927
0
0
0.01807192963
0.02328819276
0.01686005741
0
0
0
0
0
0.009892456624
0.01831056252
0
0.01874333126
0.0218177826
0.006990586775
0.02028731523
0.02044397002
0.001689955153
0.0344447021
0.005028629567
0.008954085563
0
0.004427503125
0.007769724119
0
0
0.03193988253
0
0.01210105839
0
0
0
0
0
0.01424340442
0.006954495823
0.0887966441
0.01298629907
0
0.01562693879
0
0.03564188649
0
0
0
0.01398794266
0.02288927656
0
0
0
0
0
0.02987035641
0
0
0
0
0.01642978255
0.002011586478
0.02719366494
0.00443236264
0.02389639568
0
0
0.0517028339
0
0.006683394092
0.0002984616736
0.003807767087
0
0
0.03473177106
0.003573879943
0
0
0.07131611304
0
0.008358073613
0.02427029963
0.02680697512
0.006363312425
0
0
0
0
0.04271721618
0
0.05546232684
0
0
0.005102436409
0.03824765751
0
0.02048986815
0
0
0
0.02607671995
0.04539359084
0
0
0
0
0
0
0
0
0
0
0.02281521286
0
0
0.002760279192
3.78E-05
0.01809682545
0
0.01447534373
0
0.005585827153
0.03309222877
0
0
0
0.03641735834
0.005439684298
0.04240578465
0
0.007026236317
0.02548372691
0
0
0
0
0.01775150192
0.0188819652
0.004811632125
0
0.01714539928
0.0179930119
0
0.0002506388986
0
0.01385648917
0.02319526425
0
0.03000369452
0
0.0001763856644
0
0.009224881729
0.02673077469
0.003211139318
0.00446164807
0.01715549194
0.05932536863
0.03648242681
0
0
0.04346965621
0
0.02281718446
0.007259213506
0
0.01691154419
0
0.003132547268
0.004225520997
0.0232873204
0.01315748977
0.03942822918
0
0.02051695471
0
0
0
0
0
0.0174503393
0
0.02960245393
0
0.01067999934
0.02719417775
0
0.01771546376
0
0.007079266214
0
0.0003512011473
0.01496807475
0.01411580408
0
1.82E-02
0
0.01804680161
0
0.01005854556
0
0
0
0.006181817418
0.01359632565
0.03138059002
0.00E+00
0.04662470381
0
0
0.01257542591
0.01025213142
0.0212399462
0
0.01632173738
0
0
0
0
0.02931504797
0.01494772664
0
0
0
0.007193323009
0
0.03052757081
0
0.008187786229
0.03039309186
0.008481703585
0.03242432901
0
0.01461152183
0.004645878621
0
0.01256288016
0
0
0.0006711901833
0.009469220613
0.05056758307
0.02210137777
0
0.03400775664
0.02328674795
0
0.002030122104
0
0.01751162248
0.03568345987
0
0
0.01330470371
0.003082853217
0
0.01648218621
0.01850890582
0
0.007263712944
0.02639439532
0.00E+00
0
0
0.0240019175
0.01613783613
0
0
0.004730544391
0
0.001358721378
0
0.05774850916
0
0
0.05903225864
0.01118111625
0.006839647003
0.003859608629
0.007140809888
0
0.04308723435
0
0
0
0
0.01191470657
0
0.01756944229
0.01926760576
0
0.01532332009
0
0.02050486955
0.01690518183
0.007814373462
0
0.004802166125
0
0
0
0
0
0
0
0.02176369748
0.03529350636
0.01180938709
0
0.011328251
0.03570046018
0.01567448728
0
0
0.05010983976
0
0.03423073678
0
0
0
0
0.006792324131
0.0471523873
0
0
0
0
0
0.0445589164
0.02418001873
0
0
0
0
0
0
0
0.05150230061
0.01770120391
0.0190334519
0.01718230775
0.01705508677
0.01803088812
0.01688769058
0.01772915124
0.02852427878
0.03473949791
0
0.001633607884
0.02606546011
0.03898977643
0
0
0.0005016732327
0
0
0
0
0
0.01169645236
0.002325493663
0.01318255381
0.01664231674
0
0.004880324196
0
0
0.05281555781
0
0.00537999868
0.01306663421
0.008098103923
0.00430220147
0
0.04919702927
0.01980838018
0
0
0.04928804529
0
0
0.021525931
0.02864940012
0.003098580717
0
0.00E+00
0
0
0
0
0.02945379687
0.0006290226907
0
0
0.01405240082
0
0.02767397464
0
0
0
0
0.00227103297
0.01703093789
0
0.01548217226
0
0.03218451247
0
0.03734394692
0.02689750172
0.01196741326
0.008196445218
0.000459551682
0.01353678039
0
0
0
0.00065663915
0
0.01042842788
0.007359875413
0
0.0109488885
0
0
0.001670924152
0.03979131003
0.04943173749
0.004174282685
0
0.02272347268
0.00610157354