0.06999487458
0
0
0
0.03104624866
0
0.02886186914
0.02012550832
0.002819188856
0.02904893669
0
0.02287950723
0
0
0.00556278783
0.02000062373
0.05757750771
0.01164106815
0
0.005665958551
0.01919361197
0.007466260246
0
0.04025658163
0
0
0.005813936838
0.005613884733
0.0008193622637
0
0.003478297094
0
0.0127433244
0.02458565724
0
0
0.002989318356
0
0
0.04908565685
0
0.03432706349
0.01499763631
0
0
0.01931510248
0
0
0
0
0.01768961276
0
0.005679974932
0.001086584855
0
0
0
0.03463515526
0
0
0
0
0
0
0.02337445368
0
0
0
0
0
0
0.07291288366
0
0
0
0
0
0
0
0.01371204279
0.03637394343
0.02803176113
0.00446534182
0.01148003392
0.001347254981
0
0.01411162158
0.02913174256
0
0
0.02593977671
0.01019758781
0.05689310486
0.03301152223
0
0.01958618046
0
0
0
0.01442964722
0.03859341656
0
0
0.03223910097
0.01824138608
0.01345395894
0
0
0.0345368273
0.04183118637
0
0
0
0
0.0483001523
0.003202538725
0.0181971565
0
0.01271218565
0.03678836052
0
0.03879368132
0
0.009008327814
0.05381660461
0.009389603547
0
0.0001319883479
0.0321104546
0
0.01103803965
0
0
0
0
0.004145945177
0
0.03172276192
0.000691670137
0
0
0.01654742593
0
0
0.009187334605
0
0
0.02563853154
0.01527495975
0
0.056689626
0.01075577702
0
0
0.00710050682
0.005680482045
0
0
0.008753249958
0
0.0107299688
0
0.02901806252
0
0
0
0.007888442906
0
0
0
0.01151043521
0.04890300473
0.007869448612
0
0.00E+00
0.01917629896
0.01185920189
0.02455212119
0
0
0.004053157905
0.02325378617
0
0
0.02245018993
0.02943739042
0
0
0
0
0
0.001926560053
0
0
0.0222687413
0.008462098985
0.02546993454
0.04659791518
0
0
0.03150969554
0
0
0.009895099628
0.01470213293
0
0.007812703407
0
0.02959647402
0
0
0.01143055867
0.01498003516
0.007614866163
0.04611965798
0
0.007782755119
0.005675835211
0.0001607663315
0.001283928548
0
0.0723441684
0
0
0
0
0
0.009076262449
0.01006243562
0
0
0.01684778964
0
0.009766982598
0.03788372505
0
0
0.001487703774
0.02963110299
0
0
0.06351152292
0
0
0
0
0
0.02444440407
0.02201837071
0.01482659802
0
0
0.009620148385
0.002537713481
0.03354108078
0.003843933777
0
0
0
0.02331822557
0.006353143832
0.00952957154
0.01265528384
0
0
0
0
0
0.02645745322
0
0.02394471853
0.03822968383
0
0.01926648253
0.02457433513
0.0220577114
0
0.003527067978
0
0
0.02764836891
0
0.04650961826
0
0
0.03997698479
0.04690517976
0
0
0
0
0.02127841462
0
0.007561461922
0.01824899179
0.009678299351
0
0.02227055183
0
0
0
0.0005328348501
0
0.01705137745
0.01331893917
0
0
0.01397478616
0
0.0152544549
0
0
0.004423259175
0.001493588777
0.006149204578
0.03295183794
0
0
0
0
0
2.28E-02
0.03511473614
0.04549118204
0.01771197222
0
0
0
0
0.02078888075
0.04024701589
0.009546217924
0
0
0.04959126305
0
0
0
0
0
0
0.01802501506
0
0
0
0
0
0.00450854794
0.01852872295
0
0
0
0.02224914175
0.01566198895
0.04481011793
0.04384409542
0
0
0
0
0.007891619228
0.0178402318
0.01587013911
0
0.02316692283
0
0
0
0.006212861794
0
0.00E+00
0
0
0.04037620916
0.01917473834
0
0.003677583718
0.03153450563
0.005456808998
0.005322282142
0
0.02462302717
0.04235292764
0.0009323469585
0
0.05490051312
0.02153477696
0
0
0
0
0.07392945445
0
0
0.05635917
0
0
0.03475520315
0
0
0
0
0.0005958332667
0.01281523512
0.02642283686
0
0
0
0.009235834459
0
0.01142681747
0.03683932013
0.03558676883
0.04103153743
0
0
0
0.009682207641
0
0
0.009610186521
0.01300839137
0.01055803156
0
0
0.01774982281
0
0.03509971661
0.0173635812
0
0
0.0280389647
0
0
0.008440300961
0
0.05841627424
0
0.0210986682
0
0
0.004181995725
0.02779878204
0
0.05088994344
0
0.01574972641
0.01386914183
0
0.009673810166
0
0
0
0
0
0.01223506002
0.03079971273
0
0.0187067996
0.0265740637
0.04135854879
0
0.02030676245
0.002265523137
0.009912358608
0.003100469785
0
0.01998930147
0.01229870412
0.02914464165
0.01413994321
0
0.02832623378
0
0.01447224381
0.01306687031
0
0
0
0
0.04314496055
0
0
0
0
0
0
0.01623004129
0.01541291653
0
0.01204832612
0
0.01346370405
0.01070623675
0
0
0.02164713784
0.009393913172
0
0.03607179754
0
0
0.02417465399
0.01089869418
0
0.03421532943
0.0007644766818
0.03727075888
0
0
0.005697557826
0
0.0113163525
0
0.01522912997
0.03100747862
0.02003889614
0
0
0.004582444226
0.01190370431
0
0.007983486818
0.02549074367
0.03539923792
0
0
0
0
0.02426928011
0
0
0.03878697215
0.0122751166
0
0.02481053273
0
0.03683173919
0
0.02589726049
0.02097433872
0
0
0
0.008807836584
0.021771761
0
7.61E-04
0.005826516883
0.02524386441
0
0.02676399514
0.02008820641
0.04173352554
0.007062036153
0
0.00469236487
0
0.009114635879
0
0
0.0152243301
0
0.03038874942
0
0
0.03325244901
0.02599213465
0.001023185628
0
0.01579510188
0
0.02004587285
0
0
0.006493670723
0.05778777081
0
0.01493178573
0.01683275743
0
0
0.01969546197
0
0
0
0
0
0
0.02205697083
0.03672449683
0.008326339352
0
0
0.03649389181
0.007092679374
0
0
0.0001580635377
0
6.05E-07
0
0.05740517752
0
0.0132328298
0
0.0147914409
0.02419129927
0
0
0.000206176592
0
0
0
0
0.002791997368
0.01457042233
0.02400848856
0.02999684697
0
0.008561179457
0
0
0
0
0.002023935631
0.03429408798
0.01098077006
0
0.04466340399
0
0.007174525435
0
0.02811022437
0
0
0
0.03982223264
6.06E-03
0.02332848257
0
0.06668760949
0.006351698065
0
0
0.02950650844
0.02309402596
0
0.05473104466
0.01092363746
0
0
0.006417004516
0.01942056957
0.03696349979
0
0
0
0
0.03726377098
0
0.0006164053793
0
0
0.004106826318
0.01874458439
0.003019867869
0.0434133987
0.04146420286
0
0.01064179623
0
0.00134455156
0
0
0
0
0
0
0.0303063594
0.006097171471
0
0.01953466893
0
0.001583504523
0
0.05731653165
0.04489980651
0
0
0.01000401616
0.0128623648
0
0
0
0.01647415642
0
0
0.00E+00
0
0.004656105773
0
0.02733373241
0.00415346519
0
0.01284644365
0.02092217034
0.04573943767
0
0
0.04290595226
0
0
0
0
0
0.01916371191
0.02038054011
0.02633068463
0
0
0
0.001601207836
0
0.02807859162
0
0.009740499274
0
0.0008539194866
0
0.006026409609
0
0.02587646717
0.005666401802
0
0
0
0.005719059319
0.008631247962
0
0
0.00E+00
0
0.02282752147
0
0
0
0
0
0
0.02854536696
0.0103902281
0.01355185641
0
0
0
0.0347446861
0.02064612975
0.02048493901
0
0
0
0.002659275168
0.01725678643
0.01030210269
0.07879566322
0.03768115351
0
0.02352814674
0.01075889604
0.01166405415
0
0
0.01599081199
0
0
0
0
0.01258787238
0.02066481249
0
0
0
0.06373374253
0.05197879197
0
0
0.02659144573
0.008780909165
0
0.006323732687
0.01025242051
0.05699666872
0
0
0.0282707751
0
0.01252488284
0.001093619907
0.02374666023
0.001416285968
0.006863352116
0
0.0162984834
0
0.03171848056
0.01360097045
0.01449524689
0.03506662289
0.0125270283
0
0
0.0004872050546
0.003587430985
0.02854544095
0.01094188293
0.0306490675
0
0.01314539007
0.02501441045
0
0.009736009607
0.01084645343
0
0.01920151752
0
0.01530618683
0
0.007716599489
0
0.01628125209
0
0.02184247627
0.02373828716
0
0.02392913712
0
0.01892234308
0.02816606266
0
0.02973747723
0
0
0.00883057435
0.0001765530933
0.0174264626
0
0.009941332964
0
0.02461758496
0.02032219841
0.03299915441
0.002374816309
0
0
0.0161283958
0.001906359494
0
0.01754554686
0.0214270032
0.0180634742
0.02030099863
0.004652246583
0.01719338151
0.00E+00
0
0
0.02098947134
0
0.03582057346
0.008941033354
0.01564715212
0.002202973217
0
0
0.03008262573
0.002086491872
0.03020927731
0.01184462188
0
0
0
0.02391553065
0
0
0.02294020995
0
0
0
0.0434135466
0.002179551147
0
0
0
0.01867526784
0.01631738868
0
0.008399471596
0.00264762889
0
0
0
0.00811734332
0.00720047361
0
0.01690991793
0.01895923364
0.03532851135
0.0221236
0
0.008802636948
0.004075159894
0.003429977991
0
0
0.007044545436
0.01774232953
0
0.02879120438
0.03852002761
0.01769982413
0
0
0
0.006380596077
0
0
0
0.007449139448
0
0.01562643427
0
0.02910994252
0.004163922708
0
0.02030925935
0
0.026050833
0
0.01536913805
0.03797943483
0
0
0.03939929566
0
0.02271123567
0
0.02321273526
0
0.01950108628
0.02009837058
0.006411824516
0.04103415801
0.0215768381
0
0
0
0
0.03127901892
0.01162446351
0.01040648157
0.04012787907
0.01163636599
0.004884469546
0
0
0.01006798833
0
0.01227171861
0.0387862973
0
0.02396491845
0
0
0.011696836
0.006180274912
0.003357778981
0
0.003022561704
0
0
0.009056612514
0
0.01934050589
0
0
0.001985457209
0.02058058172
0
0.03355172382
0.02813864948
0
0
0.002668779685
0.01213867423
0.0379867557
0
0.00470983597
0.01940634078
0
0.03621625606
0
0
0.01743706579
0
0
0.04578375306
0
0
0
0
0.01673583732
0
0.02630730691
0.04330590782
0
0.03940245174
0.02689388017
0
0
0
0.03488078115
0
0.02735070511
0
0
0.02815887483
0.05094943514
0
0
0
0
0
0.04940128567
0.006945118333
0.01424776857
0.05833699395
0
0.02735194892
0
0
0.01720009917
0
0
0.008905600841
0.00968753606
0
0
0
0
0
0.05546920415
0
0
0
0
0.0006491520252
0.04738069394
0
0
0
0
0
0.02899796824
0.003746283286
0.0238801447
0
0
0
0
0.08999778541
0.004251000173
0.01077734869
0
0
0.009349791408
0
0
0
0.01389579292
0
0
0.02277659542
0
0
0
0
0
0.002570171033
0
0.02235669989
0.02372616016
0.05467660192
0
0
0
0
0
0
0
0
0.0207327691
0.008686741136
0
0
0
0
0.02373851308
0
0
0.024235811
0
0.02228905242
0
0
0
0
0
0
0
0
0
0.04817699751
0
0
0
0
0
0
0
0.04403714487
0
0
0.01325972927
0.01992383339
0.04158949853
0.02518793368
0
0.04889947759
0
0
0.004462267858
0.03699412551
0.01667880504
0
0
0.003171451806
0.05381959776
0
0
0
0
0
0.02187829654
0
0.0592585233
0.08295082371
0
0
0
0
0
0.01084207278
0
0
0.05124442864
0.00E+00
0
0.006703738402
0
0
0
0
0.01578251468
0.02447493938
0
0.02705517813
0
0.06209259131
0
0
0.02326597307
0.05423122633
0
0
0
0
0
0.009445461692
0.01096390935
0.02029980171
0.02208016052
0.01575643613
0
0.003731740921
0.005345861489
0
0.01671257235
0
0
0.01114981687
0.01845946851
0
0.0313531529
0
0
0
0
0
0.002925489325
0
0.01521837126
0.001901056919
0.07024944884
0.007866382624
0.01300360907
0
0.01714244321
0
0
0.01379248609
0.006066900119
0
0.01873992085
0.004885813725
0
0
0.01646637131
0.03335345121
0
0.03332531473
0.01457399499
0
0
0.03358563466
0.00566562722
0.02901155875
0.01207298882
0
0.01460635996
0
0
0
0.007972156301
0.006478145704
0.002272208348
0
0.01751814945
0
0.004064375
0.0222758727
0
0
0
0
0.03890187514
0
0
0
0
0.03352044245
0.0111847864
0.01577851442
0.02831387013
0.03308092544
0
0
0.007985845115
0
0.01348102883
0.006410664234
0
0.03686728666
0
0.02265660102
0.04510942762
0
0.03983359092
0
0
0.0135326498
0
0.003732038493
0.0003936892993
0
0.03337605125
0
0
0.02635209715
0
0
0.005928742764
0
0.00618156097
0
0
0.03710272998
0.03976039331
0.001906975634
0.01261164352
0.04407208234
0
0
0.02954929015
0.0373653184
0
0
0
0.003560181486
0.02361628791
0
0
0
0.01189067005
0.00E+00
0
0
0.01229795532
0.004031711878
0
0
0.01987589136
0.01114535633
0.009371534254
0.01743424189
0
0.01673723931
0
0.02257619732
0
0.0471064555
0
0
0
0.001324993048
0
0
0.01589724277
0.01853590657
0
0
0.01957548282
0
0
0.001552807376
0
0.002016712124
0.006056294455
0
0
0.03747424855
0
0
0
0
0
0.009549032783
0
0
0
0.04050049033
0.00347708684
0.02606552119
0.01119539884
0.01212668747
0.05374226212
0.004240147802
0
0.006348790013
0
0
0.01361818139
0
0.006360879075
0.02411511453
0.02306879484
0
0.01915255438
0
0
0.01801573071
0.03623466687
0.01156086794
0.01327782652
0
0.01337289469
0
0.003650561616
0.01933797776
0
0
0.01198448086
0.03952380648
0.0480144863
0
0
0.009494321617
0.04259429134
0
0.06631304448
0.02475494568
0
0.001088367794
0.02094589024
0
0.02156171865
0
0
0.0007420123492
0
0.02872571302
0
0
0
0
0
0.02493447718
0
0.02467271665
0.006600736843
0
0
0.00E+00
0
0.0373418582
0
0
0
0.05026892161
0
0.005627447965
0
0
0.005942910605
0
0.0001799185111
0
0.04153008923
0.01908955984
0.00301287793
0
0
0
0.01195410981
0.006039511607
0.01012929936
0
0.02079472407
0
0
0.05410183455
0.02925243914
0
0
0
0
0.0337465258
0.009534447307
0.04874205858
0
0
0.002283642567
0.02477196544
0.04037471731
0
3.53E-02
0.006871655087
0
0
0.02897448852
0.02148076965
0.006511118845
0.01456521267
0
0
0.03183708465
0.005644490102
0
0.00677392926
0
0
0
0
0.02656382248
0.04209364509
0
0.007599193091
0.02037527501
0
0
6.13E-03
0.007752523673
0.03592666924
0
0
0.02777068557
0.02163640529
0.02353388572
0.01386957322
0
0
0
0
0.04177931682
0
0.001727032789
0.0079255251
0
0
0
0
0.04187260181
0.03184383589
0.01938933499
0.01485013227
0
0
0.0007328268507
0.01691468447
0.02270136285
0.005133622902
0.01985949342
0
0
0
0.01748781799
0.01465288158
0.0325619899
0.008224015261
0
0
0.03523407975
0
0
0.01105420806
0.02966089199
0.01070487098
0
0.001430228281
0
0.0181278877
0
0
0.01954416066
0.0250596966
0
0.02341398136
0.0002610128761
0
0.04887089846
0
0.01425977415
0.02323322448
0.01229499271
0
0
0.01471075524
0.009082670367
0.01260216458
0.03725711092
0.01762909792
0.0151326174
0
0.02013279145
0.01171866317
0.005097197242
0.01810620954
0.004379550394
0.02954485993
0.03204202261
0.03201624799
0.002353006294
0
0
0.03469904108
0.02277868434
0
0.008562311584
0
0
0
0
0
0.0007354002642
0
0
0
0
0.007776705325
0.02600499849
0.01266844115
0
0
0.0164405672
0
0
0.01921937744
0.007593448805
0
0.01090967634
0
0
0.005446114233
0.0242878838
0.03430238865
0
0
0
0
0.008366392395
0.01470277278
0
0.007496559674
0.007158930331
0
0
0
0.02327596512
0.03483228687
0
0
0
0.005612641675
0
0.01700725962
0.009015409477
0.02922178687
0
0.03759936351
0.03720471661
0
0.009273272947
0.02808297694
0
0.005422505965
0
0.009628834874
0.02239066298
0
0.00E+00
0
0.01183830217
0
0
0.01369126372
0
0.02355294383
0
0.01393188743
0.001710509117
0.0001648039106
0
0.01525897885
0
0.04043591455
0
0
0
0.02483586594
0.01774571475
0.03193515631
0.0238815294
0.01102064392
0.02609588353
1.44E-05
0.02519100488
0.02410678701
0.04001688755
0.03804627362
0.0152098212
0.0113449194
0
0.01071929119
0.01962847136
0.00E+00
0.02215625767
0
0.01267386808
0
0
0
0
0
0.02673790735
0.01454743444
0
0
0.01860145034
0
0
0
0.003487057084
0.01581021239
0.002707834749
0.0001227437453
0
0.01468587397
0
0.01594592438
0.04181746069
0
0.006858589129
0.009784183171
0
0.03203036867
0.009435567243
0.02002063184
0.03792117431
0
0
0.01156307493
0
0.01635459101
0
0
0
0.01166982393
0
0
0
0
0
0.07383147827
0.004480007844
0
0
0
0
0
0.04444882376
0
0
0.04643142454
0.06530438721
0
0.01804960265
0.02027863359
0
0.02342697213
0
0
6.81E-02
0.04093160812
0
0.003980639943
0
0.03059264965
0
0.008055752817
0.007553365979
0
0.003091581231
0
0.02196907684
0.03647087541
0.04442442588
0.007168483986
0
0.003132990747
0
0
0
0
0
0
0
0
0.02730505853
0.002262909023
0
0.007618783097
0
0.009010732796
0.02398907569
0.007523862954
0
0.02495749997
0
0.01096669136
0
0
0
0.07868555429
0
0
0
0
0
0
0
0.02328870507
0.01486559588
0
0
0.04220704315
0
0
0
0
0
0
0
0.02363000727
0.05197789248
0.01993730374
0.001515137252
0
0.03496138491
0
0
0
0
0
0
0.01944603418
0.03006277376
0.03853023303
0
0.005726098073
0
0
0
0.004146716613
0.03214792232
0.06535201489
0
0
0
0.008147491291
0.01403042116
0
0
0.01340335277
0.007207986967
0
0.01258876307
0
0.05487082099
0
0
0
0.01588823827
0
0
0
0
0
0
0.0194818202
0
0.03038856711
0.01063413663
0.0070291797
0
0.01935836757
0
0.002684440575
0
0.009385188103
0
0
0.01036477312
0
0.03190813173
0
0.03834455531
0.04845459704
0
0.009244292311
0
0.05109975826
0
0
0
0
0.01286682228
0.02790644843
0
0
0.01761568853
0
0
0.0244611941
0
0.01507060789
0
0.002814182058
0
0
0
0
0.05043184925
0.006609110915
0
0.04865416154
0.01763231012
0
0.03398922418
0
0
0.006902137643
0.005342467668
0
0
0.03771221677
0.02070457491
0
0
0.002297076884
0.04075187161
0.02722612833
0
0
0
0
0
0.009082752274
0
0.04087728386
0.01079020426
0
0
0.03720759567
0
0.02492337582
0.015657428
0.02512678164
0
0.002439318648
0
0.02380047993
0
0.04143269875
0
0
0
0
0.009547631569
0.008049747712
0
0
0.02012293989
0.008422199704
0
0.00607861305
0
0.03270986108
0
0.007142908368
0
0.01142805631
0
0.004850658358
0
0.01051970572
0
0.01393581868
0
0.008797120728
0
0.03461948536
0.02497610241
0.02613977014
0
0
0.04251034738
0.01872929625
0.001478469808
0.008883151084
0
0
0.003341778195
0
0.02576582679
0.01113164653
0
0
0.01318318216
0.02512717668
0
0.01170674474
0.04389292314
0.006489489809
0.01758529329
0
0.01015620389
0
0.00909576225
0.002477993135
0.0044952175
0
0
0.02074828175
0.04561528807
0
0.002357807118
0
0
0.03141747228
0.04419563641
0
0.05204582728
0.002195403548
0
0
0
0
0.01319638532
0
0.01367359862
0.01537565223
0.007157184042
0
0.01594956861
0
0.03241496616
0
0.0222859696
0
0
0.02201153915
0
0
0.02552980026
0.001188684977
0
0
0
0
0
0.04633229178
0.002955473494
0.007274594741
0
0
0.00E+00
0.008325141061
0
0
0.01509251794
0.0283617013
0
0.01824717208
0.05038838796
0
0.02658061832
0.01466800689
0
0
0
0.01579795194
0
0.01473672311
0.003441048103
0
0.02245743311
0.01697651254
0.0002211577053
0
0
0
0
0
0.01095665854
0.04952304188
0
0.002821443695
0
0
0
0
0
0
0
0.006078881931
0
0.03444721565
0.0224085507
0.06836972766
0.03089443859
0
0.03230943964
0
0.05079141685
0.009917868671
0
0
0
0.06523139911
0.02206608744
0
0
0.01353249522
0.009572182761
0
0
0.02122410455
0
0.02202951146
0.01294422378
0
0
0
0.02267770342
0
0
0.01544595043
0.003654797688
0
0
0
0
0
0.02065470612
0
0.04367541517
0.0267057297
0
0
0
0
0
0
0.05013999662
0.007559380651
0.04287565034
3.18E-02
0.01750310247
0
0.02917319185
0.004398504986
0.01558371622
0.01611004271
0
0.01912771253
0.03760195625
0.027145336
0
0
0.02778941142
0
0
0.01918885135
0
0.01421211146
0
0.06576880549
0
0
0.01408391479
0
0.03236030207
0
0.0005777133703
0
0.008575902782
0.005476199452
0.03566669031
0
0.004380579448
0
0.0005269444022
0
0.04405622253
0
0.005356317195
0.02484881867
0.01307156836
0
0
0.02725932696
0
0.003623516533
0.007632631155
0.01280721052
0
0.02919567806
0.01773035221
0.01540575487
0.04333882801
0
0
0.004058037694
0.01850406399
0
0
0.0003001616628
0
0
0.01160201264
0.00722740773
0.01799655976
0
0
0.01510868659
0
0.01775517059
0
0.002708388505
0
0.01440224741
0.02007755324
0
0
0.004871693348
0.03146280988
0.001088876796
0.0002938835026
0
0.03295654094
0.007311429455
0
0
0
0.004860691368
0.02038241688
0.05905090758
0
0
0
0
0
0.03315311049
0.02985533616
0.03542511305
0.007656658953
0.007675571882
0
0
0.02304066296
0.01317479793
0
0.01506077483
0.04573168092
0
0.0200503195
0
0.008454299083
0.01331295564
0.009755122626
0
0.03298660337
0.01508939115
0
0.006402292097
0.01416656565
0
0
0
0
0.0375305068
4.79E-02
0
0
0
0.03095044143
0.006753419517
0.02101642214
0.01338671733
0
0
0
0
0.02140600633
0
0.00117450866
0
0.003115097395
0
0
0
0
0.02444427392
0.0001574542896
0
0
0.06415008532
0.007262954748
0.05371862712
0.01035177952
0
0.01584260396
0.03834001721
0
0.004322602008
0.009236483153
0
0
0
0.0004960683701
0
0.01688238841
0.01516300487
0
0.01724076636
0.004297086257
0.007060809993
0
0
0
0.04686948765
0.01686359883
0.02691065426
0
0
0.006326293814
0
0
0
0.003182693068
0.00965755668
0.02072070313
0
0
0.006184432674
0.01128309961
0
0.03143273586
0
0.01793211
0.02582144157
0.003258502253
0.001532597439
0.009685207862
0.00E+00
0.01774819385
0.01364188718
0.04304832592
0
0
0
0
0
0
0
0
0
0
0.009987366363
0.007196841123
0.008132814486
0.03316738621
0.04015177196
0
0
0.008570718996
0.01398655753
0.01109909353
0.02007426547
0
0
0
0
0.04177533916
0
0
0
0
0
0
0
0
0.00E+00
0
0.03841021871
0.01567915556
0
0
0
0
0
0.004441948211
0
0.003369072809
0.002021853085
0
0.005683207334
0
0
0.05754467851
0.06090040685
0.04331372979
0
0
0.01947228301
0.008343337753
0.02955071806
0.02989608445
0.05026984205
0.01512563372
0.005174698244
0.01432942481
0
0.04311922547
0
0.02636516302
0
0
0
0.02074764208
0
0
0
0.06912848896
0.0365898503
0
0.02960884828
0.02824890482
0
0
0
0.005091391342
0.05241572246
0
0.03293735957
0
0.01222748043
0
0.02127393043
0.01264243353
0
0.05862438529
0.01026688086
0
0.02927396069
0.01115424097
0
0.008357920432
0.002654970401
0.007454217249
0
0.01764993555
0.01265959997
0.00E+00
0.02434439921
0.03539007527
0
0
0
0
0
0.01495984831
0
0
0
0
0
0.005124730747
0.01272296127
0
0
0.007857479806
0.01222618549
0.006895848467
0.0178091439
0.003592905822
0
0.03426701351
0.03432535891
0
0.009422210187
0.01806493318
0
0
0
0.006061991533
0.02866414648
0.00E+00
0.02243361749
0
0.0640452854
0.03330483088
0
0.01714406222
0.002817621843
0
0
0
0
0
0
0
0.009324280891
0
0
0
0.02731523051
0
0
0
0
0.01456028756
0.001381604233
0
0.060186231
0.01021118857
0
0.007286005751
0
0
0
0.004578337001
0.02242596228
0.0004293762346
0.02773036977
0
0.04336951407
0
0.00573978388
0
0.0002613707512
0.02996910451
0.009695382929
0
0
0
0
0
0.01638309326
0.004115343223
0.008034683557
0.02878417945
0
0
0
0.01827205832
0
0
0
0
0.002192859966
0.005357355012
0
0.0376352649
0
0.05530481451
0.0621872647
0
0
0
0
0.01912337464
0.07301162194
0.03071921649
0.003089001727
0
0.02505073379
0
0
0
0.00692788105
0.009187692966
0
0
0
0.00749534582
0
0.05418544911
0.06158930784
0.01380116254
0
0
0
0
0.00756636041
0
0.01257323618
0
0
0
0.006507179504
0.04339097927
0
0
0.0146094096
0
0.01450536897
0
0.01161643745
0
0.02874484366
0.03733448818
0
0
0.001707567337
0
0.05400757829
0.001210526018
0
0
0.01094656687
0
0.01771638582
0
0.005739699185
0
0.01718639356
0
0
0.02799007346
0.01034938478
0.01887485633
0
0.007627625832
0.02809451091
0
0
0
0.0004301071129
0.03340767444
0
0
0
0.03858871404
0
0.00784391358
0
0.02051181467
0
0
0.0003570272646
0
0.001074307106
0.02489135119
0.004221220248
0
0.02327108103
0
0.01245132332
0
0.0419497522
0
0.03464672682
0.02795727307
0
0.005168361996
0.02922267962
0.01503452532
0
0.01408182271
0
0
0.01797609361
0
0.0006455296549
0.02209351471
0.02259981044
0
0
0.0003189872298
0.03418775792
0
0.005568886911
0
0.01060470781
0.02784091961
0
0
0.02056861555
0
0.04672719048
0.007356500811
0
0.04020674249
0.01168664673
0
0.004194632448
0.01165109662
0
0.03051814198
0
0
0.003194693388
0
0.02550477711
0.01499757484
0
0.01722260529
0.01003776527
0
0.01566051466
0.007948159671
0.01112371126
0.02640321478
0
0
0
0.006268876337
0.01568151813
0
0.004002310393
0
0.03343359428
0.01979964957
0
0
0.03001114151
0
0.001468074648
0.04243999023
0
0.02335184316
0
0
0
0.01396109777
0.008074974151
0
0
0
0.036062204
0
0.01752935403
0
0
0
0
0
0.04274864514
0.0009527371884
0
0.002805285709
0.01322071663
0
0.01183869427
0.04148987914
0.01648097572
0.005085516713
0.01196555462
0.0357495304
0
0.02516389452
0
0
0.0005222223278
0
0
0
0.02514260053
0
0
0
0.01086258533
0.00177063893
0.03201437928
0
0.04328807909
0
0.03858666042
0
0
0.02294981215
0
0
0
0
0.034279031
0.02287082847
0.01113780111
0.02149944279
0
0.01448772825
0.01064593899
0.001112716169
0
0.03239286574
6.39E-03
0.04115483396
0.01367047608
0
0.003662883354
0
0.01694143372
0.02501115785
0
0.001591125584
0.01638345132
0.01340246185
0.02828833096
0.02957999695
0
0
0
0.01402536127
0.04584194493
0
0.02277313908
0
0
0
0
0.003453674755
0
0
0.002859910847
0.01236425619
0.01708107433
0
0.04381123577
0.01166901908
0
0
0
0.005978545203
0
0.0317838311
0
0
0
0
0
0.01558836922
0.01035945885
0.02778960458
0.03968392639
0.02137016314
0.007613860167
0
0
0.03548568408
0.0173040565
0.004612030551
0
0.00532134945
0
0.01300013971
0.001435354564
0.04817156472
0
0
0
8.16E-04
0
0
0.005983496462
0.05045999551
0
0.01126364492
0.02394856154
0.01565471239
0.0172726928
0
0.01990424428
0
0.02011029797
0.01353051016
0.004245965558
0.04454540813
0
0.03124335214
0
0.03227364531
0
0.04471772377
0
0
0.02970849055
0
0
0.02470716233
0
0
0
0.01937012348
0
0
0
0
0
0.01376347272
0.01423476039
0
0.01270866976
0
0.03104906722
0.02954095108
0.01839018608
0
0
0
0.01307732882
0.004098371885
0.02552419773
0
0
0.00340471355
0
0
0.001244227435
0.05813055175
0.04180585314
0
0
0.009752865362
0
0.01989675869
0.0006482041719
0.007475554483
0
0
0.04132387616
0
0
0
0.04817395462
0
0.03924521289
0
0
0.02689561213
0
0.01094839593
0
0
0
0
0.03674229592
0.01511369506
0.0145391672
0
0
0.02236882945
0
0.02002137183
0
0.04225602794
0.04094061011
0.00414566475
0
1.72E-02
0
0
0.00111363934
0.05021078648
0
0.00884170933
0.03895715354
0
0
0.0113994257
0
0.06254268452
0.04005337007
0
0.005106474064
0
0.03922489593
0
0.004470742481
0
0
0.0206034338
0
0
0.003580157281
0
0
0.050324022
0.009717451527
0.02649992524
0
0
0
0
0
0.006183692272
0.007974373578
0
0
0
0.008090118321
3.31E-02
0
0
0
0
0
0
0
0.01766896761
0.04070623188
0.008980063779
0
0
0.002601104068
0
0.02881711008
0.002417041306
0
0
0
0
0.02945792874
0.005927133602
0
0
0.004794409465
0
0
0.05073002949
0
0
0.02827166456
0.001974896072
0.04832051248
0
0
0.02166621387
0.004222080065
0
0
0
0
0
0
0.007324754925
0.01307787836
0
0.009637896068
0
0.01357277831
0
0
0.001676621917
0
0
0
0
0.001157439062
0.01243064087
0.009336664294
0
0.03498433282
0.03837511715
0.01692883157
0.02648293516
0
0.05374385753
0
0.04033535431
0
0.04589218325
0.0153744213
0
0
0.02666005711
0
0.007582347855
0.007012393286
0.01886778349
0.01792877364
0
0.04096758026
2.92E-02
0.04688414627
0
0
0
0.02939985495
0.01885351989
0.01542234683
0.04541509109
0
0
0
0
0.003087444908
0.01050583927
0.0214928642
0.007184074061
0
0.0003157613581
0
0
0.04957606979
0.006315793354
0
0
0
0
0.01300081656
0
0.04430723782
0
0
0
0.01901295199
0.02733356558
0
0
0.02105866837
0
0
0
0.02781388227
0
0
0
0
0
0
0.0146143418
0.03227234891
0.001728455328
0.01402450706
0
0
0
0
0
0.02467178621
0
0.01780922199
0
0
0
0
0
0.03436078283
0
0
0
0
0
0
0.005431622709
0.0004294906633
0
0.0009054180809
0
0.01431447892
0.01721297145
0.002324750472
0
0.01004189199
0.02660557202
0.001229622826
0.04066009784
0.01530036589
0
0
0.007440598879
0.02872656919
0.005565137815
0.008464975021
0
0.05137584574
0.0009906575238
0.03383570649
0.007934036422
0.01198717277
0
0
0.004653813832
0.0002850577752
0
0.0469617362
0
0.03567171859
0.02248607404
0
0.05464241517
0.02066991115
0.01421679619
0
4.00E-02
0.01413052725
0.03752975491
0.04187381134
0.005083979718
0
0
0
0
0.03052477233
0.01274100499
0.01026443851
0
0.01994239013
0
0
0.01827220759
0.008932813763
0.0128864171
0
0
0.02044164654
0.01100071336
0
0.01123225445
0.005325046879
0
0
0
0
0.00205650243
0.02244916922
0
0.03640487723
0.009051817399
0
0
0.05397196029
0.02021250512
0.01837069777
0
0
0
0
0
0.03082235151
0.004234139644
0.03391471275
0
0
0
0
0
0.01404622513
0.008938789858
0.01769780564
0
0
0
0.02726384473
0.01793335347
0
0.03406070962
0.01986362051
0
0
0.01942247586
0
0
0.005000238505
0.00E+00
0.01951983161
0.02615409813
0
0.004875119028
0
0
0.006197504582
0
0.03634467668
0
0
0.03288209966
0.02789235053
0
0.01369260676
0
0
0.00687154716
0
0
0.03992194435
0
0.0238497129
0
0.002616112733
0.01238701116
0.04053338194
0.004849671489
0.02981028449
0.01504892395
0.03242143487
0
0.01364123205
0
0.000405391459
0
0.00920320152
0
0.0007238104283
0.00E+00
0.01925557506
0
0.009439064343
0
0.003461307181
0.0266166107
0
0
0.03843281923
0
0.01613099594
0.03965105455
0.0009592634351
0
0.006690724008
0
0
0
0
0
0.04320217019
0.03351054015
0.01849282038
0.01856167694
0
0
0.01537318966
0.01334178012
0
0
0.007817024531
0.03063543416
0
0
0
0
0
0.01355389047
0
0.02933909404
0.002671868401
0.05024560937
0
0
0
0
0
0.01212227141
0
0
0.0176980077
0.00E+00
0
0
0.02382826514
0
0
0.02115184955
0.01346645597
0.0002047023835
0.02447469707
0.01409333745
0
0.01302148358
0
0
0
0.04060143545
0
0.04675631981
0.01376318893
0
0
0
0.02674148737
0.01341612144
0.02392998714
0
0
0
0.02347305256
0
0.00178867275
0
0
0.0006900435331
0
0.05055419437
0.05831313306
0.03690555523
0.01587932257
0.01032197104
0.03311216648
0.01711167988
0.04409478758
0
0
0
0
0.01584705449
0
0.001746048659
0.001406137706
0.02964205182
0
0
0
0.07058050677
0.01558873983
0
0.0118188765
0.002073473445
0.03105589411
0.003758130112
0
0.009899974189
0.01650861263
0
0
0
0.01957998871
0.01000243082
0
0
0
0
0
0.01359522238
0.003544835509
0
0.003538385433
0.00499463968
0
0
0.01005648465
0
0
0
0
0.02896441358
0.02647201375
0
0.03803953809
0
0
0
0
0.008839683369
0.005165826178
0.02725198493
0.02884034085
0.002949009852
0.0287805737
0.03406162365
0.006360604451
0.007555347329
0.002134996069
0
0.03387515597
0.003839211861
0
0.02640726093
0
0.0220965889
0
0.0003002610658
0
0.01000547021
0
0
0.04246197086
0
0.02146561746
0
0
0.005089647875
0.005885840675
0
0.00984475454
0
0.004030167365
0.01574002538
0.01019392593
0.009857381457
0
0.03822531772
0
0.03074973248
0
0.03497481325
0.01163462842
0.02562608302
0.02996929025
0
0.01271097823
0
0.0008842147093
0.02603311357
0
0.02449307682
0
0.009990511222
0
0.02799091698
0
0
0
0.0456542404
0.02270730805
0
0.04518371934
0
0
0
0
0.03027312223
0
0
0.01224586492
0.02161356662
0.008207583937
0
0.03086735613
0.007725757793
0
0.01149685681
0
0.002995138929
0.001364718726
0.0242825082
0.01780485437
0
0
0
0.01779133197
0.02038180446
0
0.02453091046
0.009851003993
0.005987588826
0.01848521322
0
0.0006131379905
0.01149311473
0.05094463859
0
0
0.00376414912
0
0.01880539745
0
0.00923546531
0.02792307551
0.006146261129
0
0
0.01547116077
0
0.01634843406
0.02346092603
0.01977960591
0.00320460025
0
0.04297315141
0.02952186389
0
0.03361206794
0.01673218813
0.005295156848
0.02209910361
0
0.01299308857
0
0.006436034688
0
0.02755494439
0
0.01343907879
0
0.01890054437
0.0006625628351
0.02079420486
0.0284661076
0.01388272952
0.0194958478
0.007255664686
0
0.02865405194
0
0
0
0.005471941631
0
0.03385800956
0
0.02333798078
0.02810297555
0.002976945317
0
0.02003730836
0.01495853102
0
0.008862731882
0
0.01594865028
0
0
0
0
0.003261101584
0
0
0
0.02502618793
0.04112977509
0
0.006804424211
0.01118006124
0
0.00916915643
0.008303800672
0
0.03064012975
0
0.005731924219
0
0
0.04855830045
0
0.001862367841
0.04201672031
1.23E-02
0.0222543042
0.003498819886
0
0
0
0
0.02873825355
0
0.03028067841
0.01710298406
0.02674237579
0
0
0.03374374478
0
0
0.03098545373
0
0.01746543691
0
0.03306710374
0.01752253085
0
0
0.01522663825
0.02595407034
0
0.003489673013
0.0001278345747
0.00641792565
0.009181618197
0
0
0
0
0.01580866915
0.004746028533
0
0
0
0
0
0.02385124067
0.04541260029
0
0
0.01759010337
0.001642918982
0
0.04385408722
0.03774628608
0.01624585584
0.001023159797
0.004471109917
0
0.02374972614
0
0.003491114178
0.01511989735
0.0190287443
0
0.03172313469
0.06699015579
0.01993342807
0.002357540948
0.002739433186
0
0.02284241123
0
0.02410122671
0
0
0
0
0
2.62E-02
0.02988170841
0
0.002336934558
0
0
0
0
0
1.56E-02
0
0.02791626161
0
0.01411066169
0.00722700453
0
0
0
0
0
0.02927367041
0.004235427848
0.03828973594
0
0
0.006355591187
0.009383059058
0.02897145719
0.0423182753
0.03526761825
0.01204015059
0.009602972236
0
0
0
0
0.00530177458
0.02140211175
0
0.03664739529
0.01197465784
0.04064456994
0.004150245371
0
0.02461712806
0.004387643059
0
0
0.005435293917
0.01999748724
0
0
0.0002955794123
0.02197161201
0
0
0
0.0189272497
0
0.005626524014
0
0.04730313763
0
0
0.01939521627
0
0.005520791944
0
0.0102071336
0.004938120284
0.02301950035
0
0.02815859792
0.02857172781
0.004495311276
0.01272439843
0
0.05061027125
0
0.007346618098
0.02073478304
0
0
0.0235356687
0
0
0.02944343259
0.0120454739
0.005273797765
0.02855695616
0
0
0
0.02374125033
0
0.03180248167
0
0
0
0
0
0.006196110341
0.00E+00
0
0
0.02061478115
0
0.03891456382
0
0.03266522178
0
0
0
0.01397718863
0.02700347783
0.006086757255
0
0
0
0.002383740222
0.02502145471
0.002064426679
0.00209234308
0.01816373192
0.005753381325
0.01052388967
0
0
0.03271534393
0.07193891668
0
0.008246633374
0
0
0
0.006123173925
0
0
0.04573148081
0.0258170548
0
0
0
0
0.02216246912
0
0
0
0.0586886935
0
0
0.002094568691
0.01724167337
0.01201121577
0
0.05007127228
0
0.007535894663
0.008533697487
0.001433155093
0
0.0291503206
0
0.03402707189
0.007863010581
0.0184822035
0.05766046717
0
0
9.92E-03
0.02823661153
0
0
0.03902310155
0
0
0.03428805096
0.01715518152
0
0
0
0
0.04293421926
0.004850399793
0.006218225338
0.0679518584
0.01275851063
0.04052528399
0
0
0.01314464178
0.04313494438
0
0
0
0
0
0
0
0.009577715668
0
0
0
0
0
0.006757335172
0.01300593557
0.01022327059
0
0
0.003154789895
0
0
0
0.007693788152
0
0.005919144848
0
0
0
0.05589363493
0
0
0.01119826623
0.03718486829
0
0.004010444094
0
0
0
0
0.01839402684
0.04892717116
0.03279519066
0
0
0.01465998893
0
0.02127527882
0
0.03686266563
0.02223125038
0
0.01671278945
0
0
0
0.05822681233
0
0.009161594044
0.01779431519
0
0.05054847012
0
0
0.00E+00
0
0.001689909757
0
0
0.02883651184
0
0
0.007041370516
0
0
0.02419476879
0.01876460617
0.02067998008
0.02589201426
0
0
0.01757287957
0
0.01691965678
0
0
0
0.004419514465
0
0.019698585
0.002580360362
0.02331979135
0.02711807538
0
0.006698730997
0
0.0414433712
0.0005254299562
0
0
0.03419840295
0
0
0.03991128921
0.0108733293
0.01205117827
0
0
0.01888936863
0.02101259701
0
0
0
0
0.01390051301
0.03095801314
0
0.006290970135
0.008283022139
0
0.03639482687
0.004646290423
0
0.01931787535
0
0
0
0
0.04322040966
0
0
0.05173889093
0
0.007954102895
0.00553298734
0
0.006421011785
0.007317480357
0.03606633955
0
4.21E-02
0
0
0
0.01024662313
0.04417560386
0.005144533801
0
0
0
0.01613840878
0.005114340049
0
0.04997708744
0
0
0
0.01387667757
0
0
0
0.004943461081
0
0.02038005868
0.02412415636
0
0.009192996383
0
0
0
0.03904516959
0
0
0.03825770918
0.03281043268
0.02519257573
0
0.02672727999
0.0002002473921
0.04772291024
0
0
0.03386509471
0
0
0.01651607993
0
0
0.007886190624
0
0
0.009776765931
0.02864440502
0.01029375109
0.01536067181
0
0.02580898834
0
0.009053582121
0
0
0.00166629194
0.03483381789
0
0
0.03292285303
0
0
0
0
0.01244893946
0
0
0.02235601446
0.01075800927
0.02511168588
0.03005861276
0
0
0
0
0.02506238502
0
0.03390584318
0
0
0
0.002207546845
0.00605295587
0
0
3.35E-02
0.01571538605
0.02990296142
0.01946885564
0
0
6.88E-05
0.01085367371
0.002046243453
0.05740256764
0.0226222794
0.02021242696
0
0
0.03046151336
0.02564204131
0.001984551321
0.001863755715
0
0
0
0.0004686531608
0.01555116496
0
0.007236834529
0
0.006980066081
0
0.009493705943
0
0.008590490628
0
0.01458822131
0.02363300463
0.01497291175
0.04859242735
0.009877014488
0
0
0
0.03358398894
0
0.03259552334
0.01626303347
0.03691365863
0
0.02874896953
0.00711554605
0.0478191514
0
0
0
0
0
0.01953571807
0
0
0
0
0
0
0
0.02427805591
0
0
0.01016283084
0
0.02658318003
0
0
0.01584997785
0.030830829
0.005301358858
0
0.02318321577
0
0
0.03220027625
0
0
0.02822871352
0.0007199891221
0
0
0.04745957888
0.01981775098
0.01145578552
0
0
0.01744550284
0.03594981791
0
0.007946338477
0
0
0
0.0201569292
0.03301935262
0
0.007799380736
0.03996615925
0.02343468599
0.02029292062
0.02944513825
0.01878421068
0.04718301365
0
0
0
0
0
0.009370176889
0.006959698788
0.02807076265
0
0.02324988003
0
0.02048388206
0
0.003326918489
0
0.009138685667
0
0.002492593794
0.04746477822
0
0
0.04173025257
0.03476322295
0
0
0
0.01506650848
0.009295479926
0.002089276153
0.01372414625
0.03540929567
0.02260537719
0
0.00974107455
0.035021712
0
0
0.01424637769
0
0.003887183185
0.01673718358
0
0
0.03105640355
0
0
0
0.02726217014
0.01774157659
0
0
0.02413687615
0
0
0
0.00102259771
0.04856890982
0
0.02002328304
0
0
0.02649487395
0.005728088769
0
0
0.02221147587
0
0.01312424163
0
0.01133935298
0
0
0
0.01571986502
0
0
0.04008745903
0
0
0.02064527487
0
0
0
0.002913120223
0.0006515555988
0
0
0.0263166173
0
0
0
0
0.01228692741
0.04414077065
0.03545162014
0.0004815018385
0.01832762033
0
0.06407273226
0
0.01780885712
0.004748841309
0
0.01521225781
0.01403105445
0.01696926142
0
0
0.01201932938
0
0.007971201509
0.06532183739
0.05500047576
0.0443954474
0.02627122024
0
0
0
0
0
0
0.05293357431
0
0
0.004453794894
0
0
0
0
0.00497238578
0
0.004063422715
0
0.02143538908
0
0.003359060126
0
0
0.002260240919
0
0
0.005941738127
0.03791666232
0.0002872197043
0.02035553358
0
0.01929102333
0
0
0.03734824613
0
0
0
0
0
0.03902442018
0
0
0
0
0.02880629551
0
0.01038082994
0.01713296407
0
0.02516566686
0.009895419343
0.02724485882
0.005498956957
0
0.03290117199
0.01241057945
0
0
0
0
0
0.004591495251
0
0.01625130754
0.008458580049
0.03618397146
0.02595800591
0.02526105806
0
0.00E+00
0
0
0.00570517117
0
0.009362369165
0
0.005467142257
0
0
0
0
0
0
0.01431418962
0
0
0.05066756196
0
0.01838405765
0.001519289418
0.0001417911392
0
0
0
0
0.05225954248
0.03930196045
0
0
0.008236662201
0.02613521476
0
0.01488357958
0.01116849434
0.00274575614
0
0
0.03433318036
0
0.0487210521
0
0.0304901353
0
0
0
0.007170020228
0
0.009538448101
0
0.0427770475
0
0
0
0
0.005567388007
0
0
0.00E+00
0.03909034205
4.81E-02
0.02201628446
0
0
0
0
0
0.03441606234
0.005291594638
0.0470344988
0
0
0.005789313252
0
0.02762993785
0
0.03327940407
0.04832208032
0
0.005879272977
0
0.01979911383
0.0205063206
0.01901550771
0
0
0.03105974792
0.01757477268
0.0008590587474
0
0
0
0.03808162006
0
0
0.06126024889
0.03424094285
0.004324589256
0
0
0
0
0
0.003236632112
0
0.01973477787
0
0.02308593095
0
0
0.0218196691
0
0.01533162387
0
0.01954547917
0.02578642882
0.02894034822
0.01227664769
0
0
0
0
0
0.005840350522
0.01439831456
0.03468658315
0
0
0
0
0
3.94E-03
0.02101400494
0
0.01064751019
0.01841623895
0
0
0.0378648773
0.02985134166
0.05288443254
0
0.01754653055
0
0.0005957517517
0
0.03012166424
0.05275998042
0.005062845363
0
0
0.0374268933
0
0
0
0.0130473
0
0
0
0.03292166561
0.03442927204
0.03151149835
0.04736292292
0.008236238112
0.01443052366
0.009558494978
0.01889421337
0.00E+00
0.00773919457
0
0
0
0.0004578494228
0.04705453145
0.02517348894
0.02383785751
0
0.005035868453
0
0.006873975184
0
0
0.008922707502
0
0.01253701312
0
0
0.01218075199
0.004497441616
0
0.02781867446
0
0
0.004083546794
0.01556448407
0
0.01285974468
0
0
0.007987514056
0.006923686814
0.002366244265
0.01811824931
0
0.01089729444
0.0189779751
0.00110291707
0
0.03894108456
0.006024444845
0
0
0
0.0205590052
0
0
0
0.02107224242
0.005228721178
0.01042573411
0.0006473968885
0
0.01403804776
0
0
0
0.02403140735
0.008790627269
0
0.0418722346
0.01954439476
0.005864812426
0.009164403026
0.0267450402
0
0
0
0
0.0004481647289
0
0
0.03145664078
0.02502889325
0.005962860966
0
0.0578531521
0.02229153817
0
0.01580702665
0
0.02613551205
0.003593334504
0.04871881222
0
0
0
0
0.01110026615
0.01448067798
0.003278895318
0.004439199243
0
0
0.02033179632
0
0.01292449664
0.02550585909
0
0
0.004149022833
0
0.03746393692
0
0
0
0.00E+00
0.03202526158
0.009099334233
0.01510865627
0.02062905399
0.01331665186
0.01556262399
0.002638391313
0
0.04460057304
0.03160870476
0.04555419027
0
0
0.04513854795
0.004204397406
0
0
0
0
0.01941961581
0
0.01427183557
0
0
0.00468955121
0
0.02173153301
0.005503208625
0.003249238996
0.0356093382
0
0
0.02067849986
0.02101689974
0
0
0.01407692407
0.01329440104
0.02642492683
0
0.00286006578
0
0
0
0
0
0.02904521195
0.01063489148
0
0
0.01982346674
0
0
0.02058583657
0.006261526238
0
0
0
0.02291144706
0
0.01059541912
0.003410939495
0
0.01508964828
0.005757711415
0
0.02445219892
0
0
0.01119248081
0.04940572196
0.006460256071
0.0250010994
0
0.04219328327
0.000781404187
0
0
0.00820472235
0
0
0
0
0.01541952205
0.0353848139
0.003006102443
0.03100372544
0.02252159808
0.02742290389
0.01292970829
0.02458889894
0
0
0.02579737914
0
0.006944531149
0
0.02171797464
0
0.006751155882
0
0.00523341441
0.01612241126
0
0
0
0.03826817518
0
0.03942142256
0.04156989566
0
0.00323447564
0
0.005109215258
0
0.001268288686
0.005561120103
0.02263391999
0.00639500704
0
0.01157115278
0.0350403875
0
0
0.01464980726
0
0.03207103023
0.03934440277
0
0.0009120990307
0
0.01740958571
0
0
0
0
0
0
0.007830065394
0.009906930542
0.03398474031
0.004796773564
0
0.02325699244
0
0
0.0007413159277
0.02257123673
0
0.01058279882
0.005166809894
0.01587574644
0.003385817434
0.04264630546
0
0.04058055926
0
0
0.01424082267
0.04694229313
0
0
0.03412516318
0.01611342042
0
0
0
0
0
0
0.01246152105
0.01781022851
0.008876657944
0
0.04067473812
0
0.02062169318
0.01365858414
0
0
0.01443199708
0.0409668893
0
0.002093332566
0.02826698285
0.003743168988
0
0
0
0.0239069835
0
0
0.02085106766
0.02205562903
0.01193960998
0
0.02829234826
0
0
0
0
0.02047467685
0.04064741111
0
0.01314014731
0.008809013857
0.02179407465
0.03313408043
0
0.03768067758
0
0.004994358741
0.007419100712
0.004980676588
0.02294159769
0
0.01258102664
0.005120679507
0
0.0253155636
0
0.02253483802
0.006115173988
0.01361603401
0.001631442976
0
0.02749165389
0.007856863324
0.001499242591
0
0
0.0107201944
0.02479449986
0.0453091709
0
0
0.0006987542422
0.02680741315
0.01201158377
0.02150600438
0.009760994117
0.0115044899
0.03202408949
0.0111192053
0.007981753286
0
0
0.03235561481
0.02078224354
0.007170242913
0.03412482667
0.02602407337
0.0308123309
0.03552657616
0
0.02959718097
0.0132806734
0
0
0
0.01574907774
0
0
0.008857362765
0
0
0
0.01152219389
0.01948727388
0
0.0123109096
0
0.02906922825
0
0
0.01848027111
0
0.004855934491
0
1.02E-02
0
3.62E-02
0
0.01394912313
0.005509242636
0.004476670684
0
0
0.03998677529
0
0.003480920792
0.01481179991
0
0
0.006982315825
0
0
0.003543994082
0
0.03052209905
0.02006935037
0.007903058719
0.006125645827
0.007591076908
0.01840960874
0.00695357838
0.01565874143
0
0.01897589633
0.02390457286
0.003823502118
0
0
0.01540708948
0
0
0
0.01367070979
0.03081503471
0.006084181085
0.01410106807
0.03361110005
0.00E+00
0.0005530751606
0
0.004737130746
0.01621783795
0
0
0.01753302512
0.08024344929
0
0
0.04102363873
0
0.01510682385
0.02747044717
0
0.01845417008
0
0.03381508873
0
0
0
0
0
0
0
0.009352369395
0
0.0170909428
0
0.005637976403
0
0
0
0
0
0
0.0056594225
0
0.04904149628
0
0.02213872615
0.006301710693
0
0.01529608654
0
0
0.01115527835
0.04055848411
0
0.04206848844
0.03149831927
0
0.03968510797
0.03180163261
0.004973736898
0.008850399044
0.01444642725
0
0.03500103766
0
0.009134371426
0.04164116891
0
0.01021041556
0
0
0.00E+00
0.01184728087
0
0
0
0.02106821806
0.01009373622
0
0
0
0
0.003121703112
0
0
0
0.08761790808
0
0.0578703114
0.003629872633
0
0.00659067672
0.002717710476
0
0
0
0
0.02153671632
0.01789719626
0.009164525662
0.03272978216
0
0
0
0.01174651456
0
0.01096807518
0.006209531049
0
0
0
0
0.01318621653
0.03192814278
5.29E-03
0.008253879593
0
0
0
0
0.01455305533
0.0002210265068
0.03905649703
0.01072949394
0
0
0
0
0
0.0233197949
0.004830979292
0
0
0
0.02498341095
0.02915593666
0
0.04109461412
0
0
0.01052665186
0.01871819809
0
0
0.01335888269
0.05016232249
0.03104815376
0.002912920062
0.003168254815
0
0.00E+00
0
0.0333006851
0.006874218825
0.04957258078
0
0.01140756354
0.04784647329
0.006577684966
0
0.002319118079
0
0
0.02006033675
0
0.02092686677
0.06741560905
0
0.02032441109
0
0.0005946845989
0.005231371178
0.01604596326
0.01215814959
0.0001432000691
0.00985444542
0.01485315233
0
0
0
0.001505337136
0
0.006601399818
0
0.02663711783
0
0.04476806754
0
0.04737426109
0
0.00373258286
0.04591502961
0
0
0
0
0
0
0.006734536526
0.001441327952
0.01683684178
0
0
0
0
0
0.04378788185
0.01974254694
0.01291546435
0.00E+00
0.03421862798
0.04316491193
0
0
0
0
0
0.001153114368
0.009051585623
0
0
0
0
0.04288268086
0.003616387096
0.02451818096
0.00400344859
0.02694252734
0
0
0
0
0
0.00E+00
0
0
0.001400301529
0
0
0
0.03103467528
0
0
0.008971772748
0.02795022281
0
0
0.007874241961
0.05005170462
0.003922724584
0.02064208486
0.02837408577
0
0.01130247065
0
0.03994388913
0
0.03571512118
0
0
0.009558105311
0
0
0.006693528291
0
0.01521946831
0.009927568377
0
0
0
0
0.004815746604
0.02502729548
0
0.01742090127
0.008846183698
0
0.01130718448
0.01040953066
0
0
0
0.02203875102
0.0171342531
0.01037077294
0.03379411926
0
0.01822880278
0
0
0.02408550735
0
0.05205126253
0.007339165432
0
0.05621163158
0.01981084819
0
0.02832732395
0.03399936824
0
0.03103888452
0
0.01644914516
0
0.02370756959
0
0.02034370572
0.009108616294
0
0.02527928296
0
0
0.01383871609
0.01144079506
0.004497672972
0
0
0
0.02411790697
0
0
0
0.02095722889
0.007025731412
0.02471683062
0.001154904711
0.01475617519
0.01912748035
0.02245007611
0.004010750027
0
0
0.02600841267
0.01720165073
0.04133963949
0.04664757794
0.02885043411
0.00605841787
0
0.01433153129
0
0
0
0
0.02645596684
0.0009188977633
0.0252912209
0
0.01151111933
0
0
0
0
0.03958367155
0.0003125360281
0.02851654306
0
0.01590621657
0.000757406175
0.03467586811
0.01995143418
0
0
0
0
0.001631275599
0
0.001859144587
0.03192584874
0
0
0
0.02896743624
0.007465438899
0.01111614109
0.02725422057
0.0043480178
0
0
0
0
0
0
0.01698253022
0.01878453658
0.009343694021
0.0200217172
0.002117661756
0.0137688469
1.84E-02
0.03771369241
0
0
0.004112627974
0
0
0.002364591
0.02481204537
0.01413454367
0
0
0
0.01562423752
0
0
0.06545212927
0
0
0.04413477293
0.009803755778
0
0.0109799808
0
0
0.03251724337
0.004477011677
0.01100839938
0
0.01067790989
0.005549845164
0.02227124288
0.006125167226
0
0.04312883976
0.01804587377
0
0.03805681505
0
0.0182253848
0
0.006055388754
0.02710117101
0.02417822312
0.006858911743
0.008885584382
0.03418958444
0.05527368663
0
0
0
0.01581659228
0
0
0
0
0
0
0.01941847651
0
0.02131776691
0
0
0
0.03022525415
0
0.0002592247326
0
0.01461233607
0.01723311396
0
0.01589723501
0.006775484216
0.02244332631
0
0
0.01546485925
0.00178533
0
0
0
0
0
0
0.01802524486
0.02807497491
0.01975210914
0
0.01406694307
0
0.01381704044
0
0.01097871133
0.008660985507
0
0
0.003681017981
0.02433455438
0
0.0670101004
0
0
0
0
0.04290396747
0
0
0.004644659032
0.06911949133
0.0100621521
0
0.02440922225
0.005696906444
0.0196049741
0
0.007123121261
0
0.02595032052
0
0.007424484427
0.0215297331
0.02294780314
0
0
0
0.02314196389
0.005012420209
0
0.04929490287
0
0
0
0.009763042162
0.01422151926
0.04388147977
0
0
0.01675912807
0.003289299997
0.02164134756
0.008404366034
0.03076700813
0
0
0
0
0
0.007938123708
0.009273320223
0
0
0.003733138716
0
0.02185721575
0
0.004539124503
0
0.007067016869
0.05283750762
0
0
0.01126273776
0
0.002936934817
0.02538614876
0.02729604976
0
0.03605581233
0.02237703181
0
0.02551714028
0.04181372371
0
0
0
0.004865104473
0.01478235182
0
0.009187434272
0.0304259718
0
0
0.02934777034
0
0
0
0
0.03159643375
0
0.02566824289
0.03233548525
0.007113501291
0.03297118129
0
0
0.0233143633
0.01237033718
0.00976623232
0.00503996291
0
0.01411665213
0
0
0
0.02177896578
0.02036680382
0.01028924431
0.004136674744
0.01082399098
0.01781341746
0
0
0
0
0
0.01172709435
0.02250780775
0.02710993498
0
0
0
0
0.01826852768
0.00235169669
0.03074780279
0.01752597047
0.003729765323
0.01172667007
0
0
0.03782431027
0
0.006877398039
0
0
0
0.004128555262
0
0
0
0
0.00E+00
0.02070128707
0
0
0
0
0
0
0
0
0
0.008935238404
0.050801487
0.00592197736
0.05338446175
0.04133799603
0.00959175152
0.04310908479
0
0.00E+00
0.04276419184
0.06086284775
0
0.0045654195
0.002264741473
0.02465230009
0.03731062441
0
0
0
0.006686957478
0
0.01081215115
0
0.00937389957
0.07263891287
0
0.06071149887
0.00E+00
0
0
0
0.009839540478
0
0.05548176877
0
0
0.0113451817
0.02424079072
0.01101280602
0
0
0.003304212224
0.0150056509
0
0
0
0.001230941852
0
0.0003841257526
0
0.05346013214
0
0
0
0
0
0
0.009369616493
0.06970740172
0
0.03601030572
0
0
0
0
0
0
0
0
0
0.061561544
0.01585467788
0.04488470846
0
0.01989961315
0.03721196545
0
0
0
0.05656420387
0.01017138022
0
0
0
0
0.005359704643
0.007847592593
0
0.02748912592
0
0
0.005294287196
0
0
0
0.01078319134
0
0.008988430536
0
0.007596079683
0.02214093191
0
0.01314983612
0
0.02019788486
0.01146589781
0
0.03593313239
0
0.008710114891
0
0.0004250378747
0
0
0
0.003472327717
0
0
0
0
0.06657968043
0.03532154939
0.03519841266
0
0
0.0013695149
0.01847500889
0
0.002124020891
0.002492541816
0
0
0.06211192101
0
0.03965620953
0
0.03052072634
0
0.01592904397
0.02848985457
0
0
0.02364702962
0
0
0
0
0.004120898719
0
0
0
0.007956615412
0.004806235232
0
0.04132889914
0.05813639309
0
0
0.03205188625
0
0.0233291276
0
0.01207513099
0.00E+00
0
0.008991094849
0
0.01028653622
0
0
0.02068856111
0.008994201621
0
0.01415291032
0.01371907964
0.03119439634
0
0
0.03220299271
0.002206799603
0.02011743134
0.01238341587
0.007841813212
0.01348625024
0
0.002052108199
0
0
0.002617846627
0
0.008357546357
0.01151132591
0
0
0.004850590658
0.04404414205
0.001167135166
0.02327630824
0
0.01997384283
0.005733738745
0
0.01662005668
0
0.01179423654
0.00478990503
0.008217075773
0.0101475541
0.01761014747
0
0
0
0.01230972714
0.01088995884
0.01048729598
0
0
0.02093409025
0
0.02026043529
0.02817819898
0.03412326107
0
0
0.04025983367
0
0
0
0
0
0
0.04058394229
0.01014710191
0.0186854025
0.01586675717
0.02520508337
0.04517486945
0.006278128535
0.04729900375
0
0.0346381977
0.01846300802
0
0.01942825637
0.009053868469
0
0
0.03329288633
0
0
0
0.001278511637
0.009046349476
0
0
0.0008479710483
0.007674148924
0.007962706256
0.04720035933
0.03600520528
0.002882203467
0
0
0.005029829925
0
0.003853014544
0.006908980624
0
0
0
0.02191075755
0.01980422655
0.01524718924
0
0
0
0
0
0
0
0
0.02153514912
0
0.0327914516
0
0
0
0
0.0221850294
0
0
0.0379123652
0.01493865374
0.005378161401
0
0.01629772578
0.016397826
0
0.03574294702
0
0
0
0.03869022903
0.04102998936
0.03627191382
0.04789325379
0
0.06603221865
0
0
0.01542130394
0.003513621271
0
0.01256703174
0
0.03391839402
0.001174960963
0
0.05166333508
0.00E+00
0
0
0
0.01518109239
0.003613122008
0
0.01099673201
0
0
0.01219636878
0
0.03116480199
0.03628292074
0
0.001095889571
0
0
0
0
0
0.01800646369
0
0.01865480339
0.01443339592
0.0480683527
0
0.01348669147
0
0.00186343289
0.04296990195
0.0103523983
0
0
0
0.03113450773
0
0
0
0
0.01645529919
0
0
0.0001895890433
0
0.04802283811
0.01751366389
0
0
0
0.01207304757
0
0.01973490775
0.01065955218
0
0.01854258543
0.006718444017
0
0.0003234629928
0
0.002751829597
0
0
0.009597905148
0.01903874133
0.02886840082
0
0.02086959126
0.0257243126
0.03466264913
0.02031927477
0
0.007498851544
0.01038507805
0.03389733668
0
0
0.02276524947
0.02019643175
0.0207670287
0.004840639914
0.008685010542
0
0.03803620504
0.03529347603
0.001562570142
0.004977336011
0
0.047672189
0.007599660581
0
0.01466974497
0.03698136035
0
0
0
0
0
0
0.003788953943
0.008135242223
0.006630351304
0.003158336918
0.004219187689
0.02032876722
0
0.03661289393
0.02418140365
0.004652437631
0
0.04052140249
0
0
0
0
0
0
0
0
0
0.03942839254
0
0.007688350331
0.005484165592
0
0.02413069372
0.000711932616
0.00896593555
0.0108376584
0
0.02273213866
0
0.01574091828
0.002715889286
0.01609430528
0.04091276807
0.00E+00
0
0
0
0.001492483137
0
0
0.04150440979
0.02885688609
0.007483628667
0
0.02727759359
0
0
0
0.0296344263
0.01625154838
0.02748926778
0.01587361338
0
0
0
0.003872679531
0.01545473298
0.03289471984
0.01302310472
0.02511143669
0
0
0
0
0
0
0.001237627535
0
0.0405167218
0.03891449235
0.01944166867
0
0
0.02208906543
0
0
0
0
0.02689669662
0.01124652735
0
0
0.03788560401
0.00116332326
0
0
0
0
0.005944715854
0
0.03209357871
0.0081178921
0
0.0223013049
0
0.002709702999
0
0
0.02036884596
0.03981127832
0
0.01864287709
0.02521447336
0
0
0
0.05423987416
0
0
0.03406724327
0.01804174876
0
0.02482338394
0
0
0.02267392044
0.009068673236
0
0.0328133872
0
0.01606086587
0
0.006864539036
0
0
0
0
0
0.01230206017
0
0
0
0
0.02285742987
0.03147835879
0
0.05997480144
0.006779276202
0.04976822375
0
0
0
0
0.04398428796
0
0
0
0
0
0.06453689182
0
0.00E+00
0
0
0.004715367148
0
0
0
0.01092264537
0.01531314353
0.0005829244355
0.008066181076
0
0.002086002124
0
0
0
0
0
0.003760949552
0.04808091621
0
0
0
0.02573939409
0.0005057508724
0.02656121234
0.00593966839
0.01399586568
0.009257361065
0.006042660716
0.0281825412
0.00829520466
0.02536635195
0
0.0006932190379
0
0
0
0.03265117521
0.011903096
0.01079534313
0
0
0
0.008428271948
0.04255279758
0.02407581198
0.01248517011
0
0.00398262022
0.0238144482
0.005239612191
0.002734088892
0.03791463417
0
0.01660710436
0.02973631811
0
0.04818320404
0.0008680923259
0
0.02892378052
0.01833843616
0.001857187108
0.03962831375
0.04916996492
0
0.009804245413
0
0
0.03140042757
0.01118181532
0.03311111339
0.01925945235
0
0
0
0
0.02616410474
0.005246702123
0
0
0
0
0.00E+00
0
0
0.0008395945827
0
0.03035772726
0
0.04646338312
0.02763771197
0
0
0
0.02277008453
0.02177705559
0
0
0
0
0
0.005417658394
0.006434039319
0
0
0
0
0
0
0
0.003140414947
0.02180606229
0.01673426034
0
0
0
0
0
0.01063700711
0.02226621825
0
0
0
0.02537351946
0.01656936399
0
0.0405395567
0
0.06018307957
0.009568011599
0.004467460033
0
0
0
0
0.03244304714
0.01728351217
0.02530839028
0.01699345787
0.05456152671
0
0.03249522742
0.030091028
0.03636070024
0.01837504469
0
0
0
0
0.00685216735
0
0.02553589183
0.04616067089
0
0.005333680813
0
0
0.00564039887
0.01238836501
0.03407515651
0.005902348858
0
0.003133062543
0
0
0
0
0.04592742522
0
0.02862046927
0
0.03030368447
0.005574413392
0.005732481639
0.03979785295
0
0
0
0
0.007483928548
0
0.0145845538
0.03421272616
0
0
0
0
0
0
0.05852099714
0
0
0.0326239981
0.04105314667
0
0
0.008456477238
0.006093628391
0
0.0114390952
0.008346427296
0.03259867287
0.009272675821
0
0.01012916373
0.006925926997
0
0.05496214152
0
0.02239298114
0
0.02233008834
0.06389497137
0
0.08539885768
0
0
0
0.009114051561
0
0.01067165978
0
0
0.0121260215
0
0
0
0.00829560834
0.005827237455
0
0
0.01069907355
0
0
0.03652814111
0
0.01136271055
0
0
0
0.03380229003
0.02425800524
0
0.006909250578
0
0.002182567475
0.005409666905
0.002932062101
0
0
0.01876707213
0
0.002589908826
0
0.004745777122
0.01871587721
0
0
0.004181858725
0
0
0
0
0.000498026136
0.07561639573
0
0.00734707223
0.008480016327
0
0
0.002252758562
0
0.006892209352
0.02010625171
0.03381376816
0.009882156514
0
0.007742547469
0.03480631893
0.0460096241
0
0
0
0
0.01013193455
0
0.02115775363
0.02443531708
0.04946009079
0
0.02895466427
0
0
0.001619788124
0.02136720591
0.02497172284
0
0
0.007197995948
0
0
0.02259222742
0.05160294604
0
0
0.0002170511898
0.007021027849
0.01810704483
0.01817402344
0
0.03720239903
0.008957683918
0
0.01153463737
0
0.007781615744
0.01578960006
0.006189279739
6.99E-03
0.04353257606
0
0
0.03413342999
0
0.01984125616
0.00759056825
0.01099824045
0
0
0
0.01590211499
0.004452297115
0
0.0194825433
0.02173248262
0
0
0.0147148191
0.01738784273
0.006951891231
0
0.05768328862
0.03989021058
0.003709053656
0
0.00263494222
0.01007615794
0.04493111893
0
0
0
0
0.02773914629
0
0
0.00868924129
0
0
0
0.0134656914
0.05145903565
0.006407227692
0
0
0
0.01729271613
0
0.005751005633
0
0.01661004278
0.04818996291
0.001256973277
0.02354164536
0.008846014627
0
0.003171881679
0.00E+00
0
0.02651687514
0
0.01615570216
0.03594389767
0.007444497144
0
0
0
0
0.01675718445
0
0.01416175858
0.001165142712
0
0.006472040865
0
0
0
0
0
0
0
0
0
0
0
0
0
0.03765377933
0.009454064264
0.04650125013
0.006818042749
0
0
0
0
0
0
0.04114668631
0
0
0.0007855781014
0.05768014749
0
0
0.007058720254
0
0
8.34E-05
0.01383643579
0.03112384845
0.02960242868
0
0.03099467606
0.01489313118
0
0
0.007562161289
0
0.01210719545
0.022310277
0.01427721928
0.01837742775
0
0
0
0.03458158756
0
0.00581925084
0
0
0.0637572612
0
0
0
0
0
0
0.04437105052
0.02096332648
0.03792439158
0
0
0
0
0.03697758212
0
0.02726563678
0
0
0.01583284498
0.04577436965
0
0.022145885
0.04780504227
0
0
0.02397884305
0
0
0
0
0
0.04352326984
0.02766272918
0.02239722228
0.04225480845
0.005625242183
0
0
0.008540331144
0.00724856359
0.01328428037
0
0
0.0139781034
0.02023243304
0
0
0.005626837344
0.01095717055
0
0.002547360869
0
0.003054453079
0.0417546588
0
0
0.01359002685
0
0.01351134183
0.02263330072
0
0
0.00483088079
0.00804795649
0.002812283973
0.03584773575
0.008184960019
0.002928520818
0.01356243786
0
0
0.03110994399
0.005655588406
0.02131728408
0
0.01455007038
0
0.03037451727
0
0
0
0
1.69E-02
0.01857085719
0
0.02099583592
0.01559599485
0
0
0
0.007197234586
0
0
0
0
0.003013833721
0.009852456323
0
0.02383567597
0.01168489802
0.0215577286
0
0
0.02529419734
0.01311813576
0.01938983407
0.01074703298
0
0.001468179173
0
0
0
0
0
0.02114494696
0.01903642959
0.05568018826
0
0.01185147176
0
0.005716993253
0.02192323064
0
0.01415462422
0.02122389969
0.0154145038
0.02473611667
0.005252713471
0.03352237161
0
0
0
0.004835782978
0.0146071455
0.03592485879
0.02579358449
0.04494638781
0
0.02542065754
0
0
0.05248677338
0
0
0.005895993078
0
0.02136896291
0.02031794062
0
0
0
0
0.07415791907
0
0
0
0.01989345424
0.005681725238
0.02534633462
0
0.003210133312
0
0
0
0
0.02599488531
0.06408286954
0.06129738681
0.002904055579
0.01040582026
0
0
0.03167858586
0.0160927863
0
0.01888658767
0.01932885993
0
0
0
0.01160543576
0
0.001398459717
0
0
0
0
0.0265147771
0
0
0
0.0127974485
0
0.0415358238
0
0
0
0.03202796512
0.03801375557
0
0
0
0
0.01731041903
0
0
0.02209564596
0
0
0.03232807324
0.008921286799
0
0
2.75E-05
0
0.02759339389
0
0
0
0.04317211565
0.05296461645
0.03576964067
0.001577363973
0
0.009447231512
0.00787059453
0
0
0.01277084813
0
0
0.02562583868
0
0
0.003782080038
0.003056043697
0
3.40E-02
0
0.04417936888
0.0171307434
0
0.00991302793
0
0.0308117577
0.01574986967
0
0.005435715751
0
0.01696787328
0
0
0
0
5.50E-03
0.001454996213
0
0
0
0
0
0.02365563591
0
0.01974623617
0
0
0
0
0.05465726716
0.01166361144
0
0
0.02048681122
0
0.03794455598
0
0.005978053697
0
0.03547700389
0.03796177736
0
0
0.01408493376
0
0
0.05672399823
0.01268384512
0.01816987424
0
0.07429047261
0
0.04133612447
0.006487234061
0
0.01214965322
0
0
0
0
0
0.03272299873
0.01134286118
0.03248700121
0
0
0
0
0.01311043812
0.00205720633
0.02105217476
0.005136496449
0
0
0
0
0
0
0.02204770879
0
0.03409550554
0
0.02390818958
0.04420399655
0.009811708324
0.03192638058
0
0.01012697682
0.01340279781
0
0.04889230726
0
0
0
0
0
0
0
0.009275037487
0
0.04110305529
0
0
0.03388158402
0
0.04264520885
0
0
0
0
0.009467179009
0.0210893427
0.006788545061
0.01447884037
0.008399356159
0.04335905776
0
0.03073832125
0
0.007988703916
0
0.02553412304
0
0
0.04907049962
0
0.003463722977
0.01878860427
0
0
0
0
0
0.02029193332
0.01808432057
0.01942512525
0.02460137968
0
0.01533150066
0
0.02845666963
0
0
0.02863574204
0.05315469598
0
0.008631701057
0.03827103356
0
0.03054901276
0
0
0
0.01699258004
0
0
0.03818948418
0.0108578924
0.01908460095
0.04334617236
0
5.79E-03
0
0
0.02835307282
0.001254767479
0
0.001955191048
0.04769829711
0
0
0
0
0.01754579426
0
0
0.01997092857
0.004483887151
0.003005277803
0
0.008544976043
0.01926556461
0.02584393907
0.002932580519
0
0
0
0.03124507925
0
0.01123287555
0
0
0.03101732005
0
0.005073555763
0
0.0088913204
0
0.01190871192
0
0.0003655044815
0.002444592569
0.01545958097
0
0.004702098097
0.001541774402
0
0.002707835504
0.009948133529
0.004265334234
0.01998461075
0
0
0
0.005005473053
0.00171469388
0
0.01180161136
0.003119174169
0.006269577647
0.02286387468
0
0.04365956044
0.01795280552
0.01558935533
0.0143040481
0
0
0
0.03834040849
0.02750219969
0.01530623698
0.02678505663
0
0.001001727257
0.00820373598
0
0
0.02448373577
0.02313858277
0.003617675327
0.009103885123
0.007396804967
0.0177819874
0.008316861581
0.002391079048
0.02560080448
0.01503140125
0
0
0.04114259962
0
0
0.01838481159
0
0.01749276273
0
0.002244050814
0
0
0.004462425978
0.02339027285
0.02222981528
0.04626678706
0
0.02743416247
0
0.01474735617
0
0.0109727462
0
0.01757000715
0.01373731907
0.01465838607
0
0.01282984192
0
0.01650875766
0.01518345314
0.0274083793
0
0
0
0
0.01911593065
0.003271719727
0.00164819665
0.01561746712
0
0
0.02957608198
0
0
0.03040168
0.01353983395
0
0
0.03162793519
0
0.0251617525
0.002382144819
0
0.03170377665
0.009857402224
0
0.03287802826
0.02673694148
0
0
0.009504684987
0.01835200348
0.02411949758
0
0
0.06257470426
0
0
0
0
0
2.63E-05
0
0.03182348944
0.01225950785
0.03247071376
0
0.002416777256
0
0.005700512905
0.007019899062
0
0
0.01807221283
0.03787562056
0
0.00238481391
0.01159732239
0
0.005359915489
0
0
0
0
0.01544339771
0.01606554613
0
0.01577837425
0.03404034647
0
0.005425244575
0
0
0.01407409953
0
0.0001490803713
0
0.00156478
0
0.01340342573
0
0.006471968509
0.02041393692
0.00973664563
0
0
0.02196657101
0.03935738828
0
0.002625087171
0.0003592441139
0
0.006494856896
0.001234614891
0
0
0.002128291531
0.01040696044
0.03145270153
0
0
2.56E-02
0
0.03299645952
0.03129132295
0
0.0141506851
0
0.03957560246
0.05997251062
0.008167336971
0.03557616008
0.0260793996
0
0
0
0.006908276982
0
0
0.008599974698
0.04001177049
0
0
0.06134497805
0
0
0
0
0.02504598851
0.005810461092
0.035118394
0.001359891609
0
0.0175106144
0.03717019244
0
0.01323738346
0.02865596044
0
0.0645388371
0
0.0007425693667
0
0.01365068387
0.04634513724
0
0.05253213211
0.0207450727
0.008635942835
0.04751785415
0.04552039977
0
0.02623303166
0
0.008769603031
0
0.01147263786
0
0
0
0.00893342035
0
0
0
0
0
0
0
0
0.04427825506
0
0
0.002811939272
0.03003432608
0
0
0.03195296402
0
0
0
0.01006162349
0
0.02440659642
0
0.009136415041
0.001668914851
0
0.003981339683
0
0
0
0.02039657074
0
0
0
0.02168961618
0.03588193393
0.008816532387
0
0
0
0.03396583667
0.0276300944
0.01951358558
0.02703960837
0
0.01508833116
0
0
0.03128296764
0.01599516114
0
0
0
0
0
0
0
0
0.02974443674
0.002214404336
0.01969097716
0.01317136166
0
0
0.02269631158
0
0.03338939706
0.01062082131
0.04196251721
0
0
0
0.05017186297
0
0.006927738544
0.05046943635
0.02243279518
0
0
0
0
0
0
0
0.02295401903
0.029565122
0
0
0
0
0
0.002617303477
0.01797256655
0
0
0
0
0.009704818623
0.01389404369
0
0.04581633767
0
0
0.001677573238
0
0.03306295425
0.005404356612
0
0
0
0
0.05996294998
0
0
0.01511894545
0
0.002345480295
0
0.02621579786
0.01986778079
0
0
0.02610445573
0
0.04809297132
0
0.0479768858
0
0.03097290248
0
0
0
0
0.01899223233
0.006765171181
0.05720463308
0.005838748131
0
0
0
0
0
0
0
0.04612786266
0
0
0
0.005562287236
0
0.01205660729
0.04893723677
0
0
0.01260037638
0
0.03449599647
0
0
0
0
0.05123730492
0
0.002183398472
0
0.02085816642
0.009485163682
0
0.0200875013
0.02466675427
0.002318438077
0.0203224716
0.006281589961
0.01750571981
0.003167335551
0
0.002468809399
0
0
0.01374316268
0.01476457314
0
0.01500431523
0.03102332388
0.0138987142
0
0.01564074101
0
0
0.01776507381
0.003984098424
0
0
0
0.004839980735
0
0.0250869505
0.008695683893
0
0.02409030786
0
0
0
0.006814111075
0.03116110293
0.0292889099
0.04839028188
0
0
0.003089727211
0.02984174521
0.008749718089
0.01646406547
0.03214251844
0
0
0.006167870645
0.06010197042
0
0
0
0
0
0.02081858169
0
0.01787432935
0
0
0
0
0
0
0
0
0
0.0103488027
0
0
0.04590088651
0
0.02458765148
0
0.01867624161
0
0.03348966331
0.04501913946
0.03536530038
0
0
0.01868339205
0
0
0
0.04648011743
0.02469838263
0
0
0.02370267492
0.01148398393
0.02157382835
0
0
0.0133861275
0
0.01589132741
0
0
0
0
0.02689481622
0.01362566086
0.005284912408
0.006732123038
0.03228461836
0.02304220033
0.02245648632
0.001139880272
0
0.004401908741
0
0
0.04305131847
0.02211853942
0.007197831582
0
0.001027145976
0.03256094887
0.004312880172
0
0.01630989877
0.04686473314
0.014534935
0
0.005374438556
0
0.01184193309
0.02028261636
0
0
0
0
0
0.01083572956
0
0.0318425797
0
0
0
0.0222336286
0
0.02512307342
0
0.005209442268
0.02449148833
0
0
0.01790946741
0.007528854136
0.005237736607
0
0.003355796869
0.01139189769
0
0.009873515038
0.0155757615
0
0.00369238998
0
0.007819601176
0.02796550008
0.01540379624
0.0132197721
0.02255973486
0.001068770133
0
0
0
0.02666415675
0
0
0
0.02682405347
0
0.02613208771
0.006982633813
0
0
0.01597769874
0.02888912554
0
0
0.01920844565
0.05255157171
0.008100085781
0
0.0008898629629
0.02006974317
0.04827800291
0
0
0
0
0.0159904687
0.04387237403
0.02014543535
0.02548969732
0
0
0
0
0.02930273891
0
0
0
0.009926693576
0.003586158107
0
0.03064452227
0.01975408574
0.008348744274
0.01863845131
0.03712701488
0.01498146046
0
0.03511301119
0.004784566182
0
0
0
0.01441964199
0.03147830619
0.00889371329
0.02975937273
0.04238740053
0
0.00982366445
0
0
0.01618029387
0
0.005152605988
0
0.008118447406
0.02395986789
0.02714234073
0.004081696159
0.0008439367236
0.007494726958
0
0.02684796144
0.008506221652
0
0.002596804554
0.008572492445
0
0.02030396783
0
0
0.01256283307
0
0
0.02253775129
0
0.02577821603
0
0
0
0.008829408295
0.004360270054
0
0
0.04085524906
0.002764410523
0.007554096785
0.004962441762
0
0.0384193718
0.02427616942
0
0.02509814836
0
0.02191821503
0
0.02509481596
0.01137088421
0
0
0.0239525937
0.02549467667
0.01718319761
0.0229932071
0.005077633238
0.003189537202
0.009446234007
0
0.01080215741
0
0.009469010875
0
0.01222953992
0
0
0.02937388824
0
0
0
0
0.03730306578
0.005239020991
0
0.003940347344
0.009249962831
0.007965479185
0.02145038163
0
0.0345491611
0.009865655871
0
0.0005322618538
0.009411162199
0
0
0.01334113159
0.02326239975
0.02992823278
0.009131387172
0
0.01149292523
0.03332295536
0.004414131117
0
0
0.03115166612
0.005251456502
0.0213330547
0.01011552979
0.02384274407
0
0.01690373517
0
0
0.00339048598
0
0.02474763804
0.02512030056
0.00E+00
0
0.04215985513
0
0
0
0
0
0.003289148295
1.72E-02
0
0.04755941563
0
0.0174149703
0.008293171435
0
0.01875982011
0.01423262137
0
0.03577562259
0.03371616535
0.0111293331
0.007644405268
0.02844267224
0
0.02180111816
0
0
0.01639825328
0
0.03776192841
0
0.0006859312355
0.002708194636
0.0003903400388
0
0.01678746452
0.003157868261
0.001000099492
0
0.01119237959
0
0.0338674094
0.02038572181
0.003930531737
0.0005182619131
0.005751555361
0
0
0
0
0.01088373159
0.005905204802
0.02735308641
0.004237173964
0.01756468621
0.01982683928
0.0193959743
0.006613156176
0.005492723636
0.04959589739
0
0.01962668552
0
0
0.03404944641
0
0.02944132443
0.04194607653
0
0.0102469555
0
0.003255131644
0
0
0.006043909033
0.01824435309
0.01140447821
0
0
0.04868313718
0
0
0.006002177838
0.007763010371
0.01063593303
0
0
0.003158069674
0.04022816733
0.01675930671
0.01010939937
0.02470787155
0
0.0142523742
0.01687712558
0
0
0
0
0
0
0.04082207812
0.0008522460165
0
0.01670754711
0
0
0.00595070299
0.02272872769
0.01932796698
0
0
0.01645205837
0.04727582748
0
0.05550323888
0.01556166515
0.0170183801
0.009933156755
0.005047689794
0
0
0
0
0
0.0006105417429
0
0.007305713521
0.01061049476
0.03247684186
0
0
0
0
0
0.04883421617
0.03129881183
0
0
0.002023270365
0
0.03418531873
0.01040299463
1.17E-02
0.002113482593
0
0.007641797688
0
0
0
0.001457792407
0
0.03273071564
0
0.02871239147
0
0
0.03618403969
0
0.01494194312
0
0
0.001254428628
0.02037517869
0.0005143568348
0
0
0
0.018844274
0
0
0.003818253015
0.02359833687
0.01372312986
0.031036021
0.00E+00
0.007730349205
0.01828051578
0.03331146718
0.0006552483993
0
0.005716643495
0.02284346636
0.03124482108
0
0.006374899736
0.03401850686
0.02982570268
0
0
0
0
0.02168541111
0.02149243978
0.0005288160684
0.01989028702
0
0.04525392582
0
0
0.0180059374
0.005887018482
4.34E-06
6.66E-03
0
0.01894490726
0
0
0.01197218342
0.03094589279
0
0
0
0.01867499959
0.0004061663646
0.01891753844
0.02289104498
0
0
0.01211610538
0.007823100548
0.0161269764
0
0
0
0.005062861327
0
0
0
0.01779000452
0.04003932243
0.007089842556
0
0.01717753902
0.05002625079
0
0.02544952828
0.01288546996
0.004309094512
0.0139890148
0.008317543402
0
0.01884924062
0.02306398505
0.02032816065
0
0
0.001849403839
0.006908017387
0.0159502171
0
0
0.0167983471
0.03085781466
0.01232850744
0
0.03459644203
0
0.01529542371
0.002398591215
0
0
0.04210668087
0.01012214473
0.003202435871
0
0
0.02253584772
0
0.00796399791
0
0.02408904732
0
0.02009697226
0.03141864777
0
0
0
0.01175235773
0
0.01093223601
0.03383606682
0
0.02677557112
0.03546672966
0
0
0
0.0131848134
0
0.03134545767
0.02469177799
0
0.02668123118
0.01864882748
0
0
0.02801504176
0.003141186883
0.02023963244
0.05472651824
0
0.0009862039455
0.01104052501
0.04540172263
0
0
0.01361796676
0
0.002633199845
0
0.02013565724
0
0.01018152771
0
0.006087352125
0.005712926648
0.01966513444
0.02120696873
0
0
0.02154236468
0
0
0
0
0
0.002993708748
0
0.01156161591
0
0.0009993585396
0.03886379931
0.0008356314054
0
0
0.00E+00
0
0.04088093871
0.01968270555
0.03659166218
0
0
0
0
0
0
0.02656009006
0.037992585
0
0.02255196202
0.04443599511
0
0
0
0
0
0.01917115994
0
0.02400326788
0.03352633249
0
0
0.002182221723
0.008470800358
0.04440682747
0.03945329248
0.0005008405117
0.006213966783
0.01222021707
0.01429198516
0
0
0
0
0.02842018703
0
0.03617421904
0
0
0
0
0
0
0
0
0
0.00E+00
0.02838695991
0.0149308101
0
0.001109894695
0
0
0
0
0.01488612357
0
0.03604116646
0
0
0.0551951742
0
0.01139382239
0
0.02032419413
0.00278756074
0.01695737326
0.02353009618
0
0.0311442222
0.008593219657
0
0
0.0209612697
0
0
0
0
0.003440935861
0.02887894559
0
0.03707909118
0.02991479675
0.01099411339
0
0.02696120689
0.01611698516
0
0
0
0
0.007683941975
0
0.002222884268
0
0.04088543847
0.01285776718
0
0.02465388112
0
0.0306027999
0.01385545005
0
0
0.021533927
0.05549015888
0.02733958827
0
0
0.0002098723328
0
0.0003814230526
0.02471544276
0
0.0374029366
0
0.01067236816
0
0
0.03466989652
0.01885600605
0.02348057349
0
0
0
0
0.001732087392
0
0
0.05198205699
0
0
0
0
0.00E+00
0.01419112046
0
0.00353364185
0
0.008659587408
0
0.01996922387
1.01E-02
0
0
0.002794742233
0.03078525388
0
0.04950145646
0.007627406479
0
0.01389947432
0
0
0.02852803354
0
0
0.00522293305
0.002747666331
0
0
0.006810020747
0
0.005464066425
0.004869723008
0.05512006975
0.0348691837
0
0
0.03356810059
0.03641709226
0.04631641681
0.002774774005
0
0
0
0.01020867578
0.02677850739
0.05333847804
3.52E-02
0
0
0
0.02049438757
0.03286851952
0.04749354052
0
0
0
0.01003647436
0.002542070686
0.03827956624
0.007610033168
0.00663685928
0.01792612907
0
0
0
0.002338915784
0.00770411131
0
0
0.0233691403
0.004038351815
0.005336554188
0
0
0
0.008211571126
0
0
0.04032845295
0
0.006016098543
0.01733608546
0.02140300358
0
0
0.007148602424
0.007544497483
0.01344867489
0.03586408167
0.01809750561
0
0
0.03657201199
0.02655191087
0.02477649126
0.01056356287
0.05232885203
0
0
0
0
0
0.0007713378746
0
0
0.007317324739
0.0652775485
0
0.01896055213
0
0
0
0
0.02848423729
0
0.02378114501
0.04018596052
0.01639822835
0
0
0.01845693773
0
0.01948589162
0
2.08E-05
0.02113390177
0.006672854066
0
0.04482348393
0
0.004438673016
0
0.01041198246
0.01994190661
0
0
0
0
0.03970288757
0.03613263719
0.01418338636
0
0.02420084338
0.01094993329
0.06816406618
0
0.03060218931
0
0
0
0.01211528858
0.03412784479
0.0169988812
0.02366985816
0.003716671636
0
0.01660803572
0.01665361963
0
0
0
0.004297867205
0.01108926784
0
0.007185936162
0
0.003538735728
0
0
0
0
0.0002447188657
0.001462781903
0
0
0
0.01225320088
0
0.01688456821
0
0
0
0
0.01575777427
0
0.004749452828
0
0.006635265868
0
0.01716953982
0
0.03163221078
0
0.02016083783
0.002012839026
0
0
0
0
0.03405349325
0.02512135141
0
0.0348232428
0.05085487554
0
0
0.005265588212
0.00494601019
0.03661224949
0.009472053741
0.007742888943
0
0
0
0.03886743493
0
0.02327248071
0
0
0.02086141336
0
0.00796753723
0
0
0.008359749516
0
0
0.02889153198
0
0
0.01939519821
0
0.01639321306
0.002907694362
0.01976971035
0.00524894874
0.01487310635
0.01195663969
0
0
0.01054483972
0.006111080273
0
0
0
0.03730961083
0.0007429705432
0
0
0.03108632508
0.03065046989
0
0.004199785068
0
0
0.003670203277
0
0.003988175883
0.01289789017
0
0.03146699875
0.02121344767
0.04762391362
0.02369863837
0
0.05183025511
0
0.02384105745
0.003553300899
0.006671203184
0
0
0
0.03292021503
0
0
0
0.0120507119
0.03135493006
0.04292253678
0
0
0.01963488223
0
0
0.0002489558235
0
0.01952139991
0
0
0.03001843237
0.0247092434
0
0
0
0
0.003571398319
0
0.01386805596
0
0.03254089821
0
0
0
0
0.06304127176
0.00779536665
0
0
0
0
0
0
0
0.03930233978
0
0
0.04231193759
0.03047899121
0.06191787009
0.008015552956
0
0.06350732809
0
0
0.04044343004
0.00151453357
0.01890778916
0
0
0.01631052062
0.01796024211
0
0
0
0.02074264086
0
0
0
0.03476152903
0.02310250127
0.02624111574
0.004691109595
0
0
0
0
0
0
0.04824849446
0
0
0.01161395043
0
0.04070836015
0.01035826388
0
0.01739749277
0.02278621904
0
0.00E+00
0
0
0
0
0
0.0660579427
0
0
0.007759972702
0.0371772327
0
0
0.03164761494
0
0.01369387571
0
0
0.01981182973
0.02721429667
0
0
0
0
0
0
0.0004758303347
0.01945812765
0.02380639225
0
0.02429334987
0.003666929333
0
0.011993565
0
0.05405304106
0.0146584711
0.0007914437392
0.01642301155
0.009492524516
0.001488730619
0.01686407577
0.0248260707
0.004453577873
0.02625269915
0.0091932622
0
0.0191329719
0
0.03121174449
0.03546003306
0.02078657567
0
0.0156878289
0
0.03340108802
0.02101720026
0
0
0.008309857628
0.003197899568
0
0
0.01768376606
0.02183838068
0
0
0
0.007811550725
0
0.02585250111
0.00E+00
0.01250399074
0.05665482326
0
0.001708379739
0.03960875422
0.02318799203
0.02063807532
0
0
0.01226487144
0
0.0463024319
0.009625129172
0.006681214025
0
0.001873233721
0.01736073593
0
0.03227245542
0.01150000754
0.02437763194
0.003189478967
0.02105259837
0.01176970397
0
0
0.03633483206
0
0
0.006034537604
0
0.01512702908
0.001876349956
0
0
0
0
0
0.003385501742
0.007006908587
0
0.0009086920765
0.006863480573
0
0
0.009417267604
0.009758118604
0
0.009150048691
0
0
0.01798322496
0.01003430578
0
0.04627605219
0
0
0
0
0
0.0240706952
0
0
0.007371273144
0
0
0
0.01607088568
0
0.03286829055
0
0.01447114846
0.0207317375
0
0
0
0
0
0.006835137583
0
0
0
0.0236881467
0
0
0.03279625987
0
0.02446429831
0
0.0554970254
0
0.02406858585
0
0
0
0.014739376
0
0.05805938618
0
0.03243503463
0.004490435221
0.01681294225
6.86E-02
0
0.0223466246
0.003718689433
0
0
0
0
0.01321345382
0.01393513399
0
0.009345872213
0.00284244155
0.01434371041
0.04688790667
0
0.02429296843
0
0.001332472461
0.03333612744
0
0
0
0
0.03555765656
0.009219384161
0.01083763217
0
0
0
0.005007409997
0.0211801558
0
0.001791329049
0
0
0
0.05288722125
0.02087196295
0.02049932061
0.008921128731
0
0
0
0
0
0.04578160926
0.03995710892
0
0.007500354925
0.03363595933
0
0.009334001516
0
0.02590469817
0.02974304362
0
0
0
0.01113149679
0.02060360499
0
0
0
0
0.02927327967
0.0335460584
0
0.004599818156
0.0002338553199
0.001539946022
0
0
0.03217534303
0.007589446818
0.006524657536
0.03321210471
0.008204084976
0.005731677451
0
0.01151872308
0
0.01618587091
0.01402465513
0
0.005482944638
0
0.03532588427
0
0.03284655573
0
5.50E-03
0.03016644113
0
0.004948431766
0.02728525917
0.01790193818
0.0003074995852
0
0
0.03099905733
0.009282015071
0
0.003123767673
0
0
0.02044013903
0
0.01274474141
0
0
0
0
0.0443526039
0
0.03074040383
0.01705445074
0
0
0.006755475484
0
0
0
0
0
0.006785879294
0.01323966178
0
0.005281162863
0
0.01767228332
0.03897894515
0.005755806021
0.01189722151
0
0
0
0.03365847446
0.005990151087
0.01712951695
0.04638136207
0.0005872319079
0.04629832874
0.03306790401
0
0.008419174926
0.01389801429
0
0.001641836012
0.02334826531
0
0.04786622106
0
0.00920167287
0
0.005341589088
0.02840598078
0.02763551864
0.003042045796
0.01562817904
0.01476552024
0.001333827891
0.03310858857
0
0
0
0
0
0
0.009826984852
0
0.02727866262
0.04434243428
0
0.02013356537
0
0
0
0
0
0.0257078244
0.0354998621
0.01829079374
0
0
0.004028676651
0
0
0.01082404692
0
0.02392211432
0
0.0002040909725
0.04412691956
0.01356739027
0
0.0223716115
0
0
0.01262886957
0
0.01466335535
0
0
0
0.04782391779
0.02407500571
0.04490154882
0
0
0.003948304339
0.002661959562
0
0
0
0.01260406864
0.00843996842
0
0.002440535161
0
8.75E-05
0
0
0.02336930569
0
0
0.02309140852
0.03617998867
0.07594998688
0.0210370039
0
0.007584977973
0
0.02413124795
0.01983535735
0.005585645328
0
0
0.03387411032
1.28E-02
0
0
0.001904931801
0
0.03713195967
0
0
0
0.01349948133
0.00329484055
0.04035422437
0
0
0.005197647535
0.03671397625
0.02217687889
0
0
0
0.02160630086
0
0
0
0.001503392606
0.03777611353
0.007759232819
0.0108362057
0
0.03252881353
0.03934172216
0
0.0349750817
0.003630193037
0.01011549045
0.01735681538
0.05486238462
0.02772197408
0.04415525642
0.0216066292
0
0
0
0
0
0
0.00302999583
0
0.02024582441
0.01975000368
0
0
0.03000886907
0
0
0.0305442757
0
0.007385630618
0.01271541368
0.0302747832
0
0.004842800399
0.002394287058
0
0
0
0
0.002481514701
0
0
0.02213274352
0
0
0.01411895283
0
0
0.02409523244
0.004251797772
0
0
0
0
0.02661203541
0.0004763716751
0
0.004458755298
0.02086604587
0
0.009551564101
0
0.001864212827
0.03845607072
0.04260431182
0.005216414774
0
0.01093950847
0.01879009162
0.004901283632
0.0006819045366
0
0
0.00E+00
0.01019435202
0
0.0386944126
0
0.01250537865
0.01503512186
0.009931364426
0
0.02973034164
0.009481800091
0
0.00E+00
0.01831603533
0
0.01820019599
0
0.02054447831
0.003064669189
0
0
0
0
0
0
0.01894941979
0.0177353864
0.01557273689
0.01268046638
0.01372493482
0
0
0.008988637272
0.000482798065
0.002892079146
0
0.04524208502
0
0
0
0.02864354611
0
0.02018508985
0.01129805101
0
0.01016590964
0
0.01219032979
0.03537824776
0
0.01001144483
0.00E+00
0
0.002098470328
4.73E-05
0
0.02592726969
0
0
0.02880910307
0.008144710098
0.004434716802
0.03184463959
5.18E-03
0
0
0.03240169285
0
0
0.006651563142
0.01389154614
0.004268757084
0
0.02785007628
0
0.06710663655
0.02220471009
0
0.03855731276
0.03029775719
0.002454809119
0
0
0.00212567293
0.0294568207
0.02018986858
0
0.01116879596
0
0
0
0
0.01504371918
0.02088460662
0
0
0
0.0002623645496
0.02934683868
0.04405350949
0.01738665668
0
0.0304207427
0.03920992259
0
0.009495255885
0
0.02117253188
0
0.02386471041
0
0.02728462508
0
0.0262674252
0.001867453521
0
0
0
0
0
0
0
0.01916742457
0.0312874191
0.002166217718
0
0
0
0.002794375509
0.005631501116
0
0.03656300331
0
0
0
0.01724856704
0
0.001048699886
0.01452645537
0
0.03888313333
0.01925729074
0
0
0.04765050335
0.05008951373
0.01762800966
0.005166377088
0.03712954022
0
0
0.01210952038
0.01617906952
0.01715149434
0
0
0.02440415906
0.0246758759
0.01338947791
0
0.003174348044
0
0
0
0
0.04090242783
0.02805192099
0
0.01576770554
0.0179969272
0.001522332695
0.03692566769
0.01435253998
0
0
0.01392302514
0
0.006998238723
0.005167948212
0
0.004456407259
0
0.001265957486
0.01021584261
0.03244443198
0.03252568374
0
0.0121538749
0.01047708269
0
0.01421271652
0.01744670359
3.58E-02
0
0
0.03620675141
0.03337689306
0
0
0.01558021684
0
0.005943045219
0
0.002965262277
0.007945522952
0.007477185175
0.009052116874
0
0.01607245254
0
0.0142307283
0
0
0.02110672005
0.004904836329
0.0144353044
0
0.01610916751
0
0
0.02821396051
0
0
0.0003572740024
0
0.009732909762
0.02704496138
0.0001558320014
0.0086151587
0
0
0
0.03336935564
0
0.01434246459
0
0.02245344853
0.009507500156
0.03079799085
0
0.009307406138
0
1.28E-02
0
0.01338228604
0
0
0.01998407515
0.04395457285
0
0
0.006794971095
0
0
0
0
0.00493977947
0
0
0
0
0
0.01621677296
0
0
0
0.04601941041
0
0.003169386617
0
0.0141340661
0.004957709654
0.007706757301
0.0432561262
0
0.07608702658
0.0008778428451
0
0.03713770123
0.01460256866
0.01415186161
0
0.001729980115
0.0491787769
0
0.04126877543
0
0
0
0
0
0
0.0256574691
0.02929380202
0.001036654955
0
0
0
0
0.001620621379
0.01767564063
0.04933122091
0.04713947409
0.03089486114
0
0.01946740456
0
0.02407903293
0.010512808
0.006244307062
0.0116933091
0
0
0.02918718405
0.0290831964
0.02770965123
0
0
0
0.0005663367803
0
0.02074674336
0.007952133904
0
0.035665597
0.02393785871
0.01553068801
0
0.02635954742
0.05312817853
0.003336874644
0.01337894589
0
0.01944273394
0.02394485681
0.02971045737
0.01141910285
0.04842206378
0.02073258192
0
0
0
0
0
0
0.01505349393
0
0.02958620954
0
0.01341970087
0.00445251556
0
0
0
0.01085858747
0
0
0.02581185138
0
0.01208660039
0
0.001460964364
0.02907274214
0.04054471673
0
0
0
0
0
0.01162149531
0.01535726931
0.008916218244
0
0.01704915746
0
0.006672458903
0.02750661547
0
0.004402951141
0.001682922465
0.001512804932
0.03229884925
0
0
0.02371101325
0.02222852323
0
0
0
0.003653104822
0.004730393985
0.02486274333
0
0
0
0
0
0.01309251566
0
0.01371373718
0.02649721123
0.01043977796
0.006564035002
0.03561599222
0
0.02699123834
0
0.02658354722
0.00E+00
0
0
0.01168024683
0
0.008082072495
0.03107118497
0
0.01217051136
0.01751633891
0.01507614234
0.01955118139
0
0
0.003406414534
0.01332039451
0.004286992237
0
0.01992478671
0
0
0
0
1.63E-02
0.02462843098
0.00605012902
0
0
0.01443287972
0
0
0.03671237354
0.0080624972
0.008963812528
0.03269044735
0.0562337248
0.01335066261
0.01524382949
0.004044468295
0.002527313998
0.008972027153
0
0
0.064294859
0
0
0
0
0.01429850151
0
0.01565981795
0.03032254665
0
0
0.003215188555
0
0.06608805854
0.04178532917
0
0
8.93E-05
0.02157475516
0.02216804736
0.0186639052
0
0
0
0
0
0.03530642802
0.01531995798
0
0.01189027659
0
0
0.01558176459
0.0303832917
0.004231980898
0
0.02585321677
0
0
0
0
0.07035090449
0
0
0.02862569693
0
0
0
0
0
0.007006684412
0
0
0.05294377856
0
0
0
0
0
0.01202653425
0.0009081981426
0
0
0.02332498501
0.01150251013
0.05664379191
0.02536525157
0.01164031029
0.02240178031
0.04700650204
0.01944151207
0
0
0
0
0.02016553183
0
0
0
0.001226888209
0.02636797781
0.04958454573
0
0.001488145464
0.002684908299
0
0
0.0138009128
0.04121498876
0
0
0.04697817499
0.01080097432
0.003286763305
0
0.03336507218
0
0
0
0.00550947196
0.01723346836
0.02067211078
0
0
0
0
0
0
0
0
0.00593140049
0
0
2.23E-02
0.02729638644
0
0.0700262448
0.02043659518
0
0.03301674069
0
0
0
0
0
0
0
0
0.005068844134
0.0007700489158
0.04728525298
0.007474361714
0.05344081277
0
0
0
0
7.39E-05
0
0.00679785622
0
0
0.01923082194
0.03028562487
0
0
0.00E+00
0
0
0.01517782979
0.00924276694
0.06427475273
0.01054465728
0.007445817906
0
0
0
0.008741292661
0.01050247559
0.002834371152
0
0.01531804155
0
0.01958547794
0.02463797392
0
0.007385359962
0
0
0.05579877789
0
0.006260203969
0
0.00E+00
0
0.003609268534
0
0.02499973693
0.006015722994
0.00527004149
0
0.02205620181
0
0
0.0113951072
0.001912274954
0.02860040027
0.03261395034
0.008349238034
0
0
0.01071351926
0
0.01654184385
0
0
0.0198261712
0.012440688
0.008100539765
0.01119180515
0.009728115845
0.009485682191
0
0
0
0.005077997377
0.01722774384
0
0
0
0
0.02475450493
0.03670536136
0
0
0.03049191036
0
0
0
0.0148625959
0.01502554911
0.02944900932
0.01350420175
0
0.03213130125
0
0.006168301258
0.03309689705
0.004230635783
0
0
0.01782076686
0.0452385763
0
0.02137977926
0
0
0
0
0.009738541368
7.11E-07
0.005544310917
0.005796241766
0.01205997361
0.0009845264626
0.005195429975
0.03297425082
0
0
0.03971587095
0.03596498708
0.01578392958
0.03693631909
0
0.02960509163
0
0.002056431418
0.04580773833
0
0
0.01277239963
0
1.52E-02
0
0.01357240054
0.01098478398
0.01498615817
0
0
0.006853772907
0
0.01034788959
0.01853073542
0
0.01310450938
0.01609364869
0
0.0102649396
0
0.004009858038
0
0.007200665364
0
0.007595805736
0
0.01320765643
0
0.01061663239
0.01403494151
0.005097815844
0.006721770145
0.03268473404
0.01367694488
0.008862379072
0.02622298057
0
0.02067174096
0.01005770401
0.008961458724
0.02804566116
0
0.004588510809
0.007237200622
0.002688149917
0.01986048873
0.01986149106
0
0
0.03453525861
0
0.02212133798
0.0134310344
0.007465450845
0.004424267817
0.01701180063
0.01408977759
0
0.02541450742
0.02381681781
0.01477235323
0.03553690486
0
0.03493952727
0
0
0.0007581441635
0.04332955558
0.01676663028
0.03034288636
0.009971233687
0
0.01827740925
0.008669807259
0.008929691723
0.03067249802
0.008679318884
0.01754778163
0.01171522585
0
0
0
0.02243886195
0.005287054854
0
0.005528924484
0
0
0
0.03397795431
0.01983839543
0
0
0
0.0184477467
0.0004055279295
0.001309322542
0
0.02495205937
0