0 4.5e-05 0 4.5e-05 0.00013 5e-05 0 0 0 0 4e-05 8e-05 2.5e-05 0 4.5e-05 6.5e-05 0.00023 2.5e-05 0 4e-05 8e-05 4e-05 1e-05 0.00013 0 4.5e-05 4.5e-05 0 0 0 2.5e-05 0 0 4.5e-05 0 2e-05 2e-05 4.5e-05 2.5e-05 0 4e-05 0 3.5e-05 3.5e-05 0 2.5e-05 0 5e-05 3.5e-05 5e-06 5.5e-05 3.5e-05 3e-05 2.5e-05 4e-05 5.5e-05 0 9e-05 0 5e-05 3.5e-05 0 1.5e-05 4e-05 2e-05 0 0 0 0 0 0 0 4e-05 0 0 2.5e-05 4e-05 3.5e-05 1.5e-05 3.5e-05 0.00012 7.5e-05 0 6.5e-05 5e-05 2e-05 3e-05 0.0001 5.5e-05 2.5e-05 1e-05 1.5e-05 0 2.5e-05 4.5e-05 8e-05 6e-05 4e-05 4e-05 2e-05
0 2.5e-05 2e-05 0.00013 7e-05 0 0 3e-05 0.00011 0.00014 4e-05 3e-05 1.5e-05 4e-05 0.00022 0 0 3.5e-05 6e-05 9.5e-05 5.5e-05 0.000145 0 1.5e-05 0.000125 6e-05 0 5.5e-05 5.5e-05 4e-05 7e-05 0 5.5e-05 2.5e-05 4e-05 3.5e-05 4e-05 6.5e-05 3.5e-05 4.5e-05 0 0 2e-05 0 3e-05 0 5.5e-05 0 8e-05 5.5e-05 0.000225 4e-05 3e-05 3e-05 4e-05 0 2.5e-05 3e-05 0 0 3e-05 1.5e-05 9e-05 3.5e-05 0 5e-05 2.5e-05 4.5e-05 0 0 4.5e-05 0.00015 0 6e-05 1.5e-05 3e-05 2.5e-05 6.5e-05 3e-05 3.5e-05 1.5e-05 0 5e-05 0 0 9.5e-05 3e-05 0 1e-05 0 0 0 1e-05 0 0 3.5e-05 0 0 0 2e-05
0 3e-05 2e-05 0 3.5e-05 3e-05 0 4.5e-05 6e-05 3.5e-05 6.5e-05 3.5e-05 3.5e-05 0 0.00018 5e-05 0 4.5e-05 2e-05 0 3.5e-05 0.00025 5.5e-05 0 2.5e-05 0 0 5.5e-05 4.5e-05 3.5e-05 1e-05 0 3.5e-05 2.5e-05 6.5e-05 5e-05 0 4.5e-05 0.000135 0 4e-05 0.000235 0 4.5e-05 3.5e-05 0 3.5e-05 6.5e-05 6.5e-05 0 0 0 2e-05 3e-05 0 1e-05 0 0 2e-05 0 0 4e-05 5e-06 3.5e-05 0 2.5e-05 4e-05 4e-05 0 1.5e-05 6e-05 0.000145 0 8e-05 0.000105 7.5e-05 0 0 0 2.5e-05 0.00011 0 0.000225 2.5e-05 2e-05 9e-05 0 2.5e-05 3e-05 0 2.5e-05 0 1.5e-05 3e-05 7e-05 0 5e-06 0 2e-05 3e-05
2.5e-05 0 5e-05 8e-05 3e-05 1.5e-05 0 5e-06 0 6e-05 0 1e-05 0 6e-05 0 0.0001 4.5e-05 0 0 2.5e-05 1e-05 0 0.000145 0.000155 5e-05 3.5e-05 5e-05 3e-05 5.5e-05 8.5e-05 0.000115 3.5e-05 2e-05 0 0.000145 4e-05 0 2e-05 3.5e-05 1.5e-05 0 3.5e-05 0 2.5e-05 2e-05 0 0 3.5e-05 6.5e-05 0 0 4e-05 0.0001 9.5e-05 0.000165 0 2.5e-05 2.5e-05 0 0 3.5e-05 0 0 4e-05 2.5e-05 0 1e-05 0 0 3.5e-05 3e-05 0 5.5e-05 0.00017 8e-05 3.5e-05 3.5e-05 9.5e-05 2.5e-05 2.5e-05 0 5.5e-05 0 3.5e-05 2e-05 0.000135 6.5e-05 3e-05 0 6e-05 4e-05 0.00025 3.5e-05 4e-05 0 0 3e-05 0.000105 0 0
0 4e-05 3e-05 4e-05 0 7e-05 4e-05 1.5e-05 5e-05 0 1.5e-05 0 0.00011 0 0 2e-05 4.5e-05 0 3.5e-05 2.5e-05 7e-05 3.5e-05 0 3e-05 5e-06 5e-05 0 0.000105 6.5e-05 0 0 9.5e-05 9.5e-05 4.5e-05 3.5e-05 2.5e-05 0.000195 0 6.5e-05 4.5e-05 0 2.5e-05 0 0 0.000175 3.5e-05 8e-05 2.5e-05 2e-05 0 5e-06 4e-05 1e-05 4.5e-05 0 0 0 3.5e-05 0.00011 0.00011 0.000115 5.5e-05 6e-05 2.5e-05 4.5e-05 4.5e-05 0 9e-05 3e-05 0.00012 6.5e-05 0 0 0 0 0 4e-05 0 5e-06 4.5e-05 0 4.5e-05 5.5e-05 4e-05 0 4e-05 7e-05 0 0 2e-05 6.5e-05 0 4.5e-05 3.5e-05 2.5e-05 4e-05 7.5e-05 0 0 0.000185
0 3e-05 7.5e-05 6e-05 0 0 1.5e-05 2.5e-05 0 0 0 2e-05 4e-05 0 7e-05 0 0 4.5e-05 3.5e-05 2e-05 6e-05 0 3e-05 0 0.000135 0 0 3e-05 2.5e-05 0 3.5e-05 1.5e-05 3e-05 3.5e-05 0 6e-05 1.5e-05 0.000125 1.5e-05 7e-05 0 2.5e-05 5e-05 2e-05 0 5e-05 4.5e-05 0 1.5e-05 0.000125 0 0 0 0.000185 2.5e-05 5.5e-05 5e-05 0 3.5e-05 5e-06 0 5e-05 3e-05 0 0 4.5e-05 0.000115 0 0 0 7.5e-05 2.5e-05 0 1.5e-05 8e-05 0 0.0002 5.5e-05 0 9e-05 0 3.5e-05 5e-05 2e-05 6e-05 5.5e-05 3.5e-05 4.5e-05 2.5e-05 9e-05 0.00014 5.5e-05 0 2.5e-05 0.000125 0 4e-05 0 1.5e-05 0
4e-05 1e-05 0 1e-05 0 5.5e-05 1.5e-05 5e-05 4e-05 0 2e-05 0 2e-05 3e-05 2.5e-05 4.5e-05 5.5e-05 3e-05 8.5e-05 4e-05 5e-05 4e-05 0 4.5e-05 6e-05 4e-05 0 4e-05 0 0.0001 4.5e-05 5e-05 0 7.5e-05 2e-05 3e-05 2e-05 0 0 7.5e-05 1.5e-05 0.000235 0 3.5e-05 0 0 6e-05 0 0.00017 2e-05 2.5e-05 0 3e-05 0 0 0 1e-05 2.5e-05 5e-05 0 5.5e-05 5e-05 0 2e-05 0 3.5e-05 4e-05 0.000135 0.000125 0 0 3e-05 3.5e-05 4.5e-05 2e-05 4e-05 3.5e-05 2e-05 3.5e-05 0 0 0 0 2.5e-05 0 3.5e-05 0.00021 0.00015 2.5e-05 5e-05 0 0 3e-05 0 1e-05 0 0 1.5e-05 3.5e-05 0
0 0 1.5e-05 0 2e-05 5.5e-05 6e-05 0.0002 1e-05 0 0.000175 0 0 1.5e-05 3e-05 0 0.000105 3.5e-05 8.5e-05 3e-05 4.5e-05 3e-05 5.5e-05 4.5e-05 0 5e-05 3e-05 0 3.5e-05 5e-06 0 4.5e-05 0 3e-05 2e-05 0 3e-05 4.5e-05 0 2.5e-05 4e-05 4e-05 0 8e-05 2.5e-05 0 0 0 0 0 0 2e-05 5e-06 0 2.5e-05 0 5e-06 6e-05 7e-05 3e-05 6.5e-05 0 0 8e-05 0 0.000265 0.00011 4e-05 6e-05 0 0 4e-05 3.5e-05 6.5e-05 4.5e-05 4e-05 2e-05 0 0 8e-05 3e-05 0 2.5e-05 0 0.000185 3e-05 0 0 5.5e-05 2e-05 3.5e-05 0 0.000205 0 3e-05 8.5e-05 2e-05 4e-05 2.5e-05 0.000105
4.5e-05 2e-05 0 0 3.5e-05 0 0 0 0.000175 0 3e-05 3.5e-05 3e-05 0 8e-05 2.5e-05 7.5e-05 4.5e-05 2.5e-05 7e-05 2.5e-05 0 0 0 0 3.5e-05 4.5e-05 2.5e-05 0 0 2e-05 0 0 0 0 7.5e-05 4.5e-05 0 0.000105 0 0.00011 3e-05 2.5e-05 2.5e-05 2.5e-05 0.0001 0 1e-05 2e-05 4.5e-05 8.5e-05 0 3e-05 4e-05 2.5e-05 9e-05 3e-05 0 6.5e-05 9.5e-05 0 6e-05 0 4.5e-05 3.5e-05 2.5e-05 4.5e-05 0 3.5e-05 0 3e-05 0 4e-05 2.5e-05 5.5e-05 0 4.5e-05 1.5e-05 4.5e-05 0 5.5e-05 0 2.5e-05 0 5.5e-05 7.5e-05 2.5e-05 3.5e-05 3e-05 3.5e-05 3.5e-05 2.5e-05 1.5e-05 4e-05 9e-05 3.5e-05 0 5e-05 4.5e-05 0
4.5e-05 0 3.5e-05 0 0 7e-05 5.5e-05 0 5e-05 5e-05 5e-05 4.5e-05 3.5e-05 3.5e-05 3.5e-05 4e-05 8.5e-05 0 5e-05 0 0 3e-05 3.5e-05 0 3.5e-05 0 4.5e-05 2e-05 3e-05 0 6.5e-05 5e-05 0 4.5e-05 2e-05 3.5e-05 4e-05 0 2.5e-05 4e-05 0.00015 0 0 9.5e-05 2.5e-05 9e-05 4e-05 2e-05 3.5e-05 8e-05 6.5e-05 0 0.00013 0 3.5e-05 0 5e-05 3.5e-05 8e-05 1.5e-05 1.5e-05 0.000195 0 0 2.5e-05 6.5e-05 4e-05 0 7.5e-05 0 4e-05 0 5e-05 4e-05 0 0 2.5e-05 2.5e-05 2e-05 3e-05 3e-05 4e-05 3.5e-05 0 1e-05 4e-05 0 0 0 0.00012 0 2e-05 3e-05 0 0 0.000115 5e-06 0 0 0
0 3.5e-05 4e-05 0 3.5e-05 0 0 3.5e-05 3.5e-05 0 3.5e-05 6e-05 2e-05 0.00013 0 4.5e-05 0 9e-05 4e-05 0 2e-05 0 3.5e-05 0 0 4.5e-05 9.5e-05 0.00018 5e-05 0 2.5e-05 4e-05 0 0.000185 0 1.5e-05 0.000245 4.5e-05 0 5e-05 5e-06 8e-05 2e-05 0 1.5e-05 3e-05 0 0 0 0 0 0 2e-05 1e-05 2.5e-05 2e-05 0 0 1.5e-05 2.5e-05 6.5e-05 5e-05 6.5e-05 9e-05 4.5e-05 0 4e-05 4e-05 0 6e-05 0.000305 2.5e-05 3e-05 5e-05 4.5e-05 3.5e-05 3.5e-05 2.5e-05 0 3.5e-05 0 0 6e-05 3e-05 3.5e-05 3.5e-05 0 3.5e-05 0 0 6.5e-05 6.5e-05 0.00015 0 0 0 2.5e-05 4e-05 2e-05 0
4.5e-05 7.5e-05 6e-05 3e-05 0 0 0 6.5e-05 0 0 0 3e-05 0 5e-05 4.5e-05 2e-05 0 5.5e-05 3e-05 4e-05 0 4e-05 0.000175 3.5e-05 4e-05 8e-05 4e-05 3.5e-05 0 2.5e-05 0.000105 2.5e-05 0 3.5e-05 6e-05 0.000125 6e-05 5e-05 0.000185 0 3.5e-05 4.5e-05 0 0 3e-05 0 4.5e-05 0 1e-05 0 3e-05 4e-05 3.5e-05 6e-05 3e-05 0 0.000235 3.5e-05 0 0 0 2e-05 0 2.5e-05 5e-05 0.00017 0 2.5e-05 0 3e-05 2.5e-05 3e-05 2e-05 8e-05 7.5e-05 2e-05 0 0 0 1.5e-05 1.5e-05 4e-05 0 2e-05 2.5e-05 0 3e-05 0 3e-05 0 5e-05 0 0 2.5e-05 2.5e-05 0 0 0 0 2e-05
2.5e-05 7.5e-05 5.5e-05 0.00013 4e-05 0 4e-05 3.5e-05 0 2.5e-05 3e-05 0 5.5e-05 0 0 1e-05 0 0 0 3e-05 0 2.5e-05 0 5e-05 2.5e-05 0 0 4.5e-05 0.0001 0 0.00013 5e-06 1.5e-05 5e-06 8e-05 5e-05 5.5e-05 0 2e-05 5e-05 2.5e-05 0 2e-05 0 2e-05 3e-05 0 4.5e-05 0 4.5e-05 7e-05 4.5e-05 1.5e-05 3.5e-05 2.5e-05 0.00014 0 0 5e-05 3.5e-05 3e-05 0 3.5e-05 7.5e-05 0.00011 3.5e-05 0 3.5e-05 4.5e-05 3e-05 4.5e-05 4e-05 0.000135 5.5e-05 6e-05 0.000225 0 0 0 4e-05 8e-05 2.5e-05 4e-05 0 0 8.5e-05 5.5e-05 5e-06 0 0 4.5e-05 5e-05 2e-05 0 5.5e-05 5e-05 0 0.00018 3.5e-05 0
0.00012 4.5e-05 2e-05 0.000125 0.00013 0 0 2e-05 4e-05 2.5e-05 5e-05 2.5e-05 0 0 0 0 3e-05 0 0 2.5e-05 0 0 0 5e-05 6e-05 0 7e-05 0 0 5e-06 0 1e-05 0 3e-05 3.5e-05 7e-05 0 6.5e-05 5e-05 2.5e-05 4.5e-05 8e-05 3e-05 4e-05 4.5e-05 0 2e-05 2e-05 5e-06 0 0 3.5e-05 4e-05 3.5e-05 0 3.5e-05 0 3.5e-05 0 0 0 3.5e-05 9.5e-05 3.5e-05 0 0 3e-05 3e-05 4.5e-05 4.5e-05 2.5e-05 4e-05 6.5e-05 5e-05 0 9e-05 4.5e-05 0 4.5e-05 3.5e-05 0 0.00017 0 3e-05 0 2.5e-05 3.5e-05 2.5e-05 8.5e-05 3e-05 0 4e-05 0 0.000165 1.5e-05 5e-06 4e-05 0.0001 4.5e-05 0
9.5e-05 3e-05 0 7.5e-05 1e-05 9.5e-05 4e-05 0 0 0 0.0001 2.5e-05 1e-05 7.5e-05 3e-05 5e-05 0 0 0 3e-05 2e-05 0 4.5e-05 0 9e-05 0 0 1e-05 4e-05 0 3.5e-05 2.5e-05 4.5e-05 6e-05 3e-05 0 0 0.00018 0 0 1e-05 3e-05 5e-05 0 5e-05 3.5e-05 4e-05 0 5e-05 5e-06 0.00016 0 4e-05 3.5e-05 1.5e-05 3e-05 0 0 0.000215 3.5e-05 4e-05 3e-05 6.5e-05 0 3.5e-05 0.000165 2.5e-05 2.5e-05 0 0.00013 2.5e-05 7e-05 0 1.5e-05 4e-05 0 0 0 2.5e-05 0 4e-05 3.5e-05 0 8.5e-05 0 1.5e-05 2e-05 5.5e-05 3.5e-05 4e-05 0 5e-05 0 0 3e-05 0 4e-05 0 3.5e-05 0
2e-05 1e-05 2.5e-05 0 0 0 0 1e-05 4e-05 0 3e-05 1.5e-05 0 5.5e-05 0 0 0 2.5e-05 8.5e-05 6.5e-05 5e-05 0 2e-05 3.5e-05 2.5e-05 5e-05 5.5e-05 0 0 2.5e-05 2.5e-05 0 5e-06 5e-05 4e-05 7.5e-05 0 3.5e-05 4e-05 2.5e-05 0 0 3e-05 0 0 3.5e-05 8.5e-05 2e-05 2e-05 0.000135 3.5e-05 3e-05 0 0 4e-05 3e-05 1e-05 4.5e-05 1.5e-05 0.000155 6.5e-05 0 0 0 0 2.5e-05 0 3e-05 0 9.5e-05 6e-05 1.5e-05 2e-05 5.5e-05 9.5e-05 6.5e-05 0 0 3e-05 0 3e-05 2.5e-05 0 3.5e-05 3e-05 5e-05 5e-06 1.5e-05 3e-05 7.5e-05 2e-05 6.5e-05 0 0.0001 0 0 8e-05 0 0 4.5e-05
3.5e-05 1.5e-05 0 7.5e-05 9.5e-05 3e-05 0 0 0 0 0 4.5e-05 3e-05 3.5e-05 4e-05 4e-05 0 5e-05 0 0 2e-05 1.5e-05 0 3.5e-05 2.5e-05 0 0 0 0.000125 0 2.5e-05 5e-05 0 4.5e-05 2.5e-05 6e-05 2.5e-05 6.5e-05 2e-05 6e-05 3e-05 5e-05 0 0 0 4e-05 3.5e-05 3.5e-05 1e-05 3.5e-05 2e-05 1.5e-05 0 0 0 0 3.5e-05 2.5e-05 5e-05 7e-05 0.000105 7.5e-05 0 0.000115 3e-05 0 7e-05 4e-05 7e-05 4e-05 2.5e-05 1e-05 5e-05 0 0 0 0 2.5e-05 0 4e-05 4.5e-05 0 3e-05 0.00014 0 2e-05 4e-05 0 4.5e-05 0 4e-05 6.5e-05 4.5e-05 0 0 3e-05 3.5e-05 3e-05 3e-05 0.00018
2.5e-05 2.5e-05 5.5e-05 5.5e-05 0 0 0 0.00017 6e-05 0 0 4.5e-05 4e-05 3e-05 1.5e-05 0 3e-05 2e-05 0 2.5e-05 1e-05 0 0.000225 4.5e-05 1.5e-05 5e-05 2e-05 2.5e-05 1.5e-05 0.000155 5e-06 3.5e-05 0.000165 0.00028 2e-05 0 4.5e-05 0 0 0 0 0 0 5e-05 5e-06 3.5e-05 9.5e-05 0 5e-05 3.5e-05 2e-05 0 5e-06 9e-05 0 0.000115 3.5e-05 0 0 3e-05 5e-05 0 4e-05 1.5e-05 5.5e-05 0 3.5e-05 7e-05 5e-05 0 3.5e-05 2e-05 5.5e-05 7.5e-05 0 3.5e-05 0 5.5e-05 0 0 2.5e-05 5e-05 0.000275 4.5e-05 1e-05 2.5e-05 0 3.5e-05 2.5e-05 4e-05 0 0 2.5e-05 4.5e-05 9.5e-05 0 5.5e-05 3e-05 0 4e-05
6e-05 4e-05 0 0.00016 0 2.5e-05 2.5e-05 1.5e-05 0 2.5e-05 0 4.5e-05 0 1.5e-05 4e-05 0.000135 0 0 4.5e-05 3e-05 3.5e-05 1.5e-05 4e-05 4e-05 0.000195 2.5e-05 1.5e-05 3.5e-05 0 3e-05 3e-05 0 2e-05 6.5e-05 3.5e-05 6.5e-05 0 0 4e-05 0 0 6e-05 3.5e-05 0 0 0 4e-05 4.5e-05 0 2.5e-05 0 0 3.5e-05 4e-05 6.5e-05 2e-05 0 0 3.5e-05 2e-05 3.5e-05 0 4.5e-05 0 3.5e-05 0 0 3.5e-05 3e-05 6e-05 0.000155 2e-05 0 4.5e-05 0 5.5e-05 5e-05 3.5e-05 3.5e-05 7.5e-05 2.5e-05 0 0 5e-05 0.00011 0 3.5e-05 4e-05 3e-05 1e-05 4e-05 0.00011 6e-05 3e-05 0 5e-05 0 2.5e-05 3e-05 1.5e-05
2.5e-05 3e-05 5.5e-05 1.5e-05 0.000165 0 0 0 0 0.000115 5.5e-05 0 4.5e-05 4.5e-05 5e-06 0 0 5.5e-05 0.00011 2.5e-05 4.5e-05 3.5e-05 0 0 7.5e-05 4.5e-05 0.000125 3.5e-05 0 5.5e-05 0 0 0.00016 2e-05 2.5e-05 5.5e-05 0 3e-05 4.5e-05 4.5e-05 0 5e-05 0 0 0 0 0 3e-05 3.5e-05 0 0 3.5e-05 4e-05 5e-06 3.5e-05 3.5e-05 4.5e-05 0 3e-05 4e-05 0.000155 5.5e-05 0 0 2.5e-05 0.000125 3.5e-05 4.5e-05 6.5e-05 5e-05 5.5e-05 4e-05 0 0.0001 0 0 0 5e-05 8.5e-05 3.5e-05 2.5e-05 0.00015 0 0 3.5e-05 2.5e-05 0 3e-05 2e-05 5e-06 4.5e-05 0 0 0 4.5e-05 0 0 3e-05 9.5e-05 0.000105
2.5e-05 0.000185 3.5e-05 4e-05 0 0 0 3.5e-05 2e-05 2.5e-05 0 2.5e-05 0 6e-05 1.5e-05 0.000105 5.5e-05 0 2e-05 6e-05 4.5e-05 2.5e-05 3.5e-05 7.5e-05 5e-06 2.5e-05 1e-05 0 4.5e-05 5.5e-05 0 0 2.5e-05 5e-05 6e-05 3e-05 2e-05 4.5e-05 0 0 0 4e-05 5e-05 0.00012 3e-05 9.5e-05 1.5e-05 3e-05 4e-05 2e-05 8.5e-05 4.5e-05 2.5e-05 0 0 0 8e-05 0 5e-05 3.5e-05 4e-05 0 0 2e-05 0.00017 0 5e-06 3e-05 6e-05 0 2e-05 3e-05 2.5e-05 0 2.5e-05 3.5e-05 0.000105 0 0.000265 0 0 0 0 0 0 3e-05 3e-05 2e-05 0.00025 6.5e-05 0 5.5e-05 0 0 0 0 6.5e-05 3e-05 0.0001 0
0 2e-05 0 4.5e-05 0 0 0 3.5e-05 1.5e-05 2.5e-05 1.5e-05 0 1.5e-05 0.0001 3e-05 0.000195 6.5e-05 4e-05 2.5e-05 3.5e-05 2.5e-05 0 4.5e-05 5e-06 3e-05 0 0 1e-05 0 8.5e-05 1e-05 0 4.5e-05 3.5e-05 7e-05 0 0.000115 0 0 0 4.5e-05 8.5e-05 8.5e-05 1e-05 0 4e-05 0.000265 2.5e-05 3e-05 0 2e-05 8e-05 4.5e-05 0 5e-05 5e-06 3.5e-05 0 3e-05 5e-06 2e-05 1e-05 1e-05 0 3.5e-05 0 7e-05 4e-05 2e-05 2e-05 0 5e-06 0 6e-05 2.5e-05 3e-05 0 6.5e-05 0 0 0 4e-05 5e-05 8e-05 0 0 4e-05 2e-05 0 4.5e-05 0 0 0 0 0.0001 3e-05 7e-05 3.5e-05 0 2e-05
0 6.5e-05 3e-05 0 5e-05 0.000125 0 5e-05 3.5e-05 0 5e-05 0 0 0 7e-05 5e-05 0.00011 2.5e-05 4.5e-05 5e-05 0 3e-05 5.5e-05 0 0.0001 1e-05 1e-05 2e-05 0 0 4.5e-05 5.5e-05 0.000105 7.5e-05 3e-05 6e-05 1.5e-05 2.5e-05 0 0 4e-05 0 0 1.5e-05 5e-06 2.5e-05 4e-05 2e-05 2e-05 0 0.000135 0.00013 1e-05 1.5e-05 5e-05 7.5e-05 0 2.5e-05 0 4e-05 0 3e-05 0 6.5e-05 2e-05 0 1e-05 2.5e-05 6e-05 0 4e-05 0 7.5e-05 0 5e-05 0 6e-05 5e-05 0.00018 4e-05 0 3e-05 0 4e-05 0 2e-05 3.5e-05 2e-05 0 4e-05 4.5e-05 5.5e-05 6e-05 4.5e-05 0 0 0 5e-06 3e-05 2.5e-05
0.000115 7.5e-05 8e-05 2.5e-05 3.5e-05 1e-05 0 0 4e-05 0 3e-05 0 4.5e-05 0 0 4e-05 5e-06 1e-05 2e-05 0 0 4e-05 4.5e-05 3.5e-05 0 0.000115 2.5e-05 0 4.5e-05 1e-05 2e-05 2e-05 3e-05 1.5e-05 0 5e-05 0 0 2.5e-05 0 5e-05 0.000125 0 3e-05 0 1.5e-05 0 4e-05 9.5e-05 0 0 3e-05 0 2.5e-05 4e-05 0 4e-05 0 0 3.5e-05 3.5e-05 3e-05 3e-05 5.5e-05 0.000105 7.5e-05 0 1.5e-05 6e-05 0 0 2e-05 3.5e-05 4.5e-05 0 0 5e-06 4.5e-05 2e-05 0.000245 0 0.0001 4.5e-05 4e-05 0 4e-05 5.5e-05 8.5e-05 0 7e-05 0 5e-05 3.5e-05 0.000105 1.5e-05 9.5e-05 3e-05 0 3.5e-05 4.5e-05
0 5e-05 4e-05 0 0 0 0 0 0 2e-05 3e-05 0 0.000185 2e-05 0.00011 3.5e-05 0 3.5e-05 0 0 0 0.000225 4e-05 1.5e-05 0.000115 1.5e-05 0 6e-05 3.5e-05 4.5e-05 4.5e-05 5.5e-05 1e-05 0 7e-05 0.000125 1e-05 0 4e-05 2e-05 3.5e-05 2e-05 3.5e-05 4.5e-05 3.5e-05 3e-05 4e-05 0 4.5e-05 3e-05 0 0 3.5e-05 3e-05 0 0 0 0.000115 8.5e-05 2e-05 0 0 0 3e-05 5e-05 2.5e-05 0 4e-05 4.5e-05 4.5e-05 0.000235 6e-05 1e-05 6.5e-05 4.5e-05 0 2e-05 3e-05 0 0 4.5e-05 0 1e-05 2.5e-05 0 0 0.000125 1.5e-05 3.5e-05 2.5e-05 3.5e-05 2e-05 0 0 0.000265 5e-05 2.5e-05 5.5e-05 2e-05 4e-05
3e-05 1.5e-05 0.000105 2.5e-05 0.00013 0 0.000145 0 0 6e-05 2e-05 0 4.5e-05 2.5e-05 0 4.5e-05 0 1e-05 6e-05 3e-05 3.5e-05 0.000135 0 2e-05 4e-05 0 0 4e-05 0 4.5e-05 2e-05 0 4e-05 0 5e-05 0 0.000185 2e-05 0 3.5e-05 0 0 0.00023 0.000105 4.5e-05 0 0.000115 0 5e-05 0 2.5e-05 4e-05 2.5e-05 0 4.5e-05 2.5e-05 0 0.00021 0.00021 1.5e-05 0 4e-05 0 0 3.5e-05 5e-05 0 0 5e-05 0 0 0 0 4e-05 0 4.5e-05 3e-05 2e-05 4e-05 3.5e-05 3e-05 0.0001 4e-05 0 3.5e-05 6e-05 0 2.5e-05 1e-05 3.5e-05 0 4.5e-05 9.5e-05 4.5e-05 2e-05 5e-05 3.5e-05 0 4e-05 9e-05
0 0 2.5e-05 5.5e-05 0 0 3e-05 0 0 9e-05 5e-05 3e-05 4e-05 0.00011 5e-05 0 0 0 4e-05 5e-06 0 3.5e-05 2e-05 6.5e-05 0 0 6.5e-05 0 1.5e-05 0 0.00014 4e-05 0 9e-05 0 3.5e-05 0.000105 5e-05 0 1.5e-05 4e-05 4e-05 0.000125 3e-05 5e-05 8e-05 0 0 2.5e-05 0 8e-05 2.5e-05 2e-05 0 3.5e-05 0 3.5e-05 4e-05 9e-05 2.5e-05 0 4.5e-05 0 0.00014 0 0 2.5e-05 4e-05 5e-06 9e-05 3.5e-05 2.5e-05 1.5e-05 1.5e-05 0.000105 2.5e-05 5e-06 7.5e-05 0 4.5e-05 6e-05 3.5e-05 0 0 0 0 3e-05 3e-05 0 0 4e-05 0 0.000135 4.5e-05 1.5e-05 0 0.0001 1e-05 0 0.000145
5.5e-05 4e-05 5e-06 2e-05 3.5e-05 5e-05 0 5e-05 3.5e-05 2.5e-05 0.00013 0 0 0 0 0 1.5e-05 0 0 3e-05 2.5e-05 2.5e-05 6e-05 0 2.5e-05 0.000125 5e-05 0 2.5e-05 0.00016 2e-05 0 3e-05 3e-05 0 2.5e-05 4.5e-05 1e-05 5.5e-05 5.5e-05 4.5e-05 0 0 4.5e-05 6.5e-05 4e-05 0 0 0.00015 0 0 0 3e-05 4.5e-05 3e-05 1.5e-05 7e-05 5.5e-05 3.5e-05 0 0 0 2e-05 4e-05 0 0 2e-05 8.5e-05 4e-05 3.5e-05 6.5e-05 0 8e-05 0 2e-05 3e-05 9e-05 0 8e-05 9.5e-05 5.5e-05 4.5e-05 2.5e-05 3e-05 0.00018 2.5e-05 0 0 3e-05 4.5e-05 0 4e-05 0 5e-06 5.5e-05 5.5e-05 7e-05 0 0.000165 0
0 0 2.5e-05 1.5e-05 1.5e-05 2e-05 3.5e-05 2.5e-05 0 0 3e-05 0 3e-05 0 0.000145 8.5e-05 3.5e-05 2.5e-05 0 0 5e-05 4e-05 0 4.5e-05 0 0 2e-05 0.000115 4.5e-05 3.5e-05 2.5e-05 1e-05 2e-05 2.5e-05 0 0 0 5e-05 4e-05 0 8.5e-05 4.5e-05 0.0001 1.5e-05 0 4.5e-05 0 0 2.5e-05 0.000185 3e-05 0 3e-05 0.000145 4e-05 0 0 0 2e-05 4.5e-05 3e-05 0 0 6.5e-05 2.5e-05 3e-05 5e-05 0 2.5e-05 0 4e-05 0 1e-05 3.5e-05 0.0001 6e-05 7.5e-05 4e-05 0 4e-05 0 2e-05 9e-05 5e-05 5e-05 3e-05 0 3e-05 3e-05 0.000185 0 4e-05 2e-05 4e-05 2.5e-05 0 3e-05 0 0 2.5e-05
0 3e-05 1e-05 0 0.000155 5e-06 0 0 0 0 4e-05 2e-05 1e-05 0 3.5e-05 1.5e-05 1e-05 5.5e-05 1.5e-05 4.5e-05 0 0 4.5e-05 6.5e-05 3e-05 0.00018 0 4e-05 2.5e-05 6e-05 0 4.5e-05 0 0 2.5e-05 2.5e-05 0.000145 4.5e-05 0 3e-05 0 5e-06 0.000135 5e-05 0 3.5e-05 0.00015 0 0 4e-05 0 7.5e-05 4e-05 3.5e-05 3.5e-05 4e-05 3e-05 0.00016 0 0.000105 0 4e-05 2.5e-05 3e-05 0 3.5e-05 5.5e-05 2e-05 0 0 1e-05 0 0 3.5e-05 0 3.5e-05 0 2.5e-05 4e-05 9.5e-05 0 3.5e-05 1.5e-05 5.5e-05 5e-05 1.5e-05 0 3e-05 4.5e-05 0 0 3e-05 8.5e-05 3.5e-05 0 3.5e-05 3e-05 2.5e-05 0 1.5e-05
2e-05 2e-05 0 3e-05 0 0 0 6.5e-05 0 6e-05 1e-05 5e-05 6e-05 3.5e-05 1.5e-05 0 0 3e-05 2e-05 3.5e-05 1e-05 2.5e-05 0 0 0 0 2.5e-05 4e-05 4.5e-05 3.5e-05 5e-06 3e-05 2.5e-05 0.00013 0 8.5e-05 3e-05 0.000175 0 0.000135 0 0.000145 0 2e-05 0 0.00011 2e-05 1e-05 5e-06 7e-05 5.5e-05 4.5e-05 0 6e-05 0 0 0 2.5e-05 0 8e-05 4e-05 0.000145 2.5e-05 2e-05 3.5e-05 0 0 3e-05 0 0 0 3.5e-05 4.5e-05 6.5e-05 0 1.5e-05 0 1.5e-05 3e-05 3e-05 0 0 0.000105 0 0 0 3e-05 7e-05 0 2e-05 5e-05 3.5e-05 3.5e-05 3e-05 0 2e-05 2.5e-05 2e-05 4e-05 3.5e-05
1.5e-05 2e-05 0 3.5e-05 3e-05 0 2.5e-05 2.5e-05 3e-05 2.5e-05 0 2.5e-05 4e-05 0 1.5e-05 3.5e-05 0 4.5e-05 7e-05 0 0 0 3.5e-05 5e-05 4.5e-05 2e-05 5e-05 4e-05 4e-05 0 0 5e-05 2e-05 3.5e-05 3.5e-05 0 3.5e-05 0.000115 0 3.5e-05 0 0 0 2e-05 3e-05 7e-05 0.000195 3.5e-05 0.000125 0 2e-05 0 0 4e-05 0 1e-05 0 3.5e-05 7e-05 8.5e-05 3e-05 0.000135 8e-05 0 0 0.00012 2e-05 0.000135 4.5e-05 0 4e-05 2e-05 1e-05 4.5e-05 0 2.5e-05 5.5e-05 0 4.5e-05 0 0 0.0001 0 4.5e-05 1.5e-05 0 0 0 2e-05 2e-05 0 4.5e-05 0 4e-05 0 2e-05 0 4.5e-05 0 3.5e-05
2.5e-05 0 0 9e-05 0 4e-05 0 0 1.5e-05 0 5e-06 3e-05 0 3e-05 1e-05 0 5.5e-05 3e-05 5e-06 4.5e-05 3e-05 5.5e-05 0 3.5e-05 5e-06 4e-05 2e-05 0 8.5e-05 2.5e-05 4.5e-05 8e-05 4.5e-05 3.5e-05 4e-05 4e-05 0 0.00015 0 2e-05 0 2e-05 4e-05 4e-05 0.00013 2.5e-05 5e-05 0 0.00011 2.5e-05 4e-05 4.5e-05 0 4.5e-05 3e-05 4.5e-05 0.000135 0 6.5e-05 5e-06 1.5e-05 4.5e-05 0 3e-05 0 9e-05 0.000115 4.5e-05 6.5e-05 3e-05 4.5e-05 2e-05 2e-05 0 0 0 0 0 0 1.5e-05 4.5e-05 7.5e-05 3.5e-05 1e-05 0 0 4e-05 0 3e-05 0 0 2.5e-05 2e-05 3e-05 0 0 0.00016 0.000105 4.5e-05 0
2.5e-05 3.5e-05 0 3.5e-05 0 0 0 0 4.5e-05 3e-05 4.5e-05 4e-05 0 4e-05 1e-05 0.000105 2.5e-05 0.00014 2e-05 0 0 4e-05 2e-05 4e-05 0 5e-05 0 3e-05 0 0 0 0 4e-05 8.5e-05 3.5e-05 4e-05 0 3e-05 0 2.5e-05 4e-05 3.5e-05 6e-05 0.00015 1.5e-05 0.00018 0 6e-05 3.5e-05 0 0 3.5e-05 6e-05 3e-05 3e-05 3e-05 4.5e-05 4.5e-05 4.5e-05 3e-05 2.5e-05 2e-05 3.5e-05 0.000195 0.000195 0 2e-05 2.5e-05 8e-05 7e-05 0 0 0 4e-05 0 0 0 2.5e-05 4e-05 0 0 0 1.5e-05 0.0002 8.5e-05 0 3e-05 4e-05 5e-05 3.5e-05 0 2e-05 0 0 1e-05 1.5e-05 5e-05 0 5e-05 2e-05
2.5e-05 5.5e-05 5e-05 3e-05 0 0 5e-05 0 4.5e-05 4.5e-05 4.5e-05 0 2e-05 4e-05 0 0 8.5e-05 3e-05 0.000165 3e-05 3e-05 0 0 4.5e-05 4.5e-05 0 8.5e-05 3.5e-05 0 8e-05 1e-05 0 4.5e-05 0 0.000115 3.5e-05 0 0 1.5e-05 8.5e-05 1.5e-05 4e-05 2.5e-05 5e-06 0 4.5e-05 0 1.5e-05 4e-05 0 4e-05 3e-05 0 0 4e-05 4e-05 0 8.5e-05 4e-05 0 2.5e-05 0.000145 2e-05 0.000115 0 0 4.5e-05 7e-05 4.5e-05 3e-05 0 2.5e-05 1e-05 0 3e-05 5e-05 1e-05 0 1.5e-05 7.5e-05 3.5e-05 0 1.5e-05 0.000155 9e-05 0 0.000165 1.5e-05 2.5e-05 1.5e-05 3.5e-05 0.000115 0 4e-05 0 0.0001 0 5e-05 0.000145 1e-05
0 4.5e-05 4.5e-05 3e-05 0 3e-05 8e-05 0 4.5e-05 3.5e-05 8e-05 8e-05 4.5e-05 0 1.5e-05 0 8.5e-05 0 4.5e-05 3e-05 6.5e-05 0 0 6.5e-05 0 6.5e-05 0 0 0.00013 3e-05 0 0 9.5e-05 0 1e-05 7e-05 4e-05 0 0 9e-05 0.0001 0 0.000155 7e-05 5e-05 6e-05 2e-05 5.5e-05 0 5.5e-05 2.5e-05 9.5e-05 4e-05 0 2.5e-05 0.0001 0 5e-05 0 4e-05 5.5e-05 1.5e-05 3.5e-05 0 5.5e-05 3e-05 3.5e-05 0 2e-05 0.00013 5e-05 5.5e-05 0.00011 0 0 7.5e-05 2.5e-05 2.5e-05 4e-05 0 4.5e-05 0 2.5e-05 0 5.5e-05 4.5e-05 1e-05 0 3e-05 9e-05 0.000125 5e-06 0 1.5e-05 0 0 1e-05 6e-05 0.00012 3.5e-05
5e-05 5e-05 4.5e-05 0 5.5e-05 3e-05 0.00015 3.5e-05 0 0 3.5e-05 3e-05 1.5e-05 3e-05 0 0 9e-05 7.5e-05 0.00012 1.5e-05 5.5e-05 0 2.5e-05 3e-05 5.5e-05 3.5e-05 0 3.5e-05 9.5e-05 9e-05 3e-05 0 0 0.00015 4e-05 4e-05 0 1e-05 2e-05 0 0 4e-05 3.5e-05 0.0001 4.5e-05 3.5e-05 0 0 1.5e-05 4e-05 3.5e-05 0.000145 0 6e-05 6e-05 6e-05 0 0 0 0 3e-05 4.5e-05 2.5e-05 5.5e-05 2.5e-05 3.5e-05 4.5e-05 0 3e-05 0 0.000235 0 0 4e-05 1e-05 7e-05 6.5e-05 5e-06 0 2.5e-05 4.5e-05 2.5e-05 6e-05 8e-05 8e-05 3e-05 0 0 3.5e-05 2e-05 0 0 0 0 8e-05 0 3e-05 5e-05 2e-05 2e-05
2.5e-05 0 3e-05 9.5e-05 3e-05 8.5e-05 3.5e-05 1.5e-05 0 0 0.000115 0.00017 0 2e-05 0 3e-05 0 0 0 4.5e-05 0 1.5e-05 0.00014 3e-05 0 4e-05 1e-05 6e-05 0 3.5e-05 0 0 0 0 3.5e-05 3e-05 5e-05 0 4e-05 3.5e-05 6.5e-05 2e-05 2.5e-05 4.5e-05 0 0 3.5e-05 8.5e-05 0 2.5e-05 4e-05 6e-05 1.5e-05 5e-05 4e-05 0 0.000115 0 0 1e-05 0.000235 4e-05 1.5e-05 6.5e-05 3e-05 3e-05 0 3.5e-05 0 0.000145 4e-05 1e-05 0.000115 0 2e-05 0 0 2e-05 9.5e-05 3.5e-05 0 5e-05 3e-05 3.5e-05 0 3.5e-05 2.5e-05 0 0 0 0.00012 3.5e-05 0 0 3.5e-05 4.5e-05 0 0.000105 0 0
0 0 0 0.000115 4e-05 4e-05 6.5e-05 4.5e-05 0 4.5e-05 0 6e-05 0.00028 0 0 5e-05 4e-05 2.5e-05 4.5e-05 4.5e-05 4e-05 0 0 4.5e-05 2e-05 5e-06 3.5e-05 0 6e-05 4e-05 0 0 1.5e-05 0 3.5e-05 6.5e-05 0 3.5e-05 0.000215 1.5e-05 0 0 2.5e-05 0 0.00011 4e-05 0.00011 1.5e-05 0.0001 0.000145 0 0 1.5e-05 0 2e-05 5e-05 0.000105 5.5e-05 0 0 1.5e-05 2.5e-05 3.5e-05 4e-05 3e-05 0.00014 0 5.5e-05 0.00014 0 0 2.5e-05 4.5e-05 0 0.0001 2e-05 0 4e-05 3e-05 3e-05 2.5e-05 1.5e-05 4e-05 7.5e-05 4e-05 3.5e-05 4e-05 5e-05 7.5e-05 0 3e-05 0 0 2e-05 4e-05 0 0 0 2.5e-05 0
5.5e-05 6.5e-05 3.5e-05 0.000205 0 0 2.5e-05 8.5e-05 0 0 0 4e-05 3.5e-05 3e-05 0 0.00016 9e-05 0 5e-05 0 3e-05 0 2.5e-05 0 0 1.5e-05 5.5e-05 0 0 4e-05 0.00021 4.5e-05 4.5e-05 0 1.5e-05 0 5.5e-05 0 0 0 0 2.5e-05 2.5e-05 0.0001 1.5e-05 3.5e-05 3.5e-05 3e-05 2e-05 0 0 8e-05 0.000115 5e-05 1e-05 0 3e-05 0 0 5e-05 3e-05 4e-05 5e-05 0 3e-05 5e-05 0.00012 3.5e-05 1.5e-05 5e-05 0.000125 3e-05 0 1.5e-05 8e-05 0 0 0 0 0 2e-05 3.5e-05 4.5e-05 6e-05 0 3.5e-05 3.5e-05 4e-05 3.5e-05 0.00011 8e-05 0 2.5e-05 0 0 3e-05 0 7e-05 2.5e-05 2.5e-05
2.5e-05 3e-05 0.00016 4e-05 3e-05 0.00017 0 3e-05 1.5e-05 4e-05 3e-05 1e-05 9e-05 3e-05 0 5.5e-05 2e-05 3.5e-05 0 0.00013 5.5e-05 2.5e-05 0 2e-05 5e-05 4e-05 0 0 4e-05 1e-05 3e-05 6e-05 0 0 0 4e-05 3e-05 0 0 3e-05 6e-05 0 2.5e-05 0 0.00015 0 2e-05 0 0 0 2e-05 0 3e-05 0.000155 4.5e-05 0 0.000125 0 0 5.5e-05 3.5e-05 0 1.5e-05 5e-06 6e-05 0 4.5e-05 3e-05 4.5e-05 4e-05 9e-05 0 1e-05 2e-05 0 0 0.000125 2e-05 0 0 2e-05 3.5e-05 7e-05 3.5e-05 7e-05 4.5e-05 0 0 1e-05 0 0 0 4e-05 0 2.5e-05 0.00011 2e-05 0 1e-05 0
0 4.5e-05 0 4e-05 3.5e-05 0 7e-05 7.5e-05 7e-05 3e-05 4.5e-05 4e-05 5.5e-05 2.5e-05 0 0.000115 0 3e-05 2.5e-05 4.5e-05 0.000155 4e-05 4e-05 0 3.5e-05 0 2.5e-05 0 2e-05 0 3e-05 2e-05 4.5e-05 3e-05 2.5e-05 4.5e-05 6e-05 5e-05 0 4.5e-05 0 3.5e-05 2.5e-05 6e-05 0 0 3e-05 0.00015 5.5e-05 0.000155 4e-05 6e-05 0 0.000165 3.5e-05 0 1e-05 5.5e-05 0 1e-05 3e-05 0 0 4.5e-05 4e-05 4e-05 4.5e-05 0 3e-05 0 0 0 6.5e-05 4e-05 3.5e-05 8e-05 9.5e-05 1e-05 2.5e-05 0 3.5e-05 5.5e-05 9e-05 0 5.5e-05 0 0 4.5e-05 3.5e-05 0 8e-05 0 2.5e-05 0 6e-05 0 0 0 0 4e-05
0 9e-05 0 0 0 0.00016 0 0 8.5e-05 7.5e-05 0 3.5e-05 2.5e-05 0 0 0 3e-05 0 0.00011 4e-05 8e-05 0 9e-05 4e-05 4e-05 0 6e-05 5e-06 2.5e-05 0 3.5e-05 4e-05 0.00015 9.5e-05 3e-05 3e-05 4e-05 9e-05 0 2.5e-05 2e-05 0.00011 7.5e-05 0 4e-05 0.000165 3.5e-05 3.5e-05 0 3e-05 5.5e-05 0 4.5e-05 2e-05 8.5e-05 3e-05 3.5e-05 0 0.00013 3.5e-05 4.5e-05 1e-05 3e-05 2.5e-05 4e-05 3e-05 0 0 3.5e-05 0 4e-05 0 0 1e-05 0 3.5e-05 8e-05 0 4e-05 4e-05 2.5e-05 0 2.5e-05 0 0 4.5e-05 7e-05 0 0 2.5e-05 7e-05 0 3e-05 0 0 3e-05 5e-05 1.5e-05 5.5e-05 3e-05
0 3.5e-05 5.5e-05 2.5e-05 0.00012 0 0 6.5e-05 0 0 4.5e-05 6.5e-05 3e-05 3e-05 5e-05 0 0 5.5e-05 0 5e-05 0 3.5e-05 0.000245 6e-05 0.00014 0.0001 3.5e-05 0 2e-05 0 0 5e-05 0.000215 6e-05 3.5e-05 3.5e-05 2.5e-05 2.5e-05 5.5e-05 2e-05 0 0 0 5.5e-05 4.5e-05 0 6.5e-05 0 2e-05 4.5e-05 0 5e-05 3e-05 0 0 0 0 6.5e-05 4.5e-05 2e-05 0.000135 6e-05 2.5e-05 1.5e-05 3e-05 1.5e-05 0.00012 0 4e-05 2e-05 2.5e-05 0.000105 0 1.5e-05 0 0 9.5e-05 4e-05 0.000115 6.5e-05 1e-05 0.00011 3e-05 3.5e-05 2e-05 0 0 4e-05 3e-05 2e-05 0 0 9.5e-05 2e-05 9.5e-05 0 3e-05 3.5e-05 2e-05 0
2.5e-05 2e-05 6e-05 0 4.5e-05 5.5e-05 1.5e-05 4e-05 3.5e-05 5.5e-05 3e-05 1.5e-05 0 0.000185 5e-05 5.5e-05 4.5e-05 0 3e-05 0 3.5e-05 0 9e-05 0 2.5e-05 4e-05 0 0.00011 3.5e-05 3e-05 4e-05 0 0 1.5e-05 0 0 3.5e-05 4.5e-05 0 2.5e-05 4e-05 3.5e-05 1.5e-05 4.5e-05 2.5e-05 5.5e-05 9.5e-05 0 3e-05 4.5e-05 2.5e-05 1.5e-05 0 3.5e-05 0 0.00017 1e-05 0.000105 0 0 0 5e-05 3e-05 8.5e-05 5e-06 0.000175 0 2.5e-05 0 3e-05 0.0001 0 0.00012 0.000115 1e-05 2e-05 0 5e-05 0 2.5e-05 2.5e-05 3e-05 0 7.5e-05 0 3e-05 0 0 0.00012 1e-05 0 0.000185 0.000115 2e-05 3.5e-05 4.5e-05 3.5e-05 0 0 0
5.5e-05 6e-05 5e-05 2.5e-05 3.5e-05 0 0 4.5e-05 0 3.5e-05 0 8e-05 0.000125 4.5e-05 2.5e-05 3e-05 5.5e-05 3.5e-05 0 5.5e-05 4e-05 0.000125 1e-05 6.5e-05 0 0 3.5e-05 5.5e-05 0 1.5e-05 0 8e-05 0 0 0.00014 0.000125 0.00019 2.5e-05 4.5e-05 5e-05 2.5e-05 5.5e-05 0 0.00012 0 3.5e-05 4.5e-05 0 2.5e-05 2.5e-05 3.5e-05 1e-05 1.5e-05 0 3e-05 0 6.5e-05 0.0001 0.000175 0 0 0 0 0 2e-05 0 0 3.5e-05 3.5e-05 0 0.000145 7e-05 1e-05 0 5e-05 0 3.5e-05 4.5e-05 2e-05 3e-05 4.5e-05 3.5e-05 0 4.5e-05 1e-05 0 0 0 0 0 0.0001 1.5e-05 4.5e-05 0 4e-05 3.5e-05 2.5e-05 3.5e-05 0 1.5e-05
2.5e-05 5.5e-05 2.5e-05 0 0.00015 3e-05 0 4e-05 3e-05 1e-05 7.5e-05 2.5e-05 0 7e-05 5.5e-05 2e-05 3e-05 2.5e-05 0 0 4.5e-05 0 0 2e-05 0 0 0 0 4e-05 0 1.5e-05 0 0 0 0 3e-05 0 0 0.000125 3.5e-05 2.5e-05 0.00029 0 0 4e-05 3e-05 0.0001 0 0.000195 3e-05 3.5e-05 0 4.5e-05 1e-05 4e-05 5e-05 0 4.5e-05 5e-05 3.5e-05 3e-05 5e-06 0 0 0 6.5e-05 5.5e-05 0.00012 4e-05 3.5e-05 0 0 9.5e-05 0 4e-05 5e-05 4e-05 6e-05 1.5e-05 1.5e-05 0 9e-05 0.00014 5e-05 0 0.00017 3e-05 1.5e-05 1.5e-05 3.5e-05 3.5e-05 7e-05 5e-05 4e-05 2.5e-05 3.5e-05 3.5e-05 2e-05 2.5e-05 0
3.5e-05 0 2.5e-05 0 7.5e-05 0 5.5e-05 4.5e-05 1e-05 0 0.000125 4e-05 4.5e-05 6.5e-05 0 4.5e-05 0 3e-05 8e-05 3.5e-05 4e-05 0 8.5e-05 2.5e-05 5e-05 6e-05 3.5e-05 0 0 3.5e-05 5e-05 4.5e-05 0 4e-05 2.5e-05 9.5e-05 1.5e-05 2.5e-05 4e-05 2e-05 0 4e-05 0.0002 0 0.0001 3e-05 0 5e-05 2e-05 5e-05 0 4e-05 0 0 3e-05 8e-05 0 4e-05 0.000145 0 0.00013 5e-06 3.5e-05 5.5e-05 6e-05 9e-05 3.5e-05 0 3.5e-05 9.5e-05 0 3e-05 3e-05 1e-05 8e-05 3.5e-05 0 8e-05 0 4e-05 0.000115 0.000125 0 2.5e-05 5.5e-05 0 0 4e-05 3.5e-05 0 3e-05 0 0 0.000155 3.5e-05 3.5e-05 0 0 8e-05 7e-05
0 3.5e-05 6.5e-05 0 0.00021 0 0 2e-05 4.5e-05 0 0.0001 0 0.000115 0 0 1e-05 3.5e-05 9.5e-05 5.5e-05 5.5e-05 0.00012 0 4.5e-05 0 3e-05 7e-05 0 5.5e-05 0 4e-05 5e-06 5e-05 0 0 4.5e-05 4.5e-05 4.5e-05 4e-05 5e-05 2.5e-05 0 2.5e-05 0 0 4e-05 0 6e-05 0 7e-05 3.5e-05 0 7.5e-05 0 3e-05 6e-05 6e-05 3e-05 6.5e-05 4.5e-05 0 4e-05 1e-05 0 3.5e-05 1.5e-05 0 8e-05 4.5e-05 0 0 1e-05 0 3e-05 2e-05 0 6.5e-05 2e-05 7.5e-05 6e-05 3e-05 0 3.5e-05 3.5e-05 9e-05 0.00013 4.5e-05 2.5e-05 0 3.5e-05 0 0.000165 2e-05 0 0 2e-05 0 2.5e-05 0 3e-05 2e-05
0 3.5e-05 0 6e-05 0 0 0 0.000145 4.5e-05 4.5e-05 3.5e-05 0.000105 8.5e-05 0 0 6.5e-05 0 4e-05 0 3e-05 3.5e-05 0 0 0 4e-05 0 2e-05 0.000135 7.5e-05 2.5e-05 0 0 5.5e-05 6.5e-05 0 0 6.5e-05 3.5e-05 2.5e-05 3.5e-05 2.5e-05 4e-05 3e-05 4.5e-05 4.5e-05 0 0 0.000115 3.5e-05 8e-05 4.5e-05 0 9e-05 5e-05 2.5e-05 1.5e-05 0 0 4.5e-05 3e-05 3e-05 8e-05 0.000155 0 0 2e-05 2.5e-05 7e-05 3e-05 2e-05 0 0 0 3e-05 0 0 0 0 2.5e-05 1.5e-05 1.5e-05 5e-05 3.5e-05 4e-05 5.5e-05 1e-05 0 0 5.5e-05 4e-05 2e-05 0 4.5e-05 0 2.5e-05 5.5e-05 2.5e-05 0.000135 2e-05 2.5e-05
3e-05 3.5e-05 0 0.0002 2.5e-05 0.000135 4.5e-05 3e-05 0.00013 0 0 0 7e-05 0 0 3.5e-05 4.5e-05 0.000115 0.00011 2e-05 2.5e-05 0 1.5e-05 7e-05 4.5e-05 3.5e-05 0 0.000105 4e-05 9e-05 0 1.5e-05 0 0 0 3.5e-05 6.5e-05 5.5e-05 4e-05 0 2.5e-05 1.5e-05 6.5e-05 3e-05 2e-05 3.5e-05 0 0 5e-05 8e-05 0.000105 4.5e-05 3.5e-05 1e-05 2e-05 2.5e-05 4.5e-05 0 2e-05 0 6.5e-05 0 2e-05 2e-05 0 0 0 0 5.5e-05 5e-05 0 0 3e-05 0 2.5e-05 0 9e-05 0 6.5e-05 0.000145 0 0.000105 0 8.5e-05 3.5e-05 0 2.5e-05 0 9.5e-05 0 0 0 3.5e-05 3.5e-05 2.5e-05 0 5.5e-05 3.5e-05 0.0001 4e-05
5.5e-05 2e-05 8e-05 1.5e-05 3e-05 9e-05 3e-05 0 0 8e-05 2.5e-05 0 2.5e-05 7.5e-05 4.5e-05 4e-05 0 3.5e-05 5e-06 3.5e-05 0 4e-05 7e-05 0.000125 2.5e-05 5.5e-05 0 1.5e-05 0 2e-05 3e-05 6e-05 3e-05 0 4e-05 1e-05 0 6e-05 0 8.5e-05 4e-05 0 0 0 5e-05 2e-05 0.000165 4e-05 0 4e-05 0 6e-05 9.5e-05 3.5e-05 3.5e-05 0.000205 5e-05 0 4.5e-05 0 3.5e-05 4.5e-05 1.5e-05 2.5e-05 0 0 0 0.0001 0 3e-05 0 5e-05 0 0 0.0001 1.5e-05 0 0 3.5e-05 0 2.5e-05 0 1e-05 6e-05 3.5e-05 2e-05 4e-05 3e-05 4e-05 0 3.5e-05 3.5e-05 4e-05 0 0 0 0 4e-05 1.5e-05 4.5e-05
0 0 0 3.5e-05 3.5e-05 2e-05 0 6e-05 7.5e-05 0 0 7e-05 0.0001 0 5e-05 4e-05 5.5e-05 4e-05 7.5e-05 2.5e-05 1.5e-05 0 2.5e-05 0.000135 3.5e-05 3.5e-05 3e-05 0 3e-05 0 0 0 0 1e-05 0 5e-05 0 5.5e-05 2e-05 1.5e-05 3e-05 0 1e-05 9.5e-05 3.5e-05 0 0.0001 7e-05 0 5e-05 5e-05 3.5e-05 0 6.5e-05 0 3.5e-05 4e-05 0 0 4e-05 0 0 3e-05 3.5e-05 0 0 4e-05 1.5e-05 9e-05 5.5e-05 0 0 0 0.000105 1e-05 4.5e-05 3.5e-05 0 0 4.5e-05 0 0.00018 0.0001 0.000125 4.5e-05 0 6.5e-05 3e-05 0 6e-05 5e-05 4e-05 1.5e-05 4.5e-05 1.5e-05 4.5e-05 0 1.5e-05 0 3.5e-05
4.5e-05 0 4.5e-05 0 0 0 5.5e-05 0 0 8.5e-05 5e-06 1e-05 0 0 3.5e-05 4.5e-05 3.5e-05 5e-05 0 5e-06 4e-05 1.5e-05 1e-05 0 0 0 0.000135 5e-05 4e-05 4e-05 5e-06 2.5e-05 0 2e-05 0 0 0 0 2e-05 2e-05 6e-05 0 4e-05 5.5e-05 0.00015 0 0 5e-05 7.5e-05 0 7e-05 7.5e-05 2e-05 3e-05 3.5e-05 0 5e-05 2.5e-05 2.5e-05 9e-05 0 0 4e-05 0.00013 4.5e-05 4e-05 0 0 0 1e-05 2.5e-05 5e-05 6e-05 3e-05 0.000105 5.5e-05 1.5e-05 7e-05 3.5e-05 0 7e-05 0.000115 0 0 5e-05 3e-05 5e-06 2e-05 5.5e-05 1e-05 2.5e-05 5e-06 2e-05 5.5e-05 3.5e-05 3.5e-05 0 6e-05 0 0.00013
2.5e-05 3e-05 4e-05 4e-05 0 0 0 2.5e-05 0 7e-05 0 8.5e-05 0 1e-05 0.000125 0 1.5e-05 0 3.5e-05 0 0 0 0 7e-05 3e-05 0 0 0.00019 0 3e-05 0 9.5e-05 1.5e-05 1e-05 3.5e-05 0 6.5e-05 1.5e-05 8e-05 5e-05 0 6.5e-05 0 4.5e-05 0.000105 2e-05 2e-05 4.5e-05 5.5e-05 9.5e-05 0 3e-05 0 4.5e-05 2.5e-05 3e-05 7.5e-05 2.5e-05 6.5e-05 3e-05 3.5e-05 0 3.5e-05 4e-05 0 0 7e-05 2e-05 2.5e-05 2.5e-05 3e-05 0 5e-05 3e-05 2.5e-05 0 3.5e-05 6.5e-05 2e-05 0.000275 2e-05 2e-05 3e-05 0 9.5e-05 5e-05 7.5e-05 0 0 2.5e-05 2.5e-05 0 0 8e-05 1.5e-05 0 0 0.00012 2.5e-05 3.5e-05
0 7.5e-05 3.5e-05 4e-05 4e-05 0 5.5e-05 4e-05 0.000175 0 7e-05 0 0 5.5e-05 0.000165 0 3e-05 7.5e-05 0 0.00011 5e-05 0.000115 2e-05 0 2e-05 0 0 4.5e-05 3e-05 0 3e-05 3e-05 4.5e-05 7e-05 0 2.5e-05 3.5e-05 2e-05 0.000205 2.5e-05 0 0 5e-05 2.5e-05 0 0.000105 2.5e-05 0 7e-05 2.5e-05 9.5e-05 0.00013 5e-05 4.5e-05 0 0 0 5.5e-05 3.5e-05 0 0 0 7.5e-05 3e-05 3e-05 3e-05 3.5e-05 4.5e-05 2e-05 8.5e-05 0 4.5e-05 7.5e-05 0 3e-05 0 0 0 2e-05 3e-05 0 4e-05 6e-05 4e-05 6e-05 7e-05 2e-05 0 4e-05 0 3.5e-05 0 1.5e-05 2.5e-05 5e-06 0 0 7e-05 0 0
2e-05 0.00013 0 0 2.5e-05 0 2.5e-05 3e-05 3.5e-05 6e-05 1e-05 0 4e-05 2.5e-05 0.000115 0 2e-05 0 0.00015 4e-05 0 0.000155 5e-05 0 5.5e-05 0.000115 0 0.0001 1e-05 0 1e-05 0 5e-05 0.000145 9.5e-05 4e-05 0.000145 0 2.5e-05 4e-05 0.000145 0 4e-05 5e-05 2e-05 1e-05 0 2.5e-05 5.5e-05 2.5e-05 0 0 1.5e-05 9e-05 5.5e-05 3.5e-05 4e-05 0 4.5e-05 0.00023 3e-05 0 2.5e-05 1e-05 0 8.5e-05 5e-05 0 3.5e-05 0 0 0.000105 0 0 0 2.5e-05 4.5e-05 1.5e-05 3.5e-05 0 7e-05 0 0 0 1.5e-05 0 4e-05 2e-05 1.5e-05 2e-05 3.5e-05 6e-05 3e-05 2.5e-05 7.5e-05 4.5e-05 0.00017 0 6e-05 0
0 4e-05 3.5e-05 4e-05 1.5e-05 0 4.5e-05 0 0 0 0 1.5e-05 3e-05 1.5e-05 3.5e-05 6e-05 3e-05 0 0.0001 3e-05 2e-05 4e-05 2.5e-05 9.5e-05 5e-05 2e-05 4e-05 2e-05 4e-05 0.00022 0 0 0 0 4.5e-05 0 3e-05 0 5e-05 4.5e-05 0 7.5e-05 0 0 1e-05 3e-05 3e-05 3e-05 2.5e-05 0 3.5e-05 2.5e-05 1.5e-05 7e-05 5.5e-05 4e-05 0.000155 4.5e-05 5e-05 0 4.5e-05 2e-05 0.00015 4.5e-05 3e-05 0 4.5e-05 7e-05 2.5e-05 0 3.5e-05 0.000105 0 5e-05 0 5.5e-05 0 0 0 4.5e-05 0 3.5e-05 0.0001 0 5e-05 3.5e-05 0 4.5e-05 3.5e-05 0 3e-05 3.5e-05 0 5e-05 6e-05 4.5e-05 0.000285 4e-05 0 0.0001
3.5e-05 2.5e-05 3e-05 0 0 6e-05 5.5e-05 5.5e-05 0 4e-05 0 4e-05 6.5e-05 5e-05 6.5e-05 3.5e-05 0 2.5e-05 3e-05 0 0 0 0 6e-05 2.5e-05 3.5e-05 6e-05 0 5.5e-05 4e-05 4.5e-05 0 0 1.5e-05 0 0.00012 0 2.5e-05 0.000125 0.000125 0 0 6e-05 3.5e-05 7.5e-05 3e-05 3e-05 3.5e-05 3.5e-05 3e-05 4e-05 0 0 4e-05 0 6e-05 5e-05 0 6e-05 5e-06 5.5e-05 4e-05 3e-05 0 9.5e-05 2.5e-05 3.5e-05 0 5e-05 0.000135 4e-05 3e-05 4e-05 4e-05 0 0 4e-05 1.5e-05 0 0 0.000115 0 0 4.5e-05 0 4e-05 5e-05 9.5e-05 0 4.5e-05 9.5e-05 3.5e-05 5.5e-05 2.5e-05 0 3.5e-05 3.5e-05 0 6e-05 0
8e-05 2.5e-05 0.000115 0 0 3e-05 3.5e-05 3.5e-05 8e-05 3.5e-05 1e-05 0.00017 0 4.5e-05 0.000105 1.5e-05 4.5e-05 0.00014 0 4.5e-05 1.5e-05 0 2.5e-05 5.5e-05 5.5e-05 0 4e-05 5.5e-05 9e-05 2.5e-05 1.5e-05 4e-05 4.5e-05 1.5e-05 0 2.5e-05 4e-05 1e-05 0 0 4e-05 0 3e-05 0 3.5e-05 2.5e-05 0 0 2e-05 0 4.5e-05 0.00022 3e-05 2.5e-05 0 0 0 6.5e-05 3e-05 0 0 0 0 1e-05 0.000105 0 2.5e-05 0.000105 5.5e-05 3e-05 0 5e-06 8.5e-05 1e-05 0.000135 3e-05 0.00015 2e-05 0 6.5e-05 2.5e-05 0.000205 2.5e-05 0 2e-05 4.5e-05 3.5e-05 0 0.00012 0 0 1.5e-05 3.5e-05 0 2e-05 0 0 0 4e-05 0
3e-05 0 2e-05 0 1.5e-05 0 2e-05 0 2e-05 0 1.5e-05 9.5e-05 0 3.5e-05 5e-05 0 0 0 3e-05 3e-05 5.5e-05 3.5e-05 3e-05 4e-05 4e-05 0 4.5e-05 0 0 2e-05 4e-05 0 0 3e-05 0 0 2.5e-05 6e-05 0 0 5e-06 2.5e-05 3e-05 4e-05 5e-05 5e-05 1.5e-05 0 0 0 4e-05 0.000175 0.000165 3.5e-05 0 0.00012 0 5.5e-05 3.5e-05 3e-05 3.5e-05 0 0 4e-05 0.0001 2e-05 0 0 2.5e-05 0 4e-05 1.5e-05 5.5e-05 0 4e-05 4e-05 4e-05 2.5e-05 0 0.000145 5.5e-05 0 9.5e-05 2e-05 0 3.5e-05 0 5.5e-05 4e-05 6e-05 0 2.5e-05 0.0001 0 5.5e-05 0.00019 3e-05 0.000175 0 0
0 1.5e-05 4.5e-05 0 8e-05 3e-05 0 0 0 0 0 5.5e-05 1e-05 2.5e-05 0 2.5e-05 4.5e-05 1.5e-05 5.5e-05 9e-05 0 3e-05 0 7e-05 6e-05 0 0 3e-05 4e-05 5.5e-05 0 2.5e-05 2.5e-05 3.5e-05 0 0 2e-05 0 0.00011 9e-05 0 0 3.5e-05 2.5e-05 2e-05 0.0001 3e-05 0 0 0 5e-06 3.5e-05 8e-05 0 0 3.5e-05 7.5e-05 2.5e-05 1.5e-05 0 0.000135 0 3e-05 7.5e-05 0 5e-06 5e-05 4.5e-05 4e-05 3.5e-05 3e-05 0.000195 0 0 1.5e-05 4e-05 0 0 5.5e-05 2e-05 2e-05 0 2.5e-05 4e-05 7e-05 0.00018 3e-05 0 0.00015 8.5e-05 2.5e-05 4e-05 6e-05 3e-05 0 5e-05 3e-05 2.5e-05 2e-05 0
3.5e-05 0 1.5e-05 0 2e-05 0 1.5e-05 4e-05 7.5e-05 0 0.00022 1e-05 0 0 0 0.00015 1.5e-05 1.5e-05 4.5e-05 0 2e-05 2e-05 0 0 4.5e-05 0 0 4e-05 0.000245 0.00011 4e-05 3.5e-05 3.5e-05 0.00019 7.5e-05 0 3e-05 8e-05 2e-05 4e-05 0 2.5e-05 1.5e-05 1e-05 1e-05 0 1.5e-05 0 5.5e-05 0.000115 0 0 6.5e-05 0 0.0001 2e-05 0 0 0 3e-05 1e-05 0 0 0 3e-05 3.5e-05 2.5e-05 3.5e-05 3e-05 1.5e-05 0 0 2.5e-05 8e-05 2.5e-05 3.5e-05 5.5e-05 2.5e-05 0 3e-05 2e-05 0 3e-05 0 7.5e-05 6.5e-05 0.000165 8e-05 0 0 6.5e-05 0 2.5e-05 0.000125 1e-05 2.5e-05 0 3.5e-05 0 9.5e-05
8e-05 3.5e-05 7e-05 2.5e-05 4.5e-05 5.5e-05 0 0 0 8e-05 2e-05 0 0 3.5e-05 4e-05 0 2.5e-05 3.5e-05 5.5e-05 0 5e-05 3e-05 1.5e-05 6.5e-05 3e-05 3.5e-05 5.5e-05 0 0 2.5e-05 0 4.5e-05 2e-05 0 0 3.5e-05 5e-06 2.5e-05 3e-05 3.5e-05 5e-05 0.000105 6.5e-05 4.5e-05 3e-05 5e-05 4e-05 8e-05 4.5e-05 0 4e-05 1.5e-05 3.5e-05 0.000105 0 6.5e-05 0.00019 6e-05 0 2e-05 4.5e-05 0 6e-05 2e-05 0 5e-05 1e-05 0 0 6e-05 0 0 4e-05 0 5.5e-05 3.5e-05 0.000155 0 0 5.5e-05 3e-05 0 5e-06 0 1e-05 4.5e-05 0 6.5e-05 0 3.5e-05 4e-05 0 0 1e-05 3e-05 0 0 2.5e-05 3e-05 4.5e-05
0 3.5e-05 5e-05 3.5e-05 2.5e-05 0 4e-05 4.5e-05 8.5e-05 2.5e-05 5e-05 0 4e-05 0 0.00019 2.5e-05 7e-05 5e-05 0 0 3.5e-05 0 0 0 6e-05 2e-05 3.5e-05 5.5e-05 4e-05 5.5e-05 3.5e-05 0 2.5e-05 0 4e-05 2.5e-05 4e-05 0 0 0 3e-05 9e-05 3.5e-05 4e-05 3e-05 4.5e-05 3.5e-05 0.0001 9e-05 0 3e-05 7e-05 3e-05 4e-05 0 0 3e-05 9e-05 0 5e-05 0 0 8e-05 3e-05 4e-05 0 1e-05 0 0 1.5e-05 4e-05 0.00035 3e-05 1.5e-05 3e-05 2.5e-05 0 2e-05 0 5e-05 6.5e-05 7.5e-05 3.5e-05 3e-05 2e-05 0 0.000205 2.5e-05 0 0 2e-05 2.5e-05 0 4.5e-05 0 0.00013 3.5e-05 0 2.5e-05 0
1e-05 8e-05 3.5e-05 2e-05 0 1e-05 4e-05 0 7.5e-05 0 3.5e-05 5e-06 0 0 5e-05 0 0 0.000165 0 2.5e-05 3.5e-05 1.5e-05 0 8e-05 0 0 8e-05 0 2e-05 0 2e-05 0 0 0 4.5e-05 3e-05 4.5e-05 7.5e-05 2e-05 0 1e-05 0 0 3.5e-05 3.5e-05 4.5e-05 4e-05 0 0.000175 0.00017 2.5e-05 3.5e-05 4e-05 0 0.000105 1.5e-05 3e-05 0 0 8.5e-05 3.5e-05 0 3e-05 2.5e-05 1e-05 0 2.5e-05 0.00017 2.5e-05 4e-05 0 0 0 2.5e-05 0 1.5e-05 0 0.000215 0 6e-05 4e-05 3.5e-05 0 3e-05 2e-05 0 2.5e-05 4.5e-05 0.00015 2e-05 3.5e-05 3.5e-05 3.5e-05 5e-05 0 2.5e-05 0 6e-05 0 3e-05
4e-05 0 3e-05 0 3.5e-05 0 4e-05 0 3e-05 0 4e-05 5.5e-05 4e-05 0.00015 2.5e-05 0.00017 0 0 4e-05 2e-05 3e-05 4.5e-05 0 0.000115 3.5e-05 0 2.5e-05 0.0002 0 2.5e-05 2.5e-05 2e-05 0 1.5e-05 4e-05 0 0 4e-05 0 0 4e-05 2e-05 4.5e-05 3e-05 2e-05 0 4e-05 0 3.5e-05 2e-05 3.5e-05 0.00011 1e-05 6e-05 0 4e-05 0.00021 0 5.5e-05 0 0 0 2e-05 0.00015 0 0 0 2.5e-05 0 3.5e-05 0.000155 2.5e-05 8.5e-05 0 3.5e-05 0 0.00017 3.5e-05 0 0 2.5e-05 2e-05 0 3.5e-05 4.5e-05 7e-05 5.5e-05 3e-05 0.00015 0 0 0.00012 0 0 3e-05 3.5e-05 0 0 5e-06 2.5e-05
3e-05 8.5e-05 0 2.5e-05 5.5e-05 1.5e-05 0 0 3e-05 5e-05 0.0001 0 5e-05 4.5e-05 2.5e-05 5.5e-05 0 5e-05 0 2e-05 3e-05 2e-05 0.000125 0 2e-05 0 0 5.5e-05 0 2.5e-05 6e-05 0 4e-05 0 0.00016 2.5e-05 5.5e-05 0 1.5e-05 6.5e-05 8.5e-05 4e-05 8e-05 6e-05 0 1e-05 5e-06 2.5e-05 4.5e-05 0 3.5e-05 0 2.5e-05 4e-05 0 6.5e-05 2.5e-05 4e-05 0 2.5e-05 0 4.5e-05 0 0 0 2e-05 4e-05 3e-05 5.5e-05 2e-05 0 0 8e-05 0 0 0 4.5e-05 0 9.5e-05 3e-05 3e-05 5.5e-05 0 0 3e-05 0 5e-05 2.5e-05 2e-05 1e-05 2.5e-05 0.00013 6.5e-05 0.00014 5.5e-05 0.0001 0 3.5e-05 9e-05 0
2e-05 0 5e-05 2e-05 0 3e-05 0 2e-05 6.5e-05 4e-05 4.5e-05 3e-05 0 2.5e-05 2e-05 7.5e-05 0 2.5e-05 0 3e-05 0 0 0 0.000105 2e-05 0 0 5e-05 0 0 0 0 0 7e-05 0 5e-05 3e-05 4e-05 4.5e-05 0 4e-05 5e-05 3e-05 0 0 8e-05 3e-05 0 0.00022 7.5e-05 0 6e-05 5e-05 0 0 0 4e-05 4e-05 0 3e-05 0 0 4e-05 2.5e-05 0 0.000135 1.5e-05 5.5e-05 0 4e-05 3e-05 2.5e-05 3.5e-05 0.000105 2e-05 0.000155 0 0 0 2.5e-05 3e-05 2e-05 5.5e-05 0 8e-05 0 5.5e-05 8.5e-05 9e-05 1.5e-05 2e-05 4.5e-05 6.5e-05 8e-05 3.5e-05 2e-05 3e-05 6e-05 0 6e-05
0 9.5e-05 4.5e-05 4.5e-05 4.5e-05 0 5.5e-05 2.5e-05 0 0 0 0 2.5e-05 3.5e-05 0 0 0 5e-06 5e-05 2.5e-05 3e-05 3.5e-05 0 4.5e-05 2e-05 0.00014 4e-05 3e-05 1e-05 4.5e-05 5e-05 0 3.5e-05 3e-05 5e-06 4e-05 0 4e-05 0 1e-05 0 5e-05 0.000235 5.5e-05 0 0 0.00023 3e-05 0.0001 3e-05 0 3.5e-05 0 3e-05 0 1.5e-05 5.5e-05 7e-05 0 0.00011 3e-05 0 0 3.5e-05 0 0 0 3e-05 2.5e-05 0 3.5e-05 5e-06 2.5e-05 0 5e-05 2e-05 9.5e-05 3e-05 7.5e-05 0.00011 0 0.000115 3e-05 0 4e-05 1.5e-05 0.000155 3e-05 4e-05 0 7.5e-05 2.5e-05 3e-05 3e-05 0 0 0.000115 0 5e-05 0.00011
5e-05 0.00013 4e-05 2.5e-05 4e-05 5e-05 4.5e-05 0 0 2e-05 0 0 4.5e-05 0.000115 4.5e-05 2e-05 3e-05 0 3e-05 2e-05 0.000195 1.5e-05 2e-05 2e-05 2.5e-05 0 2.5e-05 6e-05 0 6.5e-05 9.5e-05 6e-05 0 5e-05 0 3e-05 7e-05 0 0 0 0.00019 5e-05 3e-05 0 0 9.5e-05 2.5e-05 5e-05 0 7e-05 5e-06 2e-05 0 0 0 0 2.5e-05 2.5e-05 5e-05 1.5e-05 0.000105 0 2.5e-05 0 0.00013 0 0 0 0 9e-05 0 3.5e-05 7e-05 1.5e-05 3e-05 2e-05 2.5e-05 7e-05 0.0001 0 5e-06 5.5e-05 1.5e-05 3.5e-05 2.5e-05 0 0 4e-05 7e-05 0 3e-05 1e-05 2e-05 2.5e-05 5.5e-05 1.5e-05 3.5e-05 4.5e-05 0 2.5e-05
0 3e-05 5e-05 1.5e-05 4.5e-05 0 3e-05 0 3e-05 5e-05 1e-05 2e-05 0 0 0 0.000225 0.000105 0 0.00017 5e-06 3e-05 0 0 0 0.00011 3e-05 0 1.5e-05 0 0 9.5e-05 4e-05 3.5e-05 0 0 4e-05 3e-05 2.5e-05 2.5e-05 8.5e-05 0.000165 4e-05 7.5e-05 0.000255 4e-05 3.5e-05 0.000105 0 3.5e-05 0.000145 3.5e-05 0 6.5e-05 3.5e-05 6.5e-05 4e-05 3.5e-05 0 6.5e-05 5e-06 5e-05 2.5e-05 3e-05 2.5e-05 4.5e-05 7e-05 5.5e-05 1e-05 0 4.5e-05 0 3.5e-05 2.5e-05 0 2.5e-05 1.5e-05 4.5e-05 4e-05 0 0 2e-05 4.5e-05 3.5e-05 0 2e-05 2.5e-05 1e-05 2.5e-05 0 1e-05 0 0 0 2.5e-05 5.5e-05 4e-05 0 2.5e-05 3.5e-05 0
0 4.5e-05 2.5e-05 0.00017 0 2e-05 2e-05 0 7.5e-05 4.5e-05 8e-05 7.5e-05 0 4.5e-05 0 0 5e-05 0.0001 5.5e-05 0 4.5e-05 5.5e-05 5e-05 1.5e-05 4.5e-05 3.5e-05 1e-05 2e-05 0 1.5e-05 0.00018 1e-05 0 4.5e-05 7.5e-05 4e-05 0.000125 5.5e-05 0 4e-05 5e-05 0 0 5e-06 4.5e-05 0 2e-05 0 2e-05 0 0 0 5e-05 3.5e-05 2.5e-05 3.5e-05 2e-05 0 3e-05 0 4.5e-05 0 4.5e-05 3e-05 0 0 5.5e-05 2e-05 0 5e-05 0 1.5e-05 0.000155 0 0 0 0.00018 0 0.00014 3e-05 4.5e-05 1e-05 5e-05 0.00014 0 2.5e-05 5e-05 8e-05 0 3e-05 9e-05 0 0.000115 4e-05 2.5e-05 0 4e-05 3e-05 0 4e-05
5.5e-05 4e-05 4.5e-05 0 4e-05 0 6e-05 1.5e-05 0 4e-05 3.5e-05 0 4e-05 0 3e-05 3.5e-05 0.000105 0 3.5e-05 0 9e-05 0 5.5e-05 7e-05 8.5e-05 0 8.5e-05 0 4.5e-05 0.00014 3e-05 8.5e-05 0 2.5e-05 0 0 3.5e-05 3.5e-05 3.5e-05 3e-05 8.5e-05 4e-05 0 2.5e-05 0 0 0 4e-05 8.5e-05 0 0.000145 2e-05 3e-05 0 1.5e-05 4e-05 4.5e-05 2.5e-05 1e-05 2.5e-05 0 0 6.5e-05 8e-05 3e-05 0.000105 4e-05 0.00012 1.5e-05 0 4.5e-05 4e-05 0 3e-05 2.5e-05 0 0 0 4e-05 0 2.5e-05 3e-05 7e-05 0 4e-05 5e-05 0 0 0 5e-06 6e-05 3e-05 0 2.5e-05 0.00014 0 7.5e-05 0 0 0.00012
0 1e-05 0 3e-05 0.00012 3e-05 2e-05 0 0 0 4.5e-05 0 0.0001 4e-05 3.5e-05 6e-05 2e-05 3.5e-05 4e-05 4e-05 4.5e-05 0.000105 0 1.5e-05 5.5e-05 0 0 2.5e-05 0 0 0 0 2e-05 3e-05 0 4e-05 0.0002 4.5e-05 0 2.5e-05 1.5e-05 0.00013 0 0 0 0 2.5e-05 0.00021 3e-05 0 8e-05 3.5e-05 5e-05 0 0.0001 4.5e-05 2.5e-05 0 0.000105 4e-05 0 2.5e-05 0.0002 5e-06 0.000115 2e-05 0 0 1.5e-05 0 0 0 3e-05 6e-05 0 3.5e-05 0 3e-05 2.5e-05 5e-05 4e-05 0 3e-05 4e-05 2.5e-05 3.5e-05 4e-05 0 1.5e-05 6.5e-05 5e-06 4.5e-05 0.0001 2.5e-05 4.5e-05 2.5e-05 4e-05 0.0002 5e-05 4e-05
1.5e-05 0.0001 3e-05 0 2e-05 7.5e-05 3.5e-05 0 2e-05 0 2e-05 0 0 6e-05 3.5e-05 0 0 3.5e-05 0 2e-05 0 3.5e-05 0 0 3e-05 6e-05 0 0 6e-05 5e-05 3e-05 5e-06 8e-05 0 0 0 3.5e-05 4.5e-05 4.5e-05 3e-05 0 0 0.00016 2e-05 2e-05 0 0.00011 3e-05 0 0.00011 2.5e-05 0 4.5e-05 0 5e-05 0 0 5.5e-05 0 5.5e-05 4e-05 7.5e-05 3.5e-05 2.5e-05 0 0 3e-05 0 0 4e-05 1e-05 4.5e-05 0 4.5e-05 0 3.5e-05 0.00011 0 6e-05 0 8e-05 0.00016 0.000155 4.5e-05 2e-05 0 1.5e-05 6.5e-05 3.5e-05 0.00017 8.5e-05 3e-05 3.5e-05 0 3.5e-05 0 2.5e-05 0 2.5e-05 4.5e-05
7e-05 0 0 3.5e-05 2e-05 1e-05 3.5e-05 3.5e-05 2e-05 0 4.5e-05 4e-05 3e-05 0 0 0 4.5e-05 5e-06 0 5e-05 4.5e-05 2e-05 0.0001 3.5e-05 2e-05 5.5e-05 0 0 2.5e-05 0 0 5e-06 8e-05 3.5e-05 3e-05 2e-05 2.5e-05 0 3e-05 5.5e-05 0 3.5e-05 4.5e-05 0 7.5e-05 1e-05 5e-05 5.5e-05 3e-05 0 5e-05 0 3.5e-05 0 5.5e-05 3e-05 0 0 2.5e-05 1.5e-05 5e-05 2e-05 3e-05 4e-05 3e-05 7e-05 0 3e-05 9e-05 6e-05 0 4.5e-05 2.5e-05 8.5e-05 0 5e-05 0 0 3.5e-05 0.000115 2.5e-05 0 0 6.5e-05 0 2e-05 1.5e-05 6.5e-05 0 1.5e-05 2.5e-05 0 0 0.000175 1.5e-05 2.5e-05 6e-05 0 0 0
9e-05 0.000115 3e-05 4.5e-05 0 0 0.00012 5e-06 1.5e-05 3.5e-05 3e-05 0 0 0.000115 6.5e-05 3e-05 2e-05 2e-05 1e-05 0 0.00011 0 6.5e-05 3e-05 0 4e-05 0.0001 0 9e-05 0 0 3.5e-05 4.5e-05 2.5e-05 5.5e-05 1e-05 0 0 0 0 0 3.5e-05 5.5e-05 0 3.5e-05 6.5e-05 0 5e-06 0 4e-05 0 0 2.5e-05 3.5e-05 4.5e-05 3.5e-05 3e-05 6e-05 0 0.000105 2.5e-05 2.5e-05 0 3e-05 5e-05 3.5e-05 5.5e-05 7e-05 3.5e-05 3e-05 3.5e-05 0 0.000135 6.5e-05 3e-05 0 0 0 4.5e-05 0.00013 1e-05 3.5e-05 0 0 0 3.5e-05 4e-05 0 0 0 0 2.5e-05 3.5e-05 1.5e-05 4e-05 3.5e-05 0 4e-05 7e-05 0
0 3e-05 4.5e-05 0 5.5e-05 4e-05 0 0 2.5e-05 0 0 0.00011 3.5e-05 0 0 2.5e-05 0 1.5e-05 2e-05 6e-05 8.5e-05 3.5e-05 2.5e-05 3.5e-05 0 4.5e-05 5e-05 5e-05 7.5e-05 3e-05 5e-05 2e-05 0 1e-05 0 3e-05 0 2.5e-05 0 0 0.00012 3.5e-05 3.5e-05 0.000125 0 5e-05 5.5e-05 2e-05 3.5e-05 2.5e-05 0 3e-05 0.00016 2e-05 6e-05 4e-05 3.5e-05 6e-05 0 5e-05 0 0.000115 0 2e-05 5e-06 1e-05 6.5e-05 3.5e-05 3e-05 0 3e-05 0.00011 0 2e-05 0 3.5e-05 0 0 2.5e-05 0 0 4e-05 5e-05 0 6e-05 4e-05 6.5e-05 3.5e-05 0 0 5.5e-05 0 2.5e-05 0 9e-05 3.5e-05 6.5e-05 0 6e-05 5e-05
4e-05 3.5e-05 0 0 3e-05 5.5e-05 2.5e-05 0 0.00018 0 0 6.5e-05 0 5e-05 0 0 4e-05 2.5e-05 0 5e-05 0 4.5e-05 2e-05 4.5e-05 0 0 7.5e-05 0 1.5e-05 3e-05 2.5e-05 5e-05 5.5e-05 0 6.5e-05 6.5e-05 2e-05 2e-05 0 3.5e-05 3e-05 2.5e-05 0.00014 4.5e-05 4.5e-05 0 7e-05 8.5e-05 3.5e-05 0 0 2.5e-05 2.5e-05 2e-05 0 5.5e-05 0 0 3e-05 0 0 3e-05 3.5e-05 4.5e-05 3.5e-05 4e-05 1.5e-05 6.5e-05 3.5e-05 8.5e-05 1e-05 3e-05 0 0.000145 0 2.5e-05 4e-05 4e-05 0 0 0 2e-05 1.5e-05 0 4.5e-05 3.5e-05 0.00023 0.000125 4e-05 7.5e-05 2e-05 4e-05 6e-05 0 2.5e-05 5e-06 0 0 0 3.5e-05
4.5e-05 0 5e-06 0 2.5e-05 0 0 2e-05 0 2e-05 5e-05 4e-05 3.5e-05 3.5e-05 5.5e-05 2.5e-05 1.5e-05 2.5e-05 1.5e-05 0 5.5e-05 4e-05 0 3e-05 0.000105 3.5e-05 1e-05 0 0.00014 4e-05 2.5e-05 1.5e-05 1.5e-05 0 0 9.5e-05 0.0001 0.0001 1.5e-05 4e-05 2e-05 0 0 5e-05 4e-05 1e-05 4e-05 4e-05 0 2e-05 6e-05 0 0 2.5e-05 0 1.5e-05 4e-05 0.00025 2.5e-05 5e-05 0 0 0 4e-05 0 0 3e-05 3e-05 6.5e-05 0 2e-05 4.5e-05 0 2e-05 0 0 5.5e-05 0 0 3.5e-05 4.5e-05 2.5e-05 2e-05 0 0 3e-05 3.5e-05 0 5e-05 6e-05 0 8.5e-05 3e-05 0.0001 4.5e-05 0 0 0.000105 0.00013 3.5e-05
4.5e-05 1e-05 2e-05 4e-05 0.00013 0 3e-05 5e-05 0 0 0 0 4e-05 4e-05 5e-05 5e-05 7e-05 2e-05 3.5e-05 4e-05 0 0 3.5e-05 7.5e-05 3.5e-05 7.5e-05 0 2e-05 0 0 0 2.5e-05 0.0001 5.5e-05 0 0 0 4e-05 4.5e-05 9.5e-05 0 0 5e-06 6.5e-05 0 0 0.0002 2.5e-05 6e-05 0 4.5e-05 2e-05 3.5e-05 0 5e-05 3.5e-05 1.5e-05 3.5e-05 2e-05 0 6.5e-05 3.5e-05 4e-05 5.5e-05 3e-05 3.5e-05 0 0 1.5e-05 4e-05 2e-05 1.5e-05 0 2.5e-05 0.00019 0 3.5e-05 0 3e-05 3e-05 0.000155 0 0 0 0 0 1e-05 0 0 0 0.000115 0 7e-05 5.5e-05 3.5e-05 5e-05 2e-05 3.5e-05 0 6e-05
4e-05 2.5e-05 0 3e-05 0 3e-05 2e-05 3e-05 6e-05 4e-05 2e-05 5e-05 2e-05 2.5e-05 0 0 0 0 1.5e-05 1.5e-05 1.5e-05 7.5e-05 0.000115 0 2e-05 0.00016 0.0002 5.5e-05 4e-05 0.00018 7.5e-05 3e-05 2e-05 4e-05 0 4.5e-05 5.5e-05 2e-05 0.000125 3e-05 8.5e-05 1.5e-05 1.5e-05 3e-05 8.5e-05 5e-05 2.5e-05 2.5e-05 4.5e-05 1.5e-05 0 0 0 0 3e-05 2.5e-05 0 0 0 3.5e-05 0 0 0 3e-05 0 2.5e-05 0 0 4.5e-05 3e-05 0 0 6.5e-05 3e-05 4e-05 0.000105 0 5e-06 4.5e-05 4.5e-05 0 1e-05 2.5e-05 0 3.5e-05 4e-05 3.5e-05 1.5e-05 0 2.5e-05 0 0 0.000115 6e-05 0 3e-05 0.00011 0 0 0
5e-05 4.5e-05 0 2.5e-05 3e-05 4.5e-05 5e-05 0 5e-05 4e-05 2.5e-05 0 1e-05 0 5e-05 0 2e-05 0 8e-05 0 0 0 3e-05 4.5e-05 0 5e-05 0.000165 1.5e-05 0 0.000215 3.5e-05 7.5e-05 3.5e-05 6.5e-05 0 1e-05 0 1.5e-05 3.5e-05 0 5.5e-05 0 0 4e-05 0 5e-05 0 4e-05 0 3.5e-05 2e-05 0 0.00015 2e-05 5.5e-05 9.5e-05 0.000115 0.000135 0 3.5e-05 6e-05 0.000215 2.5e-05 1e-05 4.5e-05 0 3.5e-05 3e-05 4e-05 0 0 0 2e-05 0 1.5e-05 5e-06 5e-05 0 3.5e-05 0 2.5e-05 5e-05 0 0 1.5e-05 0 9e-05 3.5e-05 5e-06 4e-05 2e-05 0 0.000135 0 0 4e-05 5.5e-05 6e-05 0.00014 2.5e-05
4e-05 4e-05 2.5e-05 5.5e-05 0.000145 4.5e-05 4e-05 0 0 0 7e-05 0 0 2e-05 3.5e-05 4.5e-05 0 4.5e-05 1e-05 4e-05 3e-05 3.5e-05 0.000175 2e-05 0 3.5e-05 2e-05 0 4e-05 7.5e-05 0 6.5e-05 0.000135 0 3.5e-05 5e-05 6e-05 2.5e-05 8.5e-05 0 3.5e-05 4e-05 0 1e-05 0 0 0 3.5e-05 0 0 5e-05 3e-05 3.5e-05 0 0 0 4e-05 2.5e-05 0 3.5e-05 0.000245 3.5e-05 3e-05 0 0 5.5e-05 4.5e-05 0 5.5e-05 0 3.5e-05 3e-05 0 4e-05 4.5e-05 4.5e-05 6.5e-05 4.5e-05 0 3e-05 0 3e-05 4e-05 3.5e-05 0 0 0 3e-05 3.5e-05 0 4.5e-05 1.5e-05 2.5e-05 0 7.5e-05 3e-05 0 4.5e-05 3e-05 4.5e-05
2.5e-05 2.5e-05 2e-05 2e-05 2e-05 5e-05 4e-05 0 2.5e-05 0 2.5e-05 2e-05 0 3e-05 0 0.000105 6.5e-05 2.5e-05 0.000105 0 3.5e-05 5.5e-05 0 0 0.00014 2.5e-05 1.5e-05 0 0 0 0.00011 3.5e-05 0 2e-05 4.5e-05 0 0 4.5e-05 2e-05 1e-05 4e-05 3.5e-05 2e-05 0.0001 0 3e-05 0 0 5.5e-05 1.5e-05 0 4.5e-05 3.5e-05 4e-05 3e-05 0 4.5e-05 5e-05 5e-05 2.5e-05 0 0.00014 2.5e-05 0 3e-05 5e-06 6.5e-05 2.5e-05 0 0 0 1.5e-05 3e-05 4.5e-05 6.5e-05 0 0.0001 0 9.5e-05 0 3.5e-05 4e-05 3.5e-05 7.5e-05 2e-05 0 2.5e-05 0 0 0.000125 0 0 0 3.5e-05 0 0.000145 3.5e-05 0 6e-05 5.5e-05
5e-05 3.5e-05 3.5e-05 0 3.5e-05 5.5e-05 8e-05 5.5e-05 2.5e-05 2.5e-05 0 0 0 3.5e-05 0 0 8e-05 3e-05 1e-05 2e-05 4e-05 0.000205 0 5.5e-05 2.5e-05 3.5e-05 0 0 2e-05 0 0 1.5e-05 4.5e-05 0.000145 0 1e-05 0 0 0.00018 0 2e-05 0 2.5e-05 7.5e-05 1.5e-05 6e-05 0 4e-05 2e-05 2.5e-05 3e-05 6e-05 0 2.5e-05 3e-05 0 8e-05 3e-05 2.5e-05 0 0 3.5e-05 3e-05 1.5e-05 4e-05 0.000165 0 2e-05 3e-05 7e-05 0.000135 2.5e-05 0 8e-05 0 5.5e-05 0 3.5e-05 3e-05 0 0 4e-05 0.0001 1.5e-05 0 0 0.000115 2.5e-05 2e-05 0 2.5e-05 2.5e-05 5e-05 0 8.5e-05 0 0 5e-06 2.5e-05 0
5.5e-05 2e-05 3.5e-05 0 0 3.5e-05 0 0 0 6.5e-05 1e-05 3.5e-05 0 3.5e-05 0 0 0.00021 3.5e-05 2.5e-05 8e-05 0.000105 3.5e-05 3.5e-05 3.5e-05 0 4e-05 4e-05 0 3e-05 0 3.5e-05 4e-05 3e-05 0 0 7e-05 1.5e-05 7e-05 0 0.000105 4.5e-05 0.00017 0.00019 0 5e-06 5.5e-05 5e-05 0 6e-05 5e-06 0 2e-05 8.5e-05 0 0 0 0 3.5e-05 4e-05 4e-05 3e-05 1.5e-05 0 0.000125 4e-05 0 4e-05 0 4e-05 0 0 0.000155 0 4e-05 5e-05 5e-06 2.5e-05 2.5e-05 2e-05 0 5e-05 1e-05 3.5e-05 3.5e-05 0 4e-05 0 4.5e-05 4.5e-05 0 4e-05 3e-05 5e-05 5e-05 8e-05 0 0 0 0 0.000115
4.5e-05 5.5e-05 4e-05 0.0001 0 1.5e-05 8e-05 0.0001 0 5e-05 0 5e-06 0.00015 2.5e-05 0 2.5e-05 0 3e-05 0 0.000115 3.5e-05 0.000105 0 3.5e-05 4.5e-05 3.5e-05 0 7.5e-05 0 0 4e-05 4e-05 6.5e-05 0 4.5e-05 0 3e-05 3.5e-05 4.5e-05 3.5e-05 0 0 2.5e-05 0 0 3e-05 8e-05 2.5e-05 4e-05 9.5e-05 5.5e-05 2.5e-05 5.5e-05 4.5e-05 0 2e-05 3e-05 3.5e-05 1e-05 1.5e-05 3e-05 3e-05 0.000185 0 4.5e-05 0 1.5e-05 2e-05 5e-05 0 0 5e-05 4.5e-05 6e-05 5.5e-05 0 0 2.5e-05 2e-05 0 0 4.5e-05 6.5e-05 0 0 0 0 8e-05 0 3.5e-05 0 0.000105 4e-05 0 0 4e-05 3e-05 6e-05 2.5e-05 3e-05
7e-05 0 3e-05 4e-05 0 0 3e-05 3e-05 0 0.00013 4e-05 5.5e-05 7e-05 0 0 9.5e-05 3.5e-05 5.5e-05 0.00018 1e-05 0 0 9.5e-05 1.5e-05 6e-05 2.5e-05 0 1e-05 0 0 4e-05 0 2.5e-05 0 1.5e-05 5.5e-05 3e-05 3e-05 5.5e-05 2.5e-05 0 2.5e-05 2.5e-05 0 4.5e-05 3.5e-05 2e-05 0 0 0 0 0 3e-05 2.5e-05 5e-05 0 0 2.5e-05 5e-05 3.5e-05 3.5e-05 4e-05 4e-05 0 4e-05 4e-05 3.5e-05 2.5e-05 3.5e-05 4e-05 0 0 0 2e-05 3e-05 3.5e-05 0 0.000145 0.000175 0.0001 3.5e-05 9e-05 6.5e-05 3e-05 0 2.5e-05 0 0 3e-05 2e-05 9e-05 4.5e-05 0 5.5e-05 2.5e-05 0 2.5e-05 6e-05 2.5e-05 3.5e-05
0 8e-05 1e-05 3.5e-05 2.5e-05 0 5.5e-05 1e-05 0 0.00017 4.5e-05 0 0 0 0 4e-05 5e-05 2e-05 3e-05 0 3e-05 0.00018 9e-05 0 5e-05 0.000125 3e-05 3e-05 3e-05 4.5e-05 6e-05 4e-05 3e-05 5e-06 0 3e-05 0 0 6.5e-05 0 5e-05 2e-05 0 3e-05 4e-05 3e-05 0 0 0 6e-05 7e-05 0.000125 2.5e-05 2.5e-05 0 5.5e-05 1.5e-05 0 6.5e-05 0 5.5e-05 7.5e-05 3.5e-05 0 0 4.5e-05 0 0 2.5e-05 1e-05 0 5e-06 8.5e-05 2.5e-05 5.5e-05 5e-05 0.00015 0 2.5e-05 2.5e-05 0 7e-05 0 0 0 0.000155 5e-05 0 0 4.5e-05 0 4.5e-05 2.5e-05 4.5e-05 0 1.5e-05 3e-05 1.5e-05 4e-05 3.5e-05
0.000155 4.5e-05 4e-05 0 0.00013 0 0 2.5e-05 0 0 6.5e-05 4e-05 1.5e-05 3.5e-05 9.5e-05 5e-06 3.5e-05 0 0.000105 0.000165 3.5e-05 0.00011 0 5.5e-05 7.5e-05 3e-05 0.000105 7.5e-05 5e-05 0 5.5e-05 0 3e-05 3e-05 4.5e-05 1.5e-05 2e-05 6.5e-05 0 0 5e-05 0 3.5e-05 2.5e-05 9.5e-05 0 0 0 0 2e-05 4e-05 4.5e-05 0 4e-05 2.5e-05 4.5e-05 4.5e-05 4.5e-05 3e-05 6.5e-05 3e-05 0 4e-05 3.5e-05 4.5e-05 0 0 4e-05 3.5e-05 0 0 9e-05 0 3.5e-05 0 7e-05 4e-05 2.5e-05 3e-05 0 0 0 3e-05 3.5e-05 0 0 3.5e-05 0 2.5e-05 4e-05 4e-05 0 1.5e-05 0.000125 1.5e-05 0 6e-05 5e-06 0 0
0 3.5e-05 0 0 6.5e-05 6.5e-05 0 0.00015 0 0 8.5e-05 0 9.5e-05 3e-05 0 3e-05 0 0 0 0 0 0 0 9.5e-05 3.5e-05 5.5e-05 6e-05 1.5e-05 6e-05 5e-05 2.5e-05 5e-05 7.5e-05 6e-05 4.5e-05 9e-05 2e-05 6e-05 4e-05 0 2e-05 6.5e-05 2e-05 0 0 0.000105 4.5e-05 2.5e-05 2.5e-05 1e-05 2.5e-05 5e-06 3e-05 0 5e-06 2.5e-05 8.5e-05 0 0 0 6.5e-05 3e-05 0.000105 6.5e-05 2e-05 0 1.5e-05 0 3e-05 0 2e-05 6.5e-05 7e-05 7.5e-05 3.5e-05 4e-05 2.5e-05 4e-05 4e-05 0 7e-05 0 6e-05 0.000115 0 1.5e-05 0 2e-05 3e-05 2.5e-05 0 0 0 4.5e-05 0.00013 2e-05 8e-05 2.5e-05 2e-05 0
2e-05 2e-05 4e-05 4.5e-05 2e-05 0.00011 0 2.5e-05 0.00012 0.000125 3.5e-05 0 4.5e-05 0.000145 3e-05 0 0 3.5e-05 7.5e-05 0 0 9.5e-05 0 2e-05 5e-05 0 0 0 0 0 3.5e-05 0 3.5e-05 0 0 0 0 3e-05 4e-05 0 0.00012 5e-06 5.5e-05 2e-05 0 0 5e-05 6e-05 5e-05 0 2e-05 6e-05 2e-05 4e-05 0.00012 0 4e-05 0 0.000105 5.5e-05 0 0 0.0001 3e-05 0 0.0001 5e-05 0 9e-05 3.5e-05 0 0.000115 0 8.5e-05 7.5e-05 2.5e-05 0 0.00014 0 3e-05 2e-05 0.000175 3.5e-05 6e-05 0 2.5e-05 0 0 4e-05 2e-05 0 2.5e-05 1.5e-05 9e-05 0 6e-05 1.5e-05 4e-05 2e-05 3e-05
5e-06 4e-05 3e-05 0 3.5e-05 5.5e-05 2e-05 8.5e-05 4e-05 0 0.00011 0 6.5e-05 0 2e-05 0 8e-05 2.5e-05 2.5e-05 0 4e-05 4.5e-05 0.0001 4.5e-05 2.5e-05 2.5e-05 0 2e-05 0 0 1.5e-05 6.5e-05 2e-05 4e-05 0 3.5e-05 2e-05 7e-05 0 0 2.5e-05 4.5e-05 2e-05 1e-05 4e-05 4e-05 0 0 2.5e-05 0 4.5e-05 0 8e-05 4e-05 1e-05 5e-06 0 0 0 6e-05 2.5e-05 0 3.5e-05 0 1e-05 0 4e-05 4.5e-05 3e-05 4e-05 4e-05 0 0 0 1e-05 0 0 0 3e-05 0 0 0 3e-05 0 4.5e-05 4.5e-05 1e-05 1.5e-05 0 4e-05 0 0.00019 0.000225 0.00011 4e-05 6e-05 1.5e-05 0 0 2e-05
0 0 5e-05 0.0001 5e-05 2.5e-05 6.5e-05 0 7e-05 0 3.5e-05 4e-05 0.000135 4e-05 2e-05 1.5e-05 3e-05 2.5e-05 3.5e-05 0 5e-05 5e-05 2.5e-05 2.5e-05 2e-05 1.5e-05 0 2e-05 5e-05 2.5e-05 3.5e-05 1.5e-05 2.5e-05 0 2e-05 2.5e-05 0 4.5e-05 5e-05 3.5e-05 0 0 1.5e-05 0 0 0 1.5e-05 0 4e-05 0 0 0 0 3.5e-05 0.000125 4e-05 3.5e-05 2e-05 5e-06 2.5e-05 8e-05 3.5e-05 7e-05 0.000115 2e-05 7e-05 3.5e-05 5.5e-05 4e-05 0 6.5e-05 3e-05 0.0001 0 0 1.5e-05 0 4e-05 4e-05 4.5e-05 3e-05 0 3e-05 0 7.5e-05 0 0 7.5e-05 0 0.000105 0 5e-05 0 4e-05 4e-05 0 3e-05 9.5e-05 2.5e-05 5.5e-05
0 4e-05 0 4.5e-05 0 2.5e-05 3.5e-05 5e-05 0 0 3.5e-05 1.5e-05 0 3e-05 4e-05 0 6.5e-05 4e-05 3e-05 2.5e-05 1.5e-05 3e-05 4e-05 5e-05 0 0 5.5e-05 0 0 0 3.5e-05 3e-05 3e-05 0 3.5e-05 7e-05 0 3e-05 0 3.5e-05 6.5e-05 0 2.5e-05 3e-05 0 0 0 0 7e-05 4e-05 2.5e-05 7e-05 0 0 0.00024 4.5e-05 4.5e-05 2e-05 4e-05 6.5e-05 0 1.5e-05 4e-05 5.5e-05 2.5e-05 5e-05 5e-06 0.000125 7.5e-05 0 3.5e-05 0 4e-05 5.5e-05 9.5e-05 3e-05 1.5e-05 0 0 5.5e-05 0 0 3e-05 3e-05 4.5e-05 0.000115 5e-05 1.5e-05 0 0 2.5e-05 1.5e-05 5e-05 0 0.000145 0 4.5e-05 3e-05 3.5e-05 0
2e-05 0 7.5e-05 1.5e-05 5e-05 3.5e-05 0.000205 9e-05 4e-05 0 0.00021 0 5e-06 2e-05 5.5e-05 4e-05 7e-05 4.5e-05 2.5e-05 3.5e-05 5.5e-05 0 0 0 0 3e-05 3e-05 7e-05 1.5e-05 0.000105 2.5e-05 3.5e-05 0.00014 6e-05 3e-05 2.5e-05 8.5e-05 2.5e-05 2e-05 3e-05 0 5e-05 8.5e-05 3e-05 0 0 7e-05 4e-05 1.5e-05 0 0 0 0 3.5e-05 0 8e-05 0 0.000275 7e-05 2.5e-05 0.000105 3e-05 2e-05 0 5e-06 4e-05 0 1.5e-05 3.5e-05 2e-05 2.5e-05 0 2e-05 0 3.5e-05 0 2.5e-05 1e-05 4.5e-05 0 0 0 3e-05 5e-06 0 0 3e-05 0 3e-05 0 8.5e-05 0 0 0 3.5e-05 0 0 2.5e-05 2e-05 2.5e-05
2e-05 0 4e-05 6e-05 5.5e-05 5e-05 3e-05 0 3.5e-05 0.000155 7e-05 0 0 6.5e-05 5.5e-05 5e-05 0 9.5e-05 0.00011 4.5e-05 3e-05 6.5e-05 0 3e-05 4e-05 0 0 1.5e-05 0 0 2.5e-05 0 8e-05 6e-05 3e-05 3e-05 0 2.5e-05 3e-05 0 0.000205 2.5e-05 2e-05 0.000135 3.5e-05 0 0 0 0 0.00016 0 0 0 3e-05 3e-05 7e-05 0 6e-05 0 7e-05 2.5e-05 0 0 2.5e-05 3e-05 5e-05 0 3e-05 1e-05 3e-05 4e-05 4e-05 0 0 0.00012 2e-05 2.5e-05 2.5e-05 0.00015 7.5e-05 4.5e-05 0 0.00017 4.5e-05 0 0 2.5e-05 0 0 3e-05 2e-05 0 2.5e-05 3.5e-05 1.5e-05 2e-05 0.00012 6.5e-05 4e-05 3.5e-05
1e-05 0 2.5e-05 4.5e-05 0 0 2.5e-05 5e-05 3e-05 3e-05 4.5e-05 2e-05 1e-05 7e-05 5.5e-05 5.5e-05 6.5e-05 0 0 3.5e-05 0 0 3e-05 4e-05 0 3e-05 2.5e-05 6.5e-05 9e-05 4e-05 1.5e-05 1e-05 9e-05 4e-05 4e-05 9.5e-05 0 0 0 0 0 0 7e-05 4e-05 7.5e-05 0 7.5e-05 0 3e-05 0 0 6e-05 0 2.5e-05 3e-05 0 4e-05 2.5e-05 0 5.5e-05 0 0 0 0.0001 3e-05 4e-05 6e-05 0.0001 0 0 1.5e-05 5e-05 0 2e-05 3.5e-05 9.5e-05 0 8e-05 2.5e-05 1e-05 3.5e-05 3e-05 8.5e-05 4e-05 2e-05 0 0 0 2.5e-05 0.00011 9.5e-05 0 2e-05 0 8e-05 1e-05 0 0 8.5e-05 4e-05
