0.02394548205
0
0
0
0.01807605484
0
0
0.0133439909
0.02548644751
0
0
0
0.004498167803
0.008308520406
0
0
0.00538949995
0.01014753421
0
0
0.01327766723
0.02153004467
0
0.01326655406
0.0007618210712
0.0005164550496
0
0.01714653045
0.02972307305
0.004062689389
0.03573857693
0.0257641982
0
0.02072402837
0.006492268103
0.02448275069
0
0
0.02789869787
0
0
0
0.03358888113
0.01744333897
0.02110366573
0.03231140977
0
0.03756722909
0.02052483063
0
0
0
0.03497139786
0
0.02220394116
0
0
0
0
0.0329965742
0
0.02669640933
0
0
0
0.01751159404
0.02261931157
0.00514219875
0.001100056961
0.001498039814
0
0.005556454133
0.03923593057
0
0.01766646555
0.01701993016
0
0.04416426898
0
0.008094621378
0.01821376611
0
0.0159379496
0
0
0.01608462356
0
0.0009967994606
0
0
0
0
0.04443984412
0.01684097504
0
0.02035708024
0.02983987902
0
0.02200513145
0.005686348804
0
0.03403564018
0.01918704179
0.0328541444
0.03469591822
0
0
0.02496993329
0.01314294706
0
0.04014766401
0
0
0
0.009224470268
0
0.03176988183
0
0.005896609802
0
0.01165420628
0
0.01671052927
0
0.0003451570902
0.02220484572
0
0
0
0.02692970351
0
0.04293294858
0.002280039501
0.00355414945
0.01116918553
0.004381893005
0
0.0002661515479
0.02136274994
0.0495483495
0.01750371596
0
0.03853743575
0
0
0
0.0031198541
0
0
0.02456410657
0.005680916202
0
0
0.03007100474
0.004903604974
0.03377735947
0.001962181787
0
0
0
0
0
0.02730788825
0
0
0.02813208934
0.0009295982211
0.01816021984
0.01868027936
0
0.006567764558
0.04241965742
0
0.003511212301
0.006433856872
0
0
0
0
0
0.004326600251
0.03781305916
0
0.03650884017
0
0
0.00524893874
0
0
0.0268714007
0.025290224
0
0
0
0
0
0
0.01909787376
0.02973101742
0.0435851403
0.03837217641
0
0.02703503075
0
0.01105617916
0
0.006198297339
0.004995756069
0
0
0
0.03394085732
0.002922657911
0
0.00359921543
0.01091035164
0
0.01244386204
0
0.02317309634
0.01843102244
0.0156168258
0.001736651037
0.02700831631
0
0
0
0.00224850164
0.02013892624
0.03472011691
0.0184230267
0.007903953127
0
0.01060820321
0.02331080071
0
0
0.006991508721
0.01238214358
0
0
0
0
0.0408909784
0.01648322585
0
0.01694081597
0.03016224112
0.03517426012
0
0.003538388538
0
0.003370556673
0.009834579429
0.02018847318
0
0
0
0.01843791971
0.01757617064
0
0
0
0
0
0.01303615039
0.02792105169
0
0
0
0
0.007826175467
0.0004925729803
0.01130718058
0
0
0
0.03800120219
0.03413803731
0
0.02787956935
0
0.02714314882
0
0.0004068625693
0.03240673858
0
0.03605781783
0.01845609434
0
0
0.003058843138
0.0127574428
0.03033972446
0.01535163154
0.04107545199
0.03341435992
0
0.002164857598
0
0
0
0.02213363459
0.04888243817
0
0.02225700554
0.01227400122
0.03639179578
5.04E-05
0.0306531373
0
0
0.01758459457
0.01489104577
0.008991045227
0
0.01930993732
0
0
0
0
0
0.0227162417
0
0
0.04369542531
0
0.01692461815
0.01449783541
0
0
0
0.02723557323
0
0.002103275744
0.0306913631
0
0.001216374206
0.0362385616
0.04028888882
0.04451487076
0
0.01346632338
0
0
0.005319260563
0.0005659477251
0.01496975619
0
0
0
0.005472485608
0
0.0398497671
0.002859151131
0
0.0005992844818
0
0.00913407282
0.01125921111
0
0
0.02439289201
0.02567291902
0.01028235342
0.000428627116
0
0.00612544916
0
0.0117783994
0.006491535453
0.01645023438
0.03598051058
0
0
0.01723509264
0.006100027262
0
0
0.03969514023
0.01056605845
0.03772314371
0.01731280582
0.02363674502
0.01178755073
0
0
0
0.00675934817
0.01168388801
0.02023251678
0.01651935396
0
0
0.0143390466
0
0
0.01176900952
0
0
0.01808032046
0
0.02050971051
0
0
0.01340847819
0.01996105611
0.02159184203
0.005513870303
0.02731159915
0
0.01234406487
0
0.0396560428
0
0
0.01968708358
0.01507960053
0
0.01597319471
0
0
0.02562307007
0.02475461192
0
0.01398595493
0.004532327627
0.02481874307
0.04468588216
0
0
0
0
0
0.02248625808
0.001103806182
0
0.01452684186
0.01535722521
0
0
0
0.0002017472026
0.03109161554
0.01031894622
0.03429541811
0.02441167555
0.01430474191
0.01912796403
0.01261131986
0
0
0.0244245058
0.01315247906
0
0
0.00683383968
0
0
0.005793651614
0
0
0.01914819303
0
0.02412117942
0.02587506139
0
0.01134927649
0
0.006560244418
0
0
0.04038074589
0
0
0.001152043447
0
0.02209444418
0.009477491872
0.04599105908
0.02319660375
0.006403491832
0
0
0
0.02788895432
0
0.02691739402
0.03720684975
0
0
0.02686824925
0
0.005211735524
0
0.01570687411
0.006890619309
0
0
0
0.005983522596
0.008204408463
0.02637237468
0.05350397618
0.005105966176
0.01550916509
0
0.00296981261
0.01045208447
0.01085422435
4.96E-05
0.01663060121
0
0
0
0.01802170634
0.00663002289
0
0
0
0
0
0.02268273201
0.009141173358
0
0.02564343663
0
0
0.01430605912
0
0
0.02299569321
0
0
0
0.01885609559
0.001143736496
0
0.0293937071
0.01362157339
0
0
0.03861324294
0.0438658144
0.00350277452
0.006957626064
0.01121737339
0.02252845633
0
0
0
0
0.02960777246
0.04127820778
0
0.0004257520999
0
0
0.006370934859
0.05777010132
0
0.005964199598
0
0
0.0006489293003
0.0269977193
0
0
0
0
0.003659639639
0
0.02943269451
0
0
0.02782160923
0.01609744519
0.02699163323
0
0.02692624619
0.03031881768
0
0.04784113256
0.01145841616
0.03814239095
0.01922545631
0
0
0
0
0.01609588427
0.02009999425
0.0255908863
0
0.02647714877
0
0
0
0
0
0.03101767833
0.01116690555
0.03440036112
0.04223384885
0.01782649318
0
0
0.001549266084
0
0
0.01355695429
0.02894091407
0.009121135143
0.00E+00
0.0261502282
0.01357718137
0
0
0
0
0.03351073856
0
0.009237014871
0
0.01862829251
0.002622336345
0
0
0.006258261971
0.03321945571
0
0.0216358542
0
0
0
0.005413175152
0.009199451618
0
0.02466636485
0
0
0
0.01478773021
0.03790580325
0
0
0.0130000879
0.02598287864
0.009530503829
0
0
0
0
0.04172703502
0.01732306002
0
0.0008398209234
0
0.03257616666
0.04792522996
0.01021187314
0
0
0
0
0.004000568488
0
0
0
0
0
0.01269280319
0.001609398898
0
0
0.001561559881
0
0.02880039443
0.006413893722
0
0.02726185084
0
6.38E-02
0.01860992541
0.0394564925
0.01369599411
0
0.01755263009
0
0
0
0.002909810675
0.03087345109
0.009970950571
0.05384631859
0
0.009574146723
0
0.01167456394
0
0.04562442608
0
0
0
0
0
0.01916526785
0.006868034494
0
0
0.00597000312
0.00183125889
0.04336287081
0
0.03974231695
0
0
0.01581641076
0.04632365857
0
0.03773184811
0
0.0251248198
0
0.008764803728
0
0
0
0.02109578018
0.01772691983
0.01550887846
0
0.01286664487
0
0
0
0
0
0
0.01482187852
0.00194154431
0
0
0
0
0
0.006518661192
0
0
0
0.0009834671501
0.009923166642
0
0
0.02913841957
0
0.02168309272
0.01938377454
0.03596595414
0
0.06035994849
0
0.0004500165642
0.04274920963
0.01636787969
0
0
0.006903968121
0
0
0
0.006534140292
0.003970518361
0.006096052422
0.03281596403
0.004920926444
0.0398925284
0
0
0.0005768536626
0
0
0.03338260854
0
0.02809325248
0
0.03249141996
0
0
0.01477848695
0.02354720489
0.0183187877
0.01714885643
0.03958416975
0.04901951504
0
0.01373546307
0.004378327809
0
0
0
0
0.005110416757
0.04031457862
0.02388971835
0
0
0.03861452454
0.02090821184
0.02425188859
0
0
0.02536268139
0
0
0
0
0.001638897219
0
0
0
0
0
0.007121413911
0
0.03557680578
0
0.02007762128
0.00193419906
0.01905069216
0.0002573113493
0.02311795743
0.01580747648
0
0.009995428405
0.05665787899
0.008095296088
0
0.05226963027
0.03333573711
0.02382681272
0
0.0450348963
0.0007194951441
0
0
0
0.04568521416
0
0
0.003092614757
0.006957066004
0.01411073382
0.01335886157
0.009496004942
0.01917915985
0
0
0
0.03691365929
0
0.01035180272
0
0.01856981466
0
0.003412248884
0
0.00730528521
0
0
0.009916732134
0.04387859763
0.03377202319
0
0.003975861794
0.02015867232
0
0.02407099871
0
0
0.01054725958
0
0.039540422
0.02632282161
0
0
0
0
0
0
0
0.00E+00
0.01956526577
0
0
0
0
0
0.03323128571
0.01361802388
0.02523948462
0
0.0001563799137
0
0.004103571768
0
0.02034990393
0
0
0
0.0002458348264
0.0204222163
0
0.009825273921
0.00985350606
0.006893130377
0
0.01394680653
0.01797306561
0.06325708694
0.02378505074
0.02098905552
0
0.01657006995
0.01000882646
0
0.02801633578
0
0.0006880440506
0.01755318698
0.02765021298
0
0
0.0466380957
0.02640357211
0
0
0.0350680389
0
0
0
0
0
0.009918902718
0.03045003181
0
0.01592315912
0
0.02866085343
0.01475833427
0.00339096562
0
0
0
0.01696186627
0
0.01259430851
0.009509832442
0
0
0
0
0
0
0
0.005244281859
0.03843320659
0
0.04055367453
0.00097367469
0
0
0
0.01918301029
0.002145574269
0
0
0.01039029449
0.03455913608
0
0.001840681735
0
0
0
0
0.02240869134
0.0009100245457
0.03267341789
0.03664175881
0
0
0
0
0.03400058763
0
0.07114177297
0.03817759442
0.01137348186
0
0.01154413185
0.006977571944
0.01104104769
0
0
0.009507010994
0
0
0
0.02542433732
0
0
0
0.001823817321
0.002117437619
0
0
0
0
0
0.01497355058
0.03630292007
0.02097273077
0
0
0.0343784883
0
0.009522448327
0.001126139993
0.003765408962
0
0.04644391772
0.01009269812
0.0310023768
0.04917358766
0
0
0.0181047134
0
0
0
0
0.0399540128
0.00423247939
0
0.01916755548
0.03136125772
0
0
0
0
0
0.01939574595
0.01842887136
0
0.02065322473
0.02231035148
0.01744815988
0.03004331312
0
0
0.03046009281
0.04977801939
0
0.01526759447
0.008241555482
0
0.01191959592
0
0.03372555896
0.01707904362
0
0
0.005238874297
0.0001287040411
0.03554853149
0.02852990897
0.03087685212
0.004987613853
0
0
0
0
0
0.008790690008
0
0
0.01498197722
0
0
0
0
0
0.04115623003
0.01417044595
0
0.01264588852
0.03301297875
0.007607699553
0.01623740961
0.02386955944
0.01609197389
0.003074675987
0.01495740304
0
0.01869524237
0
0.02622235456
0.03200319804
0
0.02273380847
0.01329399639
0.006817989573
0.01964911415
0
0
0.002308712234
0
0.04089034152
0
0
0.01120106496
0.01228087541
0.03030764428
0.04594124668
0
0
0
0.01567295485
0
0.05567149743
0
0.007827075467
0
0.002735731925
0.05660311405
0
0
0
0.003521644394
0
0
0
0
0.02490578797
0.01421309203
0
0.02662388017
0.008175850157
0
0.02758340844
0.03954195486
0
0
0.00367232129
0
0.01889154286
0
0
0
0
0
0
0.02387843709
0
0
0.005435292597
0.006780023029
0.0178925182
0
0.00E+00
0.01543179858
0.04687205259
0
0.04532883945
0.01324093915
0
0
0.00688144775
0.01844577179
0
0
0
0.0159596613
0
0
0.02598594044
0.02271296513
0
0
0
0
0.009642391478
0
0.0338710813
0
0.02828878156
0.01303635891
0
0.02186851973
0.006337682477
0.008596182272
0
0.03277118639
0.02542883064
0.02103355053
0.008095113292
0.02868511216
0.03588738866
0
0.02794581035
0.02141878269
0.008267153958
0.04773978354
0
0
0
0
0.003076302582
0
0
0
0
0.03340278321
0.002952508895
0
0.02407442428
0
0.02424831923
0.01295482069
0.01645044016
0
0
0.01520611419
0
0.03487593607
0.005961589645
0
0
0.01152747324
0.02562288815
0.002344157084
0
0
0.01101414388
0
0
0.0174496187
0.01599828748
0
0.00456001792
0.01918954704
0
0.01042495995
0.0243517699
0.0024479282
0.01483125203
0
0
0.001323865878
0.00526346655
0.01546669414
0
0.020696929
0.02952684973
0.01882007003
0
0
0.004144757104
0
0.01318513602
0.01163035193
0.03072815802
0.03233838258
0.02646142351
0.005856058844
0.01224796752
0
0.02130483296
0
0.01053136567
0
0
0.04136032226
0
0
0.006108981595
0.01579600352
0
0
0
0
0.03722497685
0
0.0114899074
0.0007700774985
0
0.01881878827
0
0.01007045612
0
0
0.006635324825
0
0
0.001272582573
0
0
0
0.05834150645
0.01671555791
0
0
0
0.0310666145
0
0.004314732623
0.0007819103936
0.01502274079
0
0.003529254651
0
0.0267705437
0
0.01449990954
0.00E+00
0
0.01448619252
0.02281938968
0.01137179029
0
0.02237761479
0.00930094902
0.02606506201
0.02431488998
0.003594801788
0
0
0
0
0
0
0.04538172645
0.01941438069
0
0.04339740602
0.05485075915
0
0
0
0.02421436167
0
0
0.04626413365
0
0
0.03626635995
0.005175528519
0.03067362272
0
0
0
0.06776992455
0
0
0.02550681542
0.01663709518
0.01515420653
0.008965472376
0.03352739065
0.005579341253
0.009573113588
0
0.01774416804
0.003470474512
0.02106875918
0.02651830837
0.009033550425
0.01373594596
0
0.007885126051
0
0
0
0
0
0.02113510114
0.002980293362
0
0.0003770196978
0
0
0
0.01744427177
0
0
0.02026570405
0.01446160773
0
0.01226457438
0.00998208896
0
0
0.008660002149
0.02319179509
0
0.03064948133
0.01335426038
0.00795027413
0
0.02782136811
0.005922405686
0.04032213411
0.04576249707
0
0
0.02829176951
0
0.01392796778
0
0
0
0.01516831884
0.006367175578
0.02861866832
0
0.009046642378
0
0.01693590665
0
0.03005763954
3.81E-05
0
0
0
0.0141102243
0.01926169017
0.02060314481
0
0
0.02568868541
0
0
0
0.01030298158
0
0
0
0.02346674683
0.008213205263
0
0.05956201327
0.02606468645
0
0.004215480343
0.00E+00
0
0
0
0.04206570216
0.02246241306
0.03425312541
0
0
0.01789661209
0
0
0
0
0
0
0.02444973532
0.02939959607
0
0.03291449417
0
0
0
0.005755776953
0.03577653114
0
0
0
0.0597666311
0
0.01533480117
0.02387161296
0.02617991208
0
0
0
0
0.03110668329
0
0.01824162006
0.007056615358
0
0.009892878836
0
0
0
0.0330563462
0.02541351244
0.0004362930267
0
0
0
0.01561235182
0.01465298137
0
0
0
0
0
0
0.01483112211
0
0.02595875412
0.05409408777
0.03484648583
0.02044896475
0.01950656893
0
0.04851972298
0.03740728126
0
0
0
0
0.006676968465
0.04720448733
0
0.00916652058
0
0
0.02803328471
0
0
0
0
0
0
0
0
0.02922368656
0.03602786308
0
0.04536711056
0
0
0.03438481592
0.01098806628
0
0
0.004561369357
0
0.008776784446
0.01752846883
0.02790681389
0
0
0
0
0.04325719948
0
0.0114850208
0.02309310977
0.003318442537
0.02662843672
0.02527311534
0
0
0.01175169578
0
0.0168877473
0.01660679056
0
0
0
0.004429205545
0
0.004577259767
0.0009965553817
0
0
0.01031634911
0.02946833789
0.01535265168
0.01031499273
0.01415502593
0.01190803971
0.002192090213
0.003978590423
0
0.03099257077
0
0.03043720301
0
0
0.001948856941
0
0.003177807812
0.02404145679
0
0.007140101179
0
0
0.00E+00
0.01375871981
0.02752445784
0.01633105942
0
0
0.002229020092
0
0
0
0.003596973042
0.03796554655
0
0
0.003388819976
0.01212190201
0
0.03399631071
0
0
0
0.005717416258
0.01666910131
0.01318273495
0.02588969954
0.02678514841
0.01104451346
0
0
0.06156252095
0
0
0.01570689843
0.006033324935
0.01936616527
0.01169576254
0.03366994147
0
0.00622783477
0.02991542271
0
0.0313548751
0
0
0.006602590088
0.01990143004
0
0
0
0.01857237922
0
0.02697531326
0.01391939169
0.04589910829
0.00783906224
0.04746378449
0
0.01377588916
0
0
0.02467679738
0.03098711811
0.02342784367
0
0
0.0144956603
0.009039954718
0
0.02253027368
0.005203696958
0.004460165809
0
0
0
0.03025222556
0
0.02089953552
0.006337204021
0.03076937341
0.009482645957
0
0.007359050895
0
0.0006313294023
0
0
0.03205094529
0.00779355228
0
0.003230882008
0
0
0
0.01532926122
0.0242273008
0.01520194423
0
0.009724154909
0
0
0
0
0
0
0
0
0
0.00605964163
0.01856601087
0
0.03006435871
0.004618200344
0.01181089098
0.001378076673
0.02342854429
0
0.002341514482
0
0.02609039718
0
0
0.008330335795
0.03442836213
0
0
0.01311778976
0
0
0
0.002870357496
0
0
0.017544202
0
0.01040887464
0.01845737669
0.03170788408
0.01192374295
0.0231816783
0.02382472521
0.01863577192
0
0
0
0
0
0.0188052832
0.01856362302
0.01363133666
0
0.0443179008
0.003089706099
0.01441901308
0.04271474782
0.001612854908
0.01627505038
0
0
0.009918009314
0.008273112501
0
0
0
0
0
0
0.03326592548
0
0
0.04493596755
0.04318405348
0.007486385035
0
0.03106748471
0.01522590088
0
0.03133824749
0.0259446488
0.03604362683
0.01100269767
0
0.00787349891
0
0.00E+00
0.01647149957
0
0.05387251502
0.003111886567
0.04321625807
0
0
0
0.01639663009
0
0
0.0326478597
0
0
0.005462023684
0
0.03092828825
0.005026803429
0
0.004255038327
0
0
0.007700259137
0
0.0004017564733
0.005878788524
0
0.05616468265
0
0
0.03406937193
0
0
0.02746390795
0.002030244099
0
0.01726989678
0.04224169658
0
0.06156787787
0.006664713953
0
0
0.03264603941
0.04099293081
0.0225735084
0.01846489219
0
0.01687454103
0
0.002932932701
0
0
0
0.03765470941
0
0.006699352542
0
0
0
0.02774037659
0.02539015583
0
0
0.01311225139
0.0001702413148
0
0
0.008933383844
0
0.002398563428
0
0
0
0
0
0.006839062141
0
0.04244165372
0
0.005697110781
0.05135720622
0
0.01373842958
0
0
0
0
0.009071153726
0
0
0
0.01729079577
0.0004735593325
0
0.0169671838
0.02191242466
0
0.006977397937
0
0
0
0
0.06325292938
0
0.03796646295
0.02032330993
0
0.05782502443
0.03150920742
0
0
0
0.01966086031
0
0
0
0.02735529355
0.04570619861
0.001236165482
0
0
0
0
0
0
0.03592828019
0
0
0.002563048965
0
0.001618144111
0.009056935448
0
0
0.0339595944
0.01246489382
0
0
0
0.01052202889
0.02936149506
0.03645932886
0.01089146402
0
0.01906489381
0
0.005197916604
0.004998310947
0.01819351858
0.02429614661
0.01552435052
0.03161981957
0
0
0.04345071451
0
0.01838919799
0
0.02624443738
0
0
0
0
0.004025807741
0.03099427482
0
0.02912703851
0
0
0
0.02873701714
0.008623588374
0.01872722314
0.008286559599
0.02752452586
0.01746537029
0.04887080067
0.01727024443
0.009880305009
0
0.00740568802
0.02097003724
0
0.02883666845
0
0.01323635271
0
0
0.02202651863
0.01957368443
0.01791655658
0
0.01407613457
0
0
0
0
0
0.04679956279
0.02051956218
0
0.0029695911
0
0
0
0
0.01862199391
0
0.03375185557
2.37E-05
0
0.0002874009735
0
0.008068171058
0
0.05450527947
0.04383501473
0
0.02645337723
0
0
0.03860286318
0.01660658552
0
0
0
0.02491324284
0
0
0
0
0
0.01326448597
0
0.008937049986
0.03479793589
0.04187516572
0.01181110333
0.03729889653
0.01346015711
0
0.006869453978
0.0212460579
0.05158407644
0.02841993524
0
0
0.02717819898
0
0.01970642444
0
0
0
0
0
0
0.02355382413
0.01748249044
0.009645367608
0.0239160874
0.02480810173
0
0
0.02814225896
0
0
0
0.007203807282
0
0
0
0.01118223808
0.01315901388
0
0
0
0.01052525767
0
0.004964145164
0.006221511145
0.05142951465
0.01217039117
0.008212721909
0.003977874228
0
0
0.007983016601
0.02790155146
0
0
0
0.01064504563
0
0
0
0
0
0.02270398476
0
0
0
0
0.04449534516
0
0.02916363833
0.02565729032
0
0.02563201978
0.01947890459
0
0
0
0
0
0.02153388778
0.04063102491
0.02466239901
0
0.05026430079
0
0.00490048431
0.03401468518
0.0339020257
0.002565891266
0
0
0.04538183909
0
0
0
0
0
0.01785306574
0
0
0.02519079401
0.06607063567
0.0330108709
0.01786165733
0
0
0.0232061075
0
0.01093022588
0.05042558857
0.00438330214
0
0.02305574486
0.01843823556
0.04665364504
0.009551947173
0
0
0
0
0
0.001983894116
0
0
0.01949247317
0.04453226522
0
0
0
0
0
0
0.04234117894
0.0174089674
0.009305530375
0
0.004163978723
0.02553705668
0
0
0
0
0
0
0.008017538966
0.02497611495
1.29E-02
0
0
0.0228534245
0
0
0.005200520774
0.003677010655
0
0
0.0372332704
0
0.008939129482
0.01563926609
0
0.00502666159
0.03080272931
0
0
0.007310553749
0
0.03699310918
0
0
0
0
0.01122611316
0
0.02944373086
0.02424822128
0.008458301158
0.003820146625
0
0.002666035081
0
0.00E+00
0
0
0
0.04597787408
0
0
0.05865954516
0.02826937348
0.005819645223
0.01350708811
0.03255374889
0.02541500196
0.03019758784
0
0.002866831353
0.009469035044
0.027939697
0
0
0
0.01422169883
0.02600720005
0
0
0
0
0
0
0.004684393927
0.006517941906
0
0
0
0
0
0.03513058625
0.02679227669
0
0.02429470389
0
0.01181536855
0
0
0
0
0.02723850918
0.002777379333
0
0.02513725131
0
0.04985078115
0.03067074435
0
0
0
0
0
0.0007847780916
0.00454177883
0
0
0
0
0
0
0
0
0
0
0.0009594729711
0.01745805998
0
0.03310544488
0
0.03774235206
0
0.05557190253
0.03700485345
0
0.05480196885
0.02546720947
0
0.004650765959
0.00198999675
0.01618377361
0.018769317
0.05022131705
0.00585655719
0.0004397527601
0
0
0
0.002577437256
0
0.02565795796
0.02671558562
0.01930550401
0.004207522379
0.01159485703
0.02323057014
0
0.01463913668
0
0.01298709212
0.0236118102
0.01808578145
0
0
0
0
0
0
0
0
0
0
0.002688660822
0.03337096748
0
0.02911896225
0.02254483576
0.007379113669
0.004231002987
0
0
0
0.01889538977
0.03374987623
0.009878020623
0.005413675623
0.0476713006
0
0.00866043384
0
0.01369182064
0.01021110903
0
0
0
0.04610335983
0.03834934125
0
0
0.01508961574
2.35E-02
0.02300412294
0.02216654323
0
0
0
0.017326195
0.03566656095
0
0
0
0.005938818505
0
0
0
0
0
0.01826939678
0.003698830358
0.01834439942
0.0353051995
0
0
0.01822349672
0
0.04676920484
0.01131772542
0.01687652285
0.01722756793
0
0.04056874704
0.01413514525
0
0.001846298643
0
0.009422699032
0.007483321763
0
0
0.005002454979
0.01306747594
0.007551392957
0.01610592624
0
0.02492610805
0
0.01658004374
0
0.000388093515
0
0.01523377817
0.0340140079
0.02777070668
0
0.01395717101
0.05878011604
0.006129032704
0.003964842203
0.01086501445
0
0.03036690423
0
0
0
0.01754520064
0
0
0
0
0
0.003886493118
0
0
0.03846346229
0.003960820338
0
0
0.03274252476
0.007823039961
0.02148506062
0.02236104713
0.01379749397
0.02063483147
0.04190515227
0
0
0.04248441696
0.03606109778
0.03331427364
0
0.03131014914
0
0
0
0
0.04032684438
0
0.0004703325571
0.007068693259
0.008743053253
0
0.01196078666
0.03603953473
0.01431423252
0
0
0
0
0
0
0.00191017192
0.02629724743
0
1.45E-03
0
0.02962421128
0
0.006344539287
0.00E+00
0.06240947596
0.02649536852
0
0.01982539576
0
0
0.0003387217269
0.005329812096
0
0.006339819859
0.004386053781
0.004964780515
0.03085162635
0
0
0
0
0
0.001200158652
0
0
0.004159262593
0.01079089649
0
0
0
0.0003288407215
0.02942557232
0.03936171722
0
0
0
0
0
0
0.03571404786
0.04882440748
0
0.01030093629
0
0
0.002949474028
0.01539819525
0.0153605647
0
0.04819288188
0.0250682875
0.0165097155
0.01882448115
0
0
0.01086032366
0
0
0.002453751743
0.02226679016
0.02321637591
0.01229072354
0.0284874679
0
0
0.02283447097
0
0.02397132255
0.02491497464
0
0.006732890763
0.03602608173
0.01705635565
0.05088188119
0
0.01937102064
0
0
0.009839497686
0.01132452172
0
0
0.01403231768
0
0.001899827895
0
0.01317065165
0.02967752515
0.002603628886
0.0299126791
0
0
0
0
0
0.03485612888
0.007946127963
0
0.003988865108
0
0.02394140254
0.006473935207
0
0
0.03967018972
0.02330007543
0
0.008394649724
0
0
0
0
0.009658664862
0.004495455041
0.03877330224
0
0.02298503546
0
0
0
0.002590005064
0.02844793765
0.0003331003524
0
0
0
0.02478898644
0
0
0
0.01746561948
0.03177114449
0.01915130187
0
0
0
0
0
0.01801173614
0.02533747804
0
0.03378914946
0.0365303507
0.0004241228613
0
0
0.04779830387
0
0.007702798776
0
0
0.01102719052
0
0
0
0
0
0
0
0.03152989631
0.03524872953
0
0
0
0
0.04537230013
0
0.01793929687
0
0.01073473362
0.01625734286
0
0.006147824005
0.01569435971
0.05077614794
0
0
0.0117988704
0.0269816965
0.01142615162
0
0
0.04020573851
0
0.0009648972648
0.03446782428
0
0
0.03120556306
0.007319629368
0.01556897508
0
0
0
0.03156344541
0.03452875079
0.00869372253
0.04995598833
0
0
0
0
0.03180547411
0.03118887237
0
0.01064404925
0.005286207096
0
0.03339598782
0.01783308333
0
0
0.02129075009
0
0.03373233588
0
0
0
0.003752342972
0.02119547257
0
0.008997426799
0.005236550933
0.01313654575
0.01668263591
0
0
0
0
0.009683822549
0.01812087469
0.003014553404
0
0
0
0
0
0.003923767263
0
0.04049888598
0
0
0
0.006114301942
0
0
0.02932026155
0.04503244406
0
0.01821849991
0
0.05488463364
0.04721179181
0
0
0
0
0.03512617744
0
0.03426952956
0.02409494423
0
0.004320183826
0
0
0.005013388779
0.0126388719
0.0204632751
0
0.0151916416
0.04375576716
0.009872374803
0.006968321377
0.03146645751
0.01447441812
0
0
0.004572580551
0
0.0222176092
0
0
0.001128179226
0
0.02315940782
0
0.01464702458
0.02771057503
0
0.04835242674
0
0.007703138861
0
0
0
0.02608619289
0
0.002537636026
0
0
0
0.01206458092
1.46E-02
0
0.006355650201
0
0
0
0.008951930767
0.0002282552961
0
0
0
0
0.05056874738
0
0.03032261119
0
0
0.003091831959
0.005622071895
0.03685669838
0
0.00940787733
0
0
0.02334118652
0.009155251386
0
0.01196811468
0.05601967889
0.03210090971
0.00838027755
0
0.04443131906
0
0.01090829445
0
0.02534023379
0
0
0
0.02660304456
0
0.01262980286
0
0
0.009892996925
0.04319064369
0
0.004095117557
0
0
0
0
0
0.01620479156
0.02909748917
0
0.0193423491
0.02975004964
0
0.01754321593
0
0
0
0
0.0005333350863
0.05249310853
0.07415619208
0
0.03892625221
0.04257864449
0.02485094693
0.008051481688
0.009169782815
0
0.01324141815
0
0
0.00349585913
0.01395052017
0
0.03555011395
0.05147582513
0
0.002300438799
0
0
0
0
0.02416763293
0.02485535631
0
0
0
0
0
0
0.005358453232
0
0.02798943974
0
0.0495255248
0.02627092516
0
0
0
0.009449860887
0
0
0.01157354988
0
0.00242943739
0
0.02606945057
0.04150825573
0.01392832
0
0.01142661674
0
0
0
0
0
0
0
0
0
0
0
0.037896529
2.77E-02
0.0005883278062
0
0.02174959402
0.006139898146
0.02998149509
0
0.01773388139
0.01780065877
0.003445144494
0
0.04608957638
0
0.02917619709
0
0
0
0
0
0.01774887863
0.006430267201
0.0004020314373
0.0002002251312
0.01536192646
0
0
0.02047381926
0.01107198836
0
0
0
0.01289307325
0
0.04475328402
0.02381075548
0.006272150854
0.00E+00
0
0.01536435705
0
0.03188610371
0.008555968528
0.00E+00
0
0
0
0.0007900504352
0
0
0
0.03067307605
0.002813647896
0
0
0
0.02142578456
0.03131185291
0
0.00304837775
0
0
0.02552500598
0
0.0248831699
0.04051524902
0.03505758987
0
0
0.02245075023
0
0.04799719365
0
0.01362280007
0.01082301342
0.02283700798
0.03244089601
0
0.0185967688
0
0
0.00703010295
0
0.02449646855
0
0.008646990882
0
0
0.02201446718
0
0
0.03971722555
0.03739419957
0.007076453053
0
0
0
0
0.01075953428
0.0448847633
0
0.02523795758
0.01179444799
0
0
0.01133066116
0.002471098777
0
0.01089115614
0.01973044189
0
0
0.003953801288
0
0.05126604849
0
0.01828551762
0
0
0
0
0
0.02360091358
0
0
0
0.02706960562
0
0.006762696985
0
0
0.01895019545
0.03561619113
0
0.02721537133
0.03050433233
0
0.02381314895
0.0163058066
0
0
0.03673096681
0.02541087979
0
0
0
0
0
0
0.0181165185
0
0
0.01779977137
0.05109792363
0
0
0.0434936223
0.001993139658
0
0
0.03078997067
0.002249994698
0.05549588409
0
0
0.05085801575
0
0
0
0.01246575759
0
0.005234583381
0
0.03949173542
0
9.00E-05
0.03006017432
0
0.009197264042
0
0.00864721568
0
0
0
0.02456726336
0.03251676274
0.004802128567
0
0.008786037557
0
0
0.009643713482
0
0
0.01589359072
0.03006847514
0.03182023978
0
0.01027080154
0.01250536472
0.007679001084
0.03266174068
0.04048909606
0
0.01929335874
0
0.04216272131
0
0.01204874427
0
0
0
0.03707796375
0.02284948874
0.02312723342
0
0
0.005726155665
0
0
0.01433852595
0.01664779926
0.0533966271
0.02163970553
0
0
0.01586308141
0
0
0
0.006241486491
0.000383693248
0.03055710971
0.002881801078
0
0.02810760631
0.01628264691
0
0.006106899717
0.002322823806
0
0
0
0
0
0.0118121796
0.0148290076
0
0.02553478784
0
0.002831987387
0
0
0
0.01863762452
0
0.02640158796
0
0.01391603377
0
0
0
0.03770366572
0
0
0.003501858009
0.02218540489
0
0
0
0
0.02653469304
0
0.00E+00
0.005651845723
0.03892213024
0.02193014165
0.0119909488
0.006201952308
0.03870749839
0
0
0
0
0.01976299445
0
0
0.01790521492
0.03734999052
0
0
0
0
0.01253039311
0.02700448024
0.02797034881
0.01987501141
0.0107796575
0.06644027712
0
0.01554371599
0
6.42E-05
0
0.02187361111
0.02108757773
0
0.04631697015
0
0
0
0.01407258004
0
0.04920723155
0.00509550169
0.02296576198
0.009350042191
0.03091346562
0
0
0
0.0003643588203
0
0.01803629839
0
0.01081441646
0.002259897832
0.02625206766
0.006777881599
0
0.02277023702
0
0.003810163361
0
0
0
0
0
0.01070686366
0.02146965724
0
0
0
0.007741243527
0
0.02595092023
0
0.005618121154
0
0.02543964739
0.04597186346
0
0.009817802167
0.01683562399
0.01877812552
0.007866989189
0
0
0
0
0.04173532806
0.03322525203
0.006959364861
0
0
0.003575417155
0.003320787148
0
0.009176084881
0
0
0.02102424636
0.0110466379
0
0.004102366446
0
0
0.001472734551
0.003810185377
0.02313034702
0.03497274079
3.69E-02
0.02342046921
0
0.02140926539
0
0.02202781064
0.02506229501
0
0.04151975481
0.02495221872
0.006662079102
0.01213060183
0.04138920914
0
0
0.02487205593
0.001667739223
0.005596084841
0.006646562075
0
0
0.001839869366
0.008097512702
0
0.00E+00
0
0.001094849693
0.01565716572
0
0
0
0
0.01736441976
0.01762109176
0.02151070201
0.01711977435
0.01212504817
0
0.02585416571
0.03287293251
0
0.01521681083
0
0
0
0.01715158381
0
0.0007553325568
0.03504309451
0.02687295427
0
0.007524529486
0
0.02811602538
0
0
0
0.01965052348
0
0
0.00213906619
0.01461232221
0.04851177754
0
0
0.01741865258
0.008209442304
0
0
0
0
0
0.03283051338
0.006090747835
0
0
0.005066361701
0.02391075057
0.03857872741
0.03930172238
0.01233159002
0.04670109167
0.02615947876
0
0.02663873866
0.0206010741
0
0
0
0
0
0
0
0
0
0.007335721009
0.04558334471
0.05141285108
0
0
0.004956601204
0
0
0.02390102799
0
0.01972008167
0.02606533148
0.03495155345
0
0.007356807608
0
0.002500395738
0.01338026456
0.01398823916
0.02699150956
0.0170941709
0
0.01417165653
0
0
0
0
0
0
0
0
0.0111112505
0.03359076019
0
0
0.003147492602
0
0.004651894798
0.00646092385
0.03973777273
0.02857565549
0
0.0005297933694
0
0.01077797487
0.04132934203
0
0
0
0
0.02839243123
0.003448719307
0.05999043197
0.02394157346
0.01231131402
0
0.0112398699
0
0.002483663897
0.02373291361
0.003477186098
0.01712738903
0.01533585524
0.04476499119
0.0126731372
0
0.02777871368
0.01407556474
0
0
0
0
0
0.008934473031
0.04499314591
0
0.001006556112
0.05309209174
0
0
0.02652047532
0
0.00984578371
0
0.03574521348
0
0
0
0
0.00275296724
0
0
0.002205384062
0
0.009625611911
0.02133559872
0
0
0
0
0
0
0
0
0.03598600855
0.006623543103
0.007191294176
0.01448002062
0
0.01344433589
0
0
0
0.04271313871
0.059310331
0
0
0
0
0.01913614196
0.008212683564
0.02836847142
0.01350582845
0.04318083397
0
0.01110345233
0
0.006758068501
0
0.0224190665
0
0.02169751397
0
0.02169936425
0.04181328194
0.03739997163
0
0
0.005893872462
0
0
0
0
0.01277843397
0
0
0
0.02607447028
0
0.03712581293
0
0.03192285849
0.01393531873
0
0
0.0005515274963
0.01585493744
0.01921700038
0.02458423185
0.002180864452
0
0.05237252733
0
0
0.0056837999
0.02752257664
0.01829256657
0.006845003714
0.01984089976
0
0
0.02226001452
0
0.03804381019
0
0.01443133102
0.03443456132
0.01422739243
0
0
0
0.03463333165
0
0.02290827241
0
0.01414540868
0
0.03569983106
0
0.01991362401
0
0.003940207376
0.0303817699
0.0449417949
0.01749721626
0
0.02148546709
0.02055844567
0
0.001981803562
0.01830237211
0
0
0
0.01607761994
0
0.02041033537
0
0
0
0.007541914855
0
0
0
0
0.03705985216
0
0
0
0
0
0.006196734231
0
0
0
0.0304629201
0
0
0.009037156941
0
0.02136452493
0.01286707137
0.0189799754
0
0.01430175062
2.37E-02
0
0.00822425882
0
0.0534236046
0
0.01481072598
0
0
0
0.01275389799
0
0
0
0
0.01822427044
0.01906950586
0.02454969894
0.04581822435
0.001876634971
0
0
0
0.002499724273
0
0.02890815762
0.01472042306
0.0323056103
0.04050525639
0.04434444987
0
0.01867130139
0.0179295879
0.00829938127
0
0.01259358456
0
0.01428955623
0.003506594339
0.03786694109
0
0
0.01575882578
0.03850958227
0.02277801802
0.002894080561
0
0.01374504256
0
0
0.007180348884
0
0
2.14E-03
0
3.77E-04
0.00501698203
0
0
0
0.03095393926
0.02811241048
0
0.01383604771
0
0
0.03468825955
0
0.0379721654
0
0.01360380008
0
0.03274448684
0.001128568126
0.02172611114
0
0
0
0.001075700414
0.02632736798
0
0
0
0
0
0
0
0.02271249116
0.0207234989
0.03052101043
0
0.004528421541
0
0.02454075436
0
0.02294953989
0
0.03090310595
0.02334740783
0.004635768644
0.01934191337
0.01638970821
0
0
0.0144475533
0
0
0.0191303426
0.02512588206
0.01116952383
0.02166469826
0
0
0.03295383199
0.02927094137
0
0
0.006539908902
0.01538327211
0
0.03044377181
0
0.004958738444
0
0.002717618669
0.06467077234
0
0
0.01135366847
0.009590884058
0
0
0
0.00585254732
0.02080164079
0.03067175102
0
0.05018723936
0
0
0.052390197
0.004487445091
0
0.004093959278
0.0182904306
0
0.01261886456
0.008180841061
0
0
0
0
0
0.05187899819
0
0.01995927462
0.03657572663
0.0002888648541
0.01193369265
0.0108930701
0
0.01610348438
0.02091273818
0.001790119882
0.02450340621
0.0003713881492
0
0
0.007332383275
0.003813010307
0
0
0.02320604866
0
0
0
0.01521428941
0.005258338757
0
0.01354274059
0
0
0.002152637492
0
1.46E-02
0
0.03003000779
0.007709215014
0
0.02437205224
0.003903642898
0.01010469489
0.04770430942
0
0.000684408117
0
0.007336040546
0
0
0
0
0
0.0009838957449
0
0
0.06343133642
0.001922127911
0.03640819189
0.05012263655
0.05694963808
0.0004734515288
0.01067257681
0
0.0321753762
0.01094705643
0
0
0
0.003370102215
0.01445223609
0.02688463338
0
0
0
0
0
0
0
0
0
0.01302508625
0.02133596732
0.01503567182
0
0.006845436874
0.02879283944
0
0.02889816113
0
0
0
0
0
0
0.02035644301
0
0
0.04032520149
0.04508570766
0.03019929641
0.004508304855
0
0
0.02705853993
0
0
0
0
0
0.01412282066
0
0
0
0
0
0
0
0.03447928459
0
0
0.000796942589
0.01713347979
0.02091933647
0.01162034439
0.003157408032
0.07194381401
0.02187521318
0.006928070306
0.02907551185
0.02301026448
0.0182619579
0.03247138463
0
9.21E-05
0.01420577899
0.0238169601
0
0
0
0
0
0.0197287745
0.01675222933
0
0
0.02118993538
0
0.01925201465
0
0.005475637212
0.002857468714
0.01872811203
0.003339115253
0
1.60E-05
0
0.006951839454
0
0.03298097282
0.01703024184
0
0.032449475
0.01197159893
0.02845381259
0.01651518939
0
0
0
0.01583978932
0.002094300796
0.01025612849
0.0004576425038
0.004544508427
0
0.005276599408
0.03917049654
0
0
0
0
0
0
0
0
0.01698500018
0.04737362045
0.006247962081
0.04926110606
0
0
0.0376089311
0
0
0.02227754436
0
0
0.04454995695
0.01140210772
0.01257206929
0
0
0.00412950314
0.03395812094
0.0319962784
0
0.04422335457
0.008130974282
0
0.00452992285
0.008981311646
0
0.00325390485
0
0.002247191637
0.04499863183
0.02810433384
0.007432317727
0.0009330977976
0.005831919499
0
0
0
0
0
0
0
0.03778576951
0.0512202174
0
0
0
0
0.01594780304
0
0.02290583075
0
0.01161209649
0.02847206246
0
0.02369515049
0
0
0.0406658958
0
0
0
0
0
0
0.0337827063
0
0
0.009009833603
0
0.02943088708
0
0.02770957655
0.02296886173
0.01781453348
0.005060304049
0.03672539391
0.01073697603
0.01095227338
0
0.02519919065
1.34E-02
0
0.006446494552
0.002544915214
0.001444963937
0
0
0.01596718579
0
0.005419142769
0
0
0.001283357652
0.02048324996
0
0
0
0.04497025341
0.01586948866
0.01717811519
0.06902144292
0.03296574514
0.01693655268
0
0.002471242611
0.009539840949
0
0
0.02767130199
0
0
0
0.02839665974
0.04306058094
0
0.002043696587
0
0.04031738236
0
0
0.003257796225
0.03854208059
0.0285584947
0
0.0565346841
0
0.004608168309
0
0
0
0
0.005605059693
0.008758838605
0
0
0
0.0235437708
0.002769353129
0
0
0.006437159581
0.03706626238
0
0.02631800479
0.02836993902
0
0
0
0.01425339717
0
0
0.02761371867
0
0
0.0002966763311
0
0
0.01764771076
0
0
0
0.008254491693
0
0
0.06165980815
0.004609200865
0
0
0
0.02597944148
0
0.01253380494
0.0215465801
0
0
0.008392786907
0
0.01096376935
0.00E+00
0
0.01165122983
0.001331684676
0
0
0.001452255762
0
0
0.016542308
0.02131374899
0
0
0
0.006037255907
0.01937096022
0
0
0.0005951518905
0.06429846178
0.02990065821
0.00423456902
0.02928016082
0.0576022555
0
0
0
0.01139606369
0
0
0.04355228278
0
0
0.02323855382
0.01827260867
0.03994896901
0
0.01171333642
0
0.05619268396
0
0
0.0330227788
0.0357520899
0.007602826711
0
0.02088302159
0.01138889631
0.009124106196
0
0.01359281128
0
0
0.03243727801
0.04298297037
0.004120352495
0
0.03503897514
0.01131170734
0.02021218201
0
0.004586960979
0.0006736368636
0.005304472866
0
0
0
0.01057684452
0.03213853172
0
0.01883610561
0
0
0
0
0.0109006581
0
0
0
0.004833024925
0
0.02717995598
0
0.03469374409
0
0.01711042985
0.01569956034
0.02738521134
0
0
0.003610661427
0
0.008900915895
0
0.001698184808
0.0001454607924
0
0
0
0.00107603805
0.01695662989
0.01342109948
0
0.03058789161
0.03104836859
0
0
0
0
0
0.03296852205
0
0
0.02135598135
0
0
0
0.05011857151
0.03054440821
0.01477201403
0
0
0
0.005631461255
0
0.004104697876
0
0.03714716563
0.04580129602
0.01642531842
0
0
0
0.02992534861
0
0.04644871505
0
0
0.00532038988
0.007477650319
0.02572437435
0.02876633242
0
0
0.01076229036
0.04943518297
0.01726363814
0
0.01877322746
0.01269535743
0
0
0.012788158
0
0.01053901486
0
0.0268065313
0
0.006106642829
0.01738402353
0
0
0.01936402778
0
0.0005820503912
0.001370813582
0
0.08273949875
0.02860855915
0.00464248685
0
0
0
0
0
0.01574578032
0
0.02751329227
0.03872737177
0
0.04100407272
0.009195403401
0.03326112262
0
0
0
0.0005403253831
0
0.03815472637
0
0.003743701005
0
0
0
0.01481171049
0
0.0153097796
0.02649172109
0.02655381818
0.00715440703
0.0239687573
0
0.0139485493
0.006698295402
0
0
0.00876975779
0
0.01689407272
0.02152006405
0.004957658142
7.58E-03
0
0
0
0.02337619336
0
0
0
0
0.006922948959
0.01953445289
0
0.02035707115
0.01578047038
0
0
0
0
0
0.01212184769
0.01364080315
0.02465615139
0.002497929508
0.02274180094
0.001094247506
0
0
0.01463195605
0
0
0.01221988885
0.04070836816
0.01966819716
0
0.004195394501
0
0.03944358432
0
0
0.0304666875
0.01088958662
0.02512728091
0.005327239962
0.03105741463
0.02469388794
0
0.03144296402
0
0.004571321063
0
0.0007854549993
0
0
0.003206709823
0
0
0.009083433813
0.04497862767
0.01450738222
0.02928759065
0
0.03127051478
0
0.02437020605
0.02605652995
0
0
0.01655889583
0
0.03129707599
0.05246826883
0.009549358833
0.01603270035
0
0
0.01158588884
0
0.01552563726
0.02185316666
0.01287702107
0
0
0.01703265374
0
0
0
0
0.006431906473
0.03978198214
0.01323295087
0.01334438754
0
0.03891633412
0
0
0
0
0.01815881892
0.03134508288
0
0
0
0.01053881399
0.004197883941
0
0
0.006842886447
0
0
0.01473355376
0.04281874049
0
0.004039506095
0
0.05023107242
0.01402948484
0
0.01455149548
0
0.01366701332
0.007034291898
0
3.12E-03
0
0
0.008956916495
0.04828471816
0.02070094056
0.003867429343
0
0.01477343446
0
0.01437473
0.02874485806
0.01043503633
0
0.004184889888
0.002049895852
0
0.01151561791
0.01831204697
0.007144563528
0
0.008810405518
0.02841757559
0.0139671071
0.0110569054
0.02731513891
0
0.03425804574
0
0.02718634071
0.006715809025
0.00E+00
0.001329291434
0
0.01719539556
0.01146768091
0.02447490756
0.0180056631
0
0.02465503303
0
0
0
0
0
0.03810173211
0
0
0.00E+00
0
0.002676914523
0.01336983589
0.002590362152
0
0
0
0.01080374567
0
0.01681517027
0.02563457217
0
0.02022675743
0.02544116812
0.02066704932
0.04677651109
0
0
0.0128170257
0.01725730064
0
0
0.02366109501
0
0.04209743105
0.001337458326
0.02775146769
0
0
0.008334877626
0
0
0
0.01748904019
0
0
0
0.005625047828
0
0.01223759591
0.0004140929619
0.0324422989
0
0
0.01337317216
0.003894743225
0
0.002967832767
0
0
0.01167448732
0
0.01431663288
0.04884880616
0.02683115768
0
0.001681691536
0
0.00104110343
0.0006624986706
0.007253886908
0
0.02047652892
0.0280632133
0.01611462111
0
0
0
0.004104672899
0
0.01432215927
0
0.002422483569
0
0.03167975493
0.02899146125
0.02579325562
0
0
0
0.01752657143
0.01867275271
0
0.05779998962
0.05362984328
0.02202855038
0.0002602714848
0.01245414459
0
0.02288442968
0.01134286764
0.04471965875
0
0.00959820624
0.00E+00
0
0.009907658912
0.004019290775
0.03704101022
0.03371706359
0.007303669366
0.01988845636
0
0
0
0
0.02385085624
0.05697794642
0.005554118417
0
0.04230756165
0.04059666113
0
0
0.01457205247
0
0.0200197618
0.003625975273
0
0
0.02969020058
0.002414207081
0
0
0
0.0104450086
0
0
0
0
0
0.00E+00
0.0343401347
0.009072131837
0
0
0
0
0
0.02942345152
0
0
0.007679984515
0.0112846427
0.02979690579
0
0.0158340115
0.01233905667
0
0.03857295538
0
0
0
0
0.05068306824
0.03614503363
0.01953073373
0
0
0
0
0
0.0003991075527
0
0
0
0.001838187749
0
0
0.007306995404
0
0
0
0.02513475543
0.0284842072
0
0.01392458702
0
0.05463328875
0.008969632148
0.03908153807
0.01986699788
0.009684930617
0.02842926719
0
0
0.01225337527
0.02011996364
0.0005916079142
0
0.05441855654
0
0.01601970029
0.002209692247
0
0
0
0
0.009369466731
0.01134074481
0
0.04105371856
0.02125343313
0.01968556833
0.004580027082
0.05409876831
0
0.005541112599
0
0.04212361874
0.003896295631
0.004170450688
0.01970309409
0.01906272431
0.009079176426
0
0
0
0.02906161143
0.02868020951
0
0.02133149934
0.01861130354
0.03174503008
0.02018956636
0
0
0
0.001553069548
0
0.02135853715
0.01428814514
0
0.009495136368
0.02053009801
0.002395683657
0.02370399999
0.008213519254
0
0.01205639348
0.002333017457
0.01373369638
0.0215993816
0
0.002401114684
0.02698480739
0.007207779153
0
0.00555985735
0.02729753521
0
0
0.0005344058341
0.00016538624
0.00266382318
0
0
0
0.04594124919
0
0.0172819641
0.01767668922
0
0.007533094136
0
0
0.024754089
0
0.01407367772
0
0
0
0
0
0.01137551433
0.03444517901
0.01885819193
0.03831147246
0
0
0.007446944256
0.01629955064
0
0.02213809863
0.04084771939
0.01106047058
0.008001614507
0.02530167414
0
0
0
0
0
0
0
0
0.04376027235
0.006773650189
0
0
0
0
0.02014586984
0.01533929006
0
0
0
0
0
0
0.04053569127
0
0.03238964409
0.0347618254
0.0334903784
0.05606225045
0.02595317765
0
0.007294114182
0.002301834362
0.008540189401
0
0.01616776374
0
0.01511050467
0.04056618581
0.02441112137
0.004308674902
0
0.03067340788
0.0004411955111
0
0
0.01025030906
0
0
0
0
0
0
0.006610150378
0
0.004712385424
0
0
0.0009687319952
0
0.000404194414
0
0
0.03779647373
0
0.02927499407
0.03106225386
0.01197569983
0
0.002201700811
0
0.003411491921
0
0
0
0.01914746324
0.0266096712
0.03802935114
0
0
0.01444739498
0
0
0.02551745477
0
0
0
0.02295479702
0
0.01447073208
0
0
0
0.009011030606
0
0
0.03971277733
0.03634076939
0.008703872232
0
0
0.007867269973
0.0476635979
0.01272673291
0.0482615323
0.0003464648422
0.0140776069
0
0.01641605415
0.02196292541
0
0
0.01115387351
0
0
0
0.00E+00
0.0344397696
0
0
0
0
0
0
0
0.01995743976
0
0.00E+00
0
0.009681892103
0.0111911474
0
0
0.01857227597
0.008942294862
0
0
0.02604894698
0
0.03199306968
0.02826768463
0.02655016838
0.005558296103
0
0.01170083918
0
0
0.0003873829287
0
0.003432771524
0.02611828107
0.03250394244
0.005063992524
0
0.0554884395
0
0.02191066776
0
0
0
0
0.02215945929
0
0.01609229354
0.009657928047
0.01002087881
0.02323706263
0
0.0343336938
0.01208140493
0.04007331686
0
0.02341827987
0.01256469967
0.01393941702
0.01163765803
0.01763489285
0
0.01496289052
0
0
0.04272882899
0.00E+00
0.02886433609
0.02566292266
0.04100537606
0.01355810494
0
0.03889615324
0.01860385913
0
0
0.0156263233
0.01023727408
0
0
0.001268616897
0
0.005083819454
0.01164435588
0
0.05156898641
0
0.02251106569
0
0
0
0
0
0.01491859736
0
0
0
0
0
0.02388672637
0.007468556698
0
0
0
0.009750243917
0.02093078748
0.03421573174
0
0
0
0.004884903913
0
0.02344278592
0.00E+00
0.00230005758
0
0
0.01631994965
0
0.02988158462
0.02888513187
0.04161203708
0
0.03668566912
0
0.006923009646
0.02216689391
0
0.02226339497
0.0003247295435
0.01727340406
0.01288812747
0
0.01123999576
0.007373378561
0
0
0
0.02158524661
0
0.02760329632
0.04127595146
0
0
0.03790632511
0.01045581968
0
0.03289141439
0
0.005225050658
0
0.03224461134
0.01876140286
0.008934192164
0
0
0.01492652109
0
0
0.007111185239
0
0
0.01904648544
0
0
0.02635896097
0
0.001071011198
0.01139984126
0
0.02111037762
0.01837837927
0.02249314671
0.01027697519
0
0.01186224639
0
0
0.005671148579
0
0.03223550937
0.04031601328
0
0
0
0.01754863406
0.02851262453
0.01393854812
0.02704661229
0.03207038006
0.006106391489
0
0
0.005564025241
9.25E-03
0
0
0
0.02055246795
0.02432606627
0.0222430179
0
0.04760478557
0
0.02090819055
0.02520244439
0
0
0.01593653398
0
0.06512925987
0
0
0
0.0003365431075
0.02848279977
0.05905547928
0
0
0
0.03584553639
0.01152134173
0.0480962336
0
0
0
0
0.02868359998
0.01906618457
0
0
0
0.01043948633
0
0
0
0.01683276025
0.01429837347
0
0.0127747853
0
0.00E+00
0.01256365225
0.05197891161
0
0
0
0
0.01759405524
0
0.002024874486
0.0184047386
0.003445176832
0.009546613359
0.003274730803
0.02069683136
0.002488321978
0
0
0
0.01760417363
0
0
0.0188121709
0.0329502047
0
0.02703815709
0.005008759589
0
0
0
0.01622008658
0
0
0
0.03692347376
0
0.01509512115
0.0457971652
0.02652249513
0
0
0
0
0.02429376283
0
0.03641725823
0
0.01141511235
0
0
0.001731676603
0
0
0.04126849826
0
0
0.02830001999
0.01239765972
0
0
0.0007235014827
0
0.03053289773
0.02573711481
0
0
0.004472444398
0.05342136483
0
0
0
0.009676974539
0.02124169804
0.03380063103
0
0.005222672445
0.04101616126
0
0.03279831659
0
0
0
0
0.001788123058
0
0.03999572158
0.0129932003
0
0.07459075753
0.02655832239
0
0.003513804107
0
0.007280327367
0
0
0.02374646353
0
0
0
0.03180065175
0.004193727076
0.03297954476
0.03080198602
0
0
0
0
0
0
0
0
0
0
0
0
0
0
0.03504368729
0
0.0508246022
0.0004416546194
0.04999169024
0
0
0.02664740481
0
0
0
0.00922521892
0.02515762869
0
0
0
0
0.01489025907
0
9.99E-05
0.03495854171
0
0
0
0
0
0
0
0
0.02782027124
0.01571606622
0.01863978992
0.02097707434
0.03871360324
0.02325898811
0
0
0.005355610789
0
0.00186215329
0.007997777121
0.02899314292
0.007795170323
0.02514841274
0
0
0.02024520574
0.01156595243
0
0
0.01592396123
0.0341041447
0
0
0
0
0.03321997235
0.01030976242
0
0
0
0.02355229077
0.04950114479
0
0.002324801233
0
0.03184331326
0
0
0.01751174584
0
0
0.0003545473087
0.003651829631
0.02077793469
0.01234619585
0.01202016721
0.01026291129
7.81E-05
0.04492292244
0.006902374635
0
0
0
0
0
0.0112510641
0
0
0.02029969402
0.007009371988
0.02312211241
0.00688134041
0.02156696441
0.008693382141
0.03189738099
0.01158339886
0.03206692064
0.03022023208
0
0
0.02970025834
0
0
0
0
0.04998697425
0
0.02519363635
0.02623750543
0.02814587364
0
0
0.04359545903
0.0009587134707
0
0.02225450964
0
0.01933480382
0.01854278821
0
0
0.0004169295326
0.008313725762
0.00251807371
0.02595741217
0.01710262746
0.01129610372
0.004022196898
0
0
0
0
0
0
0.0692283834
0
0
0.03467404602
0
0
0
0.03150844802
0.0005973309716
0.03820972726
0
0
0
0
0.008738295284
0.001134865679
0.005429999801
0.004283812843
0
0.03316418855
0.0004451168729
0.002004231383
0.001074610627
0
0
0
0
0
0.01349307375
0
0.04119684236
0.005562050872
0.002778035502
0.01281588774
0
0.01996547252
0
0
0.04949696494
0.0001655747572
0.005905870029
0.03653066501
0
0.02904885563
0
0.01469351167
0
0
0.03364459787
0.01154815322
0
0
0.00417959579
0
0.07009471142
0
0.00491159134
0
0
0
0.036783164
0.02525036943
0
0
0.01789735856
0
0
0.03966906899
0
0.03074538031
0.02349195946
0
0.0266178094
0.006989938445
0
0.005865035031
0
0
0
0
0.02067634118
0
0.0186335002
0
0
0.05191830157
0
0
0.01180119362
0.0150394597
0
0
0
0
0
0
0
0.04562256359
0.03647404539
0
0.03324764654
0.02134062003
0.03901729377
0
0.02460386782
0
0
0
0.01486981021
0.006632929384
0.01850213336
0
0.001363431661
0.04017020348
0.02828459676
0.01673468707
0.005902747478
0.02553065897
0
0
0
0.02057959613
0.01023073446
0.001248747671
0.002247702934
0
0.01237259034
0
0.02544893995
0
0.0007319335528
0
0
0.008185072346
0.006107733847
0.01374586894
0
0.03645194197
0.02761091135
0.01023266837
0
0.01778115943
0.02334044109
0.02043846081
0
0.03952596703
0
0
0
0.001961618316
0
0
0.06682123178
0
0
0.01580809949
0
0.01412653948
0.01898583974
0
0
0.02344391839
0
0
0.01975152562
0
0
0
0
0.02090761788
0.005065673151
0
0
0
0.007113453215
0
0
0
0
0.02352076357
0.03742528903
0.03092886258
0.0224522903
0.04420848597
0.01459116476
0.0009317851142
0.01372263478
0.004142382928
0
0.02209444324
0.001456362989
0
0
0.01738547918
0
0
0
0.02067344175
0
0.02470199122
1.91E-02
0.02835154878
0.02539089197
0
0
0
0
3.43E-05
0
0
0.0005446787616
0
0
0.03134210558
0
0.04855333522
0
0.009328367309
0.03865288091
0.009580959797
0
0.0194579004
0.00527516227
0.01529426376
0.007820504884
0
0
0.004788554261
0.005267819668
0
0.03708457959
0
0
0
0
0
0.0280212233
0.01117322757
0
0
0
0.02702180903
0.04244989338
0.01249153525
0.01354440872
0.01297858921
0.009483945008
0.007975529953
0
0
0
0
0.03177136322
0.002918208556
0
0.02394791668
0.01152072894
0
0.01422664716
0
0
0
0
0
0.05362097544
0.02675566911
0.004004996715
0.01151913665
0
0
0
0
0
0
0
0.004818390711
0.001605290652
0.007259082774
0.02018090822
0.05964146237
0.01257918191
0
0.008368170327
0.03751203098
0.000297272027
0
0.04961079759
0.01528010814
0.009195718174
0.03164717199
0
0.02096568185
0
0.0281763453
0.005437349671
0
0.01141874934
0
0
0.01430788583
0.02514915053
0.0404797203
0.06455387889
0.02072880279
0
0
0.006674646276
0
0
0.03871181107
0
0
0
0.02250135602
0
0.00108133177
0
0
0
0.02643929979
0.01620048172
0.01715043233
0
0.01269630326
0.03419633667
0
0
0
0.02431128125
0.0005593588423
0.04946824777
0
0
0
0.003376596136
0.003410849801
0
0.000439369891
0.02994181158
0
0
0.01817122694
0.02718551308
0
0
0
0.03801896844
0
0
0.02469950522
0
0
0.02729278507
0.004927902045
0
0
0
0.004079985095
0.01699236834
0.01171735665
0
0
0
0
0.01823945227
0.03349584871
0.0130348379
0
0
0
0.02132748942
0
0.01411291518
0.003349020804
0
0
0
0.02683907576
0
0.03443253399
0
0.01570490042
0.02322610264
0.03790804312
0
0
0.009169107464
0
0.03338415538
0.02655523045
0
0.007103351585
0
0.0354255846
0
0
0.0009261574459
0
0.02030162948
0
0.02649570327
0
0
0.04568156659
0.002112509104
0
0
0.01610463962
0.003368872699
0.02665105125
0.01087456327
0
0.02204073433
0
0.03988079729
0
0
0
0.0009235316938
0.009944882284
0.004614939032
0
0
0.04247338688
0
0.01384978325
0.02867687758
0
0
0
0.00086567914
0
0.01527237275
0.02439750544
0.004809834184
0.07205574218
0.02920628107
0.03444998448
0.01228352304
0.00130690723
0.01780760408
0.01480608648
0
0.03207860573
0
0.009785711708
0
0.02551181126
0
0
0.01923142918
0.03218129289
0.01568507583
0
0
0.006108024877
0
0
0.002983126536
0
0
0
0
0
0
0
0
0.01784634938
0.0145104814
0.04506375694
0
0
0.00112931095
0
0.03125639633
0
0.03310367541
0
0
0
0.02283350625
0
0.03836566513
0
0
0.01793347711
0
0
0
0
0
0
0
0
0
0.02290566089
0.01657859114
0.05442331857
0.01952937427
0
0.0427762292
0
0
0
0.01034843755
0.01543459916
7.74E-05
0
0.03136561057
0
0
0
0.005397993373
0.02289574358
0.003283256659
0.0001568158499
0.03475022448
0.009243418979
0
0
0
0
0.01050614927
0.009172213388
0
0.0425615975
0.03447322687
0
0.02959690583
0
0
0.008241971299
0.003836967264
0.01030232684
0.04502990819
0.03438885997
0
0.02550340282
0.05004983392
0.05382478388
0.01982960386
0.002612422285
0
0.0110053764
0
0
0
0
0.007738656196
0.03112275439
0.04354581151
0
0
0
0.01446051655
0
0.002896730862
0.007568583051
0
0
0.001089406911
0.01568570125
0
0
0
0
0
0.04790395443
0
0.03112831118
0.04030524577
0
0
0
0
0
0
0.001270016895
0
0
0.02503536684
0
0.03399778877
0.005727504137
0
0.01137071132
0
0.01588886071
0
0
0
0
0.01508102518
0
0
0
0.002053069313
0.03986509795
0.03959959193
0.03112890324
0.01621979596
0
0
0
0
0.03109890501
0.004797926202
0
0
0
0
0
0.009576156916
0.05190755622
0
0.0293402684
0.04117775419
0.05556372167
0.0351696705
0.03089659231
0
0.01037795113
0
0.01581793252
0
0
0.02543679058
0.02470667946
0.04130669038
0
0
0
0
0.0138137989
0
0
4.23E-05
0.006643945092
0
0.01038258188
0
0
0
0.0317210931
0
0.04472466326
0
0
0
0
0
0
0.01794177451
0.02941183303
0
0.05694695293
0
0.02394547136
0
0
0
0.01541830489
0
0
0
0
0
0.005877024927
0
0
0.01053409573
0
0
0
0.005290933905
0.002337834933
0
0
0
0
0.01182030428
0.01729419338
0.007969686899
0.02060892625
0.01345862158
0.002991770421
0.01988229022
0.03169414487
0
0
0
0.01636330502
0.05403207418
0.02851887336
0.0008122887479
0.009135328173
0.002564579272
0.0332977542
0
0.01987347481
0.03012098273
0.01983686684
0.01396615295
0
0.001920569502
0
0
0
0
0.004092917454
0
0
0
0.03290841475
0
0.03606929701
0
0.01371914136
0.0390976842
0.009586772882
0.009494123326
0.02675064476
0.02594157163
0
0.003846967083
0
0
0
0.01846795272
0
0.03786803598
0
0.002891378977
0
0
0
0.02020800811
0
0
0
0
0.004228046935
0.03653483305
0.002002621358
0.0002169961975
0
0.004665142459
0
0.01931761617
0.01033790376
0
0
0.008972131859
0
0
0
0.03837213247
0
0
0
0
0.007165196761
0
0
0.04725202517
0.05073447117
0.02965137316
0.03999993473
0
0
0
0
0
0.001474549117
0
0
0
0.03578055098
0
0.05285125306
0.005108735544
0
0
0.03391955925
0
0
0.04928111815
0.01272344674
0.0469705695
0.03167079079
0
0
0
0.004077060286
0.03427980228
0
0.0126611014
0
0.01309008058
0
0.03593587416
0
0.02172797133
0
0
0
0.01260933981
0.03497283161
0.01518552691
0
0
0
0
0
0
0.01656739052
0.01464920149
0
0
0
0
0.00E+00
0.01002267258
0.01607008342
0.009829817914
0.0005682717048
0.01201977937
0
0.01402465851
0
0.03326734157
0.01147253075
0.0005502440858
0
0.0718954908
0.02331661724
0
0.05084979779
0.03370593121
0.04259138699
0.01467294398
0.05464707043
0
0.005517757005
0.005078248366
0
0.02490641191
0
0
0
0.02667415402
0
0
0
0.01740074694
0
0
0
0.0351593
0
0.03125668081
0
0
0
0.004855645213
0.0114618133
0.005649625123
0.02844630682
0
0.007253317117
0.0306475967
0
0
0
0.01480293055
0
0
0
0
0.02847604804
0
0.01008573256
0.04757590001
0.01779089222
0
0
0
0
0
0
0
0.0253705896
0
0
0
0
0
0.03453503473
0.03590249481
0.01419365052
0.02954312982
0
0.007350091969
0.02701384425
0
0
0.00180742202
0.01448479508
0
0
0
0
0
0
0
0.02052071919
0
0
0.01184029876
0.03763841848
0.01301138401
0
0.004413907157
0.03147481633
0
0
0
0
0.02455150145
0.0199565236
0.05538190489
0
0.02793027711
0
0.02623574849
0.008624778058
0
0.03686099747
0
0
0
0.04849711757
0.01250589612
0.01979572379
0
0
0.03468394472
0.01511670728
0
0
0
0.0008112231596
0
0.02668427903
0
0.003807037812
0
0
0.0286632782
0
0.00718038847
0
0
0
0.02842573506
0.04075669836
0
0.03001755917
0
0
0.01856620029
0
0
0.004266532758
0
0
0.02407085014
0
0
0.0387207886
0
0.006633777019
0.03056875636
0.003930813779
0
0
0.01391410475
0
0
0
0
0.0470813141
0.006081986919
0.01024442391
0.01831807827
0.00334057045
0
0.03256847013
0.03191353516
0
0.02262979308
0.003206600459
0.03555945304
0
0.02392030915
0
0
0.02562416827
0.018592241
0
0.02467660987
0
0
0
0.03318851198
0
0.004771709422
0
0
0
0.02295875511
0.002112030726
0.04296466877
0
0.01865271051
0
0
0.007245923275
0
0
0.03252973909
0
0
0
0.0316372776
0.004864224959
0
0.02326114289
0
0
0
0.03684598942
0.05056592703
0.0195231537
0.01319760498
0
0.03491181179
0.0103714179
0
0.001313324262
0
0.02834532247
0.01206620309
0
0
0
0
0.007211900336
0.06174955921
0
0.02058684787
0
0
0
0.03484353588
0.0268583268
0
0
0
0.01443334734
0
0.005213230955
0
0
0.006201615159
0
0.02284520959
0.001074600954
0.006640827952
0.04980507841
0
0.03252950675
0
0.03957003982
0.03510781061
0
0.01926676244
0
0
0
0.005907899314
0.02098009462
0
0.003637182145
0
0
0
0
0
0
0.01593534125
0.04737292498
0.02196201036
0.07506231951
0
0
0
0.01690060419
0
0.07395737991
0.002076684621
0
0
0
0.01774336532
0
0
0
0
0.03222331792
2.85E-02
0.0079248995
0
0.002573786242
0.02193077906
0
0
0
0
0
0.03663080504
0
0.007411852763
0.02421429588
0
0.02540632214
0.001021193599
0.001520449485
0.02154828515
0
0
0.02317799897
0.01875378759
0.001210368306
0
0.01964734989
0.004109843506
0
0.0122005258
0.001901211955
0
0.0257464122
0.02823917798
0
0.03401544239
0
0
0
0
0.002291846395
0
0.0008933995723
0
0.01285519792
0.02267467359
0.003532544094
0
0
0.02784467204
0.02517209604
0.009534886043
0
0.04796544313
0
0.005908630769
0
0.04232220989
0
0
0
0.003449141292
0.005090494624
0.009416098345
0
0
0.03916272538
0
0
0
0.01978760432
0.003021540206
0.00340892689
0
0
0
0.02448305937
0
0.0276571682
0.01261171033
0.0233939704
0.008229300029
0
0
0
0
0.0006592266852
0.02869461879
0
0
0
0
0
0
0.01268798845
0
0.02853715678
0.02333566386
0
0.03274031575
0.003248846094
0.007618638004
0.01726436405
0.02839282801
0
0.0003229803457
0.02281632323
0
0
0.0389559838
0.02205470369
0.02510245221
0
0.03088573548
0.004219333423
0.0002517695324
0
0.00340043879
0
0
0
0
0
0.006230141922
0
0.003296356305
0
0.01585187743
0
0.03042647339
0.02389851724
0
0
0
0.01385964882
0
0
0.03117912841
0
0
0
0
0.01109242241
0
0
0.02091306052
0.04604613841
0.05282060259
0.04442976587
0
0
0.02713564008
0
0.00605721843
0.0278641327
0
0
0
0.04213022727
0
0.03056523068
0
0
0
0.001298031655
0
0
0.03163862739
0.01820033304
0.03952426931
0
0
0
0.01523686378
0
0.05479507285
0
0.004008113899
0
0.03868946817
0.01386583491
0.04425913082
0
0
0
0
0.00E+00
0
0.02054986144
0
0
0
0
0.0007909163321
0.01023569705
0.009121891483
0.02616105678
0.03702974114
0.003775736038
0.01490106309
0.01616904478
0.005483237504
0
0.02889743364
0.0045733537
0
0
0
0.01803135018
0
0.009876613632
0.0195932392
0
0
0
0
0
0
0
0
0
0.04165003507
0.01178016859
0.0159333751
0.04483583524
0.04433485864
0
0
0
0
0
0
0
0
0
0.003826269492
0.01848160376
0.07459483863
0.004444462647
0.01665286141
0
0.04948608167
0
0
0
0.01954977669
0.02838668123
0.01778471567
0.05204364042
0
0
0
0
0
0.01250964678
0
0.03196135289
0
0
0.004897570567
0.03185354457
0
0
0
0.04223503684
0.03193108786
0
0.03412119111
0.01893813267
0.0162706634
0.003775522014
0
0.02561194311
0
0
0.01879390221
0
0
0
0
0.01828431339
0
0
0.01373709018
0
0
0.01510887278
0.01113312868
0
0
0.01814689546
0
0.06197682152
0
0.01407686007
0
0
0
2.00E-02
0
0.01844203838
0
0.01728340605
0
0
0
0
0
0.001219268067
0.002593595607
0.01937433784
0
0.03910272785
0
0
0
0.003865736784
0
0
0.04696126609
0.01095043161
0
0
0
0
0
0
0
0
0
0.02662337916
0.0262031293
0
0
0.01388629759
0.02404401866
0
0.01238195932
0.02977515941
0
0.07274997925
0
0
0.06520136548
0.01450434044
0
0
0.01457624858
0
0.008905042171
0
0.01696975475
0.001782327062
0.02267060626
0.03514338893
0.007581497488
0.03801037952
0
0
0
0
0
0.03443333921
0.001963499283
0.01494923568
0
0.0436116349
0
0
0.03330653593
0.02125463925
0.02698494168
0
0.01855161421
0.03177794308
0
0.008132836568
0.001816232795
0
0
0.01709495833
0
0.0651402024
0.0465257407
0.02839639186
0.0005444758343
0
0.03174507631
0
0
0.0374915233
0
0.002564621275
0
0.001397469289
0
0.02605061155
0
0.00450001074
0.005593852619
0
0
0.04873059685
0
0
0.04513276098
0
0
0
0.005872443256
0
0.0180158375
0
0
0.01584995936
0
0
0.01867051747
0.01467650145
0.009741478521
0
0
0.01721195701
0.03149981842
0
0.001253974922
0.02259396525
0.01968900266
0
0.01640400642
0
0
0
0.05004185626
0.008321579303
0
0.0006241183756
0
0
0
0
0
0.02891623262
0.002158705998
0.02392789115
0.03780947508
0
0.01561616512
0
0.02268223788
0
0.01014988164
0.02949215916
0.006868389464
0.0003629232815
0
0.00E+00
0.01691446762
0.004739825018
0.03109410408
0.01813617695
0.02945403624
0
0.001138299431
0
0
0
0
0
0.01945909271
0.03942355065
0.0214704701
0
0
0.01409946939
0
0
0.01471113819
0
0
0.001317082641
0
0
0
0.002460240946
0.004202274926
0.01305401045
0.01582204824
0.03425793032
0.03995445619
0
0
0.0006978129811
0.02922138774
0
0
0.006115230168
0.02235631665
0
0
0
0.0006730673521
0.02822318935
0.02040691288
0
0.0007315566046
0
0.03465774355
0.02766598132
0
0
0
0.02432465475
0
0.0257134222
0
0
0
0.005365876864
0
0
0.01366598669
0.01889472724
0.01864444483
0.02630802847
0.04131375151
0.03086956415
0
0
2.85E-02
0
0
0.04326165083
0.0003792666956
0
0.03654229619
0.002483876127
0.003193007296
0
0.0007884207512
0
0.04081609353
0.0294754357
0.00303854318
0.04653163805
0.02114403365
0
0.01361615232
0
0.001037621832
0.01337088475
0
0.04336858219
0.009119235339
0.01264512502
0.0292794755
0.005179794882
0.01591779607
0
0.03160438165
0
0.005144412006
0
0
0
0.02935389919
0.005769940502
0
0
0
0
0.02594059199
0.0006810768028
0
0
0
0.004492485732
0
0.01040291372
0
0.03216363668
0
0.04369921889
0
0.04072176947
0
0.01117502776
0.02275810801
0
0
0.03068813057
0
0
0
0.003860128613
0
0.03834476772
0
0.01991912751
0.03771491598
0.02245709258
0
0.03232654538
0
0
0
0
0
0.002856462615
0.02719661742
0
0.02668447521
0
0.003561917116
0.0374280105
0
0
0.02292259774
0.0171649727
0
0
0
0.02338289353
0.02520560102
0.01762382952
0
0.0491326737
0
0
0.01418307298
0
0
0
0.03676601771
0.02679382634
0
0.03347649001
0
0
0
0
0
0.02599783011
0
0.01780598598
0.04075058363
0
0.00249201985
0
0.006240385943
0
0.01527336149
0.02016948068
0.006672960082
0.007818038553
0
0
0.02009518107
0
0.004568702877
0.007312157561
0.02206061477
0
0
0
0
0
0
0
0
0.01163174184
0
0.01286424472
0.0122682506
0.004016527771
0.007817115203
0.01614663503
0.008238739807
0.02955151515
0
0.01299434022
0.05597288744
0
0
0.02259846317
0
0
0
0.009364576818
0
0.004584087771
0
0
0
0
0.01386565442
0
0.01626305463
0
0
0.05931560583
0.03743523892
0
0.02759358245
0.01671497504
0
0
0
0
0.03443852487
0.02656249516
0.05749622822
0
0.03972018747
0
0.005462283
0.01371815269
0
0
0
0
0
0.02752942426
0.01655672983
0.03521978769
0
0
0.01439732242
0
0
0.01094145495
0
0
0
0.002055986058
0.01124755484
0
0.00231746343
0
0.01127323403
0.001101642284
0.02085457307
0
0
0
0.01719851527
0.05652094336
0.001273453198
0.05501950707
0
0
0.01790012445
0
0.02231656222
0.01602154547
0
0
0.007049905598
0.00559386359
0
0.01708066185
0
0
0.002329270301
0.003286368609
0.01061917787
0.01165708064
0
0
0
0
0
0.02992451894
0.0129521622
0
0.03748922251
0.00413366393
0
0.02466356567
0.03937437623
0
0.02081323394
0
0
0.02954414737
0
0.009653650367
0
0
0
0.003556956987
0
0.01104050931
0
0.003237124564
0
0
0
0
0.0007135960648
0.03151470421
0
0
0
0.05536929075
0
0.02538279351
0.02349164189
0
0.01074737064
0.0162188119
0.002800632122
0.009461885985
0.04918223225
0.004596962944
0.02932398424
0.05973952531
0.001177029507
0.0256404744
0.02096335062
0.02503001247
0.008010117337
0.007601285854
0
0.004095047761
0
0
0
0.01180114143
0
0
0.05687882019
0
0
0.03391105685
0
0.006055437409
0
0.008772920757
0.0009022991066
0.01879654412
0
0
0.001630710956
0
0
0.0006839995489
0
0.03108151044
0.004273536437
0.001837351326
0.03247394282
0
0
0
0.02088579633
0
0.00456504681
0
0
0
0
0.00912886705
0.05239037831
0
0
0.01142288999
0
0
0
0
0
0.02023331423
0.02745077663
0.0007755984686
0.003247159385
0.02868328262
0.01562336849
0.05860374633
0.04898413166
0
0.02753818792
0
0
0.0001405247627
0
0.03088499982
0.01069390284
0
0.04185157991
0
0
0.002023553017
0.0200597239
0
0.01198732054
0
0.05854184069
0
0
0.005521013233
0
0
0.03087492535
0
0
0.006858099998
0.06965258384
0
0.04105523873
0
0
0
0
0.04545470844
0.03443541121
0.01609971972
0
0.03395754528
0.01425689172
0.02284174112
0
0.01459242077
0
0.04625178663
0
0.02288445362
0
0
0.002171488435
0.01441763903
0.01010675932
0.00738080254
0
0
0.02232314489
0.001025937238
0
0
0
0
0.018336534
0.01243235899
0
0
0
0
0
0.01887125384
0
0.02585032704
0.04084752624
0
0.00210506098
0
0.02205205385
0
0
0
0
0
0
0.02292273663
0.0007487634323
0
0.0267287945
0.0208864371
0
0.003077782182
0
0
0
0
0.04162252083
0
0.001808908565
0.003878017192
0
0.0640075851
0.007939395028
0
0.02155403675
0
0
0
0.04982001067
0.0009053897192
0
0
0.03574256887
0.02953452408
0.04408135219
0
0.001580541641
0
0.05886228169
0
0
0.02508151567
0
0
0.01464890585
0.01357423072
0.01844121849
0
0
0
0.01120490462
0
0
0
0
0
0
0.01191521438
0
0.03638478658
0
0
0.03192908931
0
0.01429860375
0
0.00497524098
0.01179271201
0
0.01960691748
0
0
0.02814316529
0.04738125847
0
0.0112615989
0.008127485246
0
0.02603571284
0
0.005555176794
0.005109093434
0
0.01610594815
0
0.03254694644
0
0.0225434732
0
0
0
0
0
0.05684845631
0
0
0.04388702295
0
0.007149903361
0.01003612357
0
0.0005960724935
0
0
0.01117921389
0.01131473357
0
0.006926155079
0.03513469891
0.06938241935
0
0
0.01827221923
0.02801544483
0.04251363223
0
0
0
0
0
0
0
0
0.01808891631
0
0.03011714261
0
0.01977416893
0.0006291091436
0.01972282698
0.002994690698
0
0.006989376441
0.02912434825
0.01597618895
0.02490646085
0.008276867977
0
0.004317045873
0
0
0.02137411322
0
0.003969481803
0
0.04049584989
0
0
0
0
0.01447106878
0.01890861
0
0
0
0.01629384397
0
0.02110742632
0
0
0
0
0.003905326506
0
0
0
0.01827490034
0.001992353138
0.004497029771
0.0413111585
0
0
0.01188571207
0
0
0.02878680793
0.02100266006
0
0.02064703977
0.009332970586
0
0
0
0.01799722704
0.002752543483
0.02962502444
0.01879715387
0.05828409848
0
0
0
0
0.02389587487
0.0005724522855
0
0.03224017254
0.02717824589
0.009509205071
0.02921715386
0.02259560964
0.02104755106
0
0.02818411517
0
0.008518486365
0.02198836085
0
0
0.02084975674
0.03425045285
0
0
0
0.02962890078
0.04761643697
0
0.0007574971044
0.006197103942
0
0.02783270489
0
0.001290376135
0
0
0.04505267949
0
0
0
0.007324671383
0.0165917375
0.008554448494
0
0.01469034562
0
0
0
0
0.05194616132
0.002109156707
0.02407906794
0.04495661454
0.03800488732
0.008004689651
0
0
0.004987967611
0.02395306748
0
0
0.01825712819
0.01567079399
0
0.05785525
0
0
0
0
0.02296489736
0.01537381351
0
0
0.02198828283
0.02638719552
0.02878148166
0
0
0
0.02106206432
0
0.02117572689
0
0
0.01159114211
0.02851138517
0.00569643377
0
0.0245114143
0
0
0.01516661876
0
0.01076422664
0
0
0
0.03757353132
0
0
0
0
0
0.03806480551
0
0.01367419297
0.03798786811
0
0
0
0
0
0
0.01640167155
0
0.0124952814
0.03394877661
0
0.01507208097
0.02719913837
0
0.004091248733
0.02106727412
0.03044420781
0.001872530472
0
0
0
0.02333932706
0
0.007346887911
0
0
0.02867437573
0.01473345126
0.02125234087
0.02459816217
0
0
0
0
0.01316251536
0.002215313173
0
0
0.005125742477
0.004196560491
0.04383719816
0
0.01329124508
0
0
0.03533418838
0.02721027788
0
0.04308114044
0
0.01979509196
0
0
0
0
0.01407416986
0.004999089232
0.02605911037
0
0
0.01794956024
0
0
0
0.004382435108
0
0
0.03981192577
0.005117057094
0
0
0
0
0
0.01093641421
0
0
0
0.01762113075
0.007310554856
0
0.00E+00
0.0004879281582
0.03387201337
0.003301161847
0.009627051396
0.02509224959
0.007344646586
0.06021918592
0.01183644439
0.002192258822
0.03756891155
0.008572685635
0
0
0
0
0
0
0.02075514194
0
0.0213276061
0.02819324352
0.02377452764
0.0351161674
0
0
0
0
0
0.0523530665
0
0.02641582786
0.01388125391
0.05993269567
0
0
5.83E-05
0.003166379326
0.01597719969
0.01281009709
0.03813244968
0.02218075004
0
0.006511616208
0
0.01793794064
0
0
0.0257530361
0
0
0.009382565273
0
0.006097532533
0
0
0
0
0
0
0.03630005524
0.01516932539
0.01002238917
0.02224970628
0.01133404978
0.02900765643
0.01352992387
0.01859272208
0
0
0
0.02960910267
0
0
0.04483044861
0.0107981232
0
0
0
0
0
0.008644866735
0
0.02054376839
0.009851286102
0.02998884457
0
0.01753176643
0.02944044939
0.02470215217
0
0.05300833984
0
0.04497373685
0
0
0
0
0
0.02885158791
0.02419051065
0.003059266411
0
0.05749403553
0
0
0.01221650586
0
0.01094577735
0.004974649092
0
0.01079620478
0.00410830524
0
0
0.001744612288
0
0
0
0.008309104221
0
0
0.05469196975
0.01992852284
0.009358239949
0
0.00275322421
0
0.02968580738
0.01309430389
0.02932823316
0.002896151307
0.01537449887
0.005458443571
0
0.01190325203
0
0.0007711370898
0
0.02816186892
1.18E-02
0.009155149941
0
0.01084642881
0.002274369267
0.05448904478
0
0.03313291612
0.006284565
0
0
0
0
0.005523395258
0.02179143073
0.00797886709
0.006713366891
0
0
0
0.002347191817
0
0
0.02567585097
0.06117992265
0
0.007144390635
0.001310408165
0
0.009141547
0.03501764519
0
0
0.009906600629
0.007169518169
0.04135957231
0.01912245084
0.03272017415
0.005196103609
0.009588079861
0.009161736484
0
0.01928798275
0
0
0
0
0.009143302137
0.01153586113
0.00332408937
0.002163612692
0.01863445181
0.0488531938
0.00E+00
0
0
0.005593925105
0
0
0
0
0.004484256707
0.00934411999
0.00604484581
0.05880408432
0.005810089898
5.69E-05
0.001782586934
0.03968269185
0
0.009401254452
0
0.0002603727432
0.01820024095
0.05082839474
0.03455352732
0
0
0.002169206516
0.01486201918
0
0.04075116798
0
0.004450814195
0
0.0005277468516
0.009370001357
0.01911105747
0
0
0
0.01602415429
0.02020632677
0
0.02430786505
0.02670172568
0.01516324446
0
0
0.0174136992
0.0347502012
0
0.03562269301
0
0
0
0.00331252901
0.01963111581
0.0214478985
0
0.007765266469
0
0.02999859432
0
0
0
0
0
0.06239185728
0.002810064284
0
0.02624878225
0.04883998309
0
0.01548448277
0.003294187004
0
0.02127773386
0.01897685288
0.0002775895034
0.02711944325
0.007123957698
0
0
0
0.01579032872
0
0.005420872053
0
0
0
0
0
0.01832369628
0
0
0
0
0.0008183672265
0.00E+00
0.03538278024
0.01130018114
0
0
0
0.004219177263
0
0.02353795239
0.01407073138
0
0
0
0
0
0.02331538471
0.06145436897
0.05322291036
0.03801861364
0
0
0
0
0
0.01052100624
0
0
0
0
0
0
0.005448049243
0
0.002323395326
0.02256444547
0
0.01742600029
0
0.0145815891
0
0.05517399655
0
0.0640930313
0.05478833926
0.0192417934
0.03135681918
0
0
0.001992949985
0.03126499847
0.01022669455
0.003043602887
0.03839011543
0
0
0
0
0
0.0610926187
0
0.02110183017
0.01168283932
0
0
0.007235611524
0.01720156354
0
0
0.01672750745
0.003834055012
0.04023428882
0
0.03728658033
0
0
0.0005036580393
0.02763130465
0.01338645289
0.03873127497
0
0.02829086621
0
0.009227977856
0
0
0
0.01608947849
0.02803507022
0.03220156324
0.003356929539
0
0.01034081701
0
0
0
0
0
0
0
0.00E+00
0
0.007854862253
0
0
0
0.007104793333
0
0
0.007311457375
0.001988866786
0
0
0.04185613202
0
0.006437695546
0.008124874911
0.03119139399
0
0.05090209412
0
0
0.03333106538
0
0
0
0.01969994654
0
0.001081740565
0
0.01378040055
0.003647128781
0.0135610111
0.03567339907
0
0.0153474445
0
0.01724335535
0
0
0
0.02576937703
0
0.02435329973
0
0.009949126229
0.01183872642
0
0.02030444134
0.01755373754
0.01391777632
0.01876908562
0.03313602402
0.05417022666
0.004695543841
0.01680341685
0.008409268256
0
0
0.04232654181
0
0
0
0
0
0.0241250689
0.03643850678
0
0.0005211139048
0
0
0.04856697075
0
0.005009997767
0
0
0.0286294421
0.003455411017
0
0
5.57E-03
0.03323127795
0.01383668606
0
0
0.007660064907
0
0.03008658344
0.02079714513
0.03962345337
0
0.01913266226
0.007236089912
0
0.0006702759759
0
0
0
0
0.0003565006285
0
0
0
0
0.01327743219
0
0.01607057994
0
0.00903736045
0.03226347909
0.01076026662
0.00E+00
0
0.01628578779
0.003311006859
0
0.03424226658
0.02526018269
0.00E+00
0.0416289384
0
0.005942985412
0.04826731738
0.007309876993
0
0.004971274188
0.05408418889
0
0
0
0.01838664603
0.01358217289
0.01579868033
0.045798071
0
0.002574021518
0
0.03081313472
0.011985466
0
0
0.007611278858
0
0.01119645045
0
0.00101641355
0.01050589684
0.004813250642
0.04382471671
0
0.02817549422
0
0.03194088458
0.009452175954
0.0225418848
0
0
0
0
0.02694494344
0
0.04768121885
0.01717453742
0.01516764489
0
0.008493027323
0.01060164292
0
0
0.02374571779
0.004099769036
0.001505325397
0
0.03939776821
0
0.01919562566
0
0.02177504349
0.05424187015
0.003112768424
0
0.007974748282
0
0.02355660683
0.01907822638
0.009199805226
0
0
0.01413810659
0.008492689386
0.001921592897
0
0.01737970483
0.005684290638
0
0
0.05061739277
0.003501563232
0
0
0
0
0.009642727993
0
0
0.0033015638
0.02080565551
0.03395242195
0
0
0.0002103163873
0
0.02667293968
0.03957059623
0
0.013513787
0
0.01313907318
0
0
0
0
0
0
0.0104292321
0.01651692123
0
0
0.02620887353
0
0.004971693908
0
0
0
0
0
0.01136116217
0.03938506132
0.008189913734
0.02459815231
0.01442656017
0
0.009536214803
0
0
0
0.04149379254
0.02440511246
0.005219316766
0.01668294761
0
0
0.005372620162
0.03630406221
0.02310191231
0.01416348461
0.04600050483
0
0.006141749444
0
0
0.02173278764
0
0.009602372709
0.02896421778
0
0
0.01884215193
0.02720426296
0.02259681269
0.0263383274
0
0
0
0.02980823575
0
0
0
0
0
0.05340373179
0.01647155067
0.0458939634
0
0.01874367856
0.01217384834
0
0
0
0.01027293687
0.001031931932
0
0.01145390502
0.02631866471
0
0
0
0
0
0
0
0
0.0313532026
0.001791903886
0
0
0.01372986009
0.01636581653
0.04894537937
0.04426685067
0
0.01448223701
0
0
0.01844853312
0
0.006328556816
0
0
0
0.005546405521
0.01520027596
0
0.01179138307
0.01737110468
0.03726274893
0.01604336327
0.007434310852
0.008839333199
0.04087230916
0
0
0.05443922531
0.002743579828
0
0
0.01625988047
0.03559296947
0
0
0
0
0
0
0.02688653986
0.0223224574
0
0
0.02344042272
0
0.0306035787
0
0
0
0.03773500213
0.008099661077
0
0
0.004949728166
0
0
0.007877839053
0.02300293172
0.005261425701
0.02187099036
0.01134533956
0.005323522352
0.009428800833
0.01063119676
0.009418128915
0
0.01305870251
0.01656895164
0.007662692308
0
0
0
0
0.008693215213
0
0
0
0
0.0249484978
0.0479057333
0.0502709847
0
0
0
0.0009921936956
0
0.0304155173
0.0176461175
0
0.02461425493
0.0308584925
0.0420233478
0.01756865494
0.02968355478
0.03639891135
0.01659841853
0
0
0
0
0
0.02435723863
0.03774589265
0.002862209987
0.009566586236
0.04758479734
0
0.001823757518
0.01405792824
0
0
0
0.009607931811
0
0
0
0
0.02256085125
0
0
0
0
0
0.04668932699
0.02012191194
0.007306603993
0
0
0
0
0
0
0.02567188207
0.01020702324
0.00E+00
0.03186814857
0
0.0341567751
0
0
0
0.006898564731
0.01620828062
0.01777814418
0.006204157482
0
0
0
0.002207279441
0
0
0.05591155541
0
0.02853473654
0.01387770442
0.02548905406
0
0
0.02042464018
0
0.004247955197
0.02268251253
0.004538928522
0
8.77E-05
0
0.0017926958
0
0
0
0.02603486445
0.02942926433
0.00622864391
0
0.02910338799
0
0.01966205231
0
0
0
0
0.02660475919
0.01260877023
0.02498013528
0
0.02244350387
0.01177084833
0
0.01554231123
0.007184243887
0
0
0.02790752234
0.01883468249
0.01680703971
0
0.04524381531
0.001244101931
0.03088920112
0.005786433565
0.03843241098
0
0
0
0
0
0.01175852325
0.02061074298
0.009884947933
0.03442045619
0.03268080283
0
0
0.009308112964
0
0.02681802274
0.01353423671
0.0007715394698
0.01397602327
0.009855883615
0
0
0
0
0
0.02438037448
0.03183252928
0
0.01622505126
0.03709426578
0.01518303201
0
0
0
0
0.006358509045
0.02469641458
0.01824477739
0.002360801795
0.003795489132
0.01316490019
0
0
0
0
0
0.0346156897
0.02080472577
0.001216051102
0
0
0
0.0565289347
0
0
0.007855509643
0
0
0.02024600289
0
0
0
0.0139936996
0
0.007821779592
0.04458154548
0
0.01136716452
0
0.04794661092
0
0
0
0.002544971428
0.03044140421
0.04758235118
0
0
0.0384071863
0
0
0.002030352812
0
0
0.02727005213
0.002193849694
0
0.0230676719
0
0
0.05051437108
0.01205254145
0
0
0
0.02646836352
0
0.01121028142
0.03039172801
0.001593762531
0
0.001873358874
0.03594394271
0
0
0.01315391219
0.05223445893
0.00E+00
0
0
0
0
0.009248804715
0.03557158523
0.02293583123
0.02121669691
0
0
0
0
0.02372309521
0
0.006007615389
0.0238705646
0.00990748086
0
0
0.01691858745
0
0.03316478745
0.01475357137
0.05071350402
0
0
0
0
0.01648209751
0
0
0.03394180824
0.02013355034
0
0
0
0
0.003100145039
0.02959208268
0
0.008491525367
0.008623228608
0.04881656479
0
0
0
0.01076062762
0.002698332858
0.01427623855
0.0205081744
0.01575578627
0
0.01357482345
0.03087518107
0
0
0.02058894178
0
0.007716478645
0
0.0372857531
0
0.0410640231
0
0.03649575572
0.02013689471
0.01206589178
0
0.01786246002
0
0.01837945055
0.002383592803
0
0
0
0.01960172566
0
0.009869038588
0.01755180491
0
0.0005590970477
0
0
0.01227630661
0.01586019563
0.03386705732
0.03419114166
0
0.0160237685
0
0
0
0.01157856371
0
0
0
0
0
0
0.02949528288
0.0393167379
0.003145595042
0.03733769352
0
0
0
0
0
0.02334958842
0.01719506423
0.005335885002
0
0
0.009854516453
0
0.006349752285
0
0.02963675079
0.01271359524
0
0.01289258588
0
0.01602031045
0
0
0.004633514134
0
0.04049954816
0
0.04154314595
0.004216523101
0
0
0
0
1.31E-02
0.03166723978
0
0.009655449485
0.009813296208
0.02773326667
0
0
0.03965059298
0.02540708145
0.01567605378
0.01822938364
0
0.03352310774
0
0.05433152356
0
0.01985793952
0.006486019916
0
0
0.04343047429
0
0.0105289694
0
0.0003347504073
0
0.0122168402
0
0.0182971066
0.04265387105
0.02362697284
0
0
0
0.02855372303
0.003085312116
0
0
0
0
0.01388627342
0.007941029057
0.008442099107
0.03368392579
0.02324846752
0
0
0.04225543896
0.004606978072
0
0
0
0.003736657654
0
0
0
0.01936757072
0
0.0107908342
0.001159887283
0
0
0.006224293048
0.01351566703
0.04714517269
0
0.03161287916
0
0
0
0.004212620769
0
0.002765384691
0.00527159868
0.02233953577
0.004097870034
0
0
0
0.05083006506
0
0.00621672884
0.02154178572
0.007749923891
1.34E-02
0.007914140823
0.0003484417865
0.03037433163
0
0.006194722495
0
0.02023843864
0
0.02013814771
0
0
0.001542634752
0
0
0
0.01317616187
0
0.01883896764
0.009334928524
0.01634546019
0.0008956174959
0.04578337079
0.04433616975
0.02833521716
0.01504102763
0.02498778239
0
0.0229003707
0
0.0350047309
0
0.03043170104
0.02484632055
0.006426491374
0
0.02083125806
0
0.0370927915
0.005643483303
0
0
0
0
0
0.01345276077
0.001295574256
0.01985490311
0.003073110993
0
0
0.01433629434
0.009574228557
0.003899656378
0.01735964823
0
4.00E-02
0
0.02490486255
0.03491562916
0.02882918788
0
0
0.01252300148
0
0
0
0
0
0
0
0.01889612552
0.0001054583208
0.0221018796
0.01668855506
0.01464946442
0
0
0.01690296848
0
0.03421496883
0.007664589746
0
0
0
0
0.01686644822
0.0007059361249
0
0.02788952401
0.02692055782
0
0.002363020651
0.01622625238
0
0.04824505531
0
0.01196548189
0.03941121151
0.02537275784
0.03301261294
0.001934217166
0
0.03494952647
0.0018775475
0.01653928701
0
0
0
0
0
0
0
0
0
0
0
0.01207486985
0.008234483232
0.01735094749
0
0.01977837742
0.04993677937
0.008663377813
0.005042135546
0.01123682515
0.02505791892
0
0
0
0.00309655969
0
0.01890667973
0.004856999909
0.01093171802
0
0
0
0.02435723535
0.02080044683
0
0
0
0.01048510937
0
0.0139903505
0.01227021992
0.01549115041
0
0
0.01171519556
0
0.01309871977
0.02522436267
0.03787511875
0
0.05236598395
0
0.02393212235
0.03785417401
0
0.008849152607
0
0
0
0
0
0.01366518292
0
0
0.008450013823
0.03682617815
0
0.01472994888
0.01670520555
0
0
0.02059322367
0.02418721123
0
0.03430354571
0
0.009355449228
0.004590771985
0.003961174083
0.01158005834
0.02229280537
0.02749872794
0
0.02238807791
0.005807544448
0
0.007081037955
0.005865600378
0.003787162365
0.02076380799
0
0
0.03591552413
0.00E+00
0.03116248309
0.02459592316
0.003073783676
0.02547760762
0
0.01327943125
0
0
0.004798731575
0
0.00E+00
0.007292508663
0
0
0.009540814974
0.00E+00
0
0
0.03722323528
0.03341041317
0
0.02443013679
0.0461601462
0
0.01157419166
0.006473122525
0.01294702679
0
0.008148054618
0
0.02466906756
0
0.005692597746
0.001472220786
0.01532426716
0.007687831038
0
0.007768421082
2.67E-05
0.02975328909
0
0.005301656082
0.006919281391
0.005683565719
0
0
0.008932514708
0
0.003970334664
0
0
0
0
0.04020409797
0.0333900501
0
0
0.003595142255
0.003792622215
0
0.01963290028
0
0
0
0.02717080424
0
0
0.005562089357
0.02983909502
0.02020988767
0.03623849145
0.02377962171
0.03885930924
0
0
0
0
0
0.05467355412
0.01747707541
0.004478726918
0.005928309036
0.02536924061
0
0
0.02834253795
0
0.02229863434
0
0
0.02851993137
0.01636330881
0
0
0
0.008590265924
0
0
0.04840118733
0
0
0.05200529006
0.007984620143
0.04563979463
0
0.02720248927
0
0
0.02861665011
0
0
0.02909630184
0
0
0
0
0
0.009969009101
0.03515470391
0.007613890575
0.002028317781
0
0.03173235304
0
0.03594290554
0
0.0195273815
0
0.005817211659
0.009253442421
0.01564892521
0
0.01695999455
0.0479148703
0.004764719547
0.003254094032
0
0
0.009299487838
0.008369844449
0
0
0.03750239795
0.02088027317
0
0.002476110011
0
0
0.006352379009
0
0
0.008176358309
0
0.02678817877
0.02858158145
0.03146868998
0.0007984421348
0.01776767364
0.004430010815
0
0.02424561838
0.03337680552
0
0
0.0529314814
0
0.02508850098
0
0.04201760914
0.00191561003
0.006023425563
0.01602839791
0.01501944003
0.02296623471
0
0
0
0
0.004159384681
0.01789959228
0.03573398063
0
0.0199780814
0
0
0.01172392931
0
5.96E-05
0
0.001990691375
0
0.01797200325
0
0.01264373434
0
0
0
0.03729727847
0.0470537998
0
0.01062283255
0.01231748692
0
0.01608570419
0
0.01350627591
0.01866692116
0.002054467453
0.01547149714
0.01929452883
0
0
0
0
0.007875170967
0
0
0
0.02934909839
0.02675891598
0.002994952609
0
0.004715501592
0
0.04212966193
0.005999730525
0.01956044727
0
0.01693850048
0
0.00529286369
0
0.02687274064
0.04124660467
0.001254518994
0.02125630191
0
0
0.0008954648674
0.02018352509
0
0
0.02474384787
0.03011431412
0
0.01432307594
0
0
0.0182706867
0.03225081343
0
0.009514083385
0.005768501976
0.02652709826
0.02793711577
0.0345027451
0.001428395944
0.004508959497
0
0
0.04464263458
0.0163409179
0
0.002070401576
0.03506012327
0
0
0
0.0163501261
0.02328882515
0.01493097165
0.01272320875
0.02423086978
0.02379806503
0.0126871866
0.01381762074
0
0
0.006319084243
0.01240423987
0.01485440227
0
0.002294778119
0
0
0
0
0
0.01636088431
0
0
0.02816595855
0.006708106436
0.01813141237
0
0
0
0.02717466242
0.02985423349
0
0.001713442838
0
0
0.01980756807
0.01445678115
0.01019239798
0.02406074588
0
6.55E-05
0
0
0.01516021613
0
0.01715149612
0.02800278237
0
0
0
0
0.02625318211
0
0.03069416909
0.008895308642
0
0.01794712044
0
0.01927546463
0
0.01531826146
0.009994832468
0.02532772863
0
0.005967800365
0.03296347617
0.009345648383
0
0.001656775903
0
0.03125316136
0
0
0
0
0
0
0
0
0.0278392928
0
0.004027416087
0
0.03130656158
0.01013375208
0
0.009341029095
0.01293032632
0.04609556318
0.01773526058
0.004590176476
0.03711550484
0.01216357666
0.0278111287
0
0
0.02046725551
0
0
0
0.01108328685
0.00156850801
0
0.008277341083
0
0.06002359833
0.03359890666
0
0.0059691971
0.01491486624
0.002146484287
0
0.03620740915
0
0
0
0
0.01092156798
0.00837386908
0
0
0.01931926132
0
0.0004921041835
0.03154861644
0.02195210736
0
0.02258893511
0
0.03101302513
0.02686097768
0.0104588123
0.02309641862
0
0
0.03391999826
0.02599794455
0
0.01342665681
0
0.008319289013
0.001761976404
0
0
0
0.002229518854
0
0
0
0
0.01668985421
0.01409189579
0
0.02941085588
0.02780471592
0
0.003549670408
0.0297223377
0
0.009300858146
0
0.01853576422
0
0.04004670078
0
0
0.02584760528
0.0412973644
0
0
0
0.04276091524
0.01168958161
0.02128320114
0.01701173953
0
0
0
0
0
0
0.003488742719
0.01165690084
0.02502572322
0.02784311299
0.02869266093
0
0
0
0
0.002089009271
0
0
0.03332541101
0.03083536499
2.84E-02
0.0435189711
0.02351646381
0.04042153601
0.03850053611
0.01799826327
0
0.009802308381
0
0
0
0.01598891694
0.003164215016
0
0.01616126946
0.01412306938
0.02842644969
0
0
0.006879031456
0
0.0008959335515
0.008990471992
0
0
0.01567302702
0
0
0.01607054279
0
0
0.007034077186
0
0.04153658884
0
0
0
0
0.02019186226
0
0
0
0.01042407776
0.02247931655
0.0525984936
0
0.03141847912
0.009302321388
0
0.00E+00
0.01675881046
0.03081142847
0
0.007441506319
0
0
0
0
0
0
0.02053744401
0.01023510094
0
0
0
0.01327046477
0.01750016401
0
0.02712722699
0.0149156293
0.02354710628
0
0.0289245537
0
0.003613987315
0
0.03689319474
0.01459951143
0
0.02602394071
0.003698748132
0
0.02235197048
0
0
0
0.0198265325
0.00E+00
0.03282333769
0.03271200215
0.0188360863
0.02333774262
0.006357932852
0
0
0
0
0.01061042828
0.03201798047
0
0.03145203384
0.0383661922
0
0.02395146968
0
0
0.007064724841
0
0.01064633185
0
0.02972293838
0.03826953524
0
0
0.01283574083
0
0.02036679369
0.005139812785
0
0
0
0.01903039837
0.007100958696
0
0
0.009007433435
0
0
0.01722370478
0.006226332464
0.005131248192
0
0.0005495580583
0.006610089784
0.003871372608
0.01438109764
0
0
0
0
0.003523941873
0.03625032514
0.02994581785
0.04530068261
0.02196980625
0
0.001583526028
0.006069139884
0
0
0.05291498498
0.05597916294
0
0
0.0006791001962
0
0
0
0.01760791742
0
0.01223928674
0
0
0.006870350529
0
0
0.00444287177
0
0.01665383256
0.03961830403
0.03030980014
0
0.03064504971
0
0.006562897241
0.04093010847
0.01842137009
0.02390319967
0
0
0.04065231958
0.01200396833
0
0
0
0.009288932564
0.007707994739
0
0
0.01257155645
0.04468260535
0.03937278612
0.02403249969
0
0
0.01703531473
0
0.0009672209642
0.03400608966
0.00E+00
0
0.009548815108
0.01776285534
0.04024012227
0
0
0
0
0
0
0.0004059894585
0
0
0.01837328992
0.03650005925
0
0
0.01005350571
0
0
0
0.05192349306
0.01356913262
0.02047157585
0
0.00884447292
0.03401115051
0
0
0
0.008033309543
0
0
0
0.02271293976
0.01537917411
0
0
0.01034825016
0
0
0.01148173117
0.01361311788
0
0
0.04106412792
0
0.02463684051
0.009879394961
0
0.01575163234
0.02996991758
0
0
0.01801044772
0
0.03975463997
0.016980942
0
0
0
0
0