0 4.5e-05 0 4.5e-05 9.5e-05 5e-05 0 0 0 0 4e-05 8e-05 5.5e-05 0 4.5e-05 4e-05 4e-05 2.5e-05 0 4e-05 0.000155 4e-05 1e-05 8.5e-05 0 4.5e-05 4.5e-05 0 0 0 2.5e-05 0 0 4.5e-05 0 2e-05 2e-05 0.000195 2.5e-05 0 4e-05 0 5.5e-05 3.5e-05 0 2.5e-05 0 0.000175 3.5e-05 4e-05 2e-05 3.5e-05 9.5e-05 2.5e-05 4e-05 5.5e-05 0 3e-05 0 5e-05 3.5e-05 0 1.5e-05 4e-05 2e-05 0 0 0 0 0 0 0 4e-05 0 0 2.5e-05 4e-05 3.5e-05 6.5e-05 0.000135 3e-05 3.5e-05 0 0.000205 5e-05 5e-05 3e-05 1.5e-05 5.5e-05 2.5e-05 5e-06 1.5e-05 0 2.5e-05 4.5e-05 0.000105 6e-05 4e-05 8e-05 2e-05
0 2.5e-05 0.000125 7.5e-05 3.5e-05 0 0 3e-05 6.5e-05 2.5e-05 4e-05 3e-05 1.5e-05 4e-05 5.5e-05 0 0 0.000245 6e-05 8e-05 7e-05 0.00013 0 5.5e-05 2e-05 6e-05 0 5.5e-05 2.5e-05 4e-05 7e-05 0 5.5e-05 2.5e-05 9e-05 8e-05 4e-05 4.5e-05 3.5e-05 4.5e-05 0 0 2e-05 0 3e-05 0 5.5e-05 0 4.5e-05 5.5e-05 8.5e-05 4e-05 3e-05 3e-05 0.0001 0 4.5e-05 3e-05 0 0 0.00013 4e-05 5e-05 3.5e-05 0 5e-05 2.5e-05 7e-05 0 0 4.5e-05 8e-05 0 6e-05 1.5e-05 3e-05 6e-05 9.5e-05 3e-05 3.5e-05 0.000145 0 5e-05 0 0 0.000135 3e-05 0 1e-05 0 0 0 1e-05 0 0 3.5e-05 0 0 0 2e-05
0 7.5e-05 2e-05 0 4.5e-05 3e-05 0 8e-05 1.5e-05 3.5e-05 0.000115 3.5e-05 3.5e-05 0 6e-05 0.000225 0 9e-05 2e-05 0 3.5e-05 0.000155 0.000125 0 2.5e-05 0 0 0.000165 4.5e-05 3.5e-05 1e-05 0 5.5e-05 2.5e-05 2e-05 9.5e-05 0 4.5e-05 5e-05 0 4e-05 3.5e-05 0 4.5e-05 6.5e-05 0 3.5e-05 3e-05 2.5e-05 0 0 0 2e-05 3e-05 0 7.5e-05 0 0 2e-05 0 0 7.5e-05 5e-06 3.5e-05 0 5.5e-05 4e-05 4e-05 0 1.5e-05 1.5e-05 3.5e-05 0 0.00016 5.5e-05 4e-05 0 0 0 2.5e-05 7e-05 0 6.5e-05 2.5e-05 2e-05 4.5e-05 0 2.5e-05 0.0001 0 9.5e-05 0 1.5e-05 7e-05 7e-05 0 5e-06 0 2e-05 3e-05
0.0001 0 5e-05 3e-05 3e-05 1.5e-05 0 5e-06 0 4e-05 0 1e-05 0 0.00013 0 0.000195 8e-05 0 0 0.00018 1e-05 0 3e-05 1.5e-05 3e-05 3.5e-05 5e-05 6.5e-05 5.5e-05 2e-05 5e-05 3.5e-05 2e-05 0 2.5e-05 0.00011 0 2e-05 0.0001 1.5e-05 0 3e-05 0 2.5e-05 2e-05 0 0 3.5e-05 6.5e-05 0 0 4e-05 4e-05 4e-05 5.5e-05 0 2.5e-05 7e-05 0 0 3.5e-05 0 0 4e-05 6.5e-05 0 1e-05 0 0 3.5e-05 3e-05 0 5.5e-05 0.00017 8e-05 3.5e-05 3.5e-05 2e-05 2.5e-05 3e-05 0 3.5e-05 0 3.5e-05 6e-05 3.5e-05 3.5e-05 0.00015 0 6e-05 8.5e-05 8e-05 3.5e-05 4e-05 0 0 3e-05 3.5e-05 0 0
0 4e-05 4e-05 4.5e-05 0 7e-05 8e-05 1.5e-05 0.000185 0 1.5e-05 0 0.00011 0 0 2e-05 4.5e-05 0 3.5e-05 2.5e-05 7e-05 3.5e-05 0 0.000115 5e-06 3.5e-05 0 3.5e-05 3e-05 0 0 5e-05 9.5e-05 4.5e-05 3.5e-05 2.5e-05 0.000195 0 3e-05 4.5e-05 0 2.5e-05 0 0 4e-05 3.5e-05 8e-05 2.5e-05 3e-05 0 5e-06 4e-05 2e-05 4.5e-05 0 0 0 3.5e-05 0.00011 4e-05 5e-06 5.5e-05 4e-05 2.5e-05 4.5e-05 4.5e-05 0 9e-05 3e-05 0.000195 6.5e-05 0 0 0 0 0 4e-05 0 5e-06 4.5e-05 0 4.5e-05 5.5e-05 4e-05 0 4e-05 0.0002 0 0 9.5e-05 6.5e-05 0 6e-05 3.5e-05 5e-05 4e-05 4.5e-05 0 0 7e-05
0 3e-05 6.5e-05 6e-05 0 0 1.5e-05 2.5e-05 0 0 0 2e-05 5.5e-05 0 2.5e-05 0 0 4.5e-05 3.5e-05 2e-05 6e-05 0 0.000135 0 3.5e-05 0 0 7.5e-05 0.00013 0 3.5e-05 1.5e-05 2e-05 0.00013 0 2e-05 1.5e-05 0.000105 1.5e-05 1e-05 0 8.5e-05 7e-05 5.5e-05 0 2.5e-05 4.5e-05 0 1.5e-05 4.5e-05 0 0 0 3.5e-05 2.5e-05 0.00011 5e-05 0 3.5e-05 5e-06 0 5e-05 3e-05 0 0 6e-05 2.5e-05 0 0 0 7.5e-05 2.5e-05 0 1.5e-05 8e-05 0 2.5e-05 5.5e-05 0 0.000135 0 3.5e-05 2.5e-05 5.5e-05 6e-05 0.00011 3.5e-05 9.5e-05 2.5e-05 6e-05 3.5e-05 5.5e-05 0 2.5e-05 2.5e-05 0 4e-05 0 1.5e-05 0
4e-05 2.5e-05 0 1e-05 0 5.5e-05 1.5e-05 2.5e-05 4e-05 0 2e-05 0 2e-05 3e-05 5.5e-05 4.5e-05 5.5e-05 3e-05 7e-05 4e-05 5e-05 4e-05 0 4.5e-05 6e-05 4e-05 0 4e-05 0 2.5e-05 4.5e-05 5e-05 0 7.5e-05 2e-05 3e-05 2e-05 0 0 7.5e-05 1.5e-05 1e-05 0 5.5e-05 0 0 4e-05 0 3e-05 0.00011 7e-05 0 3e-05 0 0 0 1e-05 2.5e-05 5e-05 0 5.5e-05 5e-05 0 2e-05 0 3.5e-05 6e-05 5e-05 5.5e-05 0 0 3e-05 3.5e-05 4.5e-05 2e-05 4e-05 3.5e-05 2e-05 3.5e-05 0 0 0 0 4e-05 0 4.5e-05 3e-05 3.5e-05 2.5e-05 0.000135 0 0 0.000155 0 1e-05 0 0 1.5e-05 0.00013 0
0 0 1.5e-05 0 2e-05 5.5e-05 6e-05 5.5e-05 1e-05 0 5.5e-05 0 0 1.5e-05 0.00013 0 6e-05 2e-05 3.5e-05 3e-05 4.5e-05 3e-05 5.5e-05 4.5e-05 0 5e-05 7.5e-05 0 3.5e-05 5e-06 0 4.5e-05 0 3e-05 3e-05 0 3e-05 4.5e-05 0 2.5e-05 4e-05 0.00014 0 0.000125 2.5e-05 0 0 0 0 0 0 9e-05 5e-06 0 2.5e-05 0 5e-06 2e-05 1.5e-05 0.000165 6.5e-05 0 0 0.00029 0 2e-05 3.5e-05 0.00011 3.5e-05 0 0 0.000205 3.5e-05 3e-05 4.5e-05 9e-05 2e-05 0 0 3.5e-05 3e-05 0 2.5e-05 0 0.00017 3e-05 0 0 5.5e-05 2e-05 6.5e-05 0 0.00013 0 9e-05 2.5e-05 4e-05 4e-05 2.5e-05 0.00022
8.5e-05 0.00013 0 0 3.5e-05 0 0 0 3e-05 0 5.5e-05 3.5e-05 3e-05 0 5e-05 5.5e-05 2e-05 4.5e-05 2.5e-05 7e-05 2.5e-05 0 0 0 0 3.5e-05 3e-05 2.5e-05 0 0 2e-05 0 0 0 0 7.5e-05 4.5e-05 0 3e-05 0 6.5e-05 3e-05 2.5e-05 2.5e-05 2.5e-05 0.00014 0 1e-05 0.000155 3e-05 3e-05 0 3e-05 0.000115 2.5e-05 4e-05 3e-05 0 0.000105 7.5e-05 0 3.5e-05 0 2.5e-05 6.5e-05 2.5e-05 4.5e-05 0 3.5e-05 0 3e-05 0 7e-05 6.5e-05 5.5e-05 0 0.000115 1.5e-05 4.5e-05 0 8.5e-05 0 1.5e-05 0 5.5e-05 6e-05 2.5e-05 3.5e-05 3e-05 3.5e-05 3.5e-05 2.5e-05 1.5e-05 4e-05 0.00013 2.5e-05 0 5e-05 4.5e-05 0
4.5e-05 0 3.5e-05 0 0 0.00011 8e-05 0 1.5e-05 0.000235 5e-05 4.5e-05 3.5e-05 3.5e-05 3.5e-05 4e-05 5e-05 0 5e-05 0 0 3e-05 3.5e-05 0 0.00016 0 4.5e-05 2e-05 3e-05 0 6.5e-05 5e-05 0 4.5e-05 2e-05 3.5e-05 6e-05 0 7e-05 4e-05 3.5e-05 0 0 4e-05 0.00012 6.5e-05 0.00011 1e-05 3.5e-05 3.5e-05 3.5e-05 0 1e-05 0 3.5e-05 0 5e-05 3.5e-05 2.5e-05 0.000125 1.5e-05 3.5e-05 0 0 2.5e-05 0.000105 4e-05 0 7.5e-05 0 0.00011 0 5e-05 4e-05 0 0 2.5e-05 2.5e-05 6e-05 3e-05 3e-05 4e-05 0.000135 0 1e-05 4e-05 0 0 0 0.000125 0 2e-05 8e-05 0 0 3.5e-05 5e-06 0 0 0
0 3.5e-05 4e-05 0 3.5e-05 0 0 3.5e-05 3.5e-05 0 3.5e-05 0.00011 0.000115 8.5e-05 0 4.5e-05 0 1e-05 4e-05 0 0.000225 0 3.5e-05 0 0 4.5e-05 3e-05 4.5e-05 0.000115 0 2.5e-05 0.00011 0 3.5e-05 0 1.5e-05 7.5e-05 0.0002 0 5e-05 5e-06 3.5e-05 5e-05 0 3e-05 3e-05 0 0 0 0 0 0 5.5e-05 1e-05 5.5e-05 2e-05 0 0 1.5e-05 2.5e-05 6.5e-05 8e-05 6.5e-05 3e-05 4.5e-05 0 4e-05 4e-05 0 6e-05 0.000125 2.5e-05 3e-05 5e-05 4.5e-05 3.5e-05 3.5e-05 2.5e-05 0 7.5e-05 0 0 6e-05 5.5e-05 3.5e-05 3.5e-05 0 3.5e-05 0 0 2.5e-05 3.5e-05 4.5e-05 0 0 0 2.5e-05 4e-05 0.000125 0
0.00015 9.5e-05 6e-05 3e-05 0 0 0 3.5e-05 0 0 0 3e-05 0 5e-05 0.00017 2e-05 0 5.5e-05 3e-05 4e-05 0 4e-05 2e-05 3.5e-05 4e-05 8e-05 4e-05 3.5e-05 0 2.5e-05 7.5e-05 2.5e-05 0 3.5e-05 4e-05 2.5e-05 6e-05 5e-05 2.5e-05 0 0.000175 4.5e-05 0 0 3e-05 0 4.5e-05 0 8.5e-05 0 3e-05 0.000255 3.5e-05 3e-05 3e-05 0 3e-05 3.5e-05 0 0 0 2e-05 0 4.5e-05 5e-05 1.5e-05 0 2.5e-05 0 3e-05 2.5e-05 3e-05 2e-05 6e-05 0.000105 2e-05 0 0 0 1.5e-05 1.5e-05 1.5e-05 0 2e-05 0.00023 0 7.5e-05 0 3e-05 0 2.5e-05 0 0 2.5e-05 2.5e-05 0 0 0 0 0.000175
6.5e-05 3.5e-05 5.5e-05 4e-05 4e-05 0 4e-05 0.00014 0 2.5e-05 0.00013 0 5.5e-05 0 0 2e-05 0 0 0 3e-05 0 2.5e-05 0 3.5e-05 8e-05 0 0 1e-05 1.5e-05 0 4.5e-05 5e-06 4.5e-05 5e-06 2.5e-05 9.5e-05 5.5e-05 0 2e-05 0.000165 2.5e-05 0 4.5e-05 0 2e-05 3e-05 0 3e-05 0 4.5e-05 3e-05 4.5e-05 1.5e-05 0.00012 5.5e-05 1e-05 0 0 9.5e-05 4.5e-05 1.5e-05 0 1.5e-05 2e-05 8e-05 3.5e-05 0 3.5e-05 4.5e-05 4.5e-05 4.5e-05 4e-05 2e-05 5.5e-05 4.5e-05 7.5e-05 0 0 0 4e-05 8e-05 2.5e-05 5.5e-05 0 0 2e-05 0.000105 5e-06 0 0 4.5e-05 5e-05 2e-05 0 5.5e-05 5e-05 0 5.5e-05 0.000145 0
3e-05 4.5e-05 2e-05 2e-05 0.00013 0 0 2e-05 4e-05 2.5e-05 0.00015 5.5e-05 0 0 0 0 3e-05 0 0 2.5e-05 0 0 0 5e-05 5e-05 0 3e-05 0 0 5e-06 0 2.5e-05 0 3e-05 3.5e-05 0.000155 0 4e-05 3e-05 2.5e-05 4.5e-05 5e-05 8.5e-05 6e-05 0.0002 0 2e-05 2e-05 5e-06 0 0 3.5e-05 4e-05 0.0001 0 0.00012 0 0.00012 0 0 0 5e-05 4e-05 3.5e-05 0 0 3e-05 3e-05 0.00017 4.5e-05 0.00021 4e-05 6.5e-05 5e-05 0 4.5e-05 4.5e-05 0 4.5e-05 3.5e-05 0 4.5e-05 0 3e-05 0 2.5e-05 3.5e-05 2.5e-05 3e-05 3e-05 0 4e-05 0 3.5e-05 1.5e-05 5e-06 4e-05 3e-05 4.5e-05 0
3e-05 3e-05 0 7.5e-05 5.5e-05 5e-05 0.000115 0 0 0 0.000165 8e-05 1e-05 7.5e-05 3e-05 5e-05 0 0 0 3e-05 2e-05 0 4.5e-05 0 5.5e-05 0 0 1e-05 4e-05 0 6.5e-05 0.00012 4.5e-05 6e-05 3e-05 0 0 3e-05 0 0 1e-05 3e-05 9.5e-05 0 5e-05 3.5e-05 4e-05 0 5e-05 5e-06 6.5e-05 0 4e-05 0.0001 6e-05 3e-05 0 0 0.000135 8.5e-05 4e-05 0.0001 3.5e-05 0 3.5e-05 3e-05 6e-05 2.5e-05 0 0.000185 2.5e-05 0.00012 0 1.5e-05 4e-05 0 0 0 2.5e-05 0 4e-05 6.5e-05 0 2.5e-05 0 1.5e-05 5e-05 3.5e-05 0.00014 4e-05 0 5e-05 0 0 3e-05 0 4e-05 0 3.5e-05 0
2e-05 1e-05 8.5e-05 0 0 0 0 1e-05 4e-05 0 3e-05 1.5e-05 0 4e-05 0 0 0 0.000105 3e-05 3e-05 0.000145 0 2e-05 3.5e-05 0.0001 1.5e-05 5.5e-05 0 0 2.5e-05 2.5e-05 0 5e-06 5e-05 4e-05 6e-05 0 5.5e-05 4e-05 2.5e-05 0 0 3e-05 0 0 3.5e-05 3.5e-05 2e-05 2e-05 4e-05 3.5e-05 3e-05 0 0 0.00018 3e-05 1e-05 4.5e-05 1.5e-05 3.5e-05 2.5e-05 0 0 0 0 2.5e-05 0 3e-05 0 6.5e-05 6e-05 1.5e-05 2e-05 5.5e-05 3e-05 4e-05 0 0 0.000105 0 7e-05 0.00016 0 3.5e-05 3e-05 5e-05 5e-06 1.5e-05 3e-05 0.000115 2e-05 6.5e-05 0 4e-05 0 0 4.5e-05 0 0 4.5e-05
3.5e-05 1.5e-05 0 3.5e-05 3.5e-05 3e-05 0 0 0 0 0 9.5e-05 3e-05 0.00012 0.000115 0.00013 0 1.5e-05 0 0 2e-05 1.5e-05 0 3.5e-05 2.5e-05 0 0 0 4.5e-05 0 5e-05 5e-05 0 4.5e-05 2.5e-05 6e-05 2.5e-05 4e-05 0.000135 6e-05 3e-05 5e-05 0 0 0 4e-05 8e-05 3.5e-05 5.5e-05 9e-05 2e-05 5e-05 0 0 0 0 3.5e-05 2.5e-05 6e-05 0.000105 5e-05 9e-05 0 6e-05 7.5e-05 0 2.5e-05 4e-05 1.5e-05 5e-06 2.5e-05 1e-05 5e-05 0 0 0 0 2.5e-05 0 4e-05 4.5e-05 0 3e-05 4.5e-05 0 2e-05 4e-05 0 8.5e-05 0 8.5e-05 6.5e-05 3.5e-05 0 0 3e-05 3.5e-05 3e-05 1.5e-05 0.00011
2.5e-05 2.5e-05 5.5e-05 5.5e-05 0 0 0 4.5e-05 0.0001 0 0 0.000105 1.5e-05 3e-05 1.5e-05 0 3e-05 2e-05 0 7e-05 1e-05 0 1.5e-05 4.5e-05 1.5e-05 5e-05 6.5e-05 2.5e-05 0.00013 4e-05 8.5e-05 3.5e-05 4.5e-05 4.5e-05 0.00011 0 1e-05 0 0 0 0 0 0 5e-05 5e-06 3.5e-05 9.5e-05 0 5e-05 6.5e-05 4.5e-05 0 5e-06 5e-05 0 3e-05 0.00016 0 0 3e-05 5e-05 0 4e-05 2e-05 5.5e-05 0 3.5e-05 0.000105 7.5e-05 0 3.5e-05 3e-05 5.5e-05 4e-05 0 3.5e-05 0 5.5e-05 0 0 2.5e-05 5e-05 4e-05 4.5e-05 1e-05 0.00012 0 3.5e-05 0.0001 4e-05 0 0 2.5e-05 0.00011 1e-05 0 8.5e-05 4.5e-05 0 6e-05
0.000125 8e-05 0 4.5e-05 0 2.5e-05 2.5e-05 1.5e-05 0 2.5e-05 0 4.5e-05 0 1.5e-05 3e-05 5e-05 0 0 7.5e-05 3e-05 3.5e-05 1.5e-05 8.5e-05 4e-05 2e-05 2.5e-05 1.5e-05 3.5e-05 0 3e-05 3e-05 0 2e-05 0.00017 6e-05 6.5e-05 0 0 4e-05 0 0 2.5e-05 3.5e-05 0 0 0 4e-05 4.5e-05 0 2.5e-05 0 0 3.5e-05 0.0001 2.5e-05 4e-05 0 0 3.5e-05 2e-05 6.5e-05 0 4.5e-05 0 3.5e-05 0 0 3.5e-05 6e-05 6e-05 7.5e-05 5.5e-05 0 4.5e-05 0 5.5e-05 5e-05 7e-05 3.5e-05 2.5e-05 2.5e-05 0 0 5e-05 6e-05 0 3.5e-05 4e-05 3e-05 1e-05 4e-05 5e-05 6e-05 3e-05 0 0.000115 0 1.5e-05 3e-05 6e-05
2.5e-05 3e-05 5.5e-05 4.5e-05 0.000125 0 0 0 0 3e-05 9e-05 0 4.5e-05 4.5e-05 5e-06 0 0 5.5e-05 1e-05 4.5e-05 4.5e-05 7e-05 0 0 2e-05 1.5e-05 3e-05 5.5e-05 0 5.5e-05 0 0 2.5e-05 2e-05 2.5e-05 0.00017 0 3e-05 4.5e-05 4.5e-05 0 2.5e-05 0 0 0 0 0 3e-05 3.5e-05 0 0 3.5e-05 4e-05 5e-06 3.5e-05 6e-05 9.5e-05 0 3e-05 4e-05 0.000155 0.00012 0 0 2.5e-05 3.5e-05 2e-05 4.5e-05 0.000195 5e-05 8.5e-05 4e-05 0 3.5e-05 0 0 0 5e-05 2.5e-05 3.5e-05 0.00012 0.00015 0 0 3.5e-05 2.5e-05 0 3e-05 4.5e-05 5e-06 4.5e-05 0 0 0 4.5e-05 0 0 0.000135 1.5e-05 3.5e-05
2.5e-05 9e-05 3.5e-05 4e-05 0 0 0 0.000145 2e-05 2.5e-05 0 0.000105 0 8.5e-05 1.5e-05 0.000165 0.00017 0 9.5e-05 0.00018 4.5e-05 2.5e-05 3.5e-05 2e-05 1e-05 2.5e-05 1e-05 0 4.5e-05 5.5e-05 0 0 2.5e-05 5e-05 6e-05 5.5e-05 2e-05 4.5e-05 0 0 0 4e-05 2.5e-05 3e-05 3e-05 3e-05 1.5e-05 3e-05 4e-05 2e-05 3.5e-05 4.5e-05 2.5e-05 0 0 0 5.5e-05 0 9.5e-05 0.0001 4e-05 0 0 2e-05 0.00017 0 5e-06 3e-05 6e-05 0 2e-05 6.5e-05 2.5e-05 0 2.5e-05 3.5e-05 6e-05 0 4e-05 0 0 0 0 0 0 3e-05 3e-05 2e-05 0.000155 1.5e-05 0 5.5e-05 0 0 0 0 6.5e-05 0.000115 7.5e-05 0
0 2e-05 0 3.5e-05 0 0 0 7e-05 1.5e-05 2.5e-05 4.5e-05 0 2e-05 7e-05 3e-05 4.5e-05 2.5e-05 4e-05 7e-05 3.5e-05 0.000105 0 4.5e-05 5e-06 3e-05 0 0 1e-05 0 3e-05 1e-05 0 2e-05 9e-05 4e-05 0 6e-05 0 0 0 7e-05 8.5e-05 0.000125 3e-05 0 6.5e-05 3.5e-05 2.5e-05 3e-05 0 5e-05 3e-05 4.5e-05 0 0.0001 5e-06 3.5e-05 0 5e-05 5e-06 2e-05 1e-05 1e-05 0 3.5e-05 0 0.00016 4e-05 2e-05 2e-05 0 5e-06 0 6e-05 2.5e-05 3e-05 0 5e-05 0 0 0 4e-05 5e-05 4.5e-05 0 0 7e-05 2e-05 0 4.5e-05 0 0 0 0 4.5e-05 6e-05 2e-05 3.5e-05 0 2e-05
0 4e-05 3e-05 0 5e-05 0.000125 0 0.00012 3.5e-05 0 5e-05 0 0 0 7e-05 5e-05 5.5e-05 2.5e-05 8e-05 5e-05 0 3e-05 5.5e-05 0 2.5e-05 1e-05 1e-05 5.5e-05 0 0 4.5e-05 5.5e-05 6e-05 7.5e-05 7e-05 3.5e-05 1.5e-05 0.00021 0 0 4e-05 0 0 1.5e-05 5e-06 2.5e-05 4e-05 2e-05 2e-05 0 2.5e-05 2.5e-05 1e-05 3.5e-05 5e-05 2.5e-05 0 1e-05 0 4e-05 0 3e-05 0 3e-05 0.0001 0 4.5e-05 2.5e-05 6e-05 0 4e-05 0 4.5e-05 0 5e-05 0 3e-05 5e-05 0.000135 0.000145 0 3e-05 0 4e-05 0 2e-05 9e-05 4.5e-05 0 4e-05 4.5e-05 3e-05 3.5e-05 4.5e-05 0 0 0 5e-06 0.000105 2.5e-05
0.000105 4.5e-05 4.5e-05 2.5e-05 3.5e-05 7e-05 0 0 4e-05 0 3e-05 0 0.0001 0 0 4e-05 5e-06 1e-05 2e-05 0 0 4e-05 4.5e-05 7.5e-05 0 0.000175 2.5e-05 0 4.5e-05 1e-05 9e-05 2e-05 3e-05 3.5e-05 0 5e-05 0 0 2.5e-05 0 0.000145 4e-05 0 0.000165 0 7e-05 0 0.000125 4.5e-05 0 0 7.5e-05 0 1e-05 4e-05 0 4e-05 0 0 3.5e-05 3.5e-05 3e-05 3e-05 5.5e-05 2.5e-05 3e-05 0 1.5e-05 6e-05 0 0 2e-05 3.5e-05 4.5e-05 0 0 5e-06 5.5e-05 2e-05 9e-05 0 2.5e-05 4.5e-05 4e-05 0 4e-05 4e-05 0.000115 0 4e-05 0 5e-05 3.5e-05 4e-05 1.5e-05 3.5e-05 3e-05 0 3.5e-05 2.5e-05
0 5e-05 4e-05 0 0 0 0 0 0 2e-05 3e-05 0 5e-05 2e-05 4e-05 3.5e-05 0 3.5e-05 0 0 0 3e-05 6.5e-05 1.5e-05 4e-05 0.00011 0 6e-05 0.0001 4.5e-05 4.5e-05 3e-05 1e-05 0 9e-05 5e-05 1e-05 0 4e-05 2e-05 3.5e-05 2e-05 3.5e-05 0.000195 3.5e-05 3e-05 4e-05 0 4.5e-05 3e-05 0 0 3.5e-05 4.5e-05 0 0 0 2.5e-05 2.5e-05 2e-05 0 0 0 3e-05 5e-05 2.5e-05 0 4e-05 0.000125 4.5e-05 9.5e-05 1.5e-05 9.5e-05 1.5e-05 4.5e-05 0 2e-05 7e-05 0 0 4.5e-05 0 1e-05 2.5e-05 0 0 4e-05 1.5e-05 3.5e-05 2.5e-05 3.5e-05 2e-05 0 0 5.5e-05 0.000145 0.000155 5.5e-05 2e-05 8e-05
3e-05 2.5e-05 0.000105 6e-05 7e-05 0 0.000145 0 0 6e-05 2e-05 0 8.5e-05 2.5e-05 0 4.5e-05 0 1e-05 2.5e-05 3e-05 3.5e-05 3.5e-05 0 2e-05 4e-05 0 0 4e-05 0 4.5e-05 2e-05 0 4e-05 0 5e-05 0 0.000115 2e-05 0 9.5e-05 0 0 2.5e-05 3.5e-05 4.5e-05 0 5e-05 0 0.00015 0 2.5e-05 0.000115 2.5e-05 0 8.5e-05 2.5e-05 0 4.5e-05 0.000135 1.5e-05 0 4e-05 0 0 3.5e-05 5e-05 0 0 5e-05 0 0 0 0 4e-05 0 4.5e-05 0.00011 0.00013 4e-05 3.5e-05 3e-05 7e-05 4e-05 0 7.5e-05 6e-05 0 2.5e-05 1e-05 3.5e-05 0 4.5e-05 4.5e-05 4.5e-05 2e-05 5e-05 2e-05 0 7e-05 4.5e-05
0 0 2.5e-05 5.5e-05 0 0 3e-05 0 0 3e-05 0.000125 5.5e-05 4e-05 2e-05 5e-05 0 0 0 4e-05 5e-06 0 3.5e-05 2e-05 2e-05 0 0 4e-05 0 0.00013 0 3.5e-05 9e-05 0 9e-05 0 0.00011 2.5e-05 0.00011 0 1.5e-05 4e-05 4e-05 0.000125 3e-05 8e-05 1e-05 0 0 2.5e-05 0 2.5e-05 2.5e-05 2e-05 0 3.5e-05 0 5.5e-05 4e-05 2e-05 2.5e-05 0 0.0001 0 2.5e-05 0 0 2.5e-05 4e-05 4.5e-05 5e-05 0.000135 2.5e-05 1.5e-05 8.5e-05 2e-05 2.5e-05 5e-06 4e-05 0 0.0001 2.5e-05 3.5e-05 0 0 0 0 3e-05 3e-05 0 0 4e-05 0 5e-05 5e-06 1.5e-05 0 2.5e-05 5e-05 0 3e-05
5.5e-05 2.5e-05 5e-06 2e-05 3.5e-05 5e-05 0 8.5e-05 3.5e-05 2.5e-05 7.5e-05 0 0 0 0 0 0.00012 0 0 5e-05 0.000115 2.5e-05 6e-05 0 2.5e-05 4.5e-05 2e-05 0 3.5e-05 3.5e-05 2e-05 0 3e-05 6e-05 0 0.000155 4.5e-05 5.5e-05 4.5e-05 5.5e-05 4.5e-05 0 0 4.5e-05 2.5e-05 4e-05 0 0 2e-05 0 0 0 3e-05 4.5e-05 0.0001 1.5e-05 5.5e-05 5.5e-05 3.5e-05 0 0 0 2e-05 4e-05 0 0 2e-05 5.5e-05 0.00016 3.5e-05 0.0001 0 0.000135 0 2e-05 3e-05 3.5e-05 0 2e-05 3.5e-05 0.000165 6.5e-05 2.5e-05 3e-05 4.5e-05 0.00014 0 0 6e-05 4.5e-05 0 4e-05 0 5e-06 5.5e-05 0.0001 7e-05 0 4.5e-05 0
0 0 2.5e-05 1.5e-05 1.5e-05 2e-05 3.5e-05 2.5e-05 0 0 3e-05 0 0.00012 0 4.5e-05 5e-05 3.5e-05 0.000135 0 0 2.5e-05 6e-05 0 0.000175 0 0 2e-05 1e-05 4.5e-05 3.5e-05 2.5e-05 1e-05 2e-05 2.5e-05 0 0 0 5e-05 1.5e-05 0 4.5e-05 0.0001 0.0001 1.5e-05 0 0.000105 0 0 2.5e-05 4.5e-05 3e-05 0 0.00016 4e-05 4e-05 0 0 0 2e-05 1e-05 0.000125 0 0 1.5e-05 2.5e-05 3e-05 5e-05 0 0.000105 0 4e-05 0 7e-05 3.5e-05 2.5e-05 1e-05 7.5e-05 0.000135 0 4e-05 0 2e-05 3e-05 9e-05 5e-05 3e-05 0 3e-05 3e-05 3e-05 0 0.000175 2e-05 4e-05 2.5e-05 0 3e-05 0 0 2.5e-05
0 9.5e-05 1e-05 0 8e-05 5e-06 0 0 0 0 4e-05 2e-05 1e-05 0 3.5e-05 1.5e-05 1e-05 4.5e-05 1.5e-05 4.5e-05 0 0 4.5e-05 2.5e-05 3e-05 5.5e-05 0 0.00013 2.5e-05 2e-05 0 4.5e-05 0 0 3.5e-05 2.5e-05 2.5e-05 4.5e-05 0 5.5e-05 0 5e-06 4e-05 8.5e-05 0 3.5e-05 3e-05 0 0 7e-05 0 4e-05 4e-05 7e-05 3.5e-05 0.000115 3e-05 5.5e-05 0 2.5e-05 0 4e-05 0.00014 3e-05 0 0.00011 5.5e-05 2e-05 0 0 7.5e-05 0 0 9.5e-05 0 3.5e-05 0 2.5e-05 4e-05 4e-05 0 0.0001 1.5e-05 5.5e-05 5e-05 6e-05 0 3e-05 4.5e-05 0 0 3e-05 3e-05 0.000105 0 7.5e-05 3e-05 5.5e-05 0 1e-05
2e-05 2e-05 0 3e-05 0 0 0 3e-05 0 8e-05 1e-05 5e-05 0.000145 3.5e-05 1.5e-05 0 0 6e-05 2e-05 3.5e-05 1e-05 0.00011 0 0 0 0 2.5e-05 4e-05 4.5e-05 3.5e-05 5e-06 3e-05 2.5e-05 3.5e-05 0 1e-05 9e-05 4.5e-05 0 3.5e-05 0 2.5e-05 0 2e-05 0 0.00011 2e-05 6.5e-05 3e-05 4e-05 1.5e-05 4.5e-05 0 2.5e-05 0 0 0 2.5e-05 0 1.5e-05 4e-05 3.5e-05 2.5e-05 2e-05 3.5e-05 0 0 3e-05 0 0 0 3.5e-05 6.5e-05 0.000125 0 1.5e-05 0 1.5e-05 7e-05 6.5e-05 0 0 8.5e-05 0 0 0 5e-06 2.5e-05 0 9e-05 4e-05 3.5e-05 3.5e-05 3e-05 0 2e-05 2.5e-05 2e-05 4e-05 3.5e-05
1.5e-05 2e-05 0 3.5e-05 3e-05 0 2.5e-05 2.5e-05 0.00013 6.5e-05 0 2.5e-05 2.5e-05 0 7.5e-05 3.5e-05 0 4.5e-05 4e-05 0 0 0 7.5e-05 5e-05 4.5e-05 2e-05 0.000105 4e-05 0.000135 0 0 3e-05 2e-05 3.5e-05 0.000165 0 3.5e-05 2.5e-05 0 3.5e-05 0 0 0 4.5e-05 3e-05 7e-05 0.000105 3.5e-05 2.5e-05 4e-05 8e-05 0 0 4e-05 0 1e-05 0 3.5e-05 2e-05 4e-05 3e-05 2.5e-05 5.5e-05 0 0 6e-05 2e-05 5e-05 4.5e-05 0 4e-05 6.5e-05 1e-05 4.5e-05 0 2.5e-05 9e-05 0 2.5e-05 0 0 3.5e-05 0 8.5e-05 6e-05 0 0 0 2e-05 2e-05 0 4.5e-05 0 0.00016 0 0.000105 0 4.5e-05 0 0.00015
2.5e-05 0 0 2.5e-05 0 4e-05 0 0 1.5e-05 0 5e-06 3e-05 0 3e-05 3e-05 0 5.5e-05 3e-05 5e-06 4.5e-05 2e-05 5.5e-05 0 8e-05 5e-06 4e-05 9.5e-05 0 4e-05 2.5e-05 4.5e-05 3e-05 4.5e-05 3.5e-05 7e-05 4e-05 0 4e-05 0 2e-05 0 2e-05 4e-05 4e-05 4.5e-05 2.5e-05 7e-05 0 0.000155 2.5e-05 7e-05 0.00019 0 4.5e-05 5.5e-05 4.5e-05 3.5e-05 0 0.0001 5e-06 1.5e-05 4.5e-05 0 0.0001 0 2.5e-05 0.000165 4.5e-05 6.5e-05 3.5e-05 4.5e-05 4e-05 2e-05 0 0 0 0 0 0 1.5e-05 4.5e-05 3e-05 3.5e-05 1e-05 0 0 4e-05 0 3e-05 0 0 2.5e-05 0.00011 3e-05 0 0 3.5e-05 3e-05 0.00013 0
2.5e-05 3.5e-05 0 0.000135 0 0 0 0 7.5e-05 0.00017 5.5e-05 4e-05 0 4e-05 1e-05 4e-05 2.5e-05 1.5e-05 2e-05 0 0 0.00018 2e-05 4e-05 0 5e-05 0 3e-05 0 0 0 0 4e-05 4.5e-05 3.5e-05 7e-05 0 3e-05 0 2.5e-05 4e-05 6e-05 6e-05 5.5e-05 3.5e-05 2.5e-05 0 6e-05 3.5e-05 0 0 3.5e-05 2.5e-05 3e-05 3e-05 0.00011 5.5e-05 0.000115 4.5e-05 3e-05 2.5e-05 2e-05 3.5e-05 2e-05 4e-05 0 1.5e-05 6.5e-05 8e-05 0.000185 0 0 0 4e-05 0 0 0 2.5e-05 4e-05 0 0 0 1.5e-05 2.5e-05 5.5e-05 0 3e-05 4e-05 2.5e-05 3.5e-05 0 2e-05 0 0 8.5e-05 1.5e-05 5e-05 0 5e-05 2e-05
2.5e-05 5.5e-05 5e-05 3e-05 0 0 5e-05 0 4.5e-05 4.5e-05 8e-05 0 2e-05 4e-05 0 0 2.5e-05 3e-05 0.000165 3e-05 3e-05 0 0 4.5e-05 4.5e-05 0 2.5e-05 4e-05 0 2.5e-05 7.5e-05 0 4.5e-05 0 8e-05 3.5e-05 0 0 1.5e-05 0.00013 1.5e-05 4e-05 2.5e-05 5e-06 0 4.5e-05 0 1.5e-05 2.5e-05 0 0.000105 3e-05 0 0 4e-05 4e-05 0 4.5e-05 4e-05 0 2.5e-05 6e-05 7.5e-05 2e-05 0 0 8.5e-05 1.5e-05 2e-05 3e-05 0 2.5e-05 1e-05 0 3e-05 2e-05 1e-05 0 1.5e-05 2e-05 3.5e-05 0 1.5e-05 3e-05 4e-05 0 3e-05 1.5e-05 2.5e-05 1.5e-05 3.5e-05 4.5e-05 0 4e-05 0 0.0001 0 7.5e-05 9e-05 1e-05
0 4.5e-05 4.5e-05 3e-05 0 1e-05 3e-05 0 4.5e-05 3.5e-05 8e-05 3e-05 7e-05 0 1.5e-05 0 0.000165 0 4.5e-05 3e-05 6.5e-05 0 0 0.000145 0 2.5e-05 0 0 3.5e-05 7.5e-05 0 0 3e-05 0 1e-05 0.000105 2e-05 0 0 1e-05 1.5e-05 0 5e-05 2.5e-05 5e-05 3.5e-05 2e-05 5.5e-05 0 5.5e-05 2.5e-05 4e-05 7.5e-05 0 9.5e-05 6e-05 0 5e-05 0 4e-05 5.5e-05 5.5e-05 3.5e-05 0 5.5e-05 3e-05 3.5e-05 0 0.000155 8.5e-05 5e-05 3e-05 7e-05 0 0 6.5e-05 2.5e-05 2.5e-05 7.5e-05 0 0.000175 0 2.5e-05 0 5.5e-05 4.5e-05 1e-05 0 7e-05 5e-05 2e-05 5e-06 0 1.5e-05 0 0 1e-05 7e-05 6.5e-05 3.5e-05
5e-05 5e-05 4.5e-05 0 5.5e-05 3e-05 5.5e-05 3.5e-05 0 0 3.5e-05 0.000145 1.5e-05 0.00014 0 0 0.000145 6e-05 4.5e-05 1.5e-05 5.5e-05 0 2.5e-05 3e-05 5.5e-05 3.5e-05 0 3.5e-05 0.000115 0.0002 9e-05 0 0 5e-05 4e-05 6.5e-05 0 1e-05 9.5e-05 0 0 4e-05 3.5e-05 4.5e-05 4.5e-05 3.5e-05 0 0 1.5e-05 7.5e-05 3.5e-05 2.5e-05 0 6e-05 2e-05 6e-05 0 0 0 0 3e-05 0.000145 2.5e-05 4e-05 2.5e-05 3.5e-05 2.5e-05 0 3e-05 0 3.5e-05 0 0 4e-05 1e-05 0.00021 6.5e-05 5e-06 0 2.5e-05 4.5e-05 2.5e-05 6e-05 2e-05 2.5e-05 3e-05 0 0 8e-05 2e-05 0 0 0 0 8e-05 0 3e-05 6.5e-05 2e-05 2e-05
2.5e-05 0 3e-05 3e-05 6e-05 2.5e-05 3.5e-05 1.5e-05 0 0 3.5e-05 6.5e-05 0 2e-05 0 3e-05 0 0 0 4.5e-05 0 1.5e-05 2e-05 3e-05 0 4e-05 1.5e-05 3.5e-05 0 3.5e-05 0 0 0 0 3.5e-05 3e-05 3e-05 0 4e-05 3.5e-05 5e-05 6.5e-05 2.5e-05 0.000125 0 0 0.00019 5e-05 0 3e-05 0.000125 0.000105 1.5e-05 3.5e-05 4e-05 0 6e-05 0 0 0.000175 2.5e-05 4e-05 1.5e-05 0.000295 3e-05 3e-05 0 3.5e-05 0 3e-05 4e-05 8.5e-05 2e-05 0 2e-05 0 0 2e-05 1e-05 3.5e-05 0 5e-05 3e-05 3.5e-05 0 3.5e-05 2.5e-05 0 0 0 5e-05 3.5e-05 0 0 6.5e-05 5.5e-05 0 4e-05 0 0
0 0 0 3.5e-05 4e-05 7e-05 3.5e-05 4.5e-05 0 4.5e-05 0 4.5e-05 3e-05 0 0 0.000115 7e-05 2.5e-05 4.5e-05 4.5e-05 4e-05 0 0 4.5e-05 0.000115 5e-06 3.5e-05 0 0.000105 4.5e-05 0 0 6e-05 0 3.5e-05 6.5e-05 0 3.5e-05 0.000215 1.5e-05 0 0 5.5e-05 0 3.5e-05 4e-05 0.00011 6.5e-05 5.5e-05 1.5e-05 0 0 1.5e-05 0 2e-05 5e-05 0.000105 0.000165 0 0 1e-05 9.5e-05 3.5e-05 4e-05 3e-05 2e-05 0 5.5e-05 3e-05 0 0 2.5e-05 4.5e-05 0 6e-05 8e-05 0 4e-05 0.000115 3e-05 2.5e-05 1.5e-05 8e-05 7.5e-05 4e-05 3.5e-05 4e-05 0.0001 0.000195 0 3e-05 0 0 2e-05 7.5e-05 0 0 0 2.5e-05 0
5.5e-05 6.5e-05 3.5e-05 6e-05 0 0 5.5e-05 2e-05 0 0 0 6.5e-05 6.5e-05 7.5e-05 0 3e-05 2e-05 0 5e-05 0 3e-05 0 2.5e-05 0 0 3e-05 4e-05 0 0 0.00017 0.000105 8e-05 8e-05 0 1.5e-05 0 0.000115 0 0 0 0 2.5e-05 4e-05 3e-05 1.5e-05 3.5e-05 0.0001 7e-05 2e-05 0 0 3.5e-05 3.5e-05 5e-05 1e-05 0 8e-05 0 0 5e-05 3e-05 0.000105 5e-05 0 3e-05 5e-05 5e-05 3.5e-05 1.5e-05 0.000125 0.00011 3e-05 0 1.5e-05 5e-05 0 0 0 0 0 2e-05 3.5e-05 0.000105 4e-05 0 3.5e-05 3.5e-05 4e-05 5.5e-05 3e-05 8e-05 0 2.5e-05 0 0 3e-05 0 4e-05 2.5e-05 2.5e-05
2.5e-05 3e-05 4e-05 0.000115 3e-05 3e-05 0 3e-05 1.5e-05 4e-05 3e-05 1e-05 2e-05 0.000185 0 5.5e-05 0.00018 3.5e-05 0 0.00015 5.5e-05 2.5e-05 0 2e-05 0.000105 4e-05 0 0 4e-05 0.000115 3e-05 0.000105 0 0 0 8e-05 3e-05 0 0 3e-05 6e-05 0 2.5e-05 0 3.5e-05 0 8e-05 0 0 0 2e-05 0 3e-05 5e-05 4.5e-05 0 0.00016 0 0 2.5e-05 3.5e-05 0 1.5e-05 5e-06 0.000155 0 2e-05 7.5e-05 2e-05 4e-05 3.5e-05 0 1e-05 2e-05 0 0 3e-05 2e-05 0 0 2e-05 3.5e-05 7e-05 3.5e-05 7e-05 4.5e-05 0 0 0.000145 0 0 0 4e-05 0 0.00021 5.5e-05 2e-05 0 1e-05 0
0 8e-05 0 4e-05 0.0001 0 2.5e-05 7.5e-05 4e-05 3e-05 4.5e-05 4e-05 5.5e-05 2.5e-05 0 0.00017 0 3e-05 5.5e-05 4.5e-05 5.5e-05 4e-05 4e-05 0 3.5e-05 0 2.5e-05 0 2e-05 0 6.5e-05 2e-05 0.00013 0.00012 2.5e-05 4.5e-05 6e-05 9.5e-05 0 0.00016 0 3.5e-05 2.5e-05 0.00018 0 0 3e-05 3.5e-05 3e-05 7e-05 7.5e-05 6e-05 0 0.0001 3.5e-05 0 1e-05 5.5e-05 0 1e-05 3e-05 0 0 4.5e-05 4e-05 4e-05 8.5e-05 0 3e-05 0 0 0 2.5e-05 4e-05 3.5e-05 2e-05 4e-05 1e-05 2.5e-05 0 3.5e-05 5.5e-05 4e-05 0 5.5e-05 0 0 4.5e-05 3.5e-05 0 4e-05 0 2.5e-05 0 3e-05 0 0 0 0 0.000135
0 5e-05 0 0 0 4.5e-05 0 0 2e-05 2.5e-05 0 0.000105 2.5e-05 0 0 0 3e-05 0 5e-05 4e-05 2e-05 0 4.5e-05 4e-05 8.5e-05 0 6e-05 5e-06 0.000145 0 0.000205 6.5e-05 6.5e-05 2.5e-05 3e-05 6e-05 4e-05 4.5e-05 0 2.5e-05 2e-05 3e-05 4.5e-05 0 4e-05 2.5e-05 3.5e-05 3.5e-05 0 3e-05 5.5e-05 0 4.5e-05 2e-05 2.5e-05 3e-05 0.00015 0 6.5e-05 0.0001 4.5e-05 8.5e-05 2e-05 2.5e-05 4e-05 3e-05 0 0 3.5e-05 0 5.5e-05 0 0 1e-05 0 3.5e-05 4e-05 0 4e-05 4e-05 2.5e-05 0 2.5e-05 0 0 4.5e-05 7e-05 0 0 2.5e-05 7e-05 0 3e-05 0 0 3e-05 5e-05 6e-05 1.5e-05 3e-05
0 3.5e-05 5.5e-05 2.5e-05 0.000135 0 0 6.5e-05 0 0 4.5e-05 3.5e-05 3e-05 3e-05 5e-05 0 0 5.5e-05 0 5e-05 0 3.5e-05 3e-05 6e-05 5e-05 4e-05 3.5e-05 0 5e-05 0 0 5e-05 0.00026 6e-05 3.5e-05 3.5e-05 2.5e-05 5e-05 5.5e-05 3.5e-05 0 0 0 0.000165 4.5e-05 0 6.5e-05 0 2e-05 6.5e-05 0 5e-05 3e-05 0 0 0 0 2.5e-05 4.5e-05 0.0001 5e-05 6e-05 9e-05 1.5e-05 3e-05 7.5e-05 3e-05 0 4e-05 2e-05 6.5e-05 4e-05 0 1.5e-05 0 0 3.5e-05 4e-05 0.000115 6.5e-05 1e-05 2.5e-05 0.000105 3.5e-05 2e-05 0 0 4e-05 3e-05 8e-05 0 0 1.5e-05 2e-05 3.5e-05 0 3e-05 3.5e-05 6.5e-05 0
2.5e-05 2e-05 6e-05 0 0.000125 0.00017 1.5e-05 4e-05 7.5e-05 0.000125 3e-05 1.5e-05 0 4e-05 9e-05 2.5e-05 4.5e-05 0 3e-05 0 3.5e-05 0 9e-05 0 2.5e-05 4e-05 0 0.00011 3.5e-05 3e-05 4e-05 0 0 1.5e-05 0 0 3.5e-05 4.5e-05 0 8.5e-05 4e-05 3.5e-05 1.5e-05 4.5e-05 0.000105 5.5e-05 4.5e-05 0 3e-05 4.5e-05 2.5e-05 1.5e-05 0 3.5e-05 0 0.00013 1e-05 7.5e-05 0 0 0 5e-05 7e-05 1.5e-05 5e-06 0.00015 0 2.5e-05 0 3e-05 0.0001 0 5.5e-05 4.5e-05 1e-05 2e-05 0 3.5e-05 0 2.5e-05 2.5e-05 3e-05 0 0.000145 0 3e-05 0 0 4e-05 0.00016 0 2e-05 0.000115 0.00011 3.5e-05 0.00013 3.5e-05 0 0 0
5.5e-05 2.5e-05 5e-05 5e-06 0.00011 0 0 5.5e-05 0 3.5e-05 0 2e-05 4.5e-05 4.5e-05 2.5e-05 6.5e-05 5.5e-05 3.5e-05 0 5.5e-05 0.000125 4.5e-05 1e-05 6.5e-05 0 0 3.5e-05 0.00016 0 1.5e-05 0 8e-05 0 0 5e-05 3.5e-05 4.5e-05 0.00011 3e-05 0.000145 2.5e-05 5.5e-05 0 1.5e-05 0 3.5e-05 4.5e-05 0 6.5e-05 2.5e-05 3.5e-05 1e-05 1.5e-05 0 3e-05 0 5e-06 0.0001 2e-05 0 0 0 0 0 2e-05 0 0 3.5e-05 3.5e-05 0 0.000145 4.5e-05 1e-05 0 5e-05 0 3.5e-05 4.5e-05 3e-05 0.000105 4.5e-05 9.5e-05 0 4.5e-05 1e-05 0 0 0 0 0 3.5e-05 1.5e-05 4.5e-05 0 4e-05 3.5e-05 2.5e-05 3.5e-05 0 1.5e-05
2.5e-05 4.5e-05 2.5e-05 0 3.5e-05 3e-05 0 4e-05 3e-05 1e-05 0.00012 8e-05 0 0.00017 5.5e-05 2e-05 7.5e-05 2.5e-05 0 0 0.00013 0 0 0.000125 0 0 0 0 4e-05 0 1.5e-05 0 0 0 0 5e-05 0 0 5e-05 3.5e-05 5e-05 5.5e-05 0 0 3e-05 5.5e-05 6e-05 0 3.5e-05 3e-05 3.5e-05 0 6.5e-05 1e-05 7.5e-05 5e-05 0 8e-05 5e-05 3.5e-05 3e-05 0.000105 0 0 0 6.5e-05 0.00011 9.5e-05 4e-05 3.5e-05 0 0 8.5e-05 0 5e-06 2e-05 4e-05 6e-05 4.5e-05 0.00018 0 1.5e-05 3e-05 5e-05 0 3.5e-05 7.5e-05 0.000115 1.5e-05 3.5e-05 3.5e-05 0.000125 5e-05 4e-05 2.5e-05 3.5e-05 3.5e-05 2e-05 2.5e-05 0
3.5e-05 0 2.5e-05 0 7.5e-05 0 6.5e-05 4.5e-05 1e-05 0 4.5e-05 4e-05 9.5e-05 0.000105 0 4.5e-05 0 3e-05 2e-05 3.5e-05 4e-05 0 2.5e-05 7.5e-05 5e-05 3.5e-05 3.5e-05 0 0 0.000135 5e-05 4.5e-05 0 4e-05 2.5e-05 4e-05 1.5e-05 2.5e-05 8e-05 9e-05 0 4e-05 4.5e-05 0 2.5e-05 3e-05 0 0.000135 0.00015 5e-05 0 4e-05 0 0 3e-05 5.5e-05 0 4e-05 5.5e-05 0 5e-05 5e-06 1.5e-05 5.5e-05 6e-05 6.5e-05 3.5e-05 0 3.5e-05 9.5e-05 0 3e-05 3e-05 1e-05 0.000145 0.000115 0 8e-05 0 4e-05 3.5e-05 4e-05 0 3.5e-05 0.0001 0 0 0.00014 3.5e-05 0 3e-05 0 0 2.5e-05 9e-05 3.5e-05 0 0 5e-06 7e-05
0 3.5e-05 8.5e-05 0 3.5e-05 0 0 2e-05 4.5e-05 0 3.5e-05 0 3.5e-05 0 0 1e-05 3.5e-05 3e-05 5.5e-05 5.5e-05 3e-05 0 4.5e-05 0 3e-05 4.5e-05 0 5.5e-05 0 7.5e-05 5e-06 5e-05 0 0 4.5e-05 4.5e-05 0.00013 4e-05 8.5e-05 2.5e-05 0 2.5e-05 0 0 2.5e-05 0 6e-05 0 0.00021 3.5e-05 0 0.000115 0 3e-05 0.00015 6e-05 3e-05 2.5e-05 9.5e-05 0 4e-05 1e-05 0 1e-05 1.5e-05 0 2e-05 4.5e-05 0 0 1e-05 0 3e-05 2e-05 0 9.5e-05 7.5e-05 0.000115 5.5e-05 3e-05 0 9.5e-05 7e-05 5.5e-05 8.5e-05 3e-05 7.5e-05 0 3.5e-05 0 4e-05 2e-05 0 0 0.000105 0 2.5e-05 0 8.5e-05 2e-05
0 3.5e-05 0 2.5e-05 1.5e-05 0 0 5e-05 8.5e-05 4.5e-05 0.0001 0.000145 5e-05 0 0 6.5e-05 0 4e-05 0 3e-05 3.5e-05 0 0 0 4e-05 0 2e-05 3e-05 0.00012 6e-05 0 0 5.5e-05 0.00011 0 0 6.5e-05 7.5e-05 2.5e-05 3.5e-05 2.5e-05 0.00012 0.000125 0.00013 5.5e-05 0 0 0.000115 3.5e-05 4.5e-05 0.00013 0 4.5e-05 5e-05 2.5e-05 1.5e-05 0 0 4.5e-05 3e-05 4.5e-05 8e-05 3.5e-05 0 0 2e-05 2.5e-05 0.00013 3e-05 2e-05 0 0 0 3e-05 0 0 0 0 2.5e-05 1.5e-05 1.5e-05 2.5e-05 3.5e-05 4e-05 3.5e-05 2e-05 0 0 8.5e-05 4e-05 2e-05 0 4.5e-05 0 2.5e-05 0.0001 5.5e-05 3.5e-05 2e-05 2.5e-05
3e-05 3.5e-05 0 5.5e-05 2.5e-05 0.000125 4.5e-05 3e-05 5e-05 0 0 0 5e-05 0 0 3.5e-05 6e-05 2.5e-05 3.5e-05 2e-05 8e-05 0 1.5e-05 0.000145 0.000135 3.5e-05 0 5.5e-05 4e-05 3.5e-05 0 1.5e-05 0 0 0 3.5e-05 7e-05 0.00021 4e-05 0 4.5e-05 1.5e-05 7.5e-05 3e-05 2e-05 3.5e-05 0 0 9e-05 0.00012 4e-05 4.5e-05 9e-05 1e-05 2e-05 1.5e-05 4.5e-05 0 2e-05 0 3e-05 0 2e-05 2e-05 0 0 0 0 5.5e-05 5e-05 0 0 3e-05 0 1e-05 0 4.5e-05 0 0.00018 0.00017 0 4e-05 0 4e-05 3.5e-05 0 4.5e-05 0 2e-05 0 0 0 3.5e-05 3.5e-05 2.5e-05 0 5.5e-05 3.5e-05 0.000125 4e-05
5.5e-05 7.5e-05 5e-05 1.5e-05 3e-05 2.5e-05 8.5e-05 0 0 4e-05 2.5e-05 0 2e-05 7.5e-05 4.5e-05 4e-05 0 3.5e-05 5e-06 0.000145 0 9.5e-05 7e-05 6e-05 2.5e-05 5.5e-05 0 1.5e-05 0 2e-05 3e-05 0.00011 0.000185 0 4e-05 1e-05 0 4.5e-05 0 3e-05 4e-05 0 0 0 5e-05 2e-05 3.5e-05 4e-05 0 4e-05 0 3.5e-05 3.5e-05 3.5e-05 3.5e-05 1.5e-05 5e-05 0 4.5e-05 0 3.5e-05 4.5e-05 4.5e-05 2.5e-05 0 0 0 3e-05 0 3e-05 0 0.000125 0 0 3.5e-05 6e-05 0 0 3.5e-05 0 5.5e-05 0 2.5e-05 6e-05 3.5e-05 2e-05 4e-05 3e-05 0.00011 0 9e-05 3.5e-05 4e-05 0 0 0 0 8.5e-05 1.5e-05 2.5e-05
0 0 0 8e-05 3.5e-05 2e-05 0 6e-05 2.5e-05 0 0 4e-05 3.5e-05 0 5e-05 7.5e-05 9e-05 0.000175 4e-05 0.000185 1.5e-05 0 5e-05 3.5e-05 3.5e-05 3.5e-05 0.000115 0 3e-05 0 0 0 0 1e-05 0 5e-05 0 5.5e-05 7.5e-05 1.5e-05 3e-05 0 1e-05 6e-05 3.5e-05 0 2.5e-05 7e-05 0 5e-05 5e-05 7e-05 0 6.5e-05 0 3.5e-05 4e-05 0 0 4e-05 0 0 0.000105 3.5e-05 0 0 4e-05 1.5e-05 4e-05 5.5e-05 0 0 0 0.000105 1e-05 4.5e-05 0.000135 0 0 4.5e-05 0 8e-05 1.5e-05 2.5e-05 4.5e-05 0 6.5e-05 3e-05 0 6e-05 0.000115 4e-05 1.5e-05 4.5e-05 0.000115 2.5e-05 0 7e-05 0 3.5e-05
1e-05 0 0.000125 0 0 0 5.5e-05 0 0 6e-05 5e-06 1e-05 0 0 3.5e-05 3.5e-05 3.5e-05 0.00016 0 5e-06 0.000135 1.5e-05 1e-05 0 0 0 0.00011 3e-05 4e-05 4e-05 5e-06 2.5e-05 0 0.000115 0 0 0 0 2e-05 2e-05 0.00011 0 4e-05 5.5e-05 2.5e-05 0 0 5e-05 7.5e-05 0 1.5e-05 7.5e-05 0.000115 3e-05 7e-05 0 5e-05 2.5e-05 2.5e-05 3.5e-05 0 0 4e-05 3e-05 8.5e-05 4e-05 0 0 0 1e-05 2.5e-05 5e-05 9.5e-05 0.000155 6.5e-05 2.5e-05 1.5e-05 0.00011 3.5e-05 0 4e-05 3.5e-05 0 0 8e-05 9e-05 5e-06 2e-05 2e-05 1e-05 2.5e-05 5e-06 3.5e-05 2.5e-05 3.5e-05 3.5e-05 0 6e-05 0 2e-05
2.5e-05 9e-05 0.0001 0.00014 1e-05 0 0 2.5e-05 0 7e-05 0 3.5e-05 0 1e-05 2.5e-05 0 1.5e-05 0 3.5e-05 0 0 0 0 4.5e-05 3e-05 0 0 4.5e-05 0 3e-05 0 5e-05 1.5e-05 1e-05 3.5e-05 0 0.000105 1.5e-05 3.5e-05 0.00014 0 6.5e-05 0 4.5e-05 7e-05 2e-05 2e-05 4.5e-05 6e-05 4.5e-05 0 3e-05 0 2.5e-05 2.5e-05 3e-05 1.5e-05 2.5e-05 0.00014 0.000155 3.5e-05 0 0.00017 7.5e-05 0 0 7e-05 2e-05 2.5e-05 0.000115 3e-05 0 5e-05 3e-05 2.5e-05 0 3.5e-05 3.5e-05 2e-05 3e-05 2e-05 0.000105 3e-05 0 3.5e-05 5e-05 7.5e-05 0 0 2.5e-05 2.5e-05 0 0 5e-05 8e-05 0 0 0.00012 6.5e-05 0.00015
0 0.0001 6.5e-05 4e-05 4e-05 0 5.5e-05 6.5e-05 3e-05 0 7e-05 0 0 5.5e-05 9.5e-05 0 3e-05 7.5e-05 0 0.00016 5e-05 6.5e-05 0.000125 0 2e-05 0 0 0.00012 3e-05 0 3e-05 3e-05 0.00015 7e-05 0 2.5e-05 3.5e-05 2e-05 5.5e-05 2.5e-05 0 0 5e-05 5e-05 0 3e-05 2.5e-05 0 4e-05 7e-05 6.5e-05 9e-05 5e-05 4.5e-05 0 0 0 5.5e-05 3.5e-05 0 0 0 0.000105 6e-05 3e-05 6e-05 3.5e-05 2e-05 2e-05 2.5e-05 0 0.000125 2e-05 0 3e-05 0 0 0 2e-05 3e-05 0 0.000135 6e-05 4e-05 2.5e-05 7e-05 2e-05 0 4e-05 0 6e-05 0 8e-05 4e-05 5e-06 0 0 7e-05 0 0
2e-05 1e-05 0 0 4e-05 0 2.5e-05 3e-05 0.00012 0.00015 1e-05 0 9.5e-05 2.5e-05 1.5e-05 0 2e-05 0 3e-05 4e-05 0 4e-05 5e-05 0 5.5e-05 0.000115 0 5.5e-05 1e-05 0 1e-05 0 2e-05 3.5e-05 9e-05 4e-05 8e-05 0 2.5e-05 0.000115 5e-05 0 4e-05 8e-05 9.5e-05 1e-05 0 0.000125 5.5e-05 2.5e-05 0 0 1.5e-05 6.5e-05 5.5e-05 6e-05 4e-05 0 4.5e-05 6e-05 3e-05 0 2.5e-05 1e-05 0 8.5e-05 5e-05 0 3.5e-05 0 0 5e-05 0 0 0 2.5e-05 4.5e-05 1.5e-05 3.5e-05 0 3e-05 0 0 0 1.5e-05 0 4e-05 2e-05 1.5e-05 4.5e-05 3.5e-05 3e-05 5e-05 6.5e-05 2.5e-05 0.00011 2e-05 0 6e-05 0
0 4e-05 3.5e-05 0.000215 1.5e-05 0 0.000135 0 0 0 0 1.5e-05 3e-05 1.5e-05 3.5e-05 5.5e-05 3e-05 0 7.5e-05 0.000135 2e-05 4e-05 2e-05 3e-05 5e-05 7.5e-05 3e-05 2e-05 4e-05 5.5e-05 0 0 0 0 4.5e-05 0 3e-05 0 5e-05 4.5e-05 0 7.5e-05 0 0 1e-05 4.5e-05 3e-05 3e-05 2.5e-05 0 3.5e-05 2.5e-05 1.5e-05 3.5e-05 4.5e-05 4e-05 6.5e-05 7e-05 0.000145 0 4.5e-05 3.5e-05 6e-05 0.00015 3e-05 0 4.5e-05 0.000185 2.5e-05 0 3.5e-05 0.000105 0 3.5e-05 0 5.5e-05 0 0 0 4.5e-05 0 3.5e-05 4.5e-05 0 5e-05 3.5e-05 0 9.5e-05 0.000165 0 8e-05 0.00015 0 5e-05 6e-05 4.5e-05 0.000145 4e-05 0 3.5e-05
3.5e-05 2.5e-05 7e-05 0 0 5.5e-05 5.5e-05 4e-05 0 4e-05 0 4e-05 3.5e-05 0.00017 3e-05 3.5e-05 0 2.5e-05 3e-05 0 0 0 0 0.000195 2.5e-05 3.5e-05 6e-05 0 2e-05 4e-05 4.5e-05 0 0 1.5e-05 0 2.5e-05 0 1e-05 0.000125 4e-05 0 0 3e-05 3.5e-05 2.5e-05 4.5e-05 3e-05 3.5e-05 7e-05 3e-05 4e-05 0 0 4e-05 0 6e-05 9e-05 0 6e-05 5e-06 9.5e-05 4e-05 3e-05 0 7e-05 2.5e-05 3.5e-05 0 5e-05 1e-05 4e-05 3e-05 8.5e-05 7.5e-05 0 0 0.00011 4.5e-05 0 0 0.000115 0 0 4.5e-05 0 4e-05 5e-05 1e-05 0 4.5e-05 0.000175 0.00015 5.5e-05 2.5e-05 0 3.5e-05 3.5e-05 0 6e-05 0
4.5e-05 2.5e-05 2.5e-05 0 0 3e-05 3.5e-05 0.000115 2.5e-05 3.5e-05 8e-05 0.00016 0 7.5e-05 3.5e-05 1.5e-05 9.5e-05 5e-05 0 4.5e-05 1.5e-05 0 2.5e-05 5.5e-05 9e-05 0 4e-05 5e-06 3.5e-05 2.5e-05 1.5e-05 4e-05 4.5e-05 1.5e-05 0 5.5e-05 4e-05 1e-05 0 0 4e-05 0 6e-05 0 3.5e-05 2.5e-05 0 0 2e-05 0 8.5e-05 9.5e-05 3e-05 2.5e-05 0 0 0 3e-05 0.00015 0 0 0 0 2e-05 0.000105 0 0.00016 7.5e-05 3e-05 3e-05 0 1e-05 8.5e-05 1e-05 5.5e-05 3e-05 4.5e-05 1e-05 0 6.5e-05 2.5e-05 6.5e-05 2.5e-05 0 2e-05 4.5e-05 0.00014 0 4.5e-05 0 0 4e-05 3.5e-05 0 2e-05 0 0 0 4e-05 0
3e-05 0 2e-05 0 0.00011 0 4e-05 0 2e-05 0 7.5e-05 4e-05 0 3.5e-05 2.5e-05 0 0 0 3e-05 3e-05 1.5e-05 6e-05 3e-05 4e-05 9.5e-05 0 4.5e-05 0 0 6.5e-05 4e-05 0 0 3e-05 0 0 0.000105 3.5e-05 0 0 5e-06 2.5e-05 3e-05 4e-05 5e-05 5e-05 1.5e-05 0 0 0 4e-05 3e-05 7.5e-05 7.5e-05 0 0.0001 0 5.5e-05 3.5e-05 3e-05 3.5e-05 0 0 4e-05 2.5e-05 4.5e-05 0 0 2.5e-05 0 0.00012 1.5e-05 5.5e-05 0 7.5e-05 4e-05 4e-05 2.5e-05 0 4e-05 0.000135 0 9.5e-05 4e-05 0 3.5e-05 0 5.5e-05 4e-05 0.00011 0 2.5e-05 6e-05 0 5.5e-05 4e-05 3e-05 3e-05 0 0
0 1.5e-05 2e-05 0 8e-05 3e-05 0 0 0 0 0 5.5e-05 1e-05 2.5e-05 0 2.5e-05 4.5e-05 4e-05 5.5e-05 5e-05 0 0.0001 0 1.5e-05 2e-05 0 0 3e-05 6e-05 2.5e-05 0 2.5e-05 2.5e-05 0.000115 0 0 2e-05 0 4.5e-05 6.5e-05 0 0 3.5e-05 5e-05 0.00013 3e-05 3e-05 0 0 0 0.00014 3.5e-05 4e-05 0 0 7e-05 5.5e-05 2.5e-05 1.5e-05 0 7.5e-05 0 8.5e-05 7.5e-05 0 5e-06 2.5e-05 1.5e-05 0.00012 3.5e-05 6e-05 8e-05 0 0 1.5e-05 4e-05 0 0 5.5e-05 2e-05 2e-05 0 2.5e-05 4e-05 7e-05 0.00018 3e-05 0 4e-05 3.5e-05 2.5e-05 4e-05 0.000185 9.5e-05 0 0.000265 7.5e-05 2.5e-05 2e-05 0
3.5e-05 0 1.5e-05 0 0.00015 0 3.5e-05 4e-05 4e-05 0 3.5e-05 1e-05 0 0 0 4.5e-05 1.5e-05 1.5e-05 4.5e-05 0 2e-05 6e-05 0 0 0.000105 0 0 4e-05 1.5e-05 3e-05 4e-05 9.5e-05 4e-05 3e-05 1.5e-05 0 9e-05 2.5e-05 2e-05 4e-05 0 2.5e-05 1.5e-05 1e-05 7e-05 0 1.5e-05 0 5.5e-05 2.5e-05 0 0 3.5e-05 0 2e-05 2e-05 0 0 0 0.000135 1e-05 0 0 0 3e-05 3.5e-05 2.5e-05 3.5e-05 3e-05 0.000205 0 0 2.5e-05 3e-05 2.5e-05 0.00014 5.5e-05 2.5e-05 0 3e-05 2e-05 0 3e-05 0 3e-05 6.5e-05 2e-05 2e-05 0 0 6.5e-05 0 2.5e-05 4e-05 0.00021 2.5e-05 0 0.00011 0 7.5e-05
5e-05 3.5e-05 7e-05 2.5e-05 4.5e-05 5.5e-05 0 0 0 4.5e-05 2e-05 0 0 3.5e-05 0.000225 0 5.5e-05 3.5e-05 8.5e-05 0 5e-05 3e-05 1.5e-05 1e-05 7e-05 3.5e-05 0.000155 0 0 2.5e-05 0 4.5e-05 9.5e-05 0 0 3.5e-05 5e-06 2.5e-05 0.00012 3.5e-05 5e-05 4e-05 3e-05 0.000105 3e-05 2.5e-05 4e-05 4.5e-05 4.5e-05 0 4e-05 1.5e-05 3.5e-05 4e-05 0 4e-05 4.5e-05 6e-05 0 0.00014 4.5e-05 0 3e-05 7e-05 0 5e-05 1e-05 0 0 6e-05 0 0 4e-05 0 4.5e-05 6.5e-05 2.5e-05 0 0 5.5e-05 3e-05 0 5e-06 0 1e-05 4.5e-05 0 6.5e-05 0 3.5e-05 0.00013 0 0 7e-05 3e-05 0 0 8e-05 3e-05 0.00018
0 3.5e-05 5e-05 3.5e-05 6.5e-05 0 4e-05 9e-05 2.5e-05 2.5e-05 5e-05 0 4e-05 0 1.5e-05 4.5e-05 1e-05 7.5e-05 0 0 3.5e-05 0 0 0 6e-05 2e-05 7e-05 0.000135 8.5e-05 5.5e-05 3.5e-05 0 7e-05 0 5.5e-05 2.5e-05 4e-05 0 0 0 3e-05 1e-05 3.5e-05 4e-05 6.5e-05 4.5e-05 3.5e-05 3e-05 3.5e-05 0 5e-05 7e-05 3e-05 4e-05 0 0 3e-05 4.5e-05 0 5e-05 0 0 0.00011 3e-05 4e-05 0 1e-05 0 0 1.5e-05 9e-05 5e-05 3e-05 6.5e-05 3e-05 2.5e-05 0 2e-05 0 5e-05 2.5e-05 7.5e-05 3.5e-05 3e-05 2e-05 0 7e-05 2.5e-05 0 0 9.5e-05 2.5e-05 0 7e-05 0 7.5e-05 6e-05 0 2.5e-05 0
1e-05 5e-05 1.5e-05 2e-05 0 1e-05 4e-05 0 0.000165 0 3.5e-05 5e-06 0 0 8e-05 0 0 3e-05 0 2.5e-05 3.5e-05 4.5e-05 0 0.000125 0 0 3e-05 0 5e-05 0 2e-05 0 0 0 9.5e-05 3e-05 4.5e-05 4e-05 6.5e-05 0 1e-05 0 0 3.5e-05 3.5e-05 3e-05 0.00015 0 3.5e-05 5.5e-05 2.5e-05 3.5e-05 0.00017 0 3.5e-05 1.5e-05 6.5e-05 0 0 3.5e-05 6.5e-05 0 3e-05 4.5e-05 1e-05 0 2.5e-05 0.0001 2.5e-05 4e-05 0 0 0 2.5e-05 0 8e-05 0 4.5e-05 0 3.5e-05 4e-05 3.5e-05 0 0.00015 5.5e-05 0 2.5e-05 1.5e-05 5.5e-05 2e-05 0.00011 8.5e-05 5.5e-05 0.000175 0 2.5e-05 0 6e-05 0 3e-05
0.00015 0 3e-05 0 3.5e-05 0 9.5e-05 0 3e-05 0 4e-05 5.5e-05 4e-05 5.5e-05 2.5e-05 6.5e-05 0 0 4e-05 5.5e-05 3e-05 4.5e-05 0 2.5e-05 3.5e-05 0 2.5e-05 1.5e-05 0 2.5e-05 5.5e-05 2e-05 0 0.000125 4e-05 0 0 4e-05 0 0 5e-05 8e-05 4.5e-05 6.5e-05 2e-05 0 4e-05 0 3.5e-05 2e-05 5e-05 0.00011 1e-05 6e-05 0 4e-05 3e-05 0 5.5e-05 0 0 0 8e-05 0.00015 0 0 0 5.5e-05 0 3.5e-05 3.5e-05 0.0001 6.5e-05 0 0.00011 0 0.00014 0.00014 0 0 2.5e-05 2e-05 0 3.5e-05 0.00013 0.000115 5.5e-05 3e-05 2.5e-05 0 0 4.5e-05 0 0 3e-05 3.5e-05 0 0 5e-06 4.5e-05
3e-05 2e-05 0 2.5e-05 5.5e-05 1.5e-05 0 0 3e-05 5e-05 5.5e-05 0 5e-05 4.5e-05 2.5e-05 5.5e-05 0 5e-05 0 2e-05 6e-05 2e-05 3e-05 0 2e-05 0 0 5.5e-05 0 2.5e-05 4e-05 0 4e-05 0 0.000125 9.5e-05 5.5e-05 0 1.5e-05 3e-05 5e-05 4e-05 0.00011 6e-05 0 1e-05 5e-06 2.5e-05 4.5e-05 0 0.000155 0 2.5e-05 7e-05 0 1e-05 2.5e-05 2e-05 0 2.5e-05 0 7e-05 0 0 0 2e-05 0.00013 7.5e-05 5.5e-05 2e-05 0 0 0.00014 0 0 0 4.5e-05 0 6.5e-05 6.5e-05 3e-05 4e-05 0 0 3e-05 0 0.000125 2.5e-05 2e-05 1e-05 2.5e-05 5e-05 3e-05 2.5e-05 5.5e-05 4.5e-05 0 3.5e-05 1.5e-05 0
2e-05 0 0.000165 0.000125 0 3e-05 0 2e-05 6.5e-05 4e-05 2e-05 3e-05 0 2.5e-05 2e-05 7.5e-05 0 3.5e-05 0 0.00018 0 0 0 2.5e-05 2e-05 0 0 5e-05 0 0 0 0 0 3.5e-05 0 5e-05 3e-05 4e-05 0.000105 0 4e-05 5e-05 3e-05 0 0 1.5e-05 3e-05 0 0.00015 4e-05 0 0.000135 5e-05 0 0 0 4e-05 4e-05 0 3e-05 0 0 0.0001 2.5e-05 0 5e-05 1.5e-05 5.5e-05 0 4e-05 3e-05 2.5e-05 3.5e-05 5e-05 2e-05 1e-05 0 0 0 2.5e-05 3e-05 0.000155 3e-05 0 2.5e-05 0 1e-05 4.5e-05 1.5e-05 1.5e-05 0.00016 4.5e-05 4e-05 3e-05 0.000125 2e-05 3e-05 0.000165 0 6e-05
0 5e-05 8e-05 4.5e-05 4.5e-05 0 2.5e-05 2.5e-05 0 0 0 0 2.5e-05 0.000175 0 0 0 3e-05 5e-05 2.5e-05 7e-05 3.5e-05 0 0.000145 2e-05 3e-05 4e-05 3e-05 1e-05 2e-05 5e-05 0 3.5e-05 3e-05 5e-06 1.5e-05 0 4e-05 0 1e-05 0 5e-05 6.5e-05 5.5e-05 0 0 3e-05 3e-05 7.5e-05 3e-05 0 6e-05 0 3e-05 0 1.5e-05 5.5e-05 3e-05 0 4e-05 3e-05 0 0 3.5e-05 0 0 0 3e-05 2.5e-05 0 3.5e-05 5e-06 3e-05 0 2e-05 2e-05 2.5e-05 8.5e-05 4e-05 0.00011 0 5e-05 3e-05 0 8e-05 1.5e-05 2e-05 8e-05 4e-05 0 0.0001 7.5e-05 3e-05 3e-05 0 0 4e-05 0 5e-05 3.5e-05
5e-05 3.5e-05 4e-05 5.5e-05 7.5e-05 5e-05 0.00015 0 0 2e-05 0 0 4.5e-05 6.5e-05 4.5e-05 0.00016 3e-05 0 3e-05 2e-05 3.5e-05 1.5e-05 2e-05 1e-05 2.5e-05 0 2.5e-05 6e-05 0 9.5e-05 0.00017 6e-05 0 5e-05 0 3e-05 3.5e-05 0 0 0 5.5e-05 5e-05 3e-05 0 0 2.5e-05 2.5e-05 5e-05 0 2e-05 5e-06 2e-05 0 0 0 0 6e-05 0.0001 5e-05 0.00014 3.5e-05 0 2.5e-05 0 4.5e-05 0 0 0 0 9e-05 0 3.5e-05 3e-05 1.5e-05 6.5e-05 2e-05 2.5e-05 3.5e-05 0.0001 0 5e-06 5.5e-05 2e-05 3.5e-05 2.5e-05 0 0 8e-05 0.00013 0 3e-05 1e-05 2e-05 2.5e-05 0.00012 1.5e-05 3.5e-05 4.5e-05 0 2.5e-05
0 7.5e-05 5e-05 1.5e-05 4.5e-05 0 5.5e-05 0 3e-05 3.5e-05 1e-05 2e-05 0 0 0 0.000165 5.5e-05 0 2.5e-05 5e-06 3e-05 0 0 0 4.5e-05 0.00016 0 1.5e-05 0 0 0.000225 4e-05 3.5e-05 0 0 4e-05 3e-05 2.5e-05 4e-05 0.000115 0.000165 2.5e-05 7.5e-05 6.5e-05 4e-05 6e-05 4e-05 0 6e-05 2.5e-05 3.5e-05 0 6.5e-05 7.5e-05 4e-05 4e-05 3.5e-05 0 6.5e-05 1e-05 5e-05 2.5e-05 3e-05 7e-05 4.5e-05 5e-05 5.5e-05 1e-05 0 4.5e-05 0 3.5e-05 2.5e-05 0 0.00011 1.5e-05 4.5e-05 4e-05 0 0 2e-05 4.5e-05 8e-05 0 0.000135 2.5e-05 1e-05 0.00018 0 1e-05 0 0 0 2.5e-05 5.5e-05 3e-05 0 2.5e-05 3.5e-05 0
0 4.5e-05 2.5e-05 0.000105 0 2e-05 2e-05 4.5e-05 7.5e-05 4.5e-05 0.000135 7.5e-05 0 4.5e-05 0 0 5e-05 3e-05 3.5e-05 0 4.5e-05 5.5e-05 4e-05 1.5e-05 4.5e-05 9.5e-05 1e-05 2e-05 0 6e-05 5e-05 5e-05 0 4.5e-05 3e-05 0.000145 4e-05 5.5e-05 0 7e-05 5e-05 0 0 1e-05 8e-05 0 2e-05 0 2e-05 0 0 0 5e-05 0.00013 2.5e-05 8e-05 5e-05 0 3e-05 0 4.5e-05 0 6.5e-05 3e-05 0 0 2e-05 2e-05 0 0.000135 0 1.5e-05 3.5e-05 0 0 0 3e-05 0 3e-05 3e-05 4.5e-05 1e-05 5e-05 4.5e-05 0 2.5e-05 5e-05 2.5e-05 0 3e-05 2e-05 0 3e-05 2e-05 2.5e-05 0 7.5e-05 3e-05 0 4e-05
5.5e-05 4e-05 4.5e-05 0 4e-05 0 6e-05 1.5e-05 0 0.000125 3.5e-05 0 0.000125 0 3e-05 3.5e-05 5e-05 0 3.5e-05 0 5e-05 0 5.5e-05 2e-05 0.000185 0 4e-05 0 0.00016 0.00011 3e-05 5.5e-05 0 2.5e-05 0 0 0.00011 7.5e-05 3.5e-05 3e-05 2e-05 4e-05 0 2.5e-05 0 0 0 8e-05 2e-05 0 4.5e-05 2e-05 3e-05 0 6e-05 4e-05 4.5e-05 2.5e-05 1e-05 2.5e-05 0 0 6.5e-05 3e-05 3e-05 3e-05 4e-05 8e-05 0.000125 0 0.00015 1.5e-05 0 3e-05 2.5e-05 0 0 0 5.5e-05 0 2.5e-05 3e-05 7e-05 0 4e-05 5e-05 0 0 0 2e-05 6e-05 3e-05 0 2.5e-05 4.5e-05 0 4e-05 0 0 4e-05
0 1e-05 0 3e-05 2.5e-05 3e-05 2e-05 0 0 0 4.5e-05 0 4.5e-05 4e-05 7.5e-05 0.00016 2e-05 3.5e-05 0.00011 9.5e-05 2e-05 3.5e-05 0 1.5e-05 5.5e-05 0 0 7.5e-05 0 0 0 0 2e-05 3e-05 0 4e-05 4e-05 4.5e-05 0 2.5e-05 1.5e-05 0.00013 0 0 0 0 2.5e-05 9.5e-05 3e-05 0 2.5e-05 3.5e-05 5e-05 0 2.5e-05 1.5e-05 4.5e-05 0 1.5e-05 4e-05 0 7e-05 7e-05 5e-06 1.5e-05 2e-05 0 0 1.5e-05 0 0 0 3e-05 0.000115 0 3.5e-05 0 8.5e-05 2.5e-05 7e-05 3.5e-05 0 3e-05 4e-05 5e-05 9e-05 4e-05 0 6e-05 6.5e-05 9.5e-05 9.5e-05 2e-05 2.5e-05 4.5e-05 2.5e-05 5.5e-05 5.5e-05 5e-05 4e-05
1.5e-05 3.5e-05 3e-05 0 1.5e-05 7.5e-05 3.5e-05 0 2e-05 0 7e-05 0 0 9e-05 3.5e-05 0 0 3.5e-05 0 2e-05 0 7e-05 0 0 4e-05 4e-05 0 0 6e-05 0.00011 3e-05 9.5e-05 7e-05 0 0 0 3.5e-05 4.5e-05 0.000125 3e-05 0 0 2.5e-05 2e-05 2e-05 0 2e-05 8.5e-05 0 2.5e-05 2.5e-05 0 8e-05 0 5e-05 0 0 0.00016 0 2e-05 7.5e-05 0.000105 3.5e-05 2.5e-05 0 0 3e-05 0 0 4e-05 1e-05 4.5e-05 0 0.000165 0 3.5e-05 6e-05 0 0.00017 0 0.000105 2.5e-05 0.00012 4.5e-05 2e-05 0 1.5e-05 6.5e-05 0.00012 2e-05 4e-05 3e-05 3.5e-05 0 9e-05 0 2.5e-05 0 2.5e-05 4.5e-05
3.5e-05 0 0 0.000125 2e-05 1e-05 0.00011 3.5e-05 2e-05 0 2e-05 3e-05 3e-05 0 0 0 8.5e-05 5e-06 0 5e-05 4.5e-05 5e-05 4e-05 7e-05 8.5e-05 2.5e-05 0 0 2.5e-05 0 0 5e-06 5e-05 3.5e-05 3e-05 2e-05 0.00015 0 3e-05 5.5e-05 0 3.5e-05 4.5e-05 0 4.5e-05 1e-05 5e-05 5.5e-05 0.000215 0 5e-05 0 1.5e-05 0 0.00017 3e-05 0 0 9.5e-05 1.5e-05 4e-05 2e-05 3e-05 4e-05 3e-05 1e-05 0 3e-05 3.5e-05 0.000265 0 7e-05 2.5e-05 3.5e-05 0 0.00011 0 0 3.5e-05 5.5e-05 0.000155 0 0 2e-05 0 2e-05 8e-05 4e-05 0 6e-05 2.5e-05 0 0 4e-05 2.5e-05 2.5e-05 6e-05 0 0 0
5.5e-05 3.5e-05 4e-05 0.00017 0 0 2e-05 5e-06 1.5e-05 3.5e-05 3e-05 0 0 5e-05 3.5e-05 3e-05 2e-05 2e-05 5e-05 0 3.5e-05 0 6.5e-05 3e-05 0 4e-05 6e-05 0 1.5e-05 0 0 0.0001 4.5e-05 2.5e-05 3e-05 5.5e-05 0 0 0 0 0 3.5e-05 5.5e-05 0 3.5e-05 1.5e-05 0 5e-06 0 4e-05 0 0 2.5e-05 3.5e-05 0.000175 3.5e-05 3e-05 3.5e-05 0 5e-05 2.5e-05 2.5e-05 0 8e-05 7.5e-05 3.5e-05 0.000145 6.5e-05 8.5e-05 9e-05 3.5e-05 0 0.00011 3.5e-05 3e-05 0 0 0 4.5e-05 5.5e-05 1e-05 9e-05 0 0 0 1e-05 0.00013 0 0 0 0 2.5e-05 3.5e-05 1.5e-05 4e-05 3.5e-05 0 0.0001 4.5e-05 0
0 3e-05 4.5e-05 0 5.5e-05 4e-05 0 0 2.5e-05 0 0 4.5e-05 3.5e-05 0 0 2.5e-05 0 1.5e-05 2e-05 4e-05 2.5e-05 3.5e-05 2.5e-05 0.000115 0 9e-05 5e-05 5e-05 5.5e-05 0.00016 9.5e-05 2e-05 0 1e-05 0 3e-05 0 2.5e-05 0 0 5.5e-05 9.5e-05 0.00013 3.5e-05 0 5e-05 0.000205 2e-05 3.5e-05 4.5e-05 0 3e-05 0.00014 2e-05 3.5e-05 4e-05 7.5e-05 3e-05 0 5e-05 0 7.5e-05 0 2e-05 5e-06 1e-05 3.5e-05 0.00015 3e-05 0 3e-05 2.5e-05 0 4e-05 0 5e-05 0 0 2.5e-05 0 0 4e-05 5e-05 0 6e-05 4e-05 6.5e-05 0.000155 0 0 5.5e-05 0 2.5e-05 0 3.5e-05 3.5e-05 5.5e-05 0 5e-05 5e-05
4e-05 3.5e-05 0 0 8.5e-05 5.5e-05 2.5e-05 0 3e-05 0 0 9e-05 0 5e-05 0 0 3e-05 2.5e-05 0 5e-05 0 2.5e-05 2e-05 4.5e-05 0 0 0.0001 0 0.0001 3e-05 2.5e-05 5e-05 2e-05 0 0.00014 6.5e-05 2e-05 2e-05 0 3.5e-05 3e-05 2.5e-05 6e-05 0.000105 7.5e-05 0 0.00015 5e-05 3.5e-05 0 0 2.5e-05 2.5e-05 2e-05 0 5.5e-05 0 0 3e-05 0 0 3e-05 3.5e-05 0.00014 3.5e-05 4e-05 1.5e-05 3.5e-05 5.5e-05 8.5e-05 4.5e-05 0.00016 0 3.5e-05 0 4.5e-05 4e-05 4e-05 0 0 0 5e-06 1.5e-05 0 4.5e-05 3.5e-05 6.5e-05 4e-05 3e-05 4e-05 7e-05 4e-05 6e-05 0 2.5e-05 5e-06 0 0 0 0.000145
2.5e-05 0 5e-06 0 0.000115 0 0 2e-05 0 2e-05 5e-05 4e-05 3.5e-05 3.5e-05 5.5e-05 2.5e-05 3.5e-05 2.5e-05 3.5e-05 0 5.5e-05 4e-05 0 3e-05 5.5e-05 3.5e-05 1e-05 0 5e-05 4e-05 5e-05 8.5e-05 1.5e-05 0 0 5e-05 3e-05 5.5e-05 0.000125 4e-05 7e-05 0 0 5e-05 4e-05 8.5e-05 4e-05 8.5e-05 0 2e-05 0.000155 0 0 0.000155 0 1.5e-05 4e-05 9e-05 2.5e-05 5e-05 0 0 0 4e-05 0 0 4e-05 7e-05 3.5e-05 0 2e-05 4.5e-05 0 2e-05 0 0 5.5e-05 0 0 3.5e-05 0.000105 2.5e-05 2e-05 0 0 3e-05 3.5e-05 0 5e-05 0.000165 0 2.5e-05 3e-05 7e-05 4.5e-05 0 0 3e-05 3.5e-05 3.5e-05
2e-05 5.5e-05 2e-05 7e-05 5e-05 0 3e-05 5e-05 0 0 0 0 4e-05 1.5e-05 5e-05 3.5e-05 1e-05 2e-05 3.5e-05 4e-05 0 0 3.5e-05 1.5e-05 3.5e-05 3e-05 0 2e-05 0 0 0 7.5e-05 5.5e-05 2.5e-05 0 0 0 7e-05 7.5e-05 0.000125 0 0 5e-06 6.5e-05 0 0 5.5e-05 2.5e-05 6e-05 0 4.5e-05 2e-05 7.5e-05 0 5e-05 3.5e-05 1.5e-05 3.5e-05 2e-05 0 3.5e-05 3.5e-05 6.5e-05 0.00011 3e-05 3.5e-05 0 0 4e-05 4e-05 2e-05 8.5e-05 0 2.5e-05 2.5e-05 0 5.5e-05 0 3e-05 5.5e-05 8.5e-05 0 0 0 0 0 4.5e-05 0 0 0 3.5e-05 0 0.000135 1.5e-05 0.000115 5e-05 2e-05 3.5e-05 0 0.000115
0.000125 2.5e-05 0 3e-05 0 3e-05 2e-05 3e-05 6e-05 4e-05 2e-05 5e-05 2e-05 2.5e-05 0 0 0 0 5.5e-05 1.5e-05 1.5e-05 4e-05 0.000195 0 0.000175 1.5e-05 4e-05 1.5e-05 4e-05 2.5e-05 0.00012 6e-05 2e-05 1.5e-05 0 8e-05 4.5e-05 2e-05 5.5e-05 3e-05 5e-05 1.5e-05 1.5e-05 5e-05 4.5e-05 5e-05 0.00011 8.5e-05 4.5e-05 1.5e-05 0 0 0 0 7e-05 2.5e-05 0 0 0 2e-05 0 0 0 3e-05 0 2.5e-05 0 0 4.5e-05 0.00011 0 0 6.5e-05 5.5e-05 0.0001 3e-05 0 5e-06 4.5e-05 1e-05 0 1e-05 6e-05 0 3.5e-05 2.5e-05 3.5e-05 1.5e-05 0 2.5e-05 0 0 4e-05 6e-05 0 8e-05 4.5e-05 0 0 0
0.00014 4.5e-05 0 2.5e-05 3e-05 4.5e-05 5.5e-05 0 5e-05 7e-05 2.5e-05 0 1e-05 0 3.5e-05 0 5.5e-05 0 6e-05 0 0 0 3e-05 4.5e-05 0 2.5e-05 5e-05 1.5e-05 0 4.5e-05 3.5e-05 4e-05 3.5e-05 0.000135 0 1e-05 0 4.5e-05 3.5e-05 0 4e-05 0 0 4e-05 0 5e-05 0 6.5e-05 0 6.5e-05 2e-05 0 5e-05 2e-05 5.5e-05 3.5e-05 5e-05 3e-05 0 6.5e-05 6e-05 3.5e-05 2.5e-05 1e-05 4.5e-05 0 0.0001 6e-05 4e-05 0 0 0 2.5e-05 0 1.5e-05 5e-06 9.5e-05 0 3.5e-05 0 2.5e-05 5e-05 0 0 7.5e-05 0 9e-05 3.5e-05 3e-05 4e-05 6.5e-05 0 5.5e-05 0 0 8e-05 3.5e-05 1.5e-05 4e-05 2.5e-05
0.000195 4e-05 2.5e-05 5.5e-05 2e-05 1e-05 4e-05 0 0 0 4e-05 0 0 3.5e-05 9.5e-05 0.00011 0 0.00014 1e-05 0.00013 3e-05 3.5e-05 5e-05 2e-05 0 3.5e-05 2e-05 0 4e-05 7.5e-05 0 1.5e-05 4.5e-05 0 0.00015 9.5e-05 3.5e-05 2.5e-05 4.5e-05 0 3.5e-05 3e-05 0 0.000165 0 0 0 3.5e-05 0 0 8e-05 3e-05 3.5e-05 0 0 0 8.5e-05 2.5e-05 0 3.5e-05 0.000185 3.5e-05 2.5e-05 0 0 5.5e-05 4.5e-05 0 3e-05 0 3.5e-05 3e-05 0 0.000185 4.5e-05 4.5e-05 6.5e-05 4.5e-05 0 7.5e-05 0 3e-05 0.00013 3.5e-05 0 0 0 0.0001 3.5e-05 0 4.5e-05 0.0001 0.000135 0 2.5e-05 3e-05 0 4.5e-05 3e-05 1.5e-05
2.5e-05 2.5e-05 7e-05 2e-05 3.5e-05 2e-05 4e-05 0 2.5e-05 0 2.5e-05 9e-05 0 3e-05 0 0.000105 0.0001 7e-05 4e-05 0 3.5e-05 5.5e-05 0 0 3.5e-05 2.5e-05 1.5e-05 0 0 0 3e-05 3.5e-05 0 2e-05 0.00017 0 0 4.5e-05 8e-05 1e-05 4e-05 3.5e-05 2e-05 2e-05 0 3e-05 0 0 3.5e-05 0.000165 0 4.5e-05 3.5e-05 4e-05 3e-05 0 4.5e-05 5e-05 5e-05 2.5e-05 0 8e-05 2.5e-05 0 0.00022 5e-06 3.5e-05 2.5e-05 0 0 0 1.5e-05 3e-05 4.5e-05 6.5e-05 0 3e-05 0 3.5e-05 0 3.5e-05 4e-05 3.5e-05 3e-05 2e-05 0 2.5e-05 0 0 5.5e-05 0 0 0 0.000125 0 3.5e-05 3.5e-05 0 1.5e-05 5.5e-05
7.5e-05 7e-05 3.5e-05 0 3.5e-05 5.5e-05 2.5e-05 3.5e-05 2.5e-05 2.5e-05 0 0 0 3.5e-05 0 0 3.5e-05 3e-05 1e-05 2e-05 4e-05 5.5e-05 0 5.5e-05 2.5e-05 0.000115 0 0 2e-05 0 0 1.5e-05 0.00015 8e-05 0 5e-06 0 0 8e-05 0 8.5e-05 0 2.5e-05 7.5e-05 1.5e-05 6e-05 0 0.00015 2e-05 6e-05 3e-05 1.5e-05 0 2.5e-05 3e-05 0 3.5e-05 3e-05 2.5e-05 0 0 3.5e-05 3e-05 1.5e-05 4e-05 0.000145 0 2e-05 3e-05 7e-05 1.5e-05 2.5e-05 0 0.00017 0 5.5e-05 0 3.5e-05 3e-05 0 0 4e-05 5e-05 0.0001 0 0 4e-05 0.000145 2e-05 0 2.5e-05 2.5e-05 9.5e-05 0 2.5e-05 0 0 5e-06 2.5e-05 0
5.5e-05 2e-05 9e-05 0 0 8e-05 0 0 0 0.000145 1e-05 3.5e-05 0 3.5e-05 0 0 4e-05 3.5e-05 2.5e-05 4e-05 3.5e-05 6.5e-05 7.5e-05 3.5e-05 0 4e-05 0.00011 0 3e-05 0 3.5e-05 4e-05 0.000105 0 0 2e-05 8e-05 3.5e-05 0 9.5e-05 4.5e-05 6e-05 4e-05 0 5e-06 5.5e-05 5e-05 0 3e-05 5e-06 0 2e-05 3e-05 0 0 0 0 3.5e-05 4e-05 4e-05 3e-05 1.5e-05 0 5e-05 2e-05 0 4e-05 0 4e-05 0 0 5.5e-05 0 4e-05 5e-05 5e-06 2.5e-05 2.5e-05 5.5e-05 0 5e-05 4e-05 0.0001 7.5e-05 0 4e-05 0 4.5e-05 4.5e-05 0 4e-05 3e-05 0.00016 0.0001 3e-05 0 0 0 0 0.000115
4.5e-05 5.5e-05 4e-05 4e-05 0 1.5e-05 3e-05 3e-05 0 2e-05 0 5e-06 4e-05 2.5e-05 0 2.5e-05 0 3e-05 0 3.5e-05 3.5e-05 2.5e-05 0 3.5e-05 0.000115 5e-06 0 4e-05 0 0 0.00012 4e-05 1.5e-05 0 0.0001 0 7e-05 3.5e-05 4.5e-05 3.5e-05 0 0 2.5e-05 0 0 3e-05 8e-05 2.5e-05 4e-05 3e-05 9e-05 6e-05 5.5e-05 4.5e-05 0 2e-05 3e-05 3.5e-05 3e-05 4.5e-05 3e-05 3e-05 4.5e-05 0 4.5e-05 0 6e-05 0.000165 5e-05 0 0 0.000175 4.5e-05 3e-05 5.5e-05 0 0 2.5e-05 2e-05 0 0 4.5e-05 6.5e-05 0 0 0 0 5.5e-05 0 3.5e-05 0 7e-05 0.000105 0 0 4e-05 4e-05 6e-05 2.5e-05 0.000135
2e-05 0 3e-05 0.00019 0 0 0.000155 4.5e-05 0 3e-05 4e-05 3e-05 3e-05 0 0 1e-05 3.5e-05 2e-05 4.5e-05 1e-05 0 0 4e-05 1.5e-05 6e-05 2.5e-05 0 1e-05 0 0 2e-05 0 2.5e-05 0 1.5e-05 0.000135 3e-05 3e-05 4.5e-05 2.5e-05 0 2.5e-05 2.5e-05 0 4.5e-05 3.5e-05 2e-05 0 0 0 0 0 3e-05 5.5e-05 0.00012 0 0 2.5e-05 7e-05 9e-05 3.5e-05 6e-05 0.000155 0 4e-05 4e-05 3.5e-05 2.5e-05 0.000105 0.000205 0 0 0 2e-05 3e-05 3.5e-05 0 3e-05 1e-05 4.5e-05 6e-05 0.000165 3e-05 3e-05 0 2.5e-05 0 0 3e-05 2e-05 1.5e-05 4.5e-05 0 3e-05 4e-05 0 8e-05 0.000135 6.5e-05 3.5e-05
0 4e-05 1e-05 3.5e-05 2.5e-05 0 2.5e-05 1e-05 0 0.00013 4.5e-05 0 0 0 0 4e-05 8e-05 0.00012 3e-05 0 5e-05 0.000145 4e-05 0 5e-05 3.5e-05 3e-05 2e-05 3e-05 4.5e-05 6e-05 8e-05 3e-05 5e-06 0 3e-05 0 0 4e-05 0 5e-05 2e-05 0 3e-05 4e-05 3e-05 0 0 0 6e-05 3e-05 3.5e-05 0.00014 2.5e-05 0 5.5e-05 1.5e-05 0 6.5e-05 0 5.5e-05 4.5e-05 3.5e-05 0 0 8e-05 0 0 2.5e-05 1e-05 0 5e-06 3e-05 6.5e-05 3e-05 5e-05 0.00015 0 6.5e-05 2.5e-05 0 0.0001 0 0 0 2e-05 5e-05 0 0 0.00014 0 4.5e-05 2.5e-05 4.5e-05 0 1.5e-05 3e-05 1.5e-05 7.5e-05 3.5e-05
0.000145 4.5e-05 4e-05 0 3e-05 0 0 2.5e-05 0 0 6.5e-05 4e-05 1.5e-05 3.5e-05 2e-05 5e-06 3.5e-05 0 4.5e-05 6.5e-05 3.5e-05 3.5e-05 0 0.000145 3e-05 2.5e-05 4.5e-05 1.5e-05 2e-05 0 5.5e-05 0 3e-05 3e-05 4.5e-05 1.5e-05 3.5e-05 5e-05 0 0 0.000135 0 0.0001 2.5e-05 3.5e-05 0 0 0 0 2e-05 6e-05 4.5e-05 0 4e-05 0.00011 8e-05 4.5e-05 4.5e-05 7e-05 1.5e-05 3e-05 0 4e-05 3.5e-05 4.5e-05 0 0 0.00013 3.5e-05 0 0 3.5e-05 0 3.5e-05 0 3e-05 9.5e-05 0.00019 3e-05 0 0 0 3e-05 3.5e-05 0 0 7e-05 0 2.5e-05 4e-05 4e-05 0 1.5e-05 2e-05 1.5e-05 0 6e-05 5e-06 0 0
0 0.000105 0 0 0.00014 0.000105 0 3.5e-05 0 0 5.5e-05 0 2e-05 3e-05 0 9.5e-05 0 0 0 0 0 0 0 3.5e-05 3.5e-05 9.5e-05 3e-05 1.5e-05 3e-05 4e-05 4.5e-05 5e-05 0.00011 6e-05 4.5e-05 2.5e-05 2e-05 2.5e-05 6e-05 0 2e-05 6.5e-05 2e-05 0 0 3.5e-05 2.5e-05 2.5e-05 2.5e-05 1e-05 1e-05 5e-06 3e-05 0 5e-06 0.000155 8.5e-05 0 0 0 2.5e-05 3e-05 0.00015 6.5e-05 2e-05 0 1.5e-05 0 3e-05 0 2e-05 3.5e-05 7e-05 7.5e-05 7e-05 4e-05 3.5e-05 4e-05 4e-05 0 7e-05 0 6e-05 3e-05 0 1.5e-05 0 2e-05 6e-05 2.5e-05 0 0 0 3e-05 0.000175 2e-05 5.5e-05 2.5e-05 2e-05 0
7.5e-05 0.00015 8e-05 4.5e-05 2e-05 5e-05 0 0.00012 5.5e-05 1e-05 7e-05 0 3e-05 0 3e-05 0 0 0.0001 0.000135 0 0 3e-05 0 4.5e-05 5e-05 0 0 0 0 0 3.5e-05 0 3.5e-05 0 0 0 0 8e-05 4e-05 0 3e-05 5e-06 5.5e-05 2e-05 0 0 5e-05 6e-05 5e-05 0 2e-05 6e-05 2e-05 9.5e-05 0.000105 0 4e-05 0 0.00016 5.5e-05 0 0 3.5e-05 3e-05 0 3.5e-05 0.000135 0 4.5e-05 3.5e-05 0 2e-05 0 0.000125 4e-05 2.5e-05 0 0.00011 0 3e-05 2e-05 7.5e-05 3.5e-05 6e-05 0 7e-05 0 0 4e-05 2e-05 0 2.5e-05 1.5e-05 3e-05 0 0 8.5e-05 4e-05 2e-05 3e-05
5e-06 0.000125 3e-05 0 3.5e-05 5.5e-05 5e-05 8.5e-05 4e-05 0 0.00011 0 6.5e-05 0 2e-05 0 1.5e-05 2.5e-05 2.5e-05 0 4e-05 8e-05 0.0001 4.5e-05 2.5e-05 8.5e-05 0 2e-05 0 0 1.5e-05 6.5e-05 2e-05 9.5e-05 0 0.0001 2e-05 3.5e-05 0 0 2.5e-05 4.5e-05 2e-05 1e-05 4e-05 0.000185 0 0 2.5e-05 0 4.5e-05 0 6e-05 0.0001 1e-05 0.0001 0 0 0 6e-05 0.000115 0 0.000145 0 1e-05 0 4e-05 4.5e-05 3e-05 4e-05 4e-05 0 0 0 6.5e-05 0 0 0 3e-05 0 0 0 3e-05 0 4.5e-05 8e-05 1e-05 7e-05 0 4e-05 0 4.5e-05 3e-05 5e-05 4e-05 5.5e-05 5e-05 0 0 2e-05
0 0 5e-05 3.5e-05 5e-05 2.5e-05 3.5e-05 0 2e-05 0 3.5e-05 0.00011 4e-05 0.000115 2e-05 1.5e-05 0.000135 2.5e-05 3.5e-05 0 7.5e-05 2e-05 2.5e-05 2.5e-05 8e-05 1.5e-05 0 2e-05 0.000125 0.00011 3.5e-05 7e-05 2.5e-05 0 2e-05 9.5e-05 0 3.5e-05 0.00013 3.5e-05 0 0 1.5e-05 0 0 0 8.5e-05 0 4e-05 0 0 0 0 3.5e-05 3e-05 4e-05 3.5e-05 2e-05 5e-06 2.5e-05 0.000115 0.00017 4e-05 3.5e-05 2e-05 7e-05 3.5e-05 0.000145 7.5e-05 0 6.5e-05 3e-05 5.5e-05 0 0 5.5e-05 0 4e-05 4e-05 4.5e-05 6e-05 0 3e-05 0 3e-05 0 0 4.5e-05 0 4.5e-05 0 0.000125 0 4e-05 4e-05 0 3e-05 4.5e-05 2.5e-05 5.5e-05
0 6.5e-05 0 4.5e-05 0 0.000215 3.5e-05 3.5e-05 0 0 3.5e-05 1.5e-05 0 6e-05 6e-05 0 3e-05 4e-05 3e-05 2.5e-05 1.5e-05 1e-05 1e-05 5e-05 0 0 5.5e-05 0 0 0 3.5e-05 3e-05 3e-05 0 3.5e-05 3.5e-05 0 7e-05 0 0.000155 0.000135 0 2.5e-05 3e-05 0 0 0 0 0.0002 4e-05 2.5e-05 0.000165 0 0 5e-05 4.5e-05 4.5e-05 2e-05 4e-05 0.000145 0 1.5e-05 4e-05 5.5e-05 0.00013 5e-05 5e-06 2e-05 4e-05 0 3.5e-05 0 4e-05 2.5e-05 3.5e-05 0.000115 1.5e-05 0 0 5.5e-05 0 0 3e-05 3e-05 9.5e-05 1.5e-05 5e-05 4.5e-05 0 0 2.5e-05 1.5e-05 5e-05 0 4e-05 0 4.5e-05 3e-05 0.00014 0
2e-05 0 0.00017 1.5e-05 2e-05 3.5e-05 2.5e-05 9e-05 4e-05 0 3.5e-05 0 5e-06 2e-05 5.5e-05 4e-05 0.00018 0.000115 8.5e-05 0.00018 5.5e-05 0 0 0 0 3e-05 3.5e-05 0.000115 1.5e-05 3.5e-05 2.5e-05 6.5e-05 3.5e-05 6e-05 0.00012 2.5e-05 1.5e-05 2.5e-05 2e-05 3e-05 0 2e-05 7e-05 3e-05 0 0 7e-05 4e-05 1.5e-05 0 0 0 0 3.5e-05 0 3e-05 0 3.5e-05 3.5e-05 7.5e-05 3e-05 0.0001 2e-05 0 0.000225 4e-05 0 1.5e-05 3.5e-05 2e-05 2.5e-05 0 2e-05 0 3.5e-05 0 2.5e-05 1e-05 4.5e-05 0 0 0 3e-05 5e-06 0 0 3e-05 0 3e-05 0 0.00024 0 0 0 3.5e-05 0 0 0.000225 2e-05 7e-05
2e-05 0 4e-05 6e-05 5.5e-05 7.5e-05 3e-05 0 3.5e-05 3e-05 2.5e-05 0 0 6.5e-05 0.00019 0.000115 0 7.5e-05 2.5e-05 4.5e-05 3e-05 6.5e-05 0 3e-05 2.5e-05 0 0 1.5e-05 0 0 3.5e-05 0 0.00013 3e-05 7.5e-05 3e-05 0 5.5e-05 0.000145 0 9e-05 2.5e-05 2e-05 8e-05 3.5e-05 0 0 0 0 0.0002 0 0 0 3e-05 3e-05 7e-05 0 2e-05 0 0.00011 2.5e-05 0 0 5.5e-05 3e-05 5e-05 0 3e-05 1e-05 3e-05 4e-05 4e-05 0 0 6e-05 0.000115 2.5e-05 2.5e-05 6e-05 2e-05 4.5e-05 0 0.00017 4.5e-05 0 0 2.5e-05 0 0 3e-05 1e-05 0 2.5e-05 4.5e-05 1.5e-05 2e-05 3e-05 3e-05 4e-05 6.5e-05
1e-05 0 2.5e-05 4.5e-05 0 0 2.5e-05 5e-05 0.00012 8e-05 4.5e-05 2e-05 5.5e-05 2e-05 5.5e-05 5.5e-05 4e-05 0 0 3.5e-05 0 0 3e-05 4e-05 0 9e-05 2.5e-05 6.5e-05 0.000155 0.000145 3.5e-05 1e-05 3.5e-05 4e-05 4e-05 6.5e-05 0 0 0 0 0 0 0.0001 4e-05 7.5e-05 0 7.5e-05 0 3e-05 0 0 2.5e-05 0 2.5e-05 3e-05 0 0.000185 5e-05 0 2.5e-05 0 0 0 3.5e-05 3e-05 0.0001 6e-05 0.0001 0 0 1.5e-05 5e-05 0 2e-05 0.000105 3e-05 0 3.5e-05 2.5e-05 1e-05 8e-05 3e-05 4e-05 4e-05 2e-05 0 0 0 0.000125 2e-05 4.5e-05 0 2e-05 0 4.5e-05 1e-05 0 0 5e-05 4e-05
