0
0
0.0004812699318
0
0.01527972823
0.006210461506
0
0
0.03734783701
0.0261145282
0
0.02308046965
0.03776446927
0
0.004038552082
0
0.002111095561
0.006277254574
0
0
0.03797088425
0.005363659341
0.01038622687
0.02990955641
0.01427771765
0
0.009931820603
0.02419082688
0.03540862919
0.003031395238
0
0
0.004209665588
0.01552252544
0.03792045073
0
0.01492792635
0.04935069906
0
0
0
0.009424720839
0.01932458355
0.004152696395
0.02192913353
0
0.0340538548
0.04011585565
0
0.02728868192
0.001885737955
0
0.03140691901
0
0.004547333815
0.00924610735
0
0
0
0
0.00993042125
0
0
0
0
0.01502298388
0.001508069583
0
0.02115012187
0
0.02752715136
0
0
0.004660070254
0
0.008340122874
0
0
0.02781677197
0.03460239738
0
0
0.0226495371
0.0434108604
0
0.01674829142
0
0
0
0.03805872726
0
0
0.01628886055
0.009168562555
0
0.03174725528
0
0
0.0168865206
0
0
0
0.03488341421
0.003453661335
0
0
0
0
0.01980633551
0
0
0.01056955587
0
0
0
0
0.03304664151
0.06313880381
0.01237985568
0.03115526597
0.01963838536
0.02525966991
0.005380685278
0.0212267311
0
0
0.02353891953
0.01228700482
0.002236470655
0
0
0.02492704778
0
0.01367031953
0.02615605936
0.01833063869
0
0
0
0
0
0.01278962885
0
0
0.005343526097
0.005595562948
0.001053649995
0
0
0.001731866288
0.01561663018
0
0.01478222208
0
0.02250224007
0
0.02277799913
0
0
0
0.04082809167
0.0201221986
0
0
0.0101920966
0
0
0.0247939511
0.04604510227
0
0
0.001928666462
0.03255559686
0.01005778728
0
0
0.01501302972
0.02557604515
0
0.008736100488
0.0350793758
0.01148487675
0
0.00847948871
0
0.05183070538
0
0
0.009405597463
0.004359786329
0.04516836697
0.02516731003
0.008816542385
0.0006724170165
0
0.01836704976
0.01398495834
0.02805606732
0
0
0
0.02221737355
0
0.02337794621
0.02029915707
0
0.009143073496
0.02311163287
0
0.0002059658666
0.01565396181
0
0
0
0
0.03685923403
0.01023429311
0.01799218739
0
0.04246935185
0
0.03578846691
0.02505422322
0
0
0.008110098908
0
0.04645249258
0
0
0
0.02086784738
0.01952600706
0.004478879067
0
0.02587295656
0
0
0.01246718454
0
0
0.007581135849
0
0
0.02165033371
0.00144657057
0
0
0
0
0
0
0
0.008945561013
0
0.03161442063
0.03763230254
0.03500050756
0
0
0.04774046873
0.0217458201
0.0229709666
0
0.004993603321
0.02775660706
0
0
0.01785697375
0
0.005338491413
0.006902730029
0
0.03671039899
0.01081081598
0
0.02114953651
0
0
0
0.02448909465
0.03339642708
0
0
0
0.01832906106
0
0
0.033633081
0
0.02647165268
0
0
0.02032265681
0.01619236103
0
0.004614968364
0.0345211195
0
0
0.03253824539
0.04386518706
0
0.009497902399
0
0
0
0.03835755706
0
0
0.02946284405
0
0
0.03332869997
0.0153199607
0.05867085812
0.02098588551
0
0.02177879647
0.05280321531
0.004495354217
0
0
0
0
0.006029170022
0
0.01908246646
0
0.01336669926
0.02117876632
0.0001081668705
0
0.01144663609
0
0.02604184671
0
0
0.04423485267
0
0.01622679576
0
0.003455723652
0.0005257248165
0
0.02835490988
0
0
0.01875513498
0
0
0.01138469652
0
0
0
0
0.008759221248
0.02185802664
0.02319617423
0.01419023458
0.005159167431
0.02972514869
0
0.004300640428
0.03494377293
0
0
0.008065492523
0
0
0
0
0.001924763926
0.03893390381
0.01683586942
0
0
0.01439759097
0
0.01541534803
0
0
0
0
0.01533582161
0
0
0.05087590895
0.04676334301
0
0.02708991388
0.03315902042
0
0
0.007575010441
0
0.0001995305541
0
0
0
0
0
0.02052895159
0.01641150376
0
0
0.01700148929
0
0.03817996543
0.03124451434
0
0
0.0447953024
0.01936968517
0
0
0
0.004709290086
0
0
0
0.01118941583
0
0.03593480093
0.02858849481
0
0
0
0
0.02251297254
0
0.004905863646
0
0
0
0
0.05894794941
0
0
0
0.01993058197
0.006825403645
0.01068516637
0
0.002714114691
0.001408251329
0.02387272905
0.006623155408
0.02939782928
0
0.007529265235
0.006661356192
0.02688997765
0
0.04807840392
0
0
0
0.01672665574
0
0
0
0
0.01173754946
0
0
0.01822022059
0.02402091268
0.009392418521
0.0550208719
0
0.00836663522
0.01596959065
0
0.002846292113
0.04693046158
0.007648280384
0.02125517991
0.001136962874
0
0.02437431375
0
0.009433623332
0.02967366491
0.01644829128
0
0.04074321966
0
0
0.02727865412
0
0.01208337755
0.01549200782
0
0.01945483594
0
0
0
0.02080954603
0
0.01396856831
0
0
0
0.007937349311
0.002731896286
0
0.001961636746
0.02691891035
0.009762129623
0
0.0111474815
0.02111767413
0
0.004010596036
0.0120929153
0
0
0.01000045825
0
0.01384407372
0.007824354674
0.03017687106
0.01155508542
0
0.03376340767
0
0.02510923741
0.03950675802
0
0.01136532933
0
0
0.04213093567
0.03215711291
0
0
0.03336479459
0
0.003823736956
0.0003006767359
0.03077540297
0.02343795641
0.02969049166
0.01637078017
0.003452072328
0.005677661878
0.04337753497
0
0.01019418515
0.01469470259
0
0.01745116926
0.01014505665
0
0.02727425619
0.005303606687
0.0146973934
0
0
0.03390206486
0.0002461261784
0
0
0
0.02321093696
0
0.01010390336
0.01498248676
0
0.02476477288
0
0.0009043017365
0.02303751554
0.01482835428
0
0.004537205751
0
0
0.03942841769
0
0
0
0.02482103264
0.003809309775
0.03373145234
0
0.01930063919
0
0.003032654582
0
0.005492422094
0.008034992201
0.01408680102
0
0.03133477016
0.00729557969
0
0
0
0
0.0185993254
0.04116638215
0
0.01037642252
0.005669570714
0
0
0.01306781907
0
0
0.004771927319
0
0
0.0224766524
0
0
0.01703283138
0.01517858473
0
0.01241200986
0
0.01350604634
0.003260134929
0
0
0.05166759017
0.01403849003
0.009749256533
0
0
0
0.01934279961
0.02627369479
0.04822562051
0
0.009128966006
0.03130888454
0
0.01846641471
0
0
0
0.02078562631
0.02261670166
0
0.006584906709
0
7.41E-05
0.0388490819
0.02533362581
0.02994545449
0.0008737786726
0.005675854194
0.004978335673
0
0
0
0
0.004544329631
0
0
0.02683907451
0.00773522029
0.02205448302
0
0.02398714646
0
0
0
0.01419719336
0
0
0
0
0
0.008507092035
0
0
0.01569491926
0
0.01014724961
0.0116403219
0.02390897826
0.01317184568
0.02084968182
0
0
0
0.03614208595
0
0
0.04814987052
0.006663045401
0
0.04738786314
0.01284583986
0.01270674628
0.0284122041
0.04297792802
0
0
0
0.03380063786
0
0
0.01587084783
0
0.01164285125
0.0004662957325
0
0
0
0
0.05465530238
0
0
0
0.01145844471
0.004292089501
0
0
0
0
0
0.00984994467
0.02115685875
0
0.01044818683
0.008049165234
0.05073493654
0
0
0
0.01732402459
0
0
0
0.02702596566
0
0
0.038006822
0
0.02749695103
0
0
0.03177222481
0
0.00101222641
0.018874838
0.01359005496
0.03316095407
0
0
0
0
0
0
0.00797723141
0.04748312977
0
0
0
0.07963527874
0
0.005328456786
0
0.02914135032
0
0.003082850872
0
0.04640237331
0
0
0.01488823671
0.0340395611
0.001731540687
0.01780935613
0
0
0
0
0
0
0.04219067372
0
0.00324178701
0.00218512334
0.002607233536
0
0.02476303471
0.01728181553
0.03604551394
0.03741218894
0.03187327948
0
0.02007792281
0
0
0.05411243832
0.02442315012
0.05224517843
0.0243745086
0.04057517715
0
0.02629903094
0.04246213967
0.01846103704
0
0
0.02466634995
0
0
0
0
0.02122386879
1.66E-05
0.01033808858
0
0.032280868
0
0.008459153976
0.001323314938
0
0
0
0
0
0
0
0
0.0229823356
0.01713332956
0
0
0.01558748744
0.002378146847
0
0.00623331147
0.0253305669
0.02152188982
0
0
0
0
0.03359898268
0
0
0.05471057646
0
0
0.03218430624
0
0.0303830994
0.004441732859
0.007877800573
0
0.01127462252
0.03445343552
0.008696377627
0
0
0.04763050713
0
0.02387489177
0
0
0
0
0.01390504827
0
0.03272637717
0.01673966895
0.01867274083
0.003205637788
0
0.02707702209
0.01985722723
0.001346410271
0
0.02326430594
0.05859973885
0
0
0
0
0
0
0.004415373889
0
0
0
0
0
0.02883000472
0
0.0009813092115
0.006883027798
0.01605421207
0
0
0
0
0.009751172711
0.05573090511
0.02524290317
0.02606977077
0
0.01474093746
0.05201098761
0
0.006681749289
0.01163469074
0
0.01375795761
0
0
0
0
0
0
0.009942008437
0
0
0.03593220926
0
0.000686332059
0
0.01436356815
0.01457271467
0.01642764299
0.009109067588
0.04064499411
0
0
0
0.03338862473
0
0.01564753309
0.0238495793
0
0
0
0
0.03223946741
0
0.02997808619
0
0.009053969465
0.01200814168
0.004572674243
0
0
0
0
0.006099339886
0.001526062596
0
0
0.03308167269
0
0
0.009176589689
0.004538658345
0
0.02512235825
0
0
0
0.04674021557
0.02721936637
0.01142034916
0
0
0
0.04635932038
0
0
0.03216007082
0
0
0.006267650437
0.04151672999
0.007724316923
0
0
0.003367682334
0
0
0.03725714155
0
0
0.01560025317
0.02587216893
0.03759273019
0.006722766792
0
0.01890707594
0.02474962033
0.01294017182
0
0
0.009837152959
0
0.01239106464
0.007893135342
0
0
0.01339862481
0.01356373181
0
0.03334227527
0.0292342924
0.01883301913
0
0
0.02472214975
0.01493411063
0
0
0.05596516067
0
0
0.02960648847
0.03211847488
0
0.005822354487
0.02305333414
0.01939487106
0.008456187739
0
0.02560859397
0
0.003387606831
0.01829736149
0.003684369565
0.02112676013
0.05125394781
0
0
0
0
0.02112329508
0
0.01605625522
0
0.02475227868
0.01952648632
0
0.01594498153
0
0
0.01821105134
0.009285815476
0.02348214313
0
0
0.006258509208
0
0
0
0.0168111921
0
0
0.006970078473
0
0.01227889534
0
0.02691701553
0.00554076391
0.02710992438
0
0
0.003234236047
0
0.01085277364
0
0
0.04316318603
0.03110022227
0.01460271415
0
0.01847851188
0.02372509457
0
0.008968961818
0.01427256169
0
0
0.03932779122
0
0
0
0
0
0.01509931135
0
0.01227124476
0.03870963688
0
0.03767758543
0.03284075882
0
0.003337696387
0
0.01917605919
0.01603390079
0
0
0
0
0
0
0.00119038947
0.04750156938
0.01424097325
0
0
0.006421477368
0
0
0
0.008014567318
0.01421291958
0
0.01337369146
0.005914410306
0
0
0
0.02596071667
0
0.008667784542
0.007624556422
0
0
0.01424039151
0
0.009586659355
0.02393910388
0.05291388002
0.004976061232
0.004577087403
0.02611736194
0
0.01781259255
0
0.0008294813694
0.03859516808
0.003882363724
0
0.05995921559
0.01081451274
0
0
0
0
0
0.03035357828
0.02927392218
0
0
0.004135988255
0.04976555663
0.002266011826
0
0.01810207541
0.004051105559
0
0.00E+00
0
0.01343447038
0.003720367801
0
0.02714026407
0.009599150991
0.01862199756
0.03674722192
0
0.0007010980952
0
0
0.01437927092
0.004963969892
0.06940867699
0
0.01524955273
0.03896895162
0
0
0
0.005615466066
0.02193100877
0.001647861139
0.004295278885
0
0.00712120254
0
0
0.03807301571
0.01730325561
0.01352560706
0
0
0.004330501177
0.04644818794
0.01025724377
0.03480270797
0
0
0.03602590741
0.01189847519
0
0.03260279915
0
0.02293010055
0.00751954838
0
0.003960865158
0
0.0276248731
0
0
0
0.0223727809
0
0
0
0
0.017774403
0
0.02320157131
0.01806969986
0
0
0.01918025382
0.02360214154
0.02152824857
0.005704147533
0.04379501186
0.01736878594
0
0.0174209097
0.001741045724
0
0.01439513618
0
0
0.03341547752
0
0
0.01420999156
0
0.03978608717
0.01501456563
0
0
0.02731590012
0.03449125683
0.02026201531
0
0.01523559223
0.008822354064
0
0.01979155383
0
0.02370744105
0
0
0.02138177385
0.01375098351
0
0
0.003217258106
0
0.008747739836
0
0
0.04679535511
0.00943092649
0
0.01140304105
0.02371389794
0
0
0
0.02981817016
0.01713769586
0.0006489134339
0.001128646688
0
0
0
0
0
0
0
0
0.04538915428
0
0.002137972904
0
0
0.009369263513
0.04268047467
0.01107846017
0.03028026791
0.009387074906
0.01133954276
0.03235276772
0.03055038707
0.02087879702
0.02000256882
0
0
0
0
0
0
0
0
0.01274620839
0
0
0.007678655309
0.0333298296
0
0
0.03254892025
0.02037577558
0.02299375589
0.01564638813
0
0
0
0.02512065325
0.01211441743
0.008549322333
0
0.01378149038
0
0.01049159122
0.02046166797
0.01607842574
0.03589928345
0
0
0.00902537948
0
0
0.02946550437
0
0
0.0277816361
0.009580024696
0.03293608857
0.02580344452
0.03686704974
0
0.004901759799
0.01012814083
0.01558463445
0.01291715068
0
0
0.0154180773
0.00527197103
0.01353098211
0.03412835948
0.03195484604
0.04947432054
0.005954948614
0.001224976897
0
0.005081912706
0
0
0
0.007181359089
0
0.01272922494
0.01377844032
0
0
0
0
0.01169845896
0
0.01264878466
0.009133537479
0
0.0009726953693
0
0
0
0.01762403805
0.01180139751
0.01188202864
0.005644864695
0
0.00249534556
0
0
0.0227270092
0.02827776507
0.001618211041
0.02789801255
0.03375419146
0
0.002369649964
0.0497005024
0.03112976548
0
0.01266217735
0
0.003577063455
0.007343833526
0
0.01582399169
0.005745595094
0
0
0
0
0.01986010105
0.01305464169
0
0
0.01441749275
0.02255243651
0.01844363754
0.03801655393
0
0
0
0.04681905784
0.00340959593
0
0
0.009322309841
0
0
0.01547237332
0.008325537233
0.01112779773
0
0
0
0
0
0.01869544247
0
0
0.02912275825
0.01857358313
0.003507155496
0.02454946316
0.03773701446
0.02623885011
0.02048233574
0
0.03783909356
0.008613135631
0
0
0
0.01665316671
0.0106449181
0.02364488991
0.03547629289
0.02841374049
0.02552696163
0.007866845689
0
0
0.001820915869
0
0
0.00683258979
0
0.01023443121
0.01961718158
0
0
0
0
0.02432417512
0
0.0296159144
0
0
0.006299302049
0
0
0
0
0.02152414352
0.02549735726
0.01470369254
0
0
0
0.03428022791
0
0.02524979144
0
0
0.01319434399
0
0.004665473209
0.01060999875
0.029187294
0
0.004578092271
0
0
0.03496544236
0.03237727689
0.002239384342
0.001937029848
0.04093620421
0.009855256563
0
0
0.02643813892
0
0.01450271611
0.01515516157
0
0
0
0.05382312599
0
0
0.002396914085
0.02426777533
0.01494388831
0.02408211783
0
0
0
0
0
0
0.03252580673
0
0
0
0.0001114739479
0
0.01218585381
0
0
0.02242849214
0.0360536618
0
0
0.007126927287
0.001943585324
0
0
0.02394745089
0.01455828712
0
0.02334834165
0
0.01775624208
0
0.04304276775
0.01845419671
0.03066027125
0
0.01168453548
0
0
0
0
0
0.02738299112
0
0.03278649789
0.04495846642
0
0
0
0.01021249223
0.01464144532
0
0
0.04116182763
0.0007073830156
0
0
0
0
0.01644986911
0
0.04818806338
0.047997416
0
0
0.01283487748
0
0
0
0
0
0.03552200117
0
0
0.01011063912
0.03308251837
0
0.0426810092
0.03955459075
0.0309805665
0.0371473877
0
0.03573486313
0.02497858815
0.004851861567
0
0
0
0.03252564019
0
0.01786110579
0.003745039638
0.005279551155
0.02283706319
0.02852650401
0.005699075039
0.01206856977
0
0
0.008168085714
0
0
0.04562656135
0.00226876098
0
0
0.001109800127
0.01827150835
0
0
0.02766346649
0
0.01661606476
0.03147501588
0
0.02181139502
0
0
0
0
0
0
0.02546408853
0.05349802471
0
0.03299530575
0
0.02452919816
0.05194536427
0
0.009017183938
0
0
0
0
0.01068738069
0
0
0
0.02968074396
0
0
0.01326151772
0
0
0
0.008064064888
0
0.002232442762
0
0.01333387239
0.01587099435
0.02419704874
0
0.02807441977
0.004906498988
0
0
0.01409713189
0
0
0.00466971975
0.003550725674
0.0208921625
0
0
0
0.01196373535
0.006110383838
0
0
0
0.0212973332
0.009163335263
0
0.0306457311
0
0
0.01420303887
0
0.012417852
0
0.02462469048
0.01763006484
0
0.003589859645
0
0
0.003677067748
0.01470424201
0.01523073916
0.00903999548
0.05054826744
0.009853640713
0.03000099297
0
0
0.01244730232
0.03870063874
0.007991719123
0
0
0.009634759644
0
0
0.04699697949
0.001470945449
0.01935437831
0
0
0.03179664065
0.007069896827
0
0.02038274938
0.02358472243
0
0
0
0
0
0.03924690745
0
0
0.008851924484
0.03708426483
0.02570522653
0
0.03082297433
0
0.0125332408
0
0.03848661256
0.02099988158
0
0
0.01680967004
0
0
0
0.004268950053
0
0
0
0
0
0
0
0
0
0.03022906603
0
0
0.02819725951
0
0.04805086604
0.02863510081
0.01345231256
0.0325258548
0.0014072501
0.01748453034
0.02411354219
0.02017546101
0
0.0167874015
0.02910165244
0.02289146533
0
0.0001182031716
0.0128620961
0
0.01172259006
0.01681348783
0.006110576051
0
0.006481068985
0
0
0
0
0.01196931605
0
0.00658148665
0.02094393617
0
0
0.01459259216
0.03014636571
0
0
0.02845616655
0.004814112467
0.003635853201
0.01472129896
0
0
0
0
0.0425215326
0.02119613735
0.001570038686
0
0.008696088949
0
0.01507216426
0
0.007505461904
0.001525397381
0.03253259506
0.029693975
0.01445069306
0
0
0
0
0.04554007089
0.01228255378
0
0.03213792492
0.002525693072
0.02499620497
0
0.006314643765
0.00161563866
0
0.02492523068
0
0.04177502804
0.009124173207
0
0.006520969629
0.01660852607
0.0001983128399
0.01883410695
0
0.02915204319
0.01935133647
0.02590108875
0.01389296189
0
0
0.0229986007
0.01962628805
0
0.01413134203
0
0.02503546451
0
0
0.004932457972
0.03736069278
0
0
0
0.0006614899914
0
0
0.01373980106
0.0003796727956
0
0.04134544574
0.04384562843
0.006623102019
0
0.02089715402
0.0003205986079
0
0
0.02165749205
0.02895026212
0
0.0182225914
0.03339808644
0
0.002959788129
0.04624384642
0.0214439928
0
0
0
0.01094059077
0.01435850834
0.006908648012
0.005095359449
0.02300421329
0.01076478171
0.01686746503
0
0
0.004568813875
0.00948789472
0
0.01640661428
0.008049207864
0.003453075626
0
0.04754973835
0
0
0
0.05288558095
0
0
0
0
0
0
0
0
0.02658921764
0.007052123122
0
0
0
0
0.01478640415
0
0
0.03248975795
0.006580065674
0.0223840542
0.03673274261
0.04796655423
0.003765422146
0
0.02530163622
0.04117740503
0.0187940041
0
0
0
0
0.001591842902
0.04112384079
0.01468169788
0.03111394916
0.01425938524
0.0132260963
0.006368587465
0
0
0
0
0.003126468049
0
0.03350283733
0.04041128784
0
0
0
0.01257506647
0
0
0.03424151723
0
0.004786535643
0.002878901012
0
0
0
0
0.01706278101
0.03913789224
0.002754776142
0
0.002937364096
0.02637890827
0
0.00502563267
0
0
0
0.06274606111
0
0
0.0448544592
0.04052437457
0
0.03079652323
0
0.03809077063
0.04115173318
0
0.04277412694
0.04340004107
0.02250288067
0
0
0
0.01953903028
0
0.003778430817
0.01818748559
0
0.00622742162
0.003960607772
0.04017001733
0
0.001926046064
0
0.04769570644
0
0.0009752362689
0.01557634746
0.004157745125
0
0
0.001343274961
0.007703598822
0
0
0
0
0.001327231761
0.000511843937
0
0.005982974105
0
0.01785463486
0.0007367783681
0
0.00796278796
0.02518928769
0.03395103326
0.03270394384
0
0.0563559732
0
0
0.05054139787
0
0.01544265818
0
0
0
0
0.01872901424
0
0
0
0
0
0
0.01088727529
0
0
0.005908984076
0
0
0
0
0.01156307035
0
0.03661720434
0
0.02499199941
0.00220733642
0
0
0
0
0.02061425374
0.03301363755
0.01448285538
0
0.02680079681
0.00288743089
0
0
0.000581836272
0.02354258496
0
0.02264703074
0
0
0.02328864448
0.01913886202
0.02307469386
0.006708718316
0
0.00319088265
0
0
0.02365230034
0
0.03276042337
0
0
0.01930228747
0
0.01264796796
0
0
0.01000592784
0
0
0
0
0.03140269964
0.004237207252
0.01174699727
0.02243644527
0.04428517208
0
0.02788403861
0.01536822172
0
0.04019893386
0.02204671489
0.007336159571
0.0232475996
0
0.01031186688
0
0
0.01505242867
0.008433615191
0
0.04401293413
0.03265874466
0.007365024599
0
0.01746360562
0.0241418739
0
0
0.006423657253
0.01218654423
0
0
0
0.04130176958
0
0.01042136316
0.0009183897764
0.0333196067
0
0.02717712943
0.008996640743
0
0
0
0.002858241543
0.0164438353
0.03731494791
0
0.006322316705
0
0
0
0.01351561378
0.03381347476
0.01407809694
0
0.009958975356
0
0
0
0
0
0.0165165754
0.01409234962
0
0.03447980041
0
0.008447341799
0.009417262047
0
0
0
0.02794732636
0
0.03246772335
0
0
0.005599866151
0.03449933892
0.002968413139
0.02336188925
0.01553104642
0.02216179388
0.009462239621
0
0.03112272807
0
0.04942692456
0
0
0.01750290517
0.01381843524
0
0.01285440165
0.02166055746
0.01509848011
0.0009768233426
0
0
0.01379507593
0.02572949287
0.01507837714
0
0.01035852588
0.05613222485
0
0.03180423562
0.009437535574
0
0.02856935214
0.02621768223
0
0
0.01473350044
0.003828346499
0.006485159904
0.02736792585
0
0.01474796519
0
0.02323449255
0.008547709755
0
0
0.002675046171
0.01310799819
0.01358166561
0
0.01469163724
0
0
0.03025859316
0
0.03263164867
0
0
0
0.01059674376
0
0
0.009738864219
0
0.00246982872
0
0
0.03938721083
0.04045879743
0
0
0.02255199124
0
0.001347064627
0
0.02323063581
0.02031559176
0
0.006384125005
0
0
0
0
0
0.0005404301153
0
0
0.04052093908
0.005118089416
0.0418525873
0.00233316066
0
0
0
0.03235504971
0.02125427827
0
0.008337779811
0
0.008470671555
0
0.03140264034
0.0006935486649
0.01126321128
0.008565985294
0
0
0.003784573892
0
0
0
0.01422446414
0.01973010636
0
0.04045442659
0
0
0.002004093133
0.01336060178
0.02818547479
0
0
0.02070494004
0
0
0.02466716568
0.0146729677
0
0.03250420108
0.042664095
0.01155031576
0.03695855569
0.03262798132
0
0.02569819566
0
0.03004034185
0.004732148639
0
0.005037409667
0.02176503857
0.01161884665
0.0221616062
0.007457451928
0.01738773385
0
0.006353266682
0.02023641168
0.00862745233
0
0
0.006146767916
0.01100160998
0
0.001775215885
0.02262529386
0.0142610926
0
0.003687015724
0.01179664
0
0.01281232516
0.003897855225
0.0301954355
1.53E-05
0.004046279878
0.01632170694
0
0.02345238529
0
0
0.0102835899
0.01272110413
0.03863937806
0
0.02370357196
0.0414845826
0
0
0
0.01019588819
0
0
0
0.002057836936
0.005642400794
0
0.001848657843
0.005649283073
0.02346891854
0.01273583908
0
0
0.0114760359
0
0.0002695093115
0.01882251217
0.009125261951
0
0.008143374476
0.01184476126
0
0
0
0.005477425214
0
0.007335475203
0.03140007602
0
0
0.006446990787
0.01998379702
0
0
0.02644919417
0.007507632768
0.003536815724
0.02672947316
0
0
0
0
0.04714815019
0.03052132484
0.006202282977
0
0.01862589438
0
0.008099363312
0
0.007979965879
0.01313445108
0.0359232177
0.02649559447
0.00965246422
0
0
0
0
0.04920053699
0.007191448188
0
0.02925837407
0.01095828848
0.01603955418
0
0.005357064197
0.003615254565
0
0.02532551497
0
0.02984943234
0.007433381598
0
0
0.02481609764
0.007901906912
0.02592101883
0
0.03095911974
0.01496849807
0.02829763891
0.00703472823
0
0
0.01036182534
0.01684351982
0
0.01835798168
0
0.01548421748
0
0
0.0004393002012
0.04384379299
0.00347196295
0
0
4.21E-05
0
0
0.01148041167
0
0
0.04526534737
0.04661513797
0.009123768309
0
0.02000699372
0.03138690238
0.02389379936
0.01721195812
0.02170641068
0
0.02691215216
0.04183395824
0
0.002441539248
0
0
0
0.01896466246
0
0
0
0
0
0
0
0
0.01042001606
0.02115058385
0.01261093302
0
0.006522564303
0
0
0
0
0
0
0
0
0
0
0.03797167241
0
0
0.02519337027
0.04743954997
0
0
0
0.004214704273
0.03579123943
0
0
0.04405544223
0
0.008504782271
0.04197631974
0.008929595373
0.02040301207
0.02577293293
0.01477531539
0
0
0.03175754894
0
0
0
0.0381816689
0.01486162892
0
0
0.02022718291
0
0
0.02159665045
0
0.02112019894
0.02914667708
0.0003364660121
0.01968556796
0
0.03838761956
0.04016912834
0
0
0.008238961088
0.03000205614
0.00558487741
0.01043272463
0.03746326787
0
0.02155609333
0.004373510724
0
0.01061831956
0
0
0.01085917634
0
0.006891465767
0
0.004184276657
0
0.01584363169
0.008397884582
0.004895879528
0
0
0
0.02363714877
0.008457138567
0
0.02995383998
0
0.005481740182
0.02659761536
0.03246219086
0.005301770389
0
0
0.02445429493
0.004131663304
0
0.01119873562
0
0.03661237212
0.003914178357
0.006692300597
0
0
0.02042384816
0
0.04333245529
0.03677370032
0.006833264878
0.00238503281
0.01719452754
0.003225807072
0.02847899557
0.008399177931
0.02892486123
0
0.03803749811
0
0.007255596925
0
0.001876965186
0.02098572158
0.01432322017
0.02085833435
0.002258155133
0
0.02395240063
0
0
0.001768057836
0
0
0.02852673593
0
0.02776289388
0.02323896518
0.04605182083
0
0
0.03397264405
0.03533162171
0
0
0
0.008947031972
0
0
0.0294121401
0
0.03677046248
0
0
0.02713307835
0
0
0
0
0.02030761664
0.03451767767
0.008867896538
0.002968514672
0
0
0
0.02555448373
0
0.008923716474
0.01836420216
0.003644419451
0
0
0
0
0
0.0127934734
0.000603162481
0.015228953
0
0
0
0
0.008389405465
0
0.005757638663
0
0
0.02000284642
0
0
0.02287913779
0.03758319218
0
0.008477517157
0
0
0.03002981705
0.03237557412
0.0245267637
0.0168085192
0.03541975485
0.004234976108
0
0.002739332866
0.0128818446
0
0.003849347822
0.01623283136
0.01824116231
0
0
0.04141713966
0
0.01515223682
0.01240097268
0.03988339928
0
0.02001344984
0
0
0
0
0.01434600726
0
0.01442483083
0.002270268227
0
0
0
0
0.01930268196
0
0
0.01349171782
0.02897579626
0
0.02113115286
0.01812370707
0.003594019844
0
0.02485048184
0.04142405004
0
0
0.009374324257
0
0.01430821516
0.0114697617
0.04880090931
9.70E-05
0.01828207836
0
0.02598237738
0.001833219135
0
0
0
0
0
0.01126201788
0.02619182589
0.01892020625
0
0
0
0.03687021834
0.01012863702
0
0.01515203948
0.006003561341
0.02028657354
0.01118219881
0
0
0
0.01537475901
0.01849494858
0.03631839261
0.01243514573
0
0
0
0.007707865003
0.005799290376
0
0
0
0
0.04003484795
0.002985991985
0
0
0.02542964373
8.51E-03
0
0
0.005255516269
0.03942506733
0.004598415143
0.006228396417
0.003337393978
0.01916244081
0.01384016681
0.04326799379
0
0.01019803542
0
0
0.004151798503
0.008938118522
0
0
0
0.01440021187
0.01908686858
0.007361905507
0
0
0
0
0.002531977816
0.03940956511
0.02430059418
0
0
0.0201713291
0.01066436323
0.03120437318
0
0
0.01455297556
0
0.03501505504
0
0.02866218434
0
0.02094356442
0
0
0
0.03191163512
0.002152708471
0
0.005270180726
0
0.001704787548
0.002017066627
0.05380388402
0.03294675824
0
0
0
0.03940761566
0.002638724889
0.006527421899
0
0.01988922704
0.04093230292
0
0.01476056825
0.02775914432
0
0
0.02484481742
0.0113467972
0.04018180468
0.007850317601
0.003182533769
0.008688274341
0
0.02261027319
0.04935904696
0.007651733718
0.004020663052
0
0.01219922781
0.009168127833
0
0
0
0.007596388649
0.02889560436
0.0007823950554
0
0.03307734328
0.01648241913
0.0004703918704
0.02185809604
0
0.003591353626
0
0
0
0
0.004674246102
0.03911175025
0
0.004291273029
0
0.009316930344
0
0.02632487203
0.03781136884
0
0
0.009563326692
0.01320775028
0.0487082131
0.01397524577
0
0
0
0.04111764147
0.02552182951
0.01576491389
0
0
0.009491331188
0
0.02412620148
0
0.0009977160827
0
0.01993559178
0.03660616417
0
0
0
0
0.01842497899
0.01111742589
0
0
0.02200111073
0
0.03501175112
0.0003760185647
0.01604115804
0
0.007126726277
0.03271881427
0
0.04194263433
0
0.002983321604
0.03133931857
0
0
0.00541615498
0
0.02588984425
0
0
0.03446291256
0.004416651463
0
0.02178236395
0
0
0.01258142764
0
0.02817808714
0.004704736801
0.001775360163
0
0.0203745608
0
0
0
0.01287702758
0.002293554286
0
0.01474363772
0.02508181429
0
0.02743923253
0.00938483786
0.02388137544
0
0.01233280411
0.003883048788
0
0.008522710927
0
0
0.01916121414
0.01181522583
0
0.02757611427
0.02496162845
0
0
0.04322115902
0.00168583037
0
0
0
0.02189012336
0
0
0.01033933719
0.03576130299
0.03330762967
0.03700885624
0
0.002720470865
0
0
0
0.005962181831
0
0.00698586868
0
0
0
0
0.02613163109
0.002165100585
0
0
0.03215705142
0.006709726264
0.003207254913
0
0.01699920418
0.03207700683
0
0.03382244364
0.02212628257
0
0
0
0.0470217001
0.007388658564
0.01421201238
0.03609546568
0.001647978064
0.009496836589
0
0
0.005614414828
0
0.005315908094
0
0
0.02487512477
0
0
0.01315991511
0.01657913682
0.009316499877
0
0.01576204407
0.02606356852
0.02872236009
0
0.03321866403
0.01201112917
0.01686779009
0.02001516367
0.04567850173
0.02113686718
0.01820375705
0.04032038582
0.004442624121
0
0
0.007834627768
0
0.03074444743
0
0.003621722597
0
0.001399031574
0.007359242735
0
0
0
0.00567601736
0
0
0
0.008315418282
0.01069547019
0.005063667555
0
0
0
0.04486483454
0.02203112969
0
0
0.002028436589
0
0.03575419133
0
0
0
0.0018612475
0
0
0.01608893155
0.0178925451
0
0
0.008927878046
0.03056463272
0
0.02861620322
0
0.01999859119
0.00E+00
0
0.005104131427
0.04613679333
0
0
0
0
0
0
0.04859672413
0
0.02010826209
0.008740840822
0
0.03104771924
0.008670703028
0
0.02623184765
0.03221515348
0.00715080895
0.00907888143
0
0
0
0.00244251238
0
0
0.01059307442
0.01388147069
0
0
0.05149787032
0
0.027928696
0
0.02089348384
0.0008535821899
0
0
0.02331766568
0
0
0.008094249652
0.01300463691
0.01846322125
0.01187870297
0
0
0
0
0
0.02468796675
0.02499374213
0.01526491632
0
0
0
0.0003274958421
0.02298288713
0.003633628105
0.0533177755
0.04993396544
0.01070323635
0.03491901426
0.01697365061
0
0
0.04362751216
0
0.003136639572
0.05518244857
0
0
0
0
0
0.01121227924
0
0
0
0.008072530291
0.001824241043
0.0158109372
0
0.0003482224577
0.01319170802
0.004253372158
0
0
0
0
0.01850010506
0.01036057645
0
0.04192025389
0
0
0
0
0
0
0
0.01714835825
0
0.04793906253
0
0
0.0007430784085
0.01435615464
0
0
0
0
0
0.01679905984
0
0.04058777416
0.01108154675
0.02007146632
0.05097272507
0.0001449215765
0
0.04483653949
0
0
0
0.02936778643
0.00851885326
0
0
0.009181403746
0.03312141701
0.02184447727
0
0.04349502638
0
0
0.02235413942
0
0.02908462524
0.01340305887
0
0
0.03213032199
0.003913772238
0.02562575121
0
0
0
0.007170897827
0.007422650964
0.01327833045
0.02889175509
0
0.04194240084
0
0
0.02783685712
0
0
0.04165844259
0
0.005276278509
0.01677538993
0.007228246592
0
0.04093902252
0.04104509351
0
0
0
0.03917611874
0.0233398477
0.002506473055
0.04195192923
0
0.0170026778
0.04187796562
0.02022679332
0
0.02194183047
0.0007587878554
0
0
0
0
0
0
0
0.04213875863
0.009993084676
0
0.01540092033
0.01486096505
0
0
0
0.02588243136
0.002720834555
0.03326730061
0
0
0
0.02390726814
0.01396724832
0
0.006692506984
0
0
0.01590672537
0
0
0.02836127718
0.008916993315
0
0.008711598475
0
0
0
0
0.005990282841
0.00401639686
0.007680262685
0.03793721565
0.04104353787
0.03051518218
0
0
0.0125442444
0.002929480726
0.005943588732
0
0
0.03003408725
0
0.01650158842
0.03184537753
0.0462268434
0.01991479897
0.005686892505
0.00369026045
0
0.02531032468
0.008708972891
0.01429486181
0
0.006229427767
0
0.05313996273
0.0296885223
0
0.003360594655
0
0
0
0
0.0241739106
0.01381419157
0
0.01254163647
0
0.008918944114
0.0298880824
0
0
0.007920190775
0
0
0.003560116301
0.0086177186
0
0
0.03717517355
0.01810323493
0
0.04887736691
0
0
0.01843523657
0.04392675039
0
0
0.01452326595
0.03283519871
0
0
0.0374545186
0
0.006243342779
0
0
0
0.003782328745
0.005462018474
0.01080342781
0.01672446569
0.04049999043
0
0.02730126822
0
0.02659595957
0.01830471472
0.01671785585
0.00817025113
0
0.02529217957
0
0.03821852112
0
0
0.005265830222
0.05220722879
0.008621849748
0
0.004919434259
0
0
0.01930511873
0.02016828916
0.01150969614
0
0.02637950374
0
0
0
0.01357792285
0.007543113886
0.05316168995
0
0.02287824458
0.01576309109
0.006723933292
0.01692171551
0
0.02284945796
0
0
0
0.02948945408
0.01331637587
0
0
0
0
0
0
0.01387077283
0
0
0
0.002570769611
0
0
0
0.009371442663
0
0
0
0
0
0
0
0
0.01560460682
0.02625868881
0.02344768482
0.02069178045
0.02995739951
0
0
0.01331448941
0
0
0
0
0
0.00877055032
0.01270919716
0.01644698647
0.01169225166
0.01985806732
0.02647805537
0
0
0.03794743818
0.03941190064
0
0.008459063608
0.03805646491
0.0221499253
0
0.02678203217
0.03047444157
0
0
0.008168706099
0
0.01785214027
0
0.05330059983
0
0
0
0.03430358245
0.008747939229
0.009102019907
0
0
0
0
0.01079965509
0
0.01142859726
0.01458289363
0
0.009850573999
0
0
0
0
0.01884887284
0.001696721562
0.03226264067
0.00610481063
0.02873758107
0.02102530435
0
0
0.01683255952
0.02816302669
0
0
0
0
0
0.01212710173
0.04537820251
0.02255242
0.008566019713
0
0.02174393838
0.009470536681
0
0.001959055198
0
0
0.01975752402
0.01017392988
0.05782074433
0.02203521616
0
0.007752263578
0
0.01221079572
0.006686409757
0
0.01743897599
0.02115891935
0.007715610223
0.01769395306
0
0
0
0
0
0.01937934434
0.01401995021
0
0
0
0
0.004033598976
0.01488581459
0
0
0
0.002339863754
0.02220497054
0.002490745494
0.04916574895
0
0.04405651633
0.01070281199
0
0.04724466498
0
0.005999160469
0
0.007399768198
0
0
0
0.0669675968
0
0.001328052233
0
0.03592383528
0.05235366968
0.02389833293
0.03225424466
0
0
0.005655862324
0.01564419773
0.004810162279
0
0.03920732764
0
0
0.007326894083
0.01078273641
0
0
0
0.06049931874
0
0
0.01988158294
0
0
0
0
0.001872371664
0
0.0343862518
0
0
0.02091331408
0
0.04007587723
0
0.005920475634
0.009940517041
0
0
0.02161251674
0.008025124601
0.03532179036
0
5.90E-05
0
0
0
0.05819156671
0
0
0.02173007304
0
0
0
0.007404456194
0
0
0
0.01726687796
0
0.03030965967
0
0.02805948922
0.01709721473
0
0.005798518559
0.02529270085
0
0
0.02165206265
0.002012699309
0
0
0
0.0009247877718
0.01176008061
0.02203891682
0
0.002560810622
0
0.02086766986
0.02077840529
0
0.0180292659
0
0
0.04629514816
0
0
0
0.01272554119
0
0
0
0
0
0.01508067275
0
0.03277408929
0
0.036277285
0.00341071677
0.03640420467
0
0.0103104142
0
0.03709188344
0
0.008240912904
0
0.01044525369
0
0
0.02276609915
0
0.03220182741
0
0
0.04752210433
0
0
0.03309092349
0.02865614483
0.01871032659
0
0
0
0
0
0
0
0.04915064746
0
0
0
0.05960142466
0
0.006337432007
0.008059670937
0.008471929109
0
0.01336418867
0
0.03727313347
0
0
0
0.04194857748
0
0
0
0
0
0
0.005792974665
0
0.01334820631
0
0.009453814592
0
0
0
0.01677886909
0
0.04211767327
0.03582192936
0.02040478918
0.02124911256
0.01588440835
0.009948043063
0
0.05602969104
0
0
0
0
0.005189480978
0.01524685743
0
0.01088071752
0
0.0127115958
0.02334221077
0.01944290313
0.001448023266
0.04109129291
0.009563633098
0.02574046107
0.02390355052
0
0
0.0007456833875
0.01498263653
0
0
0
0.0390714905
0.01235680542
0
0.02149966076
0.01662708105
0.0567529757
0.03809258773
0.01789457783
0.01687773617
0
0
0.0206738025
0
0.003408144391
0.05414726896
0
0
0.01052954563
0.01727113289
0
0
0
0.02599271589
0.02686610144
0
0.005118215216
0
0
0.006743197909
0
0
0.00367098305
0.03576325834
0.03918626677
0
0.01156716161
0
0.03477798519
0
0
0
0.01071692696
0
0.008134575721
0
0.01160176649
0
0
0
0.004252935986
0.02483657823
0.02657948682
0
0
0.03892689533
0.002151681439
0.001142636506
0
0.02681682563
0
0
0
0
0.03491346356
0.04488532624
0
0.002186403953
0.01957630254
0
0.003122073866
0.02097837935
0
0
0
0
0
0
0
0
0
0.03546843041
0.02429059406
0.01815674955
0
0.005070218267
0.03939747051
0.02066318959
0.02261287568
0.02256097464
0.02235018611
0
0
0.003980881066
0
0
0
0.004988415926
0
0
0
0.04070689342
0.01735027486
0
0.001055053211
0.02785975845
0.05103317371
0.03496068588
0.01874865008
0.01654563662
0
0
0.01394301024
0.0163096541
0.008728878873
0.02529227174
0.0139351522
0
0.008706864294
0.01907180681
0.002465540108
0.008834657831
0
0.02651976572
0.02169613131
0
0
0
0
0
0.002093227853
0
0.01789386219
0.02883868479
0.03469456472
0
0.01442532839
0
0.01955102071
0
0
0
0.01882019128
0
0.004847503733
0.004926027276
0.03891986857
0.02651917632
0
0
0
0.01656406435
0.03420659879
0
0
0.03997265219
0
0.005763746228
0
0.02787458845
0
0
0
0.006262664562
0.009167220278
0.02232980821
0.005973419243
0
0.001440764483
0
0.004653014755
0.01494731847
0
0
0
0.006010838885
0
0
0
0
0.02717227559
0
0
0
0
0
0
0.0004930988955
0.009763643777
0
0.04748976192
1.41E-02
0.002543378483
0.0620866667
0.01338998015
0
0.05139662082
0
0
0
0.001175362711
0.03988340297
0
0.002124623976
0.01162706135
0
0.03917194814
0.01306007154
0.0296815327
0
0
0
0.02240248318
0
0
0.06881024443
0
0
0.01882039556
0
0
0
0
0.03117604718
0
0.006307884551
0.01658275454
0
0
0.0093155055
0
0
0
0.04754792225
0
0
0
0.01266451905
0.04017279126
0
0.008964957352
0.02960127501
0
0
0.02928116698
0
0
0
0
0
0
0.004512525424
0.02898251574
0
0
0
0
0.01429701687
0
0
0
0
0
0
0.008808026151
0.05819889293
0
0.06242977195
0.04436031949
0
0.01439368172
0.04707948759
0
0
0.01009583634
0
0
0.02512098877
0.03294914016
0
0
0.02707809652
0.03620671796
0.008697990024
0.03519422637
0
0
0.002100768695
0.005779072626
0
0
0.02203435582
0.04074110457
0
0
0.01965350137
0
0
0
0.009286642368
0
0
0.013672439
0.01204322107
0.01690540301
0.0162834695
0
0.01760945961
0
0.04040790345
0.0286168566
0.01347936584
0
0
0.02085554519
0
0.05322597879
0.002398658226
0
0
0.0506946129
0.01592722224
0
0
0
0
0.01612855881
0.01780245178
0.02930754289
0
0.0348889151
0
0.01135391731
0
0.004786240729
0.001078117524
0.04167016573
0
0
0.04129873177
9.27E-03
0.008103272449
0.0003171482799
0.01542262701
0
0
0
0.02714502134
0.00827236138
0
0.007182048557
0
0
0
0
0.004882472647
0.009195023727
0
0.008962071025
0.01271152935
0
0.007756532304
0
0
0.00366827668
0
0.002182789837
0
0
0.01142744921
0
0
0.02258255786
0.02244397827
0.002836130992
0.01426972015
0.03609128285
0
0
0
0.01854442183
0.03978268203
0
0.01622070756
0.03576314667
0
0.01192730844
0.03171736575
0.03743276983
0
0.00138513402
0.00292359233
0.03197533973
0.01035412174
0
0.01317842365
0.01406235124
0
0
0
0
0.01798056191
0.02253751555
0
0.01996673472
0.04317264274
0.02732579552
0.05214459533
0.01759918812
0.01793371444
0
0
0.03150929534
0
0
0.02715309139
0.005322089406
0
0.01144156603
0
0.02739309424
0.003762285802
0
0.009609125971
0
0
0.003002326545
0.003077983047
0
0
0.0006755776316
0
0.004907750252
0.04287362447
0.03806976155
0
0.04300052569
0.0139423332
0.04296689627
0
0.004664185635
0
0.01027241532
0
0.005792257716
0.004979798183
0.008130874264
0.01500504502
0.01598893152
0
0
0.001591497615
0.005589498123
0
0
0.005446109522
0
0
0
0
0
0
0
0
0
0.04566302755
0
0.01644258531
0.003246836851
0
0.01216233887
0.01363300457
0
0.01063733994
0.02811881401
0
0
0.001523330581
0.005504984465
0
0
0.05130446902
0.04973428254
0.01227933679
0.01668014301
0
0.02321170886
0
0.005099438481
0
0
0.02404192778
0.03217076149
0
0
0
0
0
0.0009885639808
0.01476498278
0
0
0.01065021915
0.001329056157
0.02891957095
0.02499810866
0
0.02135786185
0
0.06183517303
0.003667677341
0.008529829119
0
0.001486075259
0.02337482498
0.0001637755513
0.05507770333
0
0
0
0.03575280959
0.03308622634
0
0.001113330513
0.002495390976
0
0.02395348085
0.002192009981
0.001565651385
0
0.02444604303
0
0.02920310977
0
0.01352347787
0
0.03597778881
0
0
0.03258604498
0
0
0.02912202363
0
0
0
0
0.04003477761
0
0
0.003220754675
0.007549370655
0
0
0
0.03133222725
0.002256380722
0
0.006426740792
0.04124683722
0.006905273799
0
0
0
0
0
0.0247430478
0
0
0.01201037541
0.02046291197
0
0.01952509569
0
0.006503919109
0.01517342332
0.01889767112
0
0
0.011188806
0
0.02997250158
0.03212786122
0
0
0.0256124678
0.03011621269
0
0
0.02108787914
0
0.01650212576
0.002118150935
0
0
0
0
0.01177376524
0.02310951341
0.03284474131
0.002193166904
0
0
0.0136228633
0.03062299237
0.009739432083
0
0
0
0.04380671828
0.002156424546
0.02052648772
0
9.41E-03
0.02731549596
0
0.02604830599
0.005617697769
0.000559911738
0
0.002436558732
0.03568213179
0
0.009071429439
0.02188540842
0.0004268273968
0.02907271065
0
0
0.02480790034
0.005219415153
0
0.02842872194
0
0
0
0
0.003101986344
0
0.01960125358
0
0
0.03623808785
0
0
0
0
0.02735759055
0
0
0.01688660143
0.007572409383
0
0.01441856625
0
0.02819095766
0.01830481329
0
0.008872114357
0.04190507648
0.04207983699
0
0
0
0
0
0.04597627966
0
0
0.02936698207
0.02779820809
0
0.02739136399
0
0.001126563967
0.01382665516
0.004876344885
0
0.001858571906
0.002302183144
0
0.02506057319
0.05195913083
0
0.01562337898
0
0.01002018532
0.006636527086
0.007366996171
0.01428805137
0.008820145615
0
0.01921154226
0.01287055705
0
0
0
0.04811596581
0
0.001058427282
0.005316931413
0.01927107251
0
0
0.04017150283
0
0
0
0.02412051068
0.04235167218
0
0
3.29E-06
0.01449991822
0.04241135299
0.004475061909
0.03913588812
0.007574433584
0
0
0
0.01957628499
0.001095622946
0
0.008987094008
0.02031393835
0.01157773965
0
0
0.01068847323
0.03277522239
0
0.02148530217
0
0.02776523703
0
0
0
0.005276659792
0.01279446852
0
0.01488724572
0.003930927365
0
0
0
0.001253077757
0.03122213513
0
0
0.02919235645
0
0
0
0
0.06545532401
0.03009028962
0.01321417106
0.02133022871
0.04682641108
0.01312048838
0
0
0
0.002625464032
0
0.03991387321
0
0
0
0
0
0
0
0.00718287719
0.04289521239
0
0.01355078544
0
0
0
0
0
0
0.01085204279
0
0
0.01910044029
0.02488628386
0.02082446475
0.04828635648
0
0.005422555409
0.01686344294
4.52E-05
0.02299573634
0
0.04531409181
0
0
0.0465871184
0.01968892645
0.006838896165
0
0.00572414923
0.0101407334
0.0353793491
0
0.004027722424
0
0.02164978497
0
0.01798432123
0.003529679867
0.03695816329
0.005790123321
0
0.01797794661
0
0.05359719064
0.002064225093
0
0.02239707223
0.01874358492
0.03582948514
0
0
0
0
0.02339247204
0.002316120742
0.01826783103
0
0
0.0164065216
0.01622406704
0
0
0.02804659884
0
0
0.003490926126
0
0.01707819646
0.02529358795
0
0
0
0
0.01591398754
0.01705537244
0
0.00662447999
0
0.003086099757
0.02040564345
0.04611281503
0
0
0
0.003863822744
0.006969972919
0.01060568017
0.02503221838
0.04419420987
0.01497403743
0
0
0.03602057812
0
0
0
0
0
0
0.005574917652
0
0.0133068417
0
0
0
0
0.0514545639
0.02170079743
0
0
0.01367116839
0
0
0.02812659348
0.02325341426
0.02713865809
0.009161322984
0
0
0
0
0
0
0.005556144432
0.0210344939
0.01311535779
0.006352639979
0
0
0
0.03048307267
0.01983939951
0
0.03313468246
0
0
0
0.03183406583
0
0.0357784143
0.0332114343
0.05024326438
0
0.0061099782
0
0
0.0115412146
0.009821306095
0.02674808519
0.04816750539
0
0
0.01229932058
0.03261819867
0
0
0.01205654283
0
0.001824182291
0.002311243649
0.009481100273
0
0
0
0
0
0.0153736228
0
0
0
0.0197250967
0
0
0
0.006522528256
0.04272027011
0.03210537573
0.002694378884
0
0.03733880832
0.00512743753
0
0
0.05551017776
0.02261857638
0.03177464004
0
0.004338532362
0.04064136246
0
0.004036811613
0
0
0
0.003747980445
0.02629192141
0
0
0
0.008057471628
0
0.0047625385
0.004924648385
0.0195656724
0.04694741395
0
0.0224356764
0.05191197431
0
0
0.009505524806
0.002577908545
0
0.01403215599
0.02146527159
0
0
0
0
0
0
0
0.01098523215
0
0.01063322337
0.01439321774
0
0
0
0
0.01667449576
0
0.01263716229
0.000256901104
0
0
0
0.04580264796
0
0.02065865286
0.007634906858
0.04133610443
0
0
0
0
0.02545638947
0
0
0.07079495751
0
0
0.0267495315
0.01212371827
0
0.02500117976
0.0006204331382
0
0
0.03464759926
0
0
0
0.01258269273
0.008884548991
0
0
0
0
0
0.05530121133
0
0.02348011221
0.01100346608
0
0.02431786772
0.03232857469
0.02528766816
0.02621066052
0.007268702058
0
0.03129336274
0.02669945878
0.01993693976
0
0.02181601423
0
0.02339712656
0
0
0.006725244881
0
0.002501987093
0
0
0.05032625797
0
0
0
0.01610296521
0
0.001336184042
0
0
0
0.01870606781
0
0
0.005850474456
0.02329525015
0.01890702577
0.02020529281
0.03475206207
0.02221281117
0
0
0
0
0
0.0197649595
0
0.007145126938
0
0
0.001295687743
0.005614230515
0.03598867567
0
0
0.05056391413
0.02355997121
0.02371390727
0.001947153978
0
0.02207203437
0.02069717482
0.0219160576
0
0.02089141616
0
0
0
0.02869950774
0.03917980899
0.02563950493
0.01633563798
0
0.0148892998
0.02688512744
0
0
0.03140796364
0
0
0.009051669653
0.01240367743
0.01431834848
0.02686255112
0.0238837925
0
0
0.0239151131
0.02413927729
0
0
0
0.006268884649
0.01172228683
0.03636774316
0.03594922208
0.009718419377
0.03259077724
0
0.0100011536
0
3.55E-05
0
0
0
0
0.009949402684
4.40E-06
0
0
0
0
0.02450174148
0.01446291502
0.003484905974
0.01526114656
0
0
0.02400648253
0
0
0
0.02483874255
0.02031170566
0.002477817375
0
0
0
3.75E-05
0.003979984218
0
0
0.02919455727
0
0.01386146598
0
0
0.0008375243401
0.02099000921
0.01561408513
0.04074607858
0.009339030975
0.01152726556
0.02440253974
0
0.007558740897
0
0.0593916772
0
0
0.03843614552
0.02789278444
0
0.003495042908
0.02321833681
0
0.01426308792
0
0.008924296733
0.01123385015
0.0069688213
0
0
0.01707853001
0.05148586476
0.00891844186
0.01867152584
0.02072611387
0
0.02666564014
0
0
0.006867053333
0.01938725877
0.01738607536
0.02478042161
0.02367302381
0
0.001145120441
0.02192961511
0.01123464634
0.0105806627
0
0
0.004237865966
0.006084897327
0
0
0.0126234366
0
0
0.02997872431
0
0.01635094496
0
0
0
0
0
0
0.02045180379
0
0.01300054653
0
0
0.05354401719
0.0451496856
0
0
0.03538408409
0.01221771983
0.0002911999253
0
0.01820577658
0.02653344149
0
0.01379353489
0
0
0
0
0
0
0
0
0.03970947076
0
0
0.02019394455
0.0249094575
0.05325885645
0.01850031862
0.003989138195
0.03000532422
0
0
0.01156511122
0
0
0
0
0.01327647758
0.01614597376
0.02983849559
0
0
0.04114076968
0
0.02578350166
0
0
1.44E-02
0
0.008507258839
0.01175590656
0
0
0.002529339676
0.02704077465
0.04823855489
0
0
0
0
0
0.05834197905
0
0
0
0
0
0
0
0
0
0.040591684
0.008926582136
0
0
0
0
0
0
0.02058589158
0
0
0.02673108968
0
0
0.01556657428
0.008956053961
0.03107080787
0.02255692014
0
0
0
0.01453967561
0
0.03231979024
0
0
0.01036954658
0.01538220097
0.01658992459
0
0.008064751095
0
0.01869524817
0.03054401469
0.02380387844
0
0
0
0
0
0.02256712516
0
0.0254699879
0
0.001057306783
0.03275041666
0.08059021931
0
0.00E+00
0.03246624215
0
0.0003540738723
0
0.05876418976
0.06202884626
0.01632626096
0
0
0
0.00286095118
0
0
0
0
0
0
0.007983257534
0.02495933079
0.03236537762
0.05227272585
0
0.05616869211
0
0.02320975651
0.01864938408
0
0
0
0.03766849359
0.03575220804
0
0
0
0.0145941693
0.03080578584
0
0
0
0
0
0.0260202877
0
0.002699288947
0
0
0
0
0.008528311789
0
0
0.04607788659
0.02183963831
0
0.01843319782
0.007202183089
0
0
0
0
0
0
0
0.0072268886
0
0.02506327817
0
0.05723459082
0
0
0
0
0
0
0.008927175606
0
0.04336876654
0
0
0.04127315243
0.01198028939
0
0
0.01968577383
0.04124965039
0.007787182613
0
0
0
0
0
0
0.004639320567
0.03478713646
0
0.01449175284
0.01118329594
0.03843941677
0
0
0.02515350421
0
0.002298601156
0.009713136847
0.03020720404
0.04475481659
0
0
0
0
0
0
0
0
0
0.003879378065
0.003272061517
0.00660006936
0
0.009690227532
0.04675563548
0.01842093414
0.004265587793
0.04023807568
0
0.01214519779
0.04534321644
0
0
0.03629559492
0.01660499784
0
0
0
0
0
0.03450049808
0.02565401783
0
0.001488577358
0.03415352977
0
0
0.02524844709
0
0.005103757584
0
0
0.02404618458
0
0.005581035523
0.02000371725
0.02347151394
0
0.02499893479
0.03011945324
0.003753888568
0.02016334992
0
0
0
0.00610693776
0
0
0
0
0
0.03366060559
0
0.02293646326
0
0
0
0
0
0.02747180019
0.03533244737
0
0
0.01490645528
0.02794020261
0.001110371152
0.048872847
0
0.0008618016737
0.0003247198537
0.02448484911
0.02463351675
0.03244169467
0.004948107976
0.007628665392
0
0.01443233126
0.005468329554
0
0.01968478814
0
0
0.01289342246
0
0
0.02077673223
0.006609871184
0
0.0178490774
0.02866544504
0.03897153394
0.03078934856
0.01076915778
0.04054744996
0.006774110361
0
0.002986606446
0
0
0
0
0.001524313596
0
0
0
0
0.001711805678
0
0
0
0
0.006037984085
0
0.01932281919
0
0
0
0
0.0115860216
0.02178367994
0
0
0
0.02456421302
0
0
0.02657971146
0
0
0
0.00179889018
0.01782514124
0
0
0
0.03085065845
0
0.02630436095
0.04168167136
0
0.009010901353
0.01393095334
0
0
0
0.02867312947
0.04746874558
0
0
0.04406980895
0.03230276228
0.01954300405
0
0.02170438195
0
0
0.03749147975
0.00699217856
0.06354862909
0
0
0
0.01824512529
0
0
0
0
0
0.04065024714
0.002559297532
0
0
0
0.02016722571
0
0
0.01351512363
0
0
0.01530892121
0
0.03096376185
0.003137987756
0.02027356446
0.03023390848
0.03201181359
0.03927304873
0.005557094172
0.04463173984
0.02473452345
0.007196993607
0.01311218098
0
0
0.01529311509
0
0
0
0
0
0
0.01834092811
0.03037335169
0
0.01639173489
0.00745113363
0.02618512804
0
0.02002122039
0.03092116474
0
0
0
0.03669172964
0.03034722
0
0
0
0
0.03027408041
0.02273547618
0.02264855748
0
0
0
0
0.009787078145
0
0
0
0.01792740371
0.02008097835
0
0
0
0
0.02439930358
0.01884047202
0.01957514599
0
0.00317829584
0
0.008375120151
0
0
0
0.016275254
0.02355877475
0
0.04213355792
0.01941913112
0.02030043845
0.01656695254
0
0
0
0
0
0.02526468713
0
0.02134282328
0
0
0.0318516463
0.004315971498
0
0
0
0.02604166645
0
0
0.003982037459
0.02330464161
0
0
0
0.0005130742248
0.02133588946
0
0.03318570803
0.0277888512
0.003239491371
0.02613766168
0.02563591209
0.02534692294
0
0.03738773635
0
0
0
0
0.03820047855
0.0123961877
0.01225410502
0
0.03864465883
0.04180868687
0
0.01321444842
0.03067769716
0
0.01314633255
0
0
0
0
0
0
0.008576267832
0.01315438832
0
5.13E-06
0.03193617776
0
0
0.0475075451
0.01162236634
0.03246441746
0
0.0122501012
0.006929606124
0.02722405396
0
0.01588407289
0.0167858286
0
0.0161427637
0
0.03271707896
0.01515451627
0.03451252988
0.0307759672
0
0.02596876358
0.02925571694
0
0.007026993664
0.02854726201
0
0.001588005585
0.0006680585539
0
0.02444994231
0.005247829837
0.002272953182
0
0.01379626774
0.004665680645
0
0.001906876961
0.009977623954
0
0.03285848678
0.0005076828488
0.008301939285
0.0114883281
0.01219447437
0.03782428955
0
0
0
0.01487707302
0.01410850891
0
0
0.00274070427
0
0
0
0.0139430272
0.02361209289
0.000483207128
0
0.001632056786
0
0
0.01739956803
0
0
0.01917755581
0.02756199244
0
0.03490624432
0.002343448741
0
0
0.0146819355
0.02866178546
0.02039447337
0
0.05316587533
0
0
0.03655432874
0.02023271805
0
0
0.03431203687
0
0
0.00562482386
0
0.02280811157
0
0
0.01894274549
0.03992172491
0
0
0
0
0
0.03180106023
0
0
0
0.01392969076
0.04239097652
0
0
0
0
0.03064134354
0
0
0.01702222175
0
0
0.017938027
0.001590519023
0.01160249879
0
0.01736832293
0
0
0
0
0.006373462318
0.01210601247
0
0
0
0
0.02636082718
0.01577034969
0.03223495225
0.02493848625
0.00929721319
0.01685576807
0
0.03811197116
0
0
0
0.0385503135
0
0.003218729794
0
0.04616484145
0.01720150133
0
0.02037957836
0
0.005684854502
0.02974177272
0
0
0
0
0
0
0.01089131179
0
0.0006222149242
0.01835521123
0.04587099267
0
0.02013679966
0.0408841582
0
0
0.01535848289
0
0.03502040341
0
0
0.004966506797
0
0.002781302046
0.0386421692
0.01370782325
0
0
0
0
0.005585211963
0
0
0
0
0.03457237113
0.005218454909
0
0.04830704682
0.05723867603
0
0.04579706289
0.008175977463
0.008277211738
0
0.04323206665
0.01185392924
0
0.01811241062
0.001602693194
0
0.006777496946
0
0.01295861069
0
0
0
0.0003696571895
0
0
0.03691051526
0
0.008799456431
0.01593184945
0
0
0
0.01586651839
0.01355258552
0.00759284423
0.02637563449
0.01097689435
0
0
0.04569164192
0
0.002420685276
0
0.01676046972
0
0
0
0.01641643892
0.005936206775
0
0.004272341259
0.02827288832
0
0
0.02770431644
0
0
0
0
0.01534547854
0.01996984813
0.004481353899
0.00891001836
0.02234913442
0.03692486549
0
0.003143912527
0.03031969502
0
0
0.01364883865
0.0163701525
0.01391577146
0
0.008533423963
0.02233798306
0
0.05337880706
0.04405450751
0.003742475881
0.007436754828
0.02844551996
0
0
0
0
0
0.006827780354
0.009002231313
0
0.002674754525
0
0
0
0.03544172216
0
0
0.02614350969
0.03810432195
0
0.03064389346
0.0007585962001
0.0007444205971
0.01730445386
0
0.05481893023
0.01396939178
0.005197530504
0
0
0
0.01702192306
0
0.01252981231
0
0.007745979145
0.009677048631
0.01013834987
0.01116468794
0
0.008638307733
0.002908555492
0.02417941466
0.004435919217
0.002497291575
0
0
0
0
0.02489069
0.0242073098
0
0
0.006569799892
0
0.0009422269064
0
0.01620770642
0.03070873247
0
0.005721696364
0.03319607837
0
0
0
0.0533777498
0.03425748806
0
0.03011346507
0
0.02629540932
0.03044753616
0
0.0498779907
0.01673099959
0
0.00956364845
0
0.03279701974
0.0192291685
0
0
0.01249841404
0
0.01159011089
0
0
0
0
0
0
0.001032448195
0.0006949596552
0.04815401745
0
0.009450930122
0
0.01253111103
0.01525962676
0
0
0
0
0.03807611116
0.008935587095
0.02080708067
0.02326606106
0
0
0
0
0.02644083154
0.03848541164
0.02470719256
0
0.00938664467
0.03577265521
0.01679847607
0
0.03654585828
0.007484421007
0
0
0
0
0
0
0.01399927401
0.02055210925
0.008965948301
0.007480734943
0.01880618432
0.008704308684
0
0.0004851754904
0
0.02355461823
0
0.02281804059
0.01466396722
0
0
0.00904982033
0.02977136589
0.0119249393
0.0006603181024
0.02181151218
0.01203041427
0
0.008885840588
0
0.02722921634
0.01129192198
0
0.02178499814
0.0109496548
0
0
0
0.01519491969
0.02480082545
0.007366691187
0.03949878775
0.01044865761
0.03370531098
0
0
0
0
0.009311534995
0
0
0.02167271482
0
0
0.01448208753
0.03585765388
0.03519697209
0
0
0.007026999908
0.01941474777
0.009812592593
0
0
0.04093879729
0.0059729032
0.03434117556
0.02179197764
0.02849557863
0.0166956342
0
0
0.003365655609
0.002694704551
0
0.03111752288
0
0
0
0
0.008087161347
0
0
0
0.02166653889
0
0.003953792863
0.001112408957
0.008115011357
0.005969827147
0.01655437278
0
0.005612050352
0
0.03428921788
0.0145134277
0
0
0.005500047791
0
0
0
0
0.01532046598
0.005662721135
0
0
0.03229993802
0.03616677431
0
0
0.02033964161
0.01596110037
0
0.02197376968
0
0
0
0
0.02811676141
0.03632045572
0
0
0
0
0
0
0.02957463308
0
0.01933108744
0.03697671934
0
0
0.005580927057
0
0
0.04872707362
0.0003130730162
0
0.002964435304
0
0.02219376555
0.001326221757
0
0
0
0.03204846316
0
0.02797655849
0.01881723348
0
0.02486976252
0.001849111505
0.009022597588
0.02785343381
0
0.02189928097
0.01977258419
0.01500684166
0
0.001528454376
0
0.03114637718
0.01796951997
0
0.0001243423781
0
0.01593219038
0
0.0175715037
0.005487361611
0.03818982915
0
0
0
0.01274362571
0.004844936978
0
0.03510487492
0.02629478146
0
0.05053445159
0.03295392315
0.01093793124
0
0.02475030759
0
0
0.02376004133
0.04726977813
0.04655560461
0.001094423624
0.0433220232
0
0
0.0314773358
0
0
0
0
0
0
0.005719737236
0
0
0
0
0.0155247952
0
0
0.02566483162
0
0.01125924899
0
0
0
0.001769190938
0.02656116431
0.01879881281
0
0
0
0.02877467282
0
0.002489390113
0.009884729059
0
0
0
0
0.03124200286
0
0.002097750375
0
0.01969423398
0
0.02602892602
0.01405031495
0
0
0.01266557203
0
0.001941304446
0
0.01002345731
0.03702806242
0
0
0.03038079531
2.43E-02
0.004614528743
0.002277108955
0.004764964829
0
0.007717128501
0.05629141601
0.01431517088
0.05889176215
0
0
0
0.03445625003
0
0
0.00115504771
0
0.008106399043
0.03877045193
0.006533178879
0
0
0
0.01427273117
0
0
0.02527902143
0
0
0.01452175931
0.01133353658
0.04642274921
0.004473809173
0.005373542943
0.04044213538
0.02604923238
0.02460737586
0
0
0.001216589526
0
0.01392639067
0
0
0.007859769436
0
0.0005514833541
0
0.03995573954
0
0.00371634934
0.05886689289
0.01397054646
0.02659455683
0
0.02254188332
0
0.004797559048
0
0
0
0.02496079272
0
0.04540370247
0.03037632327
0.04591538887
0.002206871818
0.02268705809
0
0.03080470526
0
0.0457968507
0
0
0.01375268425
0.03303548234
0
0
0.006923955491
0
0.02939497109
0
0
0.0572136251
0
0
0.06904590223
0
0
0
0
0
0
0
0
0
0.04201650613
0
0.01387325754
0
0.02515499391
0.0347420351
0
0
0
0
0
0
0
0
0
0
0.02942071079
0
0
0.01106357637
0
0
0
0.02293856034
0
0
0
0
0
0
0
0.03638131485
0
0.02780255434
0.03061946141
0.009883211238
0.006572135781
0
0.01886906799
0
0.03914654008
0
0.01956710903
0.01276172535
0
0.02824007679
0
0
0.01873858712
0
0.001468040967
0
0.00704460058
0
0
0
0.02345863342
0.002651244153
0.02333011411
0.005747659615
0.02455055875
0.001026505185
0.03047164008
0.02703150323
0
0
0
0.02490176773
0.04818332197
0.02044220192
0
0
0.003242027616
0.02040981735
0.02364068482
0.02672307804
0.003296400369
0
0.002652559858
0
0
0
0.005955830296
0
0.00891292814
0.03491265298
0
0
0
0
0.02089286107
0.0200003135
0
0
0.006590001855
0
0.01962300553
0.01458499813
0.008270676005
0
0
0.04422412059
0.009435095829
0.02875788647
0
0.01057872288
0.02320688028
0
0
0.02385820036
0
0.01702137089
0.007607130573
0
0.02431882283
0
0
0.01757939616
0
0
0.003216798287
0.002986226879
0.02771306425
0
0
0
0.03600461417
0
0
0.001848045336
0.009470578841
0.02696280914
0
0.01681696806
0.02574964641
0
0.03170473134
0.01840829357
0.04154181324
0
0.01166565806
0
0
0.006767868898
0.003344814771
0
0
0
0
0.05234808121
0.0290759334
0
0
0.02055377466
0.002208105132
0.02681812829
0
0.008028773249
0.01317301752
0
0
0
2.05E-02
0.01443984393
0.02749706773
0.01120877171
0
0.01363671352
0
0.01521393227
0.01599845003
0.006919376356
0
0
0
0.02890148626
0
0
0
0.02297920168
0
0
0.05490850851
0
0
0
0
0.04619301281
0.03625903672
0
0.02391947368
0
0
0.04511673462
0
0
0
0.0206358274
0
0
0
0.01886346426
0
0
0.02309848185
0
0.03138850741
0
0.03309875634
0.003698608086
0
0
0
0
0
0.02119493021
0.02877953506
0.01509604112
0.007918089373
0
0
0.004968847386
0
0.005449883659
0.04188887598
0.01878512698
0.007614918219
0
0
0.001119473571
0.001955586504
0.02907716832
0.02661269252
0.03399709451
0.04661643474
0.023179854
0.005920357284
0
0
0
0.002992765756
0.04012561762
0.03871164599
0
0.0287650574
0
0
0.02661388701
0.004056012014
0
0
0.001431618051
0
0
0
0.006182449466
0.02073884796
0
0.004173457014
0.01053010416
0.02092854511
0
0.01198910905
0.03369865261
0
0
0.03274229399
0
0
0
0
0.01744857567
0
0
0.02724773882
0
0
0
0
0
0.002241636107
0.01790858246
0.02265908588
0
0.02089446911
0
0.02658763251
0
0
0
0
0.02248813355
0.02822511682
0
0.007262394819
0
0.01481264171
0
0
0.01186833524
0.006840140454
0.01956707331
0
0.02997718323
0.03649680665
0
0.009268242803
0
0.01567068949
0
0
0
0.03306627374
0.02487297871
0.01809504205
0.02534374557
0
0.0418200408
0.04372075064
0
0
0
0.01010133569
0
0
0.03384602853
0.02074804153
0
0.01389539061
0.002225710845
0
0.004594635096
0.01389922432
0.0138582724
0.01178818316
0
0.008208457449
0.03784779903
0
0
0.02391631376
0.01237380206
0
0
0
0
0
0
0.01902419989
0.001448606723
0
0.02405974022
0.03631702606
0.009872905702
0.01125014549
0
0
0
0.00602559712
0.04478643785
0
0.0205110196
0
0
0.01481806631
0.0008508982778
0.01304190399
0
0
0.02686797926
0.005234627243
0
0.007071273289
0
0.03322239275
0.02089387996
0.02624679169
0.007927448053
0.02623138521
0
0
0
0
0.04385762763
0.02203969053
0
0.01132185213
0.001247643018
0.0005108297534
0
0
0.03576798104
0.0009268369886
0
0.01937291319
0.04297298132
0
0
0.0059044254
0.02952259666
0
0.005263870291
0.02496315081
0
0.0006672558109
0
0
0.04537058565
0.03147556695
0.02951572785
0.003117970572
0.01778123563
0.006898337002
0.03903919707
0
0
0
0
0.01756359327
0
0.01758264938
0
0
0
0
0
0.03422675986
0.03997244667
0
0.001310224225
0
0
0.02367065125
0
0.00E+00
0
0.02254557478
0.03832724129
0.003602587688
0.01379282557
0.001791043981
0
0.06066994048
0.05652010019
0.02855709735
0
0
0.00E+00
0.02608134513
0
0
0
0
0
0
0
0.02845650405
0.04369085729
0.03842997654
0
0.06436409478
0
0.003771146877
0
0
0
0
0.03384550856
0.02434699481
0
0
0
0.0349649706
0.02642311393
0
0
0.01063284727
0
0
0.02668882677
0
0
0
0
0
0
0.001902281125
0
0
0.04866216641
0.01137207621
0
0.02581459432
0
0
0
0
0
0
0.01102184269
0.01141920722
0
0.008053592722
0.02788340457
0
0.07020248562
0
0
0
0
0
0
0.03087545869
0
0.02216709518
0
0
0.0163470599
0.004403187781
0.0003953737837
0
0.01436326056
0.04852183723
0
0
0
0
0
0
0.009016831235
0
0.03525366527
0
0
0
0.03963334685
0
0
0.0408723328
0.008683156962
0.005692418273
0.008162927192
0.02440835114
0.02576662347
0
0
0
0
0.01131332724
0
0
0.003463024197
0.002857477808
0
0.04862864049
0.002573631782
0.008371001594
0.04028991907
0.03615610321
0.0227009367
0.02943470398
0.04317814721
0
0
0.04592619643
0.0113359866
0
0.01406659719
0.008704387384
0
0.003738253419
0
0.01250860768
0
0.01133010173
0
0.01077707508
0
0.01437171539
0.014998553
0
0.02312078044
0
0.01723670781
0
0
0.02979893308
0.0009001280471
0
0.03369873086
0.01066919192
0
0.01505138633
0.02246036267
0
0.01955363328
0
0
0
0.02770055062
0
0
0.01907679002
0
0
0.04704966063
0
0.01459039353
0.003296079795
0
0
0
0
0.02449378401
0.02951094512
0
0
0
0.02539180968
0.009346608249
0.03566283891
0.002097847396
0
0
0
0.01645602844
0.01073843821
0.01488214573
0.02841520623
0.007038138168
0
0.02165068284
0.02491725685
0
0
0
0
0
0
0.01013265215
0
0.01452519953
0.01065902207
0
0.02680347898
0.01852612375
0.03774416026
0.04119104464
0.0260638022
0
0.004909218039
0.03804271811
0
0
0.01284715603
0
0.04593158242
0.0008832313098
0
0
0.01470519901
0
0
0
0
0.009516807202
0.01909490723
0
0.01319009426
0
0.02929398658
0.03816435901
0.01818433829
0.03738096846
0
0
0.02465982425
0
0
0.04464235166
0.02918237018
0.003412353797
0
0
0
0
0.005276084828
0
0
0.01611327433
0
0
0
0
0.01710612178
0
0.0257366811
0.02572269141
0.04919648129
0.0005793557737
0.02836506279
0
0.01709518242
0.007752403901
0
0
0.01554373689
0
0
0
0.01652144531
0.001101436938
0
0
0.01401830538
0.03363866391
0.001545966226
0
0
0.0273181116
0
0.007170420319
0.008385543758
0.02189474769
0
0
0
0
0.0242551438
0.04118130289
0
0
0
0
0
0.03492753837
0
0
0
0
0
0.04657174101
0.01994659228
0
0
0
0.03730403194
0.02589046073
0.01846015102
0
0
0.02273222799
0
0.001440859788
0.01819829018
0.02503274309
0.03874785451
0
0
0.007955557455
0
0
0
0
0.001420300085
0
0.03593864488
0
0
0
0.02486743849
0.04690858994
0
0.01307828282
0.008568049354
0
0
0.004979868975
0
0.01907601099
0.03737707289
0.04163890463
0.0003726459012
0.02703851637
0.03274460743
0
0.02342194376
0
0.01327047937
0.01981905975
0
0
0.02798215075
0
0.01656682652
0
0.003288374344
0
0.0166008883
0.02986604286
0.03310646386
0
0
0
0.0169480967
0
0
0.009520684451
0.007584673527
0
0
0
0
0
0.008541425315
0.03528512608
0.004132907604
0
0.007216690086
0.005457358749
0.01181349086
0
0
0.01557794997
0
0.03763762957
0
0.01462210402
0.05684473981
0.01006398064
0
0
0.01451370824
0
0
0
0
0
0
0
0.004027762113
0.01773441006
0
0
0.02046336549
0.02728969789
0.01187863178
0.03671423434
0.02969346764
0
0.005992973178
0.04978616683
0.01874922413
0.0001301086279
0.002472000091
0
0.008760064577
0
0
0.0101333275
0
0
0
0
0
0.004253346352
0.03045375289
0
0
0.01379934859
0.01984303689
0.02407022103
0.02365750634
0
0
0
0.04104253279
0.00490383261
0
0
0.01805256076
0
0
0.02117183164
0.01545398692
0.01661085252
0.009393012721
0
0
0
0
0.0217298757
0
0
0.03790470059
0.01436177988
0.02097033721
0.02147590337
0.04349545951
0.02292696766
0.01494545347
0.0009707737919
0.02612989193
0.0173017608
0
0
0
0.0144652332
0.01340228806
0.02161513301
0.03030037249
0.03553104901
0.01921577382
0.01310218977
0
0
0
0
0
0.002696966773
0
0.00994133723
0.02039011291
0
0
0
0
0.01993165552
0
0.02497214135
0
0
0.008087324483
0
0
0
0
0.02248920237
0.01118679543
0.007956026491
0
0
0
0
0
0.02858747111
0
0
0
0.03553792302
0.04058371507
0
0.0406667925
0.03182303633
0.0151421604
0
0
0.01633965198
0
0
0
0.01533308894
0.00131029304
0
0.01031395613
0.04474205328
0
0
0
0.04330296916
0.03078769832
0.001194633704
0.02039952973
0
0
0.02486493964
0.003794222394
0.02764056972
0.02051068961
0
0
0
0.01302959388
0.02250416803
0
0.02045345729
0
0.04780246197
0.01533781692
0
0.006806446405
0.0189981549
0
0.002520823509
0
0.02515096457
0
0.01930991438
0
0
0
0
0.01624923833
0
0
0
0.003610898689
0.01052081346
0.01922842098
0.03663463034
0.03612857927
0.02661189752
0
0
0
0
0.03897545677
0
0
0.01790022136
0
0.00871008911
0
0.003977000582
0.01620507229
0
0
0.02470598932
0
0
0.02688242986
0
0.004076015611
0.003554863436
0.005065117076
0
0.0217993165
0
0.0166837495
0.01769100405
0
0.0292447689
0.02335342733
0
0.00197034725
0
0
0
0.02348035748
0
0
0.01131644975
0.003018745543
0
0.002029309497
0.02104711998
0.04209516697
0
0
0.03331736631
0.03394526366
0
0
0.008244519437
0
0
0.03151131097
0
0.01780397501
0.01496010631
0.002853181084
0.03352687027
0
0
0.03891218589
0.009452928732
0.01190257571
0
0
0.01649474884
0
0.001692429713
0.03061477976
0.01362912878
0.02828672523
0
0.01387962706
0
0.01522509397
0
0.008098494188
0
0.001192465033
0
0
0
0
0.01595334835
0.01085005382
0.001223306599
0.008569555623
0.03255769189
0.01986334325
0
0.0230286208
0.004462532189
0
0
0.0298302793
0
0
0
0
0.006065867378
0.02747624101
0.01995164275
0
0.002977544367
0.01973950456
0
0.02069266565
0
0
0
0
0.02107824009
0.02906691779
0
0.04107707477
0.03410765119
0
0.03204658203
0.03855292239
0
0.006604346297
0
0
0.02408638392
0
0
0.007038215332
0
0
0
0
0.008902369195
0.01859455856
0
0.006240557053
0
0.01296522224
0.01604672246
0
0
0.02111321673
0
0.02082552247
0.03622463951
0.01306770607
0
0.01612122675
0.03599639238
0.01965815498
0.004505561711
0.00240195674
0.02489868928
0
0
0.04771921884
0
0.02001854458
0
0.04271327895
0.02367954107
0
0
0.02408567395
0
0.007356639905
0.03651409944
0
0
0
0
0
0.003812415765
0.00647550004
0
0.01728806453
0.01006376873
0.000131549159
0
0
0.02103421512
0.003970040791
0
0.02478407589
0.0317779192
0.04296193035
0
0
0.01845791876
0.02722138355
0
0
0.009223379305
0.0190535031
0
0
0.008179413104
0
0.002192947121
0
0
0.03995634694
0.01370483711
0
0
0
0.04678013493
0.01648367705
0.04240079017
0.01416215154
0.02646029021
0.003848449598
0
0
0
0.008700943112
0.03043194829
0.01204095056
0.003541220514
0
0
0
0.02248191348
0
0
0.01272882913
0
0
0
0
0.04494152766
0.03643314053
0
0.004780993715
0.02819896454
0
0
0.01429012331
0
0
0.0143600736
0.02324034031
0
0
0.01971491074
0.0212496118
0
0
0
0.01818182636
0
0.01646704765
0.03033270231
0
0
0
0
0.007284239681
0
0.03503531715
0
0
0
0
0.04912483122
0
0.009389312196
0
0.019584662
0
0
0
0.0001461578824
0.01194061354
0
0
0.0643797178
0
0
0.01484752579
0.01240939481
0
0.04170743853
0
0
0
0.02615496196
0
0
0
0.007493158872
0
0.007606684483
0
0.004487030185
0
0
0.05748941146
0
0.02032490631
0.01412448989
0
0
0.03567342902
0.01720792603
0.01856951753
0.01399500659
0
0.04539712882
0.03791282215
0.01461903215
0.005610028143
0
0
0.0266599483
0
0
0.02878873952
0
0
0
0
0.04543629379
0
0
0.001500271178
0.03290874049
0
0
0
0.03221302727
0.03615542376
0
0
0.01014188694
0.004878524438
0
0
0.01000393332
0.0162893413
0
0.0082604859
0
0
0.02108755587
0.01569143243
0.02566368542
0.0201427752
0
0
0
0
0.01640006937
0
0.02139707217
0
0
0
0
0.02939989433
0
0
0
0.02026856376
0.0150086873
0
0
0
0
0
0
0
0
0
0
0
0.007331025812
0
0.03613339644
0.02365745084
0
0
0.04663737581
0
0
0
0.04212068635
0.01429298535
0
0.01237655382
0.007185928868
0.02964010711
0.02092761117
0
0.03739715473
0.01524833081
0.0198147711
0.03271393015
0
0.05990224397
0.0277154919
0
0
0.01467394315
0
0.02310572522
0
0
0.006152311271
0.02374909963
0
0
0
0.001612919146
0.0392254805
0
0.0005152003505
0
0.0202105521
0.005481772104
0.002665196665
0
0.006957820943
0.00511689703
0.03775447092
0.03380412805
0.02069614667
0.02218093326
0
0
0
0
0
0
0
0
0.00790329936
0
0
0.007771544417
0.00989500654
0.0394258651
0.02740515456
0.01401970726
0.01744732384
0
0
0.004264815603
0.01353036408
0
0
0.03119450203
0.01932085252
0.01567161419
0
0.01466188613
0.01625204158
0.04605604021
0.03007007772
0
0
0.002593668974
5.28E-05
0.0005334921538
0
0.005306372662
0.04618170925
0
0.01117123748
0.0364243575
0.02836165417
0
0
0.0004870251829
0.03698137384
0.04873323855
0
0.01796616169
0
0
0.03700890112
0
0
0
0.02449133046
0.009368693669
0
0
0.01347120476
0.01906153466
0
0
0
0.008138542328
0
0.03286498138
0
0
0
0
0
0.01503997052
0.03113200747
0.01997616909
0
0
0.009085635138
0.02375541664
0
0
0.01253584792
0.01321264607
0.01525833856
0
0
0.05051925486
0.03348404666
0
0.01976415112
0.04396068192
0
0.01244709172
0.005740413774
0
0
0
0
0
0
0
0.01291856231
0.008553503773
0.03268693311
0
0
0.002133265977
0.01317306072
0.01266406391
0
0.03686517094
0
0
0.007035597658
0
0.001635843218
0
0.02979288342
0
0
0
0
0
0.0120528961
0
0.03458717044
0
0.03984794632
0
0.007896813531
0.0008056687235
0
0
0.04112058657
0
0.009253259958
0
0
0
0
0.0006367792183
0
0.02764000476
0.02223957735
0
0.02603752359
0
0
0.01584091285
0.05414566941
0.0113608396
0
0
0.01848066902
0
0
0
4.90E-03
0.03238896334
0
0.004912761953
0.006292010465
0.03720934974
0.004351870984
0
0.02965793562
0.005775723197
0.02248414081
0.01662193371
0.01781393376
0.04523696097
0
0
0
0.01876607952
0
0
0
0
0
0
0
0
0
0.009784916632
0.02249210097
0
0
0.01030982069
0.01621577379
0
0.02964214608
0.009201532001
0
0.04107835762
0.03840690031
0.03729769181
0.01370461495
0.04605105508
0
0.03943110211
0.04299390231
0
0
0
0
0.01567394855
0
0
0
0.004583466042
0
0
0.04026418326
0.03297352347
0.03352742072
0.03108125411
0.01339996508
0.02510141923
0.03570829024
0
0.001997573452
0.007093381763
0
0
0.0556295871
0.05620696156
0
0.00E+00
0
0
0.03439236539
0.01875694015
0.02856069286
0
0
0.02445487696
0.01948070441
0.0003513964417
0
0
0
0
0
0
0.01014455276
0
0.01860313923
0.06391584241
0
0.01611655984
0.01451890484
0
0
0
0
0
0
0.001125777824
0.001458831615
0.0006624302493
0
0
0.06433845691
0
0
0
0
0
0
0
0
0.03729096505
0
0
0
0
0.01709437891
0.0298995277
0
0
0.02392880556
0.009172188146
0.007146089783
0.01395202883
0
0.0009956778532
0
0.006465270236
0.03258843966
0
0.02382116171
0.006350679255
0
0
0
0.01304414629
0.006581286095
0.01912190402
0
0
0
0.01970850421
0.02124163278
0
0.03263445969
0
0.02312411106
0.03141566066
0.007896640091
0.01409955105
0.03283442545
0.01173948627
0
0
0
0
0
0
0
0
0
0.001370154952
0.02981507093
0.007596205804
0
0
0.01322670573
0.02895092975
0.01571238368
0.007320747051
0
0
0
0.001400655559
0.0554189503
0
0.00E+00
0.002931043467
0
0.001962096901
0.02530195422
0.006179147197
0.01467142612
0
0.02209729452
0
0
0
0.03736470937
0.007714161591
0
0.001013562357
0.04881539222
0
0
0
0.03004243167
0.01490274105
0
0
0
0.02198191732
0
0
0.03859185914
0.02787568693
0.01809669436
0.06476754804
0.02474182353
0.03051265863
0.01130030655
0
0
0.04393779479
0
0.002789020241
0
0
0.00115678009
0
0
0
0
0
0.05624644471
0
0
0.01480424202
0
0.006557948548
0.002137185867
0
0.001844649285
0.01380467066
0.01263901858
0
0.02762388019
0.01008763482
0
0
0
0
0.04207286013
0.002812774867
0
0.03340974595
0
0.00727042324
0.0006146396827
0.04831290712
0
0
0.01330342218
0.02640628491
0.006326310801
0
0.02553204284
0
0.02135253147
0
0
0
0.004723104703
0.002950459302
0.01807559927
0.04618330289
0.0580651805
0
0.01471611962
0.0006599001738
0.02681295239
0.02520925599
0.03795896363
0.003605304399
0
0.03639623309
0
0.01520732251
0
0
0
0.03938625826
0.02260241699
0
0.0191196625
0.0001820362313
0
0.03696259283
0.01521237463
0
0
0.009552207327
0
0.002245531906
0.008000321632
0.01546436497
0
0.02520496143
0.01848648525
0.02783298953
0.001139271048
0
0.01012858702
0.007322466255
0
0
0.01343390464
0
0.0325323359
0
0
0
0
0
0
0
0.01614856608
0.01023460653
0
0
0.005160854296
0
0
0.01770359458
0
0
0.0009521100035
0.007504262954
0.01112854724
0
0.003837901898
0.01164862277
0
0.02953731514
0.01074910673
0.03268959615
0.004030675268
0.01588783038
0
0
0.007661295567
0
0.05229955299
0.05516715936
0.01595886759
0.00922118332
0
0.02591733525
0
0.005329803845
0.009077309465
0
0.00115850132
0.003406854262
0
0
0
0
0.01048613354
8.86E-05
0
0
0.01726838099
0
0.002573804809
0.009196562371
0
0
0
0.01158849502
0.05340814149
0
0
0
0.03425709246
0.02319100307
0
0.0558322538
0
0
0
0.005247257591
0.03818842351
0
0
0
0.0218631764
0.009893256635
0
0.00815698202
0
0.03191985824
0
0.01617353253
0
0.005749915026
0
0.02582758507
0
0
0.03752876192
0
0.00712269632
0.007134584609
0.007670301607
0
0
0.02548441809
0.0442721729
0
0
0
0
1.48E-02
0
0
0.05111768882
0.00E+00
0
0.03160572808
0.0473562762
0.004161091976
0
0
0.005886714115
0
0
0.04883246142
0
0
0.004141304012
0
0.007524827569
0.01128417918
0
0.01781145759
0.05322649325
0.006937870842
0.02744245913
0.0227255811
0
0.004470093414
0.003180638047
0.0324459655
0.02096837339
0.01309889068
0
0
0.02524344529
0
0.002898603801
0
0
0.03245516305
0
0.008139166938
0
0.01125120388
0.01067320334
0.02573405233
0.03313309489
0
0
0.01793232925
0
0.02694693844
0
0
0
0.01271452235
0.01833813879
0.00350540788
0
0.01857227456
0
0.0002456494884
0.003511379674
0.01987136574
0.01925285966
0
0
0
0.01383051438
0.03751842487
0
0.01468185033
0.009757142029
0
0
0
0.01179767434
0.03460075846
0
0.0474265368
0.01152312778
0.04474577984
0
0
0.02109357574
0.0008820465195
0.02646580534
0
0
0.02100928758
0
0
0.002237394214
0
0.01452727169
0
0.006861156687
0.05237999855
0.03036227934
0
0.02614073642
0
0.01658469578
0.02493468283
0.03247059496
0.03417067086
0.008128282974
0.0005870724825
0
0
0
0.02030656637
0.01526666266
0.002693033439
0
0
0
0
0.002265576145
0
0
0
0
0
0
0.01247709029
0.01992979391
0
0.01820449129
0
0
0.02078986047
0
0
0
0.02759916265
0
0
0.03085056481
0.02977057155
0.03820906106
0.01529265674
0.01330129422
0.03266418
0.01417334084
0.001180624447
0
0
0.004259441805
0
0.0480452702
0.06250608906
0.02787028484
0
0
0.006730752692
0.03499694162
0.00725925451
0.03610126677
0
0
0.006258114659
0.02601147501
0
0
0
0
0.005926788834
0.002648774812
0
0.02021788319
0
0
0.06086334904
0
0
0
0
0
0
0.01205747469
0
0
0.01742522083
0.0261983274
0.02398064047
0
0
0.0458720047
0.00930616263
0
0
0
0
0
0
0
0.0112585412
0
0
0
0
0.004569452994
0
0
0
0.006781012479
0
0
0.01771808161
0
0
0.008218213842
0.0005298432304
0.0520761709
0
0.02005281729
0.0316542447
0.0125246912
0.009055429912
0
0.04596929119
0
0.0206139994
0.02428684159
0.02164610865
0
0
0
0.01948006256
0.002448486488
0
0.0102091168
0.0001042331466
0
0
0.0003177090152
0
0.0368728746
0.03759339076
0
0
0
0.0002008670217
0
0.01181752449
0.04629869576
0.003021293278
0
0.0280007119
0
0.0244077145
0
0
0.02407037738
0
0.03183055575
0.01844481342
0.002433850279
0
0
0
0.02232522461
0.01286791897
0.02910030082
0.0337175062
0
0.01514637384
0
0.01072288359
0
0.03614702838
0.0008526004002
0.01780447403
0
0.002728117417
0.03179605939
0
0
0.02767369118
0
0.00190234778
0
0.0006039249437
0.02079226205
0
0.003172950495
0.008961284006
0
0.0395718863
0
0
0
0
0
0
0
0.04105088344
0.04943495957
0
0.03332886664
0.00360296721
0
0.0240100134
0
0
0.02238923929
0.02546155882
0.03468198591
0.0005930581829
0
0.03948284886
0
0
0
1.23E-05
0.01635757637
0.03645564649
0.008298301137
0
0
0
0
0.005467749152
0
0
0.0308248247
0
0.03845103475
0.02307229508
0.002859867805
0
0.0269477905
0.03328768555
0
0
0.01720876492
0
0.01144988529
0
0
0
0
0
0
0.02274881542
0.01783868661
0
0
0
0.02709053818
0.001518093998
0.003167610896
0
0
0
0.03502235881
0
0.02321113561
0
0.02951703819
0.01298625283
0
0.02567955527
0
0
0
0.001238220807
0.04493127902
0
0.009299944238
0
0.009207037753
0.02152958805
0.0200268123
0.01129851815
0.004845441999
0.003919675753
0.0006048440176
0.01296187871
0
0
0
0.004802010832
0
0
0.03359440411
0
0
0.0227979004
0.003273376722
0
0.005083472541
0.009164325187
0.03068659554
0.001093144484
0
0
0
0.009986582758
0.01329775141
0
0.01626891541
0
0
0.02467607945
0.0322002613
0.03259342647
0
0
0
0
0
0.05542613764
0
0
0.04275998967
0.02267757232
0.006481740255
0.03887893356
0
0.01481174544
0.03104835294
0.02565180635
0
0
0
0.01844512299
0.002230292577
0
0.008467878174
0
0.01687405532
0.01302690839
0
0.02037946368
0.0004058373801
0.01381492501
0.03372261863
0
0
0
0.01881905629
0
0
0
0
0
0.02580972353
0.004423624865
0.01194369041
0
0.02935085876
0.02840864925
0.04322099363
0
0
0
2.06E-02
0
0.01907023865
0
0.01267424129
0
0
0.02464928385
0.01233148998
0.02612569357
0
0
0.04820173516
0
0
0.01120860765
0.02282640632
0.01736697695
0
0
0.009808015165
0
0.001901832373
0
0.01665316511
0.04158889496
0
0
0
0.05907600061
0
0
0.02051590008
0.03507827098
0
0.02963490352
0
0.0357713295
0
0
0
0.05128100785
0
0.0009134066204
0
0
0
0
0
0
0.01911065694
0
0.03296482089
0
0.0006088174825
0
0.01175622981
0.01776771751
0.0206657537
0.01555449263
0.01525906557
0.003184835529
0.01692447685
0
0
0.03957951875
0
0
0.003958644425
0.04699464385
0.03993085371
0.0003059923363
0.04570718408
0.01783497958
0
0.01314678657
0.03362028989
0.007704244946
0
0
0
0
0.006312659471
0
0
0.0119797154
0
0.01478485559
0
0
0.01379679338
0.00E+00
0
0
0
0
0
0.0445336511
0
0
0
0.03442484095
0.01181384442
0
0
0.009290514025
0
0
0
0
0.03126985581
0
0
0
0.002231713192
0
0.02860848194
0
0
0.02480990117
0.02142543258
0.006911349177
0.01796239173
0.01893123926
0.02308585947
0.02049456105
0
0.01562579987
0.03594455166
0
0
0
0.009990216297
0
0.02717042543
0.04770810766
0.02741361919
0.05170221524
0.007066550568
0
0
0.002457933634
0
0
0
0
0.0251184668
0.05315472163
0
0
0
0
0.01588535249
0
0.01406234735
0.008207405857
0
0
0
0
0.02073767237
0
0.02133645099
0.04294815868
0.02159872518
0
0
0
0.04445192589
0
0
0.0008487487609
0
0
0.03044760059
0.02587620841
0
0
0.03098879873
0.003088090104
0
0
0.02118409431
0.04787790272
0
0
0.02282057909
0.04160556494
0.02342213483
0.03839022422
0.01441544037
0
0.005981213673
0.008599877677
0
0
0
0.02272802809
7.77E-05
0
0
0
0.02244564854
0.002351214094
0.001179151814
0
0.01296070327
0
0
0
0.01982375353
0.01026761079
0.002959497529
0.01716470876
0.0295924887
0.001046784858
0
0
0.05124273046
0
0.01534057035
0.01382110001
0
0
0
0
0.00436170397
0
0
0
0
0.0195703207
0
0
0.02010346712
0.01103733436
0
0
0.004508156734
0.019502741
0.002295733409
0.007878191404
0.03049514405
0.002983476663
0.02301419022
0.01040369957
0.05227947569
0.02658345215
0.02358837102
0.04704916574
0
0
0
0
0
0.04928775784
0
0
0.01373289102
0.009438716855
0.02005850218
0
0
0.003035843922
0.015791546
0
0.02997139264
0
0
0.01885066531
0
0
0.02691109776
0
0.02220719458
0.0005882482204
0.007498618639
0
0.02986569063
0
0
0
0
0.01005166699
0
0
0
0.01434891736
0.02191320745
0.02679037471
0
0.02835756752
0
0
0
0.0009781698945
0
0
0
0.01016638003
0
0.001264996204
0.02308219228
0
0
0
0.03141850876
0.01872154324
0.0231526233
0
0.002154791048
0.03961282548
0
0.01601251055
0.004303666761
0.00E+00
0.02290814624
0.01278983386
0.01644597896
0.01147774327
0.03397875237
0.01711565925
0
0
0.02499664237
0
0.002866609576
0
0.0112841447
0.01223161285
0
0.0004539941496
0.01976951619
0.03549763272
0.01118103865
0.01543564225
0.002306149014
0.01251191303
0.04607825973
0.001126618184
0.0215606191
0
0.03107338601
0.04820657949
0
0.006762867988
0.01768120321
0.01001078403
0
0.01327029738
0.02814048197
0.01235199247
0.02356387628
0.01210205841
0
0
0
0.02866009457
0.001398454721
0
0
0.008352219862
0.01818634779
0
0
0
0.01248403635
0.0162407292
0
0.03873252089
0.0278244634
0.032402131
0.05240443645
0.008292545864
0
0.01759895307
0.02235908737
0
0
0
0
0.02808371442
0
0
0
0.01228619806
0
0.02922537641
0.01949720712
0
0
1.72E-02
0
0.007120134821
0
0.001374357291
0.01831503729
0.01335618642
0.03590051941
0
0
0.01271872313
0
0
0.02131274335
0.02596176229
0.003370468513
0
0
0
0.02011768631
0.009512094039
0
0
0.01493865903
0
0
0
0
0.02072309485
0
0.04259288236
0.02074941353
0.03610788865
0
0.01280748757
0.004353597344
0
0.03563636792
0
0
0.03175431291
0
0
0
0.01680391068
0.01250033318
0.01374825061
0
0.0160261544
0.03398309996
0
0.02153531983
0
0.009417956373
0
0.02284495947
0.03772424087
0.01370172283
0
0
0
0
0
0.02159243718
0
0
0
0
0.01324091548
0.0372072286
0
0
0.006310386225
0
0
0.03071908395
0.03689509188
0.01731490288
0
0
0
0
0.02979506023
0
0
0.02229451071
0.004023365592
0
0.008921426613
0
0.01274424223
0.006320908763
0.03306443266
0.03612662373
0.02464665582
0.02728140454
0
0
0.01821761985
0
0
0.007212872629
0.002534942258
0
0
0
0.008288913636
0
0.03622011954
0
0.02350367672
0
0.01596586669
0
0
0.0123499686
0
0.01767681111
0.0004230924241
0
0.0394083994
0
0
0.005914755939
0
0.006017773151
0.02124456503
0
0.02850664219
0.02992848761
0
0
0.004591989157
0.03547303792
0
0.004974889521
0.01503696781
0.01090422245
0
0.02444433602
0
0.03277707265
0.003070234365
0.005453518829
0
0
0.002195346722
0.04772612157
0.02844403662
0
0
0.004160477225
0.03536343239
0
0.03262415731
0.003216497244
0.01749208072
0
0
0.006351957679
0.03365708661
0.01810791459
0.01021245858
0
0
0.005102887306
0.01279620802
0
0
0
0
0.02900956663
0
0.01325128567
0
0.04217906008
0.03583963934
0
0.0175463785
0
0.00867685635
0.02323290643
0.02333945768
0
0
0.03214323012
0
0
0
0
0.03188342118
0
0.01427520064
0.0008742385119
0.02588278335
0
0.01720540294
0.02944229126
0
0
0.02870959367
0
0.01076660219
0
0
0
0.002611787282
0
0.02409357348
0
0.02680765598
0
0
0
0.008866537274
0.01459435486
0
0
0
0.005171121841
0.0449839141
0
0.0004031001445
0
0
0.002034636654
0
0
0.03570341106
0
0.03386341443
0.009359193956
0.03533144218
0.01070121178
0
0.02813055164
0.004811637571
0.03140040708
0
0
0.00395800155
0
0.00329156088
0.006555563333
0
0.006134880713
0.005259452708
0.03126116763
0.04420576328
0.02096353589
0
0.03026225142
0.02496954176
0
0.0200046763
0.02026588917
0.0327609932
0
0
0
0.02029983757
0
0.01851055058
0.01911197307
0
0
0.01224552396
0
0
0
0
0.0190738234
0
0
0
0
0
0
0.001064813302
0.003211203524
0
0
0.0002606309522
0.005548244032
0.01526833266
0.01055313591
0.03367150809
0
0.02940984106
0
0
0.04479387487
0.005047208155
0
0.02034291787
0.02033679354
0.003844811286
0
0.0003423623848
0.03786622537
0
0
0.02921406632
0.03110731917
0.03976795998
0.01257109866
0.03326101809
0
0
0.002257609792
0.03012809827
0
0
0.03678432739
0
0
0.02551815534
0.008197366937
0
0
0
0.03277754132
0.02077388674
0
0.01191541416
0
0
0.00810465593
0
0
0
0.05508355556
0.02424812036
0
0
0.03177392289
0.04828060452
0
0
0.0004625652693
0.01023667076
0
0.02599585703
0.02335394154
0.001308366988
0
0
0
0
0.0008340060932
0.01565041814
0
0
0.01167501144
0
0.02051008332
0
0
0
0
0.007559107461
0
0.002260817216
0.04848927237
0
0.03922647048
0.03159903863
0
0.0134380028
0.0145950402
0
0
0.01947870585
0
0
0.003373630971
0.02329615771
0.005916996587
0
0
0.05749450133
0
0.01189472845
0
0
0
0
0
0.02268507962
0.04401012225
0.0303299247
0.003906947755
0
0
0
0.01412884563
0
0
0.001390743953
0.01894993057
0
0.009235348229
0.008300318586
0
0.004110932848
0.002935653227
0
0.05654580128
0
0
0
0.02213020166
0.01754634106
0.0333415232
0.05233604471
0.03268268714
0
0
0.006923073567
0
0
0.01227373462
0
0.05663720201
0.03128938683
0
0.03559746536
0.003004811122
0.006003974074
0
0
0
0
0.009327029918
0.03797670706
0
0
0.001393258646
0
0.03723539136
0
0.00445452635
0
0
0
0
0
0
0.003849827718
0
0.02782035154
0
0
0.05318632172
0.006072524617
0
0
0.06324361647
0.0005987432887
0.02068865246
0
0.006602194578
0.02316388657
0
0.009698280982
0
0
0
0
0.01592573861
0
0
0
0.03783036242
0.01266047664
0
0.02314758523
0.04088299892
0.003421016827
0.006182916454
0
0
0.0301473512
0
0
0
0.03315109361
0
0
0.01021443269
0.01122243268
0.04758656785
0.0294852996
0.03474196088
0.04773739298
0.008825335705
0
0
0
0.007477442521
0
0.05657782246
0.03201927218
0.01002164299
0
0
0.02484717904
0.005476861239
0.002817336197
0.02852003453
0.01031095875
0
0
0.006712493201
0
0
0
0
0
0
0
0.005856575221
0
0
0.04010076699
0.009126944298
0.006781496374
0
0
0
0
0.003165808473
0
0
0.02145042634
0.009647911556
0.03137939161
0.0002870797284
0.0135438389
0.06090183212
0
0
0
0.007569308789
0
0
0.03097107356
0
0
0
0
0
0
0
0
0
0.01124249877
0
0
0
0.02218160162
0
0
0.007298993145
0
0.05817032953
0
0.01431779189
0.002684336519
0.007428756029
0.008237590147
0.02419726598
0.05958338261
0.001919561343
0.03042801073
0
0
0
0
0
0.02356240827
0
0
0
0
0
0.007596922672
0.001588314916
0.01717174788
6.58E-02
0.02815229699
0
0
0.003592566904
0
0.0002332915509
0
0
0.007372710192
0.01253314709
0.00487791985
0.008384590562
0.01290355507
0.02236423598
0.02290584498
0.04093116164
0
0.03690264028
0.002196335927
0.01533752773
0
0
0.01724473631
0.0411387278
0.02096247479
0.01781343367
0.01350048977
0.01005760166
0.03346229668
0
0
0.04477832952
0.02724570861
0.007917377147
0.04684507368
0
0.01190685862
0.01705167201
0
0
0
0
0
0
0.03674085208
0
0
0
0.01930319917
0.009629196131
0.007687005738
0
0
0
0
0
0
0
0
0.01983945167
0.03125482284
0
0
0.02363675734
0.01242149905
0
0
0.04580910824
0.01447351923
0.0320636196
0
0
0.04113852313
0
0
0
0
0.01251043837
0.02085832887
0.006556141502
0
0
0
0
0.02175113176
0
0
0
0.01713615881
0.00934045325
0
0.009288827271
0
0.03258048189
0.03410459295
0.008443638092
0.008229122422
0.01925727069
0.004108710662
0
0
0
0
0
0
0
0.02283363159
0.009119987577
0.001930070371
0.0111035035
0.03457023469
0
7.31E-05
0.03217546094
0.03704986914
0.03105280579
0.004812292263
0
0
0.001729635273
0.01691974396
0
0
0.01472969161
0
0
0.0529385222
0.01718462714
0
0.006587567652
0
0.01961778616
0.03793689195
0
0
0.003638506488
0
0.01500122383
0
0
0.02239306937
0.05184323974
0.02335121106
0
0
0.0358209746
0.01756118906
0
0
0
0.03325938656
0
0.04473138572
0.02717776087
0.01320380089
0.005505387725
0
0
0
0.02983177573
0.009251127663
0
0
0
0
0.02059907185
0
0
0.01021626649
0
0.009188501542
0
0.008983542024
0.0359528386
0
0.01313958064
0.03831854513
0
0.0265805841
0.009596339704
0
0
0
0
0