0
0
0
0.03664940598
0
0.0001267427778
0
0
0.01166128714
0.01062384186
0.03740482677
0
0.01127606426
0.03321927034
0
0
0.007633094521
0.01534230447
0
0.007118572354
0.03546414281
0
0.03706282695
0.01751426221
0
0.007635079397
0
0
0.02825670082
0
0
0.01210933492
0.007800431291
0.02083168843
0
0
0.004650990474
0
0
0
0.006300302367
0
0
0.02097407132
0.03261818317
0
0
0
0
0
0.0157703173
0.005775518343
0
0.02044637651
0
0.02073546519
0
0.03313460319
0
0.001788938943
0.0372965192
0.01383534156
0.02280900786
0
0
0.01551639377
0.03896806546
0
0.01792849878
0.04808662925
0.01784445093
0
0
0.00825279237
0
0.01277682209
0
0
0.03583985568
0.001487666653
0.02357909741
0.03063503105
0.01799243983
0
0
0.001325447529
0.01675979666
0.007691548954
0
0
0.02603595448
0.0001639055475
0.03227438011
0
0
0.01000764069
0.004039814236
0.001189353083
0.03874116924
0.01899773345
0
0.001870954563
0
0.03901711904
0.004917750853
0.01451845989
0
0
0.004099434203
0.01784392692
0.01294822447
0
0
0.01352026151
0
0
0.006196076533
0
0.01872129294
0.008235440082
0.004779776635
0
0.04446297713
0.007542257376
0
0.009183294775
0
0
0.001033999063
0.006532380026
0
0
0.03366868147
0
0
0
0
0.008339094002
0.01422130094
0
0
0
0
0.007158088253
0.01169437953
0.02282550615
0
0
0
0.0322756293
0
0.01844873264
0
0
0
0
0
0.006156520985
0.0379205328
0.01588754965
0.003963810987
0.02544415755
0.01623027232
0
0
0.01696481677
0.01847921241
0
0.004472043711
0.03612499294
0.01057122142
0
0.01416414825
0.004624978676
0
0.01413112931
0.02278104069
0.005512242009
0.02643654701
0.002172624453
0.03424627814
0
0.005206757095
0.02319586043
0.01472438264
0.02606002093
0.01420465864
0.02929942347
0.02498031954
0.01066996158
0
0
0.03310647388
0
0.02445053412
0.01067979007
0.02303595572
0.03530097854
0.03532044878
0.009425276165
0.004120283832
0
0.01969345833
0.01684394242
0
0
0.006796097567
0
0
0.01383492363
0
0
0.007654293806
0.02804805914
0.02210020671
0
0.01496073083
0
0
0.01742607935
0
0
0.03975906346
0
0.02523750899
0.001196036581
0
0.006350978553
0
0.05572124732
0.008445683678
0.02396608742
0.02763028635
0
0
0.01669253486
0.03730233237
0
0
0
0
0
0
0.01137196381
0
0.0355963414
0
0
0.006703556593
0
0
0.02157905997
0
0.009790899838
0
0
0.02011186277
0
0.004024451301
0
0.01540196314
0
0
0.03214286164
0
0.04587341714
0
0
0.02655178911
0.04045118181
0
0.00393759599
0
0
0.004296422714
0.05472180967
0
0
0.01870906567
0.002166340282
0
0.03943503412
0.0289482185
0.005700650872
0
0
0.03733027172
0
0
0
0.008068419297
0.006265494103
0.008643695825
0
0.04442299762
0.005803735379
0.05855043091
0
0
0.009620633616
0.00692432491
0.01509889152
0.002173103423
0
0
0.0135701324
0
0
0
0
0.02065570567
0
0
0.01055308764
0.03048110055
0
0
0
0.009805933948
0.0004145795829
0.004313184461
0.02374613149
0
0
0.0036617424
0.05260002567
0
0.03429289839
0.04602078887
0.02914352068
0.008292981495
0.02766729667
0
0
0
0
0
0.02693865883
0
0.003834947206
0.03077447956
0
0
0
0.01533396357
0
0
0.01272677933
0
0
0
0
0
0.006047444882
0.02718367599
0.01802389947
0.03362682726
0.0156273821
0.01019914845
0.01365341158
0
0.01500659415
0
0.02370070202
0
0.01797116147
0.00353209028
0.0004067360856
0.02243664738
0
0.02250473713
0
0
0
0.01237054955
0
0
0.03020734264
0.01100798679
0.02251179577
0.03985739482
0
0
0.02750788452
0.0361361377
0
0.009246767635
0.01817034123
0
0.009163414771
0.01635710916
0.009520253234
0.02540960285
0
0
0
0
0.01617237346
0.03625783256
0.02115849681
0
0.05496509697
0
0
0.04110009318
0.0567045895
0.02203755276
0
0.03302102315
0.01544827298
0
0
0
0
0.03885487847
0.01960157226
0
0
0
0
0
0.03360283779
0.002730512177
0.03628573945
0
0.04196343029
0.0005105614414
0.01190134342
0
0
0.02628872421
0.004722782006
0.01552687024
0
0.003443601422
0
0
0
0
0
0
0
0.009196986599
0.006492646124
0
0.02712860901
0
0
0
0.04343488248
0
0
0.02164081414
0
0
0
0
0.0003696612316
0.03382670722
0
0.01674262137
0.04105136066
0
0.007159935607
0.01986577201
0
0
0.003034178346
0.03044585428
0
0
0
0
0
0.02684861526
0.008708337811
0.01485577695
0.01718449389
0
0
0.005997966264
0
0
0.0425473933
0.005135014609
0.01126944168
0
0.02642336241
0.06038906017
0.02640652528
0
0
0.02329265811
0.0007481297482
0
0
0
0.01109371372
0
0
0
0
0.0161929568
0
0.004064260645
0.02210475339
0.01582590908
0.04528444898
0.04372415832
0
0
0
0.01198426662
0.01600888537
0
0
0.03409563042
0.02284919374
0
0.00344508364
0.01206167221
0.01376195899
0
0
0
0
0.009508970505
0
0
0
0.005231489423
0.01439828409
0.00979123531
0.01111586958
0.00862669097
0.04078585931
0
0
0.01709268245
0.04020734822
0
0
0.02390581769
0.005160413426
0.003466119421
0
0
0.01545217072
0
0
0
0.005249117883
0.05809346455
0
0
0.02429724912
0
0
0
0.02581422616
0
0.02508393817
0.04023187259
0
0.02810231236
0.01030636293
0.009310752963
0.03503325445
0
0.007160560644
0.03102963917
0.003723653012
0.01960106814
0.006749349559
0.01625450011
0.02101173883
0
0.01709506549
0
0
0
0
0
0
0.01565737067
0
0
0.02688919546
0
0
0
0.02132256575
0
0.03913719085
0
0.03734902852
0.006915260066
0.002435133227
0
0
0.001637782597
0.01944390864
0
0
0.03287587843
0.0007183353112
0
0.0183549269
0
0
0.0068832414
0.03601126956
0.009099088859
0
0.002608978059
0
0.00368340157
0.02006740117
0.01427220442
0
0.03986281686
0.03046938855
0.006997423799
0
0.009075131212
0.008615826601
0.01348012924
0
0
0.007508438601
0
0.03097115104
0
0.01434349509
0
0.0289513033
0.004911028347
0.01795210223
0.01774576206
0.01633527763
0.008565360005
9.99E-05
0.001648777128
0
0.01127121289
0.01163376387
0
0.02858719167
0.02633498662
0.01515404679
0.01543944306
0
0.01073008394
0
0
0.00244639755
0
0
0.02230907781
0.04289049299
0
0.03255769024
0.00689742418
0
0.03602543039
0.01137714944
0.01717921319
0.01619840841
0
0
0
0.01865661638
0.0221848764
0.006917604056
0.01925374926
0
0.02601334693
0.01786728483
0.01135222573
0
0.007668340682
0.01338050199
0
0.01430853039
0.01656087596
0.01234733097
0
0.00E+00
0
0
0.003406362454
0
0.01083297035
0.005750547646
0.01512998287
0.001019082873
0
0.04266533203
0.004462737369
0
0
0.008025572818
0.0008387599275
0.0039487947
0.001203193894
0
0
0
0.008690343304
0.03540194633
0.03391545529
0
0.04027375819
0.01025863593
0
0.003682211382
0
0.0045207543
0.000637839861
0
0.01166175678
0.009730119102
0.003181000332
0.006238656391
0.01404778844
0.01732684949
0.02651960123
0.02432369128
0.01932927332
0
0
0
0
0.039784089
0
0
0.01386304191
0.01426345477
0.002857037606
0
0.03815601712
0.03905469478
0.01123460562
0
0.05282368334
0
0.02642607165
0
0.03068225446
0
0.03848814529
0.00493843302
0
0.01325441371
0
0.0389144644
0.02594043037
0.02756153233
0
0
0.03760737138
0.0001049405703
0.007603010677
0
0
0
0
0.01465425761
0.03648153461
0.00267762305
0
0
0
0
0
0
0.003125629815
0
0
0.0321101295
0.01687561191
0.01359450703
0.0001629353066
0
0
0.005551890772
0
0
0
0
0.04172781469
0.0004875069273
0.02517766077
0.01920425003
0
0
0
0
0.01510487649
0.02575007719
0.01661933886
0.01672288408
0.01811406083
0
0.01840585858
0.05163443923
0.003131637686
0.0002637462555
0.02599837909
0.02520091684
0
0
0
0
0.01808829667
0.06766843712
0
0
0
0
0
0
0
0.02779837394
0.01451412336
0
0.02442335559
0.04966155396
0
0
0.08183009599
0
0.01368306426
0
0.07727115475
0
0
0
0.02241736207
0
0
0
0.01280976185
0.02438901069
0
0.01203402862
0.00769450896
0
0
0.02877058496
0
0.007956434986
0
0
0.01722066871
0
0
0
0.001983378067
0
0
0
0
0.01556141806
0.0002934876737
0
0
0.03834787877
0
0
0
8.40E-03
0
0
0.05233245373
0.002711656017
0
0
0
0.01596533504
0.001734865887
0
0.008566530069
0.05139684021
0.002289820212
0
0
0.009707871005
0.01107112956
0.02292558749
0
0.05026393176
0
0.008622484381
0.004514736809
0
0.008984399825
0
0
0
0
0.02093926478
0.01196387018
0.01002177314
0.01119359942
0.02189088687
0
0
0.007173677077
0.02488750503
0
0.009646370484
0
0
0.00284511113
0
0
0
0
0
0
0
0.04031624495
0
0
0.01249020176
0
0
0
0.02307657095
0.03424326988
0.02253621602
0.02699053472
0
0
0.02975805532
0
0.02589645845
0.001199180721
0.004735660849
0
0
0
0
0
0.0468803145
0
0
0
0.0212494508
0
0.005137739919
0
0
0
0
0
0
0.04973715894
0.01288028047
0
0.01136000264
0.004995407531
0.002053437345
0
0.04501101992
0
0
0.01297020219
0.02005747578
0.005486157199
0
0.002768442468
0
0.01416727662
0.04823637924
0.01088499826
0
0.02376826498
0
0.03183651172
0
0
0.04566958052
0
0.008469263433
0.01292481269
0.01484313784
0.005791303927
0
0.009508567556
0.004270075492
0.02390286339
0.01665458018
0.05045294331
0.01236183841
0.04401845502
0.02692323024
0.01253950016
0.000384875584
0
0.004899701001
0
0
0
0.01397742215
0.01988784295
0
0.04110407099
0.04723705994
0
0
0.05097277478
0
0
0.02868620496
0.02118140977
0
0
0
0
0.01985926397
0
0.032302523
0.03603460973
0
0.05714476848
0.03132236868
0
0
0.01496662275
0.006286429008
0
0.03758763474
0.0125126303
0.003618761838
0.00882212225
0
0.01238259171
0.007508585641
0.01156439
0
0.03113244093
0.01890958226
0.03055180871
0
0.02296600752
0
0.03216207253
0
0.03788582482
0.01557730946
0
0.01639098992
0
0.022686385
0
0
0
0
0.03497846207
0
0
0.002237705918
0
0
0
0.04411268744
0.02931300721
0
0
0.01047629042
0
0
0.00989174901
0.006084073829
0
0
0
0.01571897015
0.001750330577
0.01901431375
0
0
0
0
0
0
0
0
0.007287527103
0.02398069209
0.01587822441
0.02893770707
0
0
0.002216049189
0
0
0
0.008981244041
0.006814822807
0
0.03466315541
0
0.05255107643
0.01449441997
0
0
0
0
0.00E+00
0
0
0.05704092963
0.001186237742
0
0
0.02236570459
0.05723473979
0
0.006026252427
0
0.0710786994
0
0.04254226003
0
0.02964109984
0
0
0
0
0.0501659847
0
0.01661670715
0
0
0
0
0
0
0
0
0.04550726151
0
0.03074685526
0.00435129034
0
0
0.03535386307
0
0
0
0
0.01820364233
0
0
0.03659698544
0.01653085279
0
0.02799173143
0.007167204575
0
0
0
0
0
0
0.02083490339
0
0
0
0
0
0.007698283284
0
0
0.01135527153
0.03062793658
0
0.01393670039
0
0.01341622125
0.02450053958
0.02143631812
0.01088758412
0.03261927095
0.004627406035
0.03510235594
0.02946832324
0
0
0.01197327756
0
0
0
0
0.002010824369
0.03565176297
0
0
0.01226255072
0.006094930523
0.0173294867
0.01146142106
0
0
0
0
0.02396689486
0.01647571754
0
0.03296927038
0.01188331985
0
0
0.01505584852
0.005509311517
0.008510507501
0
0.01401450298
0.009708693135
0.04435013295
0
0
0.02044586854
0.009174193888
0
0
0
0
0
0
0.01644110394
0
0.009216494868
0
0.01690674803
0
0
0
0.03447317975
0
0
0.02322728565
0
0.001391799817
0
0.02281086649
0.002000012608
0.01147983836
0.01550799025
0
0
0
0
0.001476913327
0.01860272776
0.02916394552
0.01019798137
0.03201569472
0.02593473185
0.02440352219
0
0.01679346364
0
0.0179629383
0
0.0268344775
0.000331938145
0.000467726498
0
0.01858933243
0.0303219309
0
0
0.04593395765
0.006985615826
0
0
0.006651392114
0.01000761116
0
0
0
0.04887443076
0
0.005787945946
0.03109034281
0.01656005143
0.02858171458
0
0.03612302092
0.02893830631
0.008015946042
0.006318234055
0.007946556269
0.01677153595
0.01523253392
0.01441550967
0.009219136891
0
0.002090303267
0.009882905458
0
0
0
3.71E-02
0.0007330730442
0.004741050556
0.03710865149
0.007316874703
0
0.01431687995
0
0
0.05007943301
0.03237001539
0.01748445791
0
0.00513866621
0
0
0.01597929521
0.003072340799
0
0.05078844943
0
0
0.006289677334
0
0
0
0
0.03965484878
0.008876342006
0.0197035229
0
0.05414390782
0.001417261173
0.02191434526
0.001193310852
0.004900345555
0.01988939337
0.03578819021
0
0
0
0.01074318562
0.002129724799
0.04597635435
0.04251862995
0
0.005413335785
0.007268307688
0.03133216436
0
0
0
0.03898991458
0
0
0.006215751761
0
0
0
0
0.03297307633
0
0.02455552762
0
0.02849710135
0.008895507199
0.009318902431
0.01640871517
0
0.02040402551
0
0
0.03297445048
0.002573775738
0.03059602953
0.005475569678
0
0.009537430067
0
0
0
0
0
0
0.01362819207
0
0.01422685139
0.005143677418
0.02041130646
0.01065807826
0.01196228787
0
0
0
0.007377591062
0
0.008936049317
0
0
0.005900805794
0
0.001404852388
0
0.02048039059
0
0.03174854767
0.02927278588
0
0
0.008745430758
0.01262667564
0
0
0.04741092566
0.01222244101
0.04549248542
0
0
0.01592754771
0
0
0.01517499866
0
0
0.03052409559
0
0.02723941184
0
0.02690602011
0.01492866737
0.002438562136
0
0.01159458402
0
0.01166553254
0
0
0.01477634719
0.003627385532
0
0.0008890072218
0.01882063154
0
0.002218333045
0
0.01828560489
0
0
0.0135552233
0.002016836292
0.02251846127
0.007708128976
0.01147550625
0.02860878832
0.02657894526
0.03778782846
9.24E-06
0.005485885364
0.01953123524
0.04415057391
0
0.01826328169
0.01655033931
0.0188530063
0
0.01301470403
0.02248884036
0
0.02004625119
0.005216318906
0.006046056025
0.01879935708
0
0.00230764727
0.02182176264
0
0
0
0.02158281489
0
0.002210612588
0
0
0.04140572475
0
0.02870135177
0.01096440417
0.004831796497
0.01888291579
0.003080315247
0.009993333044
0.02001201286
0.008864795234
0.008334084845
0.02022891366
0
0.005800070687
0.01819820527
0.0139016971
0
0.01224809346
0.006041526234
0.01148032176
0.02299307965
0
0
0
0
0
0
0
0.03176467305
0
0
0.008213007346
0
0.0001213954137
0
0.02748050842
0
0.01750806493
0.03579561663
0.007601059136
0.01548916407
0.001860095149
0
0
0.0166071318
0
0
0.03762938299
0.01735935407
0
0.02350108686
0
0
0
0.03031077747
0
0
0
0
0.02226484036
0
0
0
0.002368818617
0.02425439985
0.005434868715
0.003464746707
0.01073969597
0.02132628453
0.0224654748
0
0.02095138179
0
0
0
0.0130685965
0
0.007073383778
0.004393082079
0.006032192467
0.01108282281
0
0.01353086592
0
0.005356474409
0
0.01293638292
0.03074363268
0.009679941245
0.03201409521
0.05019625518
0
0
0.02928739129
0.03997370035
0.004290312119
0
0.03696587587
0.01782379373
0.01746123641
0.006645776771
0.01625085924
0.02082173815
0
0
0
0
0.03576632008
0.03969531409
0.01517213535
0.0246625444
0.02833781856
0
0.007101142335
0.02586111371
0
0.02551783861
0
0.004300032024
0
0
0.02189928182
0.04385433694
0
0
0.00199347352
0
0.03792894218
0
0
0.04239415181
0.001837055692
0
0.005665473268
0.01102550311
0
0
0.001990743459
0.02413936097
0
0
0.01631732386
0
0.05975920943
0
0.02098016951
0.02996529343
0.001874536217
0.004796316577
0.03026367831
0.0161890921
0.02672373563
0.04531540187
0
0.01494787729
0
0.02236685466
0.0004488722786
0.05151123059
0
0.03303574096
0.00E+00
0
0.04209535915
0
0.01706910928
0.009518373889
0.03136752986
0
0
0.02277078617
0
0.008674666799
0
0.0105213219
0.001492401255
0.02264822795
0
0.01623065089
0
0
0.02657739452
0
0
0
0.004887030026
0
0
0.0209921855
0
0
0.01036703441
0.005322495459
0
0
0.00491690427
0
0
0
0
0.03878401344
0
0
0
0
0.009275157674
0
0
0.01348521243
0
0
0
0.0299501942
0
0
0.06137823105
0.00197668476
0.0001868866428
0.0219107555
0.02786571137
0
0
0
0
0.04847939644
0.02455292205
0
0
0
0.002063834072
0
0.02152534259
0
0.01971745453
0.0324531587
0.009723257536
0.04782602994
0.03835158437
0
0.03892410217
0.05627543352
0.002095348255
0.02427183772
0
0.06778568499
0
0
0
0
0
0
0
0
0.01967294305
0
0
0
0
0
0
0
0.02575392723
0
0
0.00921810367
0
0
0
0
0.01121232327
0
0
0
0.02713870585
0
0
0
0.05010722342
0.0004230098887
0
0.001222967079
0
0
0
0.07183946146
0.006863663609
0
0
0
0.03110555438
0.01162164152
0.002273256525
0
0.05741369257
0.007169474999
0
0
0
0
0
0
0.0435530659
1.24E-02
0.005864911505
0
0
0.0278486686
0
0
0
0
0
0
0
0
0.0141318861
0.02798789297
0.02959714653
0
0
0.01839845711
0
0
0.008294092255
0.05588523413
0
0
0
0.001983818663
0.02239916248
0.01819129767
0.05571512888
0
0
0.01124657608
0.04313088877
0
0
0.005918554425
0.01298148022
0
0.02634462306
0.00623877303
0
0
0
0
0
0
0
0.007410419713
0
0
0
0
0
0
0.05567242961
0
0.003339495921
0
0
0.02417969313
0
0.03376915605
0.01936448857
0.01407378583
0.01893500046
0
0.02640185504
0.01469023441
0.04099227821
0
0.02423012702
0.02113791288
0
0.02501859039
0.003315455524
0
0
0.01768194198
0
0.007161380473
0.03600862733
0.02531768997
0
0.01698972373
0.05831649913
0
0
0
0.01777348091
0
0.01398247632
0.04798246278
0.005069087063
0
0.005859672336
0.01021756756
0.007834318046
0
0
0.01745944977
0
0
0
0
0.01780002147
0.003569665985
0
0
0.004136562754
0.008018706476
0
0.01388938641
0.0296840643
0
0.01291886658
0.003951181252
0.01005030405
0.001465161258
0.003683956473
0.005040619696
0
0.02346458403
0
0.01724032553
0
0
0
0
0.0443016732
0.01456467984
0
0.01619377539
0.018959838
0.0476471653
0
0
0.02815107394
0.01215984006
0.0317380022
0.0002126927885
0
0.004686525029
0.01969371924
0
0.005121393112
0.01857131695
0
0.000182249
0
0
0
0.01906998371
0.006001009452
0
0.01066254088
0.005108988945
0.007281031351
0.009284922498
0.00822656013
0.008298145067
0
0
0
0
0
0.02272817218
0.05709878339
0
0.03691034294
0
0.0006580664923
0.01465179352
0.008464411601
0
0.04447195095
0
0
0
0
0
0
0.0518221033
0.003700379995
0.03999900755
0.005213646911
0
0.005955032954
0.02257191153
0.02109123336
0
0.04818618339
0.01422837427
0
0
0
0
0
0
0
0.03836100803
0.02407715882
0.02113463242
0
0.01319480904
0.03582015249
0
0
0
0
0.03211961406
0
0
0.03263730525
0.006796124033
0.01574535678
0.01685116897
0
0
0
0
0
0.03479969149
0.04276603997
0
0
0
0.03261067073
0
0
0
0.007064677982
0
0
0
0.02028453036
0
0
0.04719626756
0
0.05191014131
0
0.05463316565
0
0
0
0
0
0
0
0
0.02948233895
0
0.0198395382
0.01342150502
0.005561961677
0
0.03542230075
0
0.01793149011
0.02193606551
0
0.03495722941
0
0
0
0
0
0
0
0
0.0206596283
0.00324737638
0
0
0.002090583903
0
0
0.03329279602
0
0.004996085044
0.004887327533
0.02436164545
0
0.004176120348
0.0221171425
0
0
0
0
0.008305069617
0.03463896663
0.02757869651
0
0.03023149022
0.04051266967
0.04466960569
0.05500674537
0
0.03413966524
0
0.001315064976
0
0
0.009281754103
0
0
0.02052438271
0
0
0.03005193792
0
0
0
0.01934499347
0.03021021915
0.0005672099291
0
0.02234973197
0.008732040101
0.001306550968
0.03694009899
0
0
0.002646135457
0.009943160602
0
0.006656476812
0.03260267923
0.008672772559
0
0
0.0152279439
0
0
0
0.01938327075
0.002426038509
0
0.01244082
0
0.0045732885
0
0.02878496357
0.0234275796
0.01044708291
0
0.0402632637
0
0.009764379248
0.007404412521
0
0
0
0.001575903632
0.04276434734
0
0
0
0
0.03763518865
0
0.01745305358
0.04281362596
0.01847081816
7.81E-05
0
0.01634138586
0
0.007396249434
0.04460159322
0.02260379483
0.03398637019
0.01415593073
0.03301542978
0.01600134234
0
0
0.0374836927
0
0.03995676754
0.02303822587
0
0
0.001629304991
0.03468605497
0
0
0
0
0
0
0.02560714131
0
0.01017079623
0.0161099164
0
0
0.0176059226
0.0053002292
0
0.01812470115
0
0.02965348448
0
0
0
0.007573580332
0
0.01939716638
0.0281587315
0
0.00217087602
0.008673766734
0.03075552963
0.02451619163
0.03059570709
0
0
0
0.006243530978
0.006787134496
0.02238464872
5.35E-05
0
0
0
0
0
0.03666090235
0
0
0.002905668951
0.02566924774
0
0
0.003141053557
0
0.01263300578
0.01506032028
0
0.005546784542
0
0.003544026274
0
0.0001449135202
0
0.01145370361
0
0
0.004649455791
0
0
0
0.00604614829
0.03310166917
0
0.002323281599
0
0
0.05613068114
0
0.009392632768
0.01043665731
0.00676188264
0.006319180476
0
0.004263214249
0.0005628102406
0.03914194398
0.02655647879
0.03488811905
0.04087458759
0
0.009777215871
0.0250181395
0.007564580572
0
0.04904245143
0
0.0219732181
0.01944968372
0.009315329704
0
0.01662985945
0.05320000717
0
0
0
0
0
0.008952882254
0.02944914368
0
0
0.04354199827
0.03769553699
0.02088649039
0.01363175736
0
0.009179407037
0.03095887697
0
0
0
0
0
0.01578829985
0
0
0.04949038626
0
0
0
0
0.00163146855
0.01004150689
0.01220022642
0.02293637777
0
0.006963601019
0.04629856554
0
0
0.004656934124
0
0.00E+00
0
0.0009250155352
0
0.01991577719
0
0
0.006067465128
0
0
0.007521531791
0.003201086633
0.01403256821
0
0
0
0
0.018035179
0
0.0208165156
0
0.00890675428
0
0.02121790687
0
0
0.006847616077
0
0.004870032139
0.002470620491
0
0
0
0.01115935516
0.02653626136
0
0.009694796045
0.02326676432
0.02224432838
0.00265078141
0
0.004746256424
0
0.009461553888
0.04874700741
0.02448061912
0.01540570562
0.01233979943
0.01729984003
0.0129597325
0.009743227274
0.010231511
0.05134192935
0
0.03237428093
0.02441592828
0
0.004279141028
0.02385675908
0.02574826709
0
0.003345108049
0
0
0
0
0.01021758775
0.01399822595
0
0.03329060998
0.02178391541
0.02439032721
0.03175509364
0.008487596674
0.01051684254
0.04114088923
0
0.02548461267
0.02115392946
0
0
0.04240428079
0
0.005482082943
0.02213365828
0
0
0.02411320034
0
0.01426295208
0.06658364606
0.04215975254
0
0
0
0.01786317113
0
0
0.004499883747
0
0
0
0
0
0
0
0
0
0
0.01305377392
0.02158997978
0
0.03492410309
0
0.002991208394
0.00298449132
0.02248687334
0.01513649203
0
8.59E-05
0.007256462701
0.02998852768
0
0
0.01261160747
0.01643107002
0.01928733483
0
0
0
0
0
0
0.01239356703
0.03606807988
0.001684072625
0
2.05E-02
0
0
0
0
0
0.007900722732
0.03306565274
0
0
0.01799574029
0
0.02331843994
0.01135964355
0.02772916401
0.05090274378
0
0
0
0
0.03109889259
0
0.003218639653
0
0.006330642733
0.01872607255
0
0.01109524735
0
0.003473137988
0
0.008751394212
0.05266232443
0.007563391721
0
0.02349412328
0.06211599107
0.009754168407
0.03888565093
0
0.024771976
0.02368665405
0
0
0.03555172139
0
0.01118876667
0
0.02581196625
0.03554923947
0
0
0.01649862343
0.01482657494
0.006666807486
0
0.006600708355
0.03687443097
0
0
0.002337076763
0.03718063646
0.06273261147
0.01260056707
0
0.01887210681
0
0.004667924765
0.03446636252
0
0
0.01511740422
0
0
0
0
0
0
0.04692026909
0
0.005182981627
0.009271666728
0
0.04111934765
0
0
0.01985819224
0.04868390882
0.02647912628
0.01755786845
0
0.01073257838
0
0.03775410491
0.01647438775
0.03751025595
0.01634431429
0.009699440337
0.004739995256
0
0
0
0.02337574497
0
0
0.02299436294
0.01490937897
0.01727666917
0
0.0230627948
0
0.01949165384
0
0
0
0
0.03238089314
0.01418728978
0.02209570919
0
0
0.01393357288
0
0.002302305727
0
0
0.01055664203
0.003918096074
0
0
0.02288187612
0
0.001039119685
0.02168168456
0
0.0009884226145
0
0
0.01224629606
0
0.02286919622
0
0.006644744977
0.0008433008157
0
0.01571192287
0
0
0.006953712104
0.0182826761
0.01327414782
0
0.03031709221
0.01213116653
0.0164048865
0.02854666655
0.01232830977
0
0.001553836631
0
0
0.02427245171
0.01778564789
0.02085715836
0
0.005330020678
0.002956844818
0
0.009847726154
0
0
0.04293610132
0
0.001025385562
0.007289295119
0.01014950104
0
0
0
0.03620347486
0.01510471378
0
0.01687836363
0.05645113295
0.01346083785
0.02459558706
0
0
0.003197005969
0.04265010682
0
0
0
0
0.009288656785
0.02740335966
0.02212132934
0
0.0117183893
0.001939409314
0.02246467211
0
0
0
0.04416515877
0
0.007450790107
0.002391856064
0
0
0.01595667709
0
0.03671842827
0
0.02131107531
0
0.01176746799
0.00667131618
0
0.02092465911
0
0.0162241171
0
0
0.03638985621
0.03134762236
0.006920812081
0
0.01503848856
0.01730169365
0
0
0.005667956113
0
0
0
0.02162990113
0.005710954861
0.01556754453
0.009747037608
0.01083537007
0.01030101977
0.02852860793
0
0
0.006834903902
0
0.05656026442
0
0.001837577886
0
0.009143768123
0.008355961823
0.01763388929
0.007788148324
0
1.41E-02
0
0
0
0.04805694239
0.01912260051
0
0
0
0
0
0
0
0.03529734634
0
0.01370883409
0.0107784
0
0
0.0620419954
0
0
0
0.03530987195
0.04205132227
0.006249040932
0.01803455303
0.008990565598
0.04403088832
0
0.006407106902
0.02747812453
0
0
0.001622690465
0.01233039475
0.01709490461
0
0
0
0.01360726879
0.01900955217
0
0.007130726245
0.006934851553
0.006033225809
0
0
0
0
0
0.01188853426
0.03064775476
0.03293309759
0.01653019221
0
0.04811961992
0
0
0.009241378353
0.01294734048
0.01519102279
0
0.02435077319
0.01701968663
0
0
0
0.003086839746
0
0
0.003987193513
0.01008150518
0
0
0.000420808735
0.003832619762
0
0.003492395375
0
0.04350812707
0
0.04929979768
0.01707859707
0.03431131556
0.02844737534
0
0
0
0.01070061517
0.005806573927
0.02707566592
0
0.01109255553
0
0
0.00180385584
0
0.006963088289
0.002174239556
0
0
0
0
0.05555322123
0
0.002968951719
0.03053359782
0
0
0
0
0
0
0
0
0.0371121466
0.01166959702
0
0.02893455228
0
0
0
0.02336882895
0
0
0.03465895173
0.008019342012
0
0.01301615289
0.05142653098
0.02412155409
0
0
0
0.04811961122
0
0
0.01695472734
0
0.005410332883
0
0
0.04613849392
0.004381559174
0.03662219447
0.02274488311
0
0
0
0
0.01055775936
0.006546321211
0.02272503677
0
0
0.002733458026
0
0
0.007017599028
0
0.03642500921
0.001914561092
0
0
0.01291708126
0.02037962041
0
0.02721013258
0
0
0.02690423507
0
0.007074023339
0.0246833634
0
0.02657129531
0.0440957494
0.06206865123
0.005047856144
0.02271467098
0
0.01250195369
0
0.0102827179
0
0
1.54E-03
0.04072109549
0
0
0
0.03157335591
0
0.01526910537
0
0.003234362955
0.03791734977
0.05081004069
0.02020108189
0
0.01704909866
0.007115207324
0
0.006993466226
0.04343324944
0.01848702443
0
0
0
0
2.32E-05
0.06798088889
0
0
0.03662527685
0.00905041995
0
0
0
0.00E+00
0.002299817344
0.0135988697
0.03613128602
0
0
0
0.03311019878
0
0.001325485438
0
0.01158465597
0.07087678506
0.03982791572
0
0.00832117537
0
0
0
0.04002707142
0.05794049026
0
0.01341359537
0
0.01428839336
0
0.003292195108
0
0
0.03964181194
0
0
0
0
0
0
0
0.00896336753
0.04453914547
0
0.001349250124
0
0
0
0
0
0
0
0.02970636573
0.01106060944
0.02894858096
0.03840248374
0
0
0
0
0.0005226049155
0
0
0
0.03472691088
0.01611630228
0.002266568082
0
0.002163333436
0.01639653905
0
0
0.01339504938
0.01516954747
0
0.01001327743
0.008430082924
0
0
0.008994131251
0
0.0002075240432
0
0.01082794014
0.001471227569
0.006996264311
0.02999565285
0
0.009772942351
0
0.01579948654
0
0.00477278444
0.02286025697
0
0.005455443713
0
0
0
0
0.007434751011
0.03523793037
0
0
0
0
0.01571087174
0
0.0129911108
0.02404974355
0.01067594094
0
0.02690822117
0
0.03517453097
0.02128166826
0.006895332736
0
0
0.0290333228
0
0.001024585004
0
0
0
0.002835861045
0.02767288697
0
0.01803308077
0.02854706411
0.03426101414
0
0
0
0
0.04155173336
0.003609803669
0
0.01891694736
0.0366002897
0
0.008226600198
0.02403777668
0.02842960086
0
0.02287382541
0.004480599936
0
0.01391082901
0
0
0.01652945143
0
0
0
0.04177485494
0
0
0.01279176999
0.03360163877
0.01274007153
0.007673104108
0.01231244948
0.04035746203
0.01963930624
0
0.0004756078876
0
0.04199748066
0.006882124194
0
0.01787087723
0.04418131691
0
0
0.01508922574
0
0
0
0
0.01892270199
0
0
0.01830955759
0.03059973244
0
0.02503881414
0.02625407562
0
0.0187408358
0.004169299311
0.007912335264
0.02560261924
0.03013111999
0.0134411336
0.00490231833
0
0.02025003107
0
0.003918491086
0
0
0.04132149061
0
0.01787594913
0.02053197235
0
0
0.02150277543
0.03345946715
0.002393479745
0
0.005480809965
0.005024164389
0
0
0
0
0.02473322701
0
0.04631213856
0.008539716591
0.008614723181
0.007760972194
0.0005433102148
0.006529693656
0
0.02345388892
0.009941419971
0.001367841753
0
0.008731651222
0.04028360651
0
0.005549654376
0.009300175443
0.01278770917
0.02494009994
0.01664401475
0.01899523701
0.006784267075
0
0.001069500401
0
0.02114601285
0.02693591526
0.03056985374
0.03005151676
0
0.02518684881
0.01391898329
0.0002653364105
0
0
0.03271922473
0
0.01948494731
0.02359140711
0.005757532788
0.01033732571
0
0
0.00E+00
0
0
0
0
0.0237144476
0.01169178764
0.006187680941
0.02468593112
0
0
0.02776064767
0.05359877779
0
0.01280829145
0.05254521842
0.000279904214
0
0
0.01505248008
0.03041107393
0
0.02612883894
0
0
0
0.04713315165
0
0.008627606603
0.01450126829
0
0
0
0
0.01585367549
0
0
0
0.021915804
0
0
0.04527418941
0
0
0.008145163133
0.009887676833
0.01081597533
0
0.02812874908
0.02665772716
0.009449864028
0
0.0167140856
0.04342807057
0.01185502204
0
0.02460393955
0.01585375374
0
0.008266743673
0.03518554211
0
0
0
0.01785288278
0
0
0
0.002151119995
0.035641296
0
0
0
0
0
0.01215673891
0.002007002938
0
0
0.01672632087
0
0
0.01733000856
0.003309845652
0
0
0.02298549037
0
0
0.01446539711
0
0.00653850926
0
0.03207502684
0.003464300675
0
0.01902217823
2.73E-05
0.01177026331
0.03617844265
0.02554558456
0.008578325079
0.01712477503
0
0.01123820955
0.02875150556
0.01355428606
0.007446171978
0
0.008243450946
0.004932309766
0
0
0.02213078565
0.01464036318
0
0
0
0
0.01934251046
0.04245787833
0
0
0.02607436627
0.02383616636
0
0
0.0352946593
0
0
0
0
0
0.04897855272
0
0
0
0
0
0
0.005454428225
0.01904493863
0.00705433165
0.01327386488
0
0
0.04323050007
0.006884946582
0
0
0.01496022746
0
0.004590597944
0
0.01284870203
0
0.02104428918
0
0
0.005647515494
0
0
0.03370072482
0.001405326642
9.24E-05
0
0
0
0
0.009451654857
0
0.009471393612
0
0.02841075013
0.000727997171
0
0.04437120737
0
0
0.02479838509
0.04606012709
0.01549347972
0
0
0
0
0.06221114597
0
0
0.01511999807
0
0.001164850008
0.00258743603
0.02809032904
0
0
0
0.01799414812
0
0
0
0.03249423313
0.01910836867
0.01096698547
0.03354399024
0.04480007302
0.04518760747
0.06286945273
0
0
0.02308826131
0.02036396235
0
0
0.009108981574
0
0
0.002647437076
0.03672057303
0
0
0.01774927368
0
0
0.02334886228
0
0.01967575481
0.006441972758
0.02301527611
0.01706716461
0.05628980149
0
0
0
0.02261910048
0
0
0
0.002474041592
0.004167773237
0
0
0
0.04193131737
0
0.04431542118
0
0.01622713862
0
0.003114144782
0
0
0
0.007002477495
0.05328623677
0
0
0.02104120342
0.008809767495
0
0.02004866181
0
0.01735405087
0.005394149227
0.0127168601
0.04082364846
0.01451135444
0
0.01683201384
0
0
0
0
0.01063258438
0
0
0
0.02158011215
0
0
0.01867387346
0.02180388669
0.01272158379
0.02342999422
0.02716681886
0
0
0
0.0201945946
0.0009796912086
0.001991167614
0
0
0.04483287885
0
0.03019765424
0
0.05548062013
0.01927803805
0.0108662197
0.02954092
0
0.02852190276
0
0
0
0.02014952022
0
0
0
0.01685951812
0.005778941661
0.02664283848
0
0
0.0483144863
0.02733690458
0.001094774096
0.03544993466
0.05236694754
0.0164333597
0
0.008487243791
0.01724510653
0
0
0.003421125171
0.02970553011
0.04903455016
0
0
0.0007638672124
0
0
0.0249033994
0
0
0.01856597554
0
0
0
0.006839448646
0
0
0.03447549779
0.0171626691
0.02655516672
0
0
0.05717251339
0.02653304651
0
0
0.05545969428
0.02844374573
0.01379492906
0
0
0
0.00837391909
0.02402466854
0.0029264524
0.006483076604
0.03365251697
0.01231590642
0
0
0
0
0
0.006257422613
0
0.02196614477
0.01701144017
0
0.02391498776
0
0
0.02236253902
0
0
0
0.02597232626
0.009271157005
0
0
0.01202381667
0
0
0.01026817779
0
0.002443221221
0
0
0
0
0
0
0.02610344118
0.01018614373
0
0
0.01925896639
0
0.02959984753
0.002073489811
0.02908192221
0
0.0124467197
0
0
0.00908731429
0.03391417786
0.005981511354
0
0.03408777081
0
0
0.005777992082
0.0285828921
0.02547100539
0.007770378648
0.01114919447
0.02242657593
0
0
0
0
0.01193174131
0
0
0.01803609867
0.009302385077
0
0
0.007728686233
0.0009324784743
0.01764684614
0.006388428288
0.02694341273
0
0.01744451573
0.01578095293
0
0.03239455027
0
0.03613049488
0
0.03515643011
0.02613173215
0.04177893693
0.01516353708
0.01477516446
0.02642280479
0
0.03721143348
0
0
0
0.01816746347
0
0.00528445381
0
0.009312487605
0.01897570517
0
0.02503719017
3.05E-05
0
0
0.01672131444
0
0.01350238864
0.02061356558
0
0.01588614581
0.0219612004
0
0.03417857149
0.009091980535
0
0.0008563135767
0
0.009106189622
0
0
0.007285486874
4.57E-05
0.001689485621
0
0.01327071038
2.51E-02
0
0
0
0
0
0
0.01447924151
0
0
0.03913484667
0.01801257869
0.009070251366
0.03610228518
0
0.01417080169
0
0.01186945365
0.007117178547
0.002384747661
0.03751030634
0.006130528979
0
0.02845634576
0.006017234896
0
0
0
0
0
0.02004477036
0.03541350537
0
0.001509258078
0.005283048295
0
0
0
0.03239579574
0.0008781193185
0.0250116494
0
0.006641289179
0
0.01020480727
0.01881073138
0
0.009860187937
0.02786077734
0.04439555236
4.20E-05
0.02175700128
0
0
0
0.005674837354
0.005911750213
0.03664289478
0.006262702265
0.00715935398
0.04713140604
0.008316576428
0
0
0.01460178046
0.01592973822
0
0
0.009353894534
0
0.01861416523
0
0
0.028632043
0.01364779776
0.001962827393
0.02049812463
0
0.03108403507
0.02257573548
0
0
0
0
0
0.04101803492
0.0004619852663
0
0.002722114342
0.01605295374
0
0.006173898686
0
0
0.009825197222
0.001412840926
0
0
0.0309679409
0.03139904338
0.0394091486
0.01290495076
0.00999793916
0.02221949222
0.006143042102
0.006295382702
0.01109835911
0
0
0
0.008441268628
0
0.01018899023
0
0.02723272576
0
0.00827136401
0.0297256472
0.03581506646
0
0.0142541401
0.008004604055
0
0.01265342285
0.0173769122
0.07011397975
0
0.02057929466
0.01549090603
0.001344745433
0
0.005141274491
0
0
0.01820200662
0
0
0
0.01337000161
0.0305974896
0
0.01087170322
0
0.0334334671
0
0.006244201141
0.009260769684
0
0
0.01572925168
0.01660970669
0.01254605752
0.04355087988
0
0.04227560123
0
0
0
0.0321311008
0
0
0
0
0.02428549582
0
0.03286480688
0
0
0
0.03963106103
0
0
0
0.001223147723
0
0
0
0
0.02230522729
0.02685210961
0
0.02115535797
0
0
0
0.00941851966
0
0.004522428982
0
0.00965755852
0
0.005325912779
0
0
0.04575685243
0.0134679354
0
0.001381870816
0.03088999491
0.003520234274
0.03942047638
0
0
0.05581549577
0.03187484246
0
0.01768243134
0.01481866152
0
0
0
0.01511317841
0.01541709552
0
0.01772506117
0
0.004277214152
0.03616359217
0.009651920677
0
0.01099259879
0.006670201947
0
0.01062654009
0.003665746738
0.005031843434
0
0.006367506407
0
0
0.04113959607
0.006924481879
0
0.01659043446
0.005953814203
0
0
0
0.02190459682
0
0.03131335366
0.02353967475
0.008311325024
0
0
0.03309902123
0.005104140354
0.003656237699
0.03716279646
0.02870072961
0
0.02865657222
0
0
0
0
0
0.02723861055
0.004928121791
0.006800642327
0.04060290452
0
0
0
0.03946030172
0
0
0.002613231831
0
0
0.01129152678
0
0
0.01305310322
0.01266520469
0.02697870926
0.01114494448
0.009354037373
0.01287148682
0.03892521127
0
0.02280232982
0
0
0
0.02580024599
0.01494153141
0.005590091204
0.00517034555
0.01456372919
0.002544953558
0
0.001777215942
0
0.008633859941
0
0.006684558772
0.01964912585
0.01930774578
0.02769824294
0.04568363716
0.01253892937
0
0.01732233051
0.0293998733
0
0
0.004920424821
0
0
0.01599484733
0
0.03238371533
0
0
0
0
0.03482199523
0.03843102252
0
0.03247565725
0
0.02831615005
0
0
0.003061888735
0.005214050425
1.04E-02
0
0
0
0.04271975679
0
0
0.02939538952
0.01860895676
0
0
0.01184059914
0.02229763883
0
0.0003004221525
0
0
0.0435848454
0
0.005033861047
0.009277641946
0
0.04431865145
0.0298832641
0.007544746085
0.009336742353
0
0.0307261867
0.01383121561
0.0196680427
0.02178427195
0
0.02399805137
0.02095514699
0
0
0
0
0.02526234822
0
0.05197266699
0
0.009424160786
0
0
0
0.00635470689
0.04416551442
0.005389970278
0.0229296498
0
0.003548564936
0.02004948329
0
0
0
0.03434030129
0.02157190107
0.02061631115
0
0.02461124551
0
0
0
0.02657573513
0.013066031
0
0.04904085156
0
0.0005972149948
0.0036349084
0
0.01152482159
0
0
0
0.03563048444
0.02407627386
0
0.01814963501
0
0
0.002858493592
0
0.007932287718
0
0
0.02006983956
0
0.003101383407
0.008972316857
0
0
0.01445351172
0.02182556225
0
0.03573783844
0.01005157481
0
0
0
0
0.009817704628
0
0.01343189522
0
0
0
0.02346849867
0
0
0.02764308431
0.004735591789
0.00E+00
0
0.0178236524
0
0
0.001341136116
0
0.01660092437
0.0160492595
0
0.01328033943
0
0.008653140643
0
0
0
0
0.03071045909
0
0
0
0.03902298708
0.002203288246
0.0009633604627
0
0.02857316289
0.0245077384
0
0
0.0268482191
0
0
0
0.006115409599
0.009691091933
0
0.02543016724
0.03430742371
0.04002490854
0
0
0
0.006637336218
0.0009517015811
0
0.00815273302
0.01379315796
0
0.02465428342
0.005179954635
0
0
0.02224219655
0
0
0.009472385295
0
0
0.01974479773
0
0.001184467532
0
0.04420045742
0
0
0.05231155865
0.02897070096
0.01315445738
0.04556812506
0.05218000843
0.02081671759
0
0
0
0.02185606278
0.01614907994
0.01170716119
0
0.03726241012
0.04049831591
0
0.04358858423
0
0
0.04237550744
0.008340512462
0
0.01323192101
0.03489181756
0.02609457007
0
0
0
0
0
0.0284190146
0
0.0005037882248
0.01776150422
0
0
0
0
0.01631140169
0
0.01065190022
0
0.02133871177
0.005417730108
0
0.03171160625
0
0
0.006431003167
0.01687306133
0
0
0.02141735562
0.0216001506
0
0
0.005077227187
0.02527510545
0
0.004332518861
0
0.0120754234
0
0
0.04081926316
0
0
0.01567139744
0
0.01197604977
0
0
0.02177056339
0.01555825078
0
0
0.02105018097
0.00399490852
0
0.02406322824
0
0
0.00876728995
0.01350151358
0
0.01192902557
0
0.02136206449
0
0
0
0.02034275191
0.03364468684
0
0.0008283485717
0.01345606756
0
0
0.009061308613
0.01796256737
0.02049088666
0
0.05708206116
0.0695084454
0.0486086448
0.002374260974
0.015522054
0
0.02054321918
0
0
0
0.01069802213
0.01225919027
0.02343333323
0
0.01597560336
0
0.008020139659
0.01472342288
0
0.03292777642
0
1.20E-05
0.00750153009
0
0.01933851647
0.06287095479
0
0
0.02654012042
0.03929822503
0.02962486812
0
0
0.005404241723
0
0.02435884278
0.005384929736
0.01795483314
0
0.0007571761392
0
0
0
0
0.005817765758
0
0.03964294994
0
0.03646342129
0.0409354394
0
0
0.005669655131
0
0.01984674998
0.04774709873
0.01642516099
0
0.02157689353
0.03057771546
0
0.0644188734
0
0.02127268672
0.008868945815
0.002145491894
0.005031735804
0
0
0
0
0.004892620339
0
0.02888535008
0
0
0.007381406621
0.02099196932
0
0
0
0.01797807238
0
0
0.05024712078
0
0.006657924538
0
0.03770382794
0
0
0.004859581157
0
0
0.01937384721
0.006009287323
0
0
0.014653999
0
0
0
0
0.01321604621
0
0
0.01949844196
0.03356765309
0.02423474573
0.01271434224
0
0
0
0
0
0.04351880705
0
0
0
0
0.01765132183
0.01408052925
0.02787879882
0.01525986271
0
0.02816557046
0.007231888925
0.004128589978
0.0222698682
0.03785320435
0
0
0
0
0.03007363029
0
0
0.03812104302
0
0.07009185779
0.001211214834
0
0.001373196932
0.02275602817
0
0
0
0.02319699505
0.00452551837
0.008393952553
0
0.01497083129
0
0.007174258148
0.01081908838
1.53E-05
0
0.02915712772
0
0.01218271706
0.00456560255
0.01299555754
0
0.02418361173
0.03904247349
0.01011330031
0
0.01022530852
0.02941533632
0
0
0
0.02902198212
0.00605646887
0.006501087915
0
0.01248931188
0.02446731706
0.00E+00
0
0.06781208541
0
0
0
0
0
0.02040830763
0.02937730554
0
0.04469192548
0.006376993938
0
0.02807443354
0
0.01551439505
0
0.006645922556
0
0
0
0
0
0
0
0.003280193766
0.01205113867
0.05470459005
0
0
0.009884132823
0
0
0
0.003962019798
0
0.0417058251
0
0.0002998426534
0
0
0.01164025643
0
0
0.00692633493
0.02869837718
0
0.01359628492
0.01480937324
0.01562407243
0
0
0.02233693217
0.003528839856
0.000842985667
0
0
0
0.0210274498
0
0
0
0.0006220993897
0.02342189433
0.02352084184
0
0.0002004209243
0
0.009318779222
0.01218361483
0.01021427904
0.03919027193
0
0.01233355735
0.009428986587
0.0268196029
0
0
0
0.01205872001
0.004911313149
0.04074315975
0
0.02079411393
0
0
7.12E-05
0.00E+00
0.05278741614
0.005565736079
0.0321016637
0
0.01441945711
0.01360190954
0
0
0.01370983502
0.0301748181
0.04000847935
0.009706559864
0.003387109096
0.01456241819
0
0
0.008210783914
0
0.04836987094
0.01366013318
0.01535810378
0
0.02958293434
0.02903439263
0
0.009671114776
0
0
0
0.02061195554
0.03000865943
0.01881218905
0.007612026916
0.006429644342
0.01004001867
0.0378160905
0
0
0
0.009733613637
0.01011754976
0.01310089175
0.001628251333
0.01512715906
0
0.004217778041
0.02629309118
0.01626697874
0.0149571022
0.001395031349
0.003489821745
0
0
0
0.00761599761
0.02712406099
0.01922126079
0.003685505333
0
0.01306317717
0
0.004161069302
0
0
0.009456685543
0
0.005652830015
0
0
0
0.0004507764519
0.00626482021
0
0.03495946966
0.04908493536
0.004860386662
0.02635353384
6.90E-05
0
0.002047003655
0.004124942478
0.01198158398
0
0.04553813588
0.003567281335
0.03100952867
0.03131862033
0.02341736687
0
0
0.02627086926
0
0.001899326936
0
0
0
0
0
0
0.0321044072
0.004139674553
0.02428170576
0.03102535794
0.01080084168
0.001823461701
0
0
0
0.01367096289
0.003194649741
0
0.03748113462
0
0.004498443157
0.0199746691
0.0203627928
0.01360443045
0
0.004669987829
0
0
0.007829266495
0
0
0.00972456492
0.03716646938
0.03481248416
0
0.0266247286
0
0
0
0.007969940288
0.01635570454
0
0.003440771258
0.04131859067
0.03820751698
0
0.00858870078
0
0.01062271482
0.0130867382
0
0.02989945519
0.03711967114
0
0
0.01509624477
0.03328817599
0
0
0
0
0
0.01774376226
0.03934232874
0
0
0.04111812473
0.00243924071
0.006967203007
0.01217530985
0
0.0223589288
0.008512734191
0
0
0.009260843731
0.02154121322
0
0
0
0.009231516223
0
0.008368847371
0
0
0.0267066979
0
0.02610279823
0
0
0
0
0
0.004603537224
0.01869508358
0
0.03102151318
0.008877620986
0
0.01815514964
0
0
0.006441479232
0.0007735501286
0.0519979269
0
0
0.03305448574
0.002694917495
0.01118153862
0.01995932544
0
0
0.01460845471
0
0.008367632643
0
0
0
0.005343457187
0
0.001294689468
0.03706621991
0.0232621903
0
0.008136075028
0.03559237972
0
0
0.02001644029
0.006587939153
0
0.03704419507
0
0.007799437506
0.0370760927
0
0.009514665195
0.02296866727
0.02151397661
0.01958399127
0.02925920913
0.04844102302
0
0.01196115657
0.002866803848
0
0
0.00257486002
0.01943139214
0
0.01334349761
0.04863545574
0
0.005696002087
0
0
0
0.04423251985
0.06406958057
0.04435268748
0.05210385579
0
0
0
0.02842217616
0
0.0232830709
0
0
0.01051392364
0
0.008458103668
0
0.06094867082
0
0.02570694911
0.009492835366
0.01807752722
0.01532451524
0.003397970936
0
0
0
0.02422702754
0
0.04209535337
0
0
0
0
0
0.006220397705
0
0
0.02989402019
0.01789146239
0.007359957872
0
0.01284469533
0.03302368468
0
0
0
0
0.06017162272
0
0
0.03212232684
0
0.01347620092
0
0.002271578921
0.03772275461
0.04457186612
0
0.009446935515
0.01565957933
0
0.00328236426
0.02714783741
0.002439639097
0
0.02676967817
0
0
0.01771157131
0.01913153281
0
0
0.03813391752
0
0
0
0.01137180693
0
0
0.01772443554
0
0
0.01569207713
0.00214432985
0
0
0.0005349350851
0.0137416826
0.001094339393
0
0
0
0
0
0
0
0.03139482812
0.02858054673
0
0.003824316226
0
0.03871576815
0
0.01421445244
0
0
0
0.01655088591
0
0.007928810717
1.76E-02
0
0
0
0.001939225588
0
0
0.0201982555
0
0.0003041648305
0.009256372356
0
0
0.001275134828
0
0.02115988814
0.01333015483
0.006449130675
0.006251260666
0.00E+00
0.02805509959
0
0.007138666
0
0.02222442906
0
0.008625503496
0.01903996242
0
0
0.03569675275
0.02182291129
0.01990073844
0
0.002562247912
0
0
0.03913735885
0
0
0
0.01724020238
0.009543045348
0.01366666615
0
0
0.004093992576
0.03059985628
0.04531665473
0.03599569144
0.006461610291
0.01567561126
0
0.02332106693
0
0.0358491418
0
0.02183886606
0.006489044116
0
0.04084733815
0
0.009523937843
0
0
0
0
0
0.00E+00
0
0.02162325962
0.01142080376
0.02259454773
0.03804375903
0.02528026126
0.03305664965
0
0
0.02697755072
0.007294534514
0.02275535063
0.006284639925
0
0
0.02504093227
0.008994804492
0.005239728441
0
0.01734834802
0.02642489359
0
0.004561726343
0.004725144842
0
0
0
0.04746481794
0.01626539389
0
0.01376191022
0
0.01694107232
0.03254614869
0.0216159543
0.01224936412
0.03816467159
0.01941584545
0.007594674895
0
0.01628031132
0
0.01355364338
0
0
0.009742095253
0
0.01756741369
0
0.01421746447
0
0.01598012933
0.0343909366
0
0.01288874003
0
0.008362695228
0.01044836495
0.00648886606
0
0
0.02255644232
0
0.03418115374
0.04959436975
0.01816578041
0.03939445107
0
0
0
0.0008225190178
0
0
0
0.02436576288
0.02586129178
0.001893402707
0.01313158835
0
0
0.03564254895
0
0.01689939845
0
0
0
0
0.05070917328
0.01287237239
2.43E-02
0.01537325346
0
0.02477904009
0
0.012241743
0
0
0.03784112991
0
0.002346472649
0
0.02699122101
0
0
0
0
0
0
0
0
0.02531346955
0
0
0.03149748686
0
0
0
0
0.02046319544
0.01969046739
0
0
0
0
0
0
0.04060609219
0
0
6.35E-02
0.01104079827
0
0.006435263402
0
0.0003874681931
0.0263670306
0.01173531059
0
0.02706404655
0
0
0
0.00E+00
0
0.009094824166
0.02345867372
0
0
0.03086854822
0
0
0
0.02645912113
0
0
0
0
0.01787647708
0
0.00775479073
0
0.001522546852
0.01189648807
0
0
0
0
0.02199497744
0
0
0.021702897
0.01806324137
0.02737358849
0.02437191449
0
0
0.01319622854
0
0.03237449787
0.007891720114
0
0.006453601117
0.04029075816
0
0.0001685139914
0.03968577443
0.0409771362
0
0.01951389926
0.04405159374
0
0
0.001605391719
0.01063058641
0
0.005568103767
0
0.02050315037
0.02530381645
0
0.008948885975
0.02227578314
0.04123410528
0.008729976445
0.008129011646
0.02663745178
0.007079702563
0
0
0
0
0.02002636192
0.01881647743
0
0.01540943738
0.04474390964
0
0.01560996929
0.007481428251
0
0
0
0.03234739154
0
0.006679500241
0
0.01300885357
0
0.002839662709
0.02555177377
0.01065103636
0
0
0
0
0.002445780266
0.02463522135
0.01218595306
0.007034146573
0
0.001387789155
0.03523969064
0
0.02103976919
0.04918099276
0
0
0.02458813215
0
0.01656011265
0
0
0
0.009524261837
0
0.02242299963
0.002662398431
0.006828042878
0
0
0
0
0.01732709012
0.02054761872
0
0
0
0
0.02092148608
0.00876518304
0.005930884081
0.0285732284
0.04124495025
0.04104239073
0
0
0.01452300782
0.01140991814
0.02502990218
0.0333841788
0
0.00919746847
0.03627811051
0
0.02899258926
0
0.04576158776
0
0.008359366558
0.004531417745
0
0.008035757519
0
0.03111643135
0.01037722322
0
0
0
0
0
0.01361529032
0.004645409852
0.01510111181
0.0230339282
0.0127606909
0.009052449924
0.04463471663
0.003739765123
0.007601169191
0
0
0
0
0
0.02538860504
0.03917216596
0.03839837969
0
0.005594427632
0.002463072934
0
0.02305477498
0
0.01061652419
0
0.008915100891
0.01107758317
0.01782440061
0
0
0
0.0070530967
0.01444456489
0
0.0127141956
0.002169622167
0
0
0
0.01390371448
0.02213455161
0
0.0411919189
0.01413262753
0
0.03559749924
0.02740970293
0
0.003378030335
0
0.05713430134
0.004513708017
0.00533150952
0.006978690925
0.03857258118
0.01240811412
0.03538672154
0
0
0.01501535134
0.01604572168
0
0
0
0
0
0.02651264092
0.02196323189
0
0.02642758979
0.01207132487
0.01637790898
0
0
0
0.02781392208
0
0
0
0
0
0.02355523722
0
0.03315020625
0
0.01979101849
0
0.02626914003
0
0
0.04142713469
0
0
0
0
0.04555675979
0.02262869173
0.01359009343
0.01719290309
0.02687526812
0.00616401771
0
0.007052079301
0
0
0
0
0.03620430218
0
0
0.01913333079
0
0.02165441
0.005128300471
0
0
0
0
0.03348133085
0
0
0
0.004889427374
0.01599572015
0.008424067681
0.00740311046
0.02854651978
0
0.04480095522
0.03734905911
0.001132641901
0
0.05293229051
0.007973228113
0
0
0.001186898133
0.02375187079
0.008007295966
0
0.02753863775
0
0.04263497638
0
0
0.0002349982512
0
0
0
0.01265431799
0
0.01335968185
0.03903211707
0
0
0
0
0.01277376088
0.0009010791293
0
0.02065702469
0
0.01504005049
0.01120684984
0.02177464084
0
0.02734103035
0.03755051897
0.02501373793
0
0
0.04043660155
0
0
0
0.02065020347
0.02858175555
0.00899482542
0.02519625554
0.0102684004
0.0178035423
0
0
0.03608527888
0
0.001899948538
0.01643124721
0
0
0.04895757238
0.003992395429
0
0.02907896373
0.003914751285
0
0.0002867221097
0
0.04385281135
0
0
0
0
0
0
0
0
0
0
0.01318214759
0.04301388331
0
0.01297783959
0.01080701592
0
0
0
0.01843304907
0
0.01061500909
0.01697315981
0.0007489202255
0
0
0
0
0
0
0.02447801728
0
0
0.02604491091
0.02824519803
0
0
0.05087698334
0.01488981595
0
0
0
0
0.002971661225
0.008232514217
0
0.02203051169
0.001021245307
0.02081327759
0.01097486468
0
0.007294991749
0
0.01106188135
0
0.002792962908
0.03280397226
0
0
0.02357025658
0.03588701932
0
0
0
0.01682099592
0.02337849341
0.017102233
0
0.03443940387
0
0
0
0
0.06269416128
0
0.0414577309
0.01456294918
0.03251682598
0
0
0
0
0.01708258857
0.01100273847
0
0
0
0
0
0
0.0001047830181
0.028989484
0.01042512427
0
0
0.02311066303
0.0159288352
0
0.02066742393
0
0
0.01725994243
0.01749479192
0.01925956635
0.04475761441
0.01656487062
0
0.02999287932
0.06244464757
0
0
0
0
0.006666175713
0
0
0.01195439552
0.01828276126
0.01427769825
0
0.004097534992
0.0169303066
0
0
0.01793498284
0.0417690538
0
0.02443423083
0.02180603791
0
0
0.03923197172
0.007912634603
0.03985800545
0
0
0
0
0
0
0.05019331681
0.01567990125
0
0.04251862067
0.05238689052
1.99E-02
0.03007078133
0
0.01586042585
0.004458337374
0.0471043009
0
0.01591307834
0
0
0.002868387092
0
0
0
0.001706303256
0
0
0
0.01104517142
0
0.01348231225
0.0111344827
0.00419899463
0
0
0
0.0139205506
0
0
0.02541428043
0.0235069162
0
0
0
0.05010647245
0.01555087816
0
0.05043755877
0
0
0
0.02733577879
0.05387122778
0
0.02184291414
0
0
0
0.01958014438
0.02168171245
0
0
0
0
0.002513308194
0.02465260393
0
0.001986312807
0
0
0
0
0
0
0.02449192462
0
0.04588810992
0.01470097639
0
0
0.0002667099576
0
0
0.009721360393
0
0.01116310663
0.01498240202
0
0
0.02224118381
0.007870764263
0
0.02922309064
0.01296254333
0
0
0.0001432928283
0.02621426671
0.01722575896
0
0
0
0
0.002884628231
0.0006742443002
0.01664621395
0.04588671013
0
0
0.03271696046
0
0
0.0107046184
0.005861952274
0.006552543234
0.03218530608
0.02589862946
0
0
0.01188530927
0
0
0
0.002495070075
0
0
0
0
0
0.02302896995
0
0
0
0
0
0
0.0372217863
0
0
0
0
0.002490754064
0.01390938055
0.005995027892
0.01485786499
0.03617984076
0.02853077468
0.01696821653
0
0.02120210067
0.01772765952
0
0.02745936911
0.01569191073
0.05117653101
0
0.001514540267
0.004367227908
0
0.04066035026
0.002345244834
0.01881612606
0.01109014139
0
0.01517273533
0
0
0.02030041482
0.01240627988
0.001851924319
0.01162112715
0.03784958272
0.02035289717
0.0004276261686
0.02542903836
0.002349580558
0.03984526872
0.01763751772
0.001600297193
0.003757543729
0.01978406618
0.005787533688
0.01135389685
0.02482025692
0.02537488227
0.0006944111325
0
0.0055300961
0.007662051836
0
0.00384021336
0
0
0
0.01609622298
0.03973422536
0.0177775358
0
0.01449569348
0
0
0.004629918503
0.01581329759
0
0.0366009086
0.0237582676
0
0
0.04711064135
0.01405237377
0.02620384643
0
0.0015954838
0.03344204251
0
0.0292280407
0
0.01409282372
0
0.01417007451
0.04577871944
0.01459016292
0
0.009078959038
0.05001572386
0.02139351539
0
0
0.01313940014
0
0.001005703159
0.03174342666
0.05220487027
0
0.05123845888
0
0
0.02086837879
0.008792356234
0.01935480514
0.02561573908
0
0.007599659489
0.02761657719
0.004093310295
0
0
0.01454776796
0.009678507182
0.01164394437
0
0.01160133071
0
0
0
0.03366284976
0
0
0.01807187368
0
0.005753795327
0
0.002917654572
0.01285027671
0.0020985137
0.04324394335
0
0
0
0.003554508124
0
0
0
0
0.004440622437
0
0.00294455441
0
0.01178364856
0
0
0.01425519081
0.0009182009767
0
0
0
0.01302018741
0
0
0
0.003586952333
0.03275330049
0
0
0.0354413763
0
0.01878437215
0.04573911561
0.01865656145
0
0.0539780993
0.02043885577
0
0.01820443089
0.01541747253
0.01964335773
0.01462197824
0
0.004508816792
0
0.0208169984
0
0
0.009786296315
0
0
0.02148206656
0
0
0
0.04246891465
0
0
0
0
0
0
0.01253508021
0.002537676904
0
0
0.02492889713
0.005804055427
0
0.02396258903
0.03576081076
0.02842872981
0
0.006389921636
0.02745210217
0
0
0
0.026454576
0.0239889504
0.01624091467
0.02548558138
0
0.01472834788
0
0.02651635608
0.005747555477
0
0.01199250708
0.01756111809
0.007759401072
0.0138293987
0.07186753211
0.007138374945
0
0.03162091431
0.0189825451
0
0
0
0.05837851129
0
0
0.01097426325
0.002231584321
0
0
0
0
0
0
0.006192472704
0.009193642704
0
0.01443921975
0.001527216699
0
0
0
0.0006705934016
0.02482036558
0.04569782347
0
0.01193156199
0
0
0
0
0.01896105651
0
0.02529319243
0
0
0
0.01553377926
0
0
0
0
0
0
0.01301908215
0
0.01917020457
0
0
0.004866843359
0.001384479538
0.01922053944
0.05552915909
0.01381347365
0
0
0
0.04921337252
0
0.04825037861
0
0.03207654458
0
0.01780021856
0
0
0
0.03270867129
0
0.001782512567
0.001703300117
0.002569430069
0
0
0
0
0
0
0.01954682716
0
0.03597068921
0
0
0
0.01344222959
0.0358530278
0.01985568479
0.04683872236
0
0.01630291674
0.01114452967
0
0.005608943458
0
0.01750774317
0
0.008004222679
0.04028677556
0.007535458508
0
0
0.0006031927443
0.004608601754
0
0
0.02771609707
0
0.008493834027
0.002929441894
0.002710145089
0.000393408536
0.01174076474
0.02733736778
0.01287731762
0
0.03837299385
0.0457715775
0.02542922657
0.0417513995
0.003664389152
0
0.01168588875
0.04334908003
0
0
0.0196288303
0
0.04098605922
0.03257789878
0.02619123053
0
0
0.005379608308
0.002370999082
0
0.007227327174
0.01115774565
0
0
0.02173540352
0
0.07849320146
0.01928123658
0
0
0.04141084652
0
0
0
0
0.02265379332
0.004705149547
0
0.00434825091
0.05042799024
0
0.02326530254
0
0.0187491429
0
0
0.006582367214
0
0
0.002072494749
0.06271207827
0
0.02044878016
0
0.01491518
0
0
0.005383395063
0
0.004531867861
0.04901803011
0
0.0129823965
0
0.01571264765
0
0
0
0
0
0
0
0
0.02711623484
0
0
0.02721685821
0.004852415932
0.03129152658
0
0
0.003024877039
0.005873690301
0
0
0.05356209629
0
0
0.02711517309
0.03517475512
0
0.01986112314
0
0.06642193663
0
0
0
0
0.01916314576
0
0
0
0
0
0
0.01102783291
0
0
0
0.03495260654
0
0
0
0.02085019397
0.0116349134
0
0
0.02617838161
0
0.02125623478
0.02298977701
0.0281924299
0.02012501403
0.005281178036
0
0
0
0.00E+00
0.03082089319
0
0
0.0524468833
0.006842513207
0.02786448924
0.01177932804
0
0.01227475915
0
0
0
0.004669948934
0
0
0.04530339579
0
0
0
0.0246358558
0.02664854265
0
0
0.005933285962
0
0.0391181278
0.0460765132
0.01954135535
0
0.02301584064
0.0002648074035
0.006215564358
0
0.03512646879
0.04717045988
0.04145665306
0
0
0.01009660561
0.01232189693
0
0
0.04057219424
0.02751642131
0
0
0.03247430905
0
0
0.008214449748
0
0.003937847411
0.04088114831
0.01241947306
0
0.02056006336
0.02411692079
0
0.01044924847
0
0.02717968157
0
0
0.006233170499
0
0
0
0
0.008753810056
0
0
0
0.01320170354
0
0
0
0
0
0.002404641037
0.04828910581
0
0.01240552585
0
0
0
0.01882288329
0
0
0
0.0005439057539
0.02810961034
0
0.02058367104
0
0.009694201022
0.004305050446
0
0
0.03080231979
0.01669813223
0
0
0
0.02867523413
0
0
0.01162803185
0.02049039186
0.03145925577
0.005942793401
0.01030375084
0.01168891898
0
0.01293619621
0.02449840555
0.04686012205
0
0
0.04324481619
0.01707732776
0
0.003066083387
0.0135491435
0
0.01842628206
0.00532243708
0.01790991295
0.006137167199
0
0.002996325416
0
0
0.04843024202
0.0001358924976
0.02460992951
0.02304510179
0
0
0
0
0
0
0.01842593354
0
0.04326826251
0.0009252943007
0
0
0.02581931237
0
0.03069865663
0
0
0.003970657021
0.02675579943
0
0
0.02565705729
0.004595134112
0
0.01337625499
0.0387085873
0
0
0
0.04916381416
0
0
0
0.00210106857
0.03160347136
0
0
0.01966492268
0.02574136328
0.02083624288
0
0
0
0.02807972436
0.0511485042
0
0.008530012333
0.06583735628
0.02024787066
0
0.007454225683
0.01541402716
0.0116049007
0
0.03979610214
0
0
0
0.006589794405
0
0.02191565322
0.02621877769
0
0
0
0
0.0113729206
0
0
0.005777978533
0
0.005352689423
0
0.02642735449
0.001312425871
0
0.01114571784
0.01250541033
0.02201716636
0
0.0322550609
0.05059460309
0.02034767152
0
0
0.03040525729
0
0.001825317544
0.01957547524
0
0
0.009149983147
0.04342972703
0
0
0
0.01658172139
0
0
0
0
0.03641490068
0.008571037251
0
0.01270414265
0
0
0.02389916472
0.01123504484
0
0.01120988612
0
0
0
0.02286249493
0.01417008248
0
0.009060852478
0.01013098353
0.006383753392
0
0.02344167753
0
0.02699309551
0
0
0.02233469606
0.002929101912
0.006268054804
0
0.01455419292
0.01556649265
0
0
0.004639587652
0
0.009166700506
0.02628517149
0.006836638006
0
0.03807535851
0.01335345996
0
0.02504340919
0.06911135399
0
0
0.04161930384
0.01712280811
0.03800132811
0
0.01201100338
0.01714469858
0
0
0.003600824824
0
0.02065872661
0.06133144919
0
0
0.003555159723
0
0
0.01519111141
0
0.03762888132
0.02044588838
0.04831295449
0
0.07863730539
0.01498871574
0
0.03396003481
0
0
0.02518128826
0.002607207437
0
0
0.009553778545
0
0
0.01297532238
0.002069804519
0.03268227931
0
0
0
0.04923867196
0
0.008203531196
0.001403088638
0
0
0
0.02134661069
0.004182603127
0
0.03070835565
0.02778440931
0.01044337822
0
0.01446267263
0
0
0.03054181002
0.002079855515
0
0
0.0004334414662
0.05468176018
0
0
0
0
0
0.001695984642
0
0
0
0
0
0.0105846708
0
0
0.004992290105
0.00E+00
0.0001929320734
0
0
0.03228705828
0.02512482413
0.006333012735
0.004565889203
0
0
0
0
0
0
0.01007217494
0.005206336952
0.01852988441
0.03912607457
0
0.006058998633
0.04946403464
0.01857859345
0
0.02717159891
0.01760167333
0.0001092280111
0
0.0165733778
0
0
0
0
0
0.0164382118
0.03650807385
0
0.001118163079
0
0
0.01237405086
0
0.003333252184
0
0.003247260579
0.02733496034
0
0.01328009738
0
0
0.003017860307
0.01813108258
0
0
0.03116407104
0.03887234236
0.009321367978
0
0
0.01528849274
0
0.0126157634
0.003704954332
0
0
0
0.04840018116
0
0
0.00717967676
0.009334526258
0.01469533524
0
0
0.01612079294
0.02298594565
0.008821673686
0
0.02419850945
0.004674220097
0
0.01633316733
0
0.006220342077
0.0009529896961
0
0
0
0
0.02972512241
0
0
0
0.009535485713
0.0329503383
0.01911290626
0.004504304161
0.03187649907
0
0
0.01763753621
0.0362646539
0.01126895866
0
0.0453303225
0.03683583165
0.02115495297
0
0.01245439583
0
0
0
0
0
0.04017856034
0.03228930313
0
0
0
0.01409562971
0.02013588768
0
0
0
0.02489436642
0
0
0.0388699134
0.009597566269
0
0.03285360826
0
0
0.03561331721
0.02600253545
0.02974997805
0.001787460722
0.0165195344
0
0.006478584189
0
0
0
0.008697128798
0
0
0.007255633166
0
0
0.01076402282
0
0.00874913848
0.007055656455
0.01536574253
0.01241941077
0.02584003613
0
0.003669535201
0.02461783277
0
0
0.01374385499
0
0
0
0
0.02293909209
0.01491212512
3.53E-02
0
0
0.02393293292
0.01088967331
0
0
0.00601319703
0.02612057803
0
0.001184651196
0.03311307174
0
0.01630444614
0.000815960488
0.02338856662
0
0
0.02355086497
0.003367449399
0.004966243485
0.04590830487
0.03741869718
0
0
0.04145606903
0.01627950546
0
0.01555232458
0
0.01329458428
0.005316395652
0
0.01937993703
0.02555429335
0.002319792418
0.01028269554
0.009217422809
0.01857280623
0
0
0
0.01215368747
0.01336274929
0.03404564542
0.01342956714
0.02294783858
0.0006084189995
0.001309038435
0
0
0
0.03038921838
0
0.00249398756
0
0
0.007589731372
0.04092502979
0.03876283713
0
0.02908565968
0.02061943199
0.002847603047
0
0.02738527336
0
0
0
0
0.02273071556
0.03888917989
0.03491052709
0
0.02423496407
0.04235595178
0
0
0.009528335282
0
0.001686495958
0
0.01038582879
0
0
0.0003558343628
0
0.00470248423
0
0.01637708197
0
0
0.0129546053
0.05175436511
0
0
0
0.009497081815
0
0.04406797265
0.03819991008
0
0
0
0.01370109705
0
0.007178170292
0
0.02031887817
0.06066504765
0.02144762132
0
0
0
0
0
0.003128120683
0.03120767718
0.02943930193
0
0
0
0.02041988875
0
0
0.02174029845
0
0
0.02677454531
0.02691872901
0.05435770875
0
0.00E+00
0
0.002656373339
0
0
0
0
0.002114817032
0
0.06154167673
0.004481149765
0
0
0.01259979445
0
0.01095001988
0.005628978016
0.02531652894
0.01334631434
0.01707238237
0
0.01792719081
0
0.01242610624
0
0
0
0
0.05397918703
0
0
0.02232981108
0.04271892204
0
0
0.02353470852
0.004941269438
0
0
0
0
0.04181987204
0
0
0.009900653176
0
0.01510399928
0.01550109221
0
0
0
0
0.01009907101
0.03435528293
0.0288282245
0
0.003788213413
0.01317942411
0.04168022876
0.01048721308
0
0
0.02910615103
3.32E-02
0.04514918776
0.03577335102
0.01639914572
0.002915876789
0
0
0
0.03642441255
0
0.04104671021
0
0.02803882176
0
0
0
0
0.04035659128
0.04466873909
0
0
0
0
0
0
0.03764036434
0.02241790525
0.003836974179
0.009948833565
0
0.01309294968
0
0
0
0
0
0
0.007241163116
0
0.03333288612
0
0
0.00354088474
0.03134450446
0
0
0
0
0.02531696136
0
0
0.0008824429525
0
0
4.48E-02
0
0.01203604826
0
0
0
0.01899837306
0
0
0
0
0.04315078466
0
0
0.03416461599
0.009501151905
0
0
0.01125205086
0.02138817729
0.01682543748
0.002369674572
0
0
0.04880484074
0.01323816891
0
0.02704112467
0.02414983021
0.04960303935
0.009066977018
0.02574461346
0
0
0
0.00555126106
0.03334107527
0.02500197449
0
0.02595137806
0.04159367333
0.008225526447
0
0
0
0.02398957842
0.006904077821
0.05098208781
0.00994285543
0
0.0009394321374
0
0
0.02935552037
0.03694689365
0.01365966137
0.05093392272
0
0.005063236288
0.004297099948
0
0
0
0.04538710665
0.00182266543
0.0289691915
0
0
0
0
0
0.0188441509
0
0
0.02683215464
0
0
0
0.01229114558
0.01086649784
0
0.004939434889
0.001715756625
0.01680271507
0.01054557282
0
0.02378493305
0
0
0
0
0
0
0
0.01059994354
0
0
0.0005977449563
0.001225202102
0
0.02477685466
0.02396728044
0
0.03236825307
0.04787745933
0.02921048365
0.005582291297
0.02203890017
0.003392701574
0
0
0.02804977493
0.009152852954
0
0
0
0.008130172571
0.05238951221
0.02469844001
0.01712586394
0.02498226487
0.01601590907
0
0.05478667669
0
0
0.01469346003
0
0
0
0
0.006363132128
0
0.03624125272
0
0
0
0
0.04554436361
0
0.001286136869
0
0.03197267544
0.02915224017
0.009804254259
0.007037293028
0
0
0.03004162987
0.03044292182
0.04121582994
0
0
0.02490642768
0
0
0
0.01443694345
0.008921810962
0.01188834153
0.013437129
0.02612449453
0
0
0.008876865052
0
0.01050124815
0
0
0
0
0.04988398842
0
0
0.00419662996
0
0
0
0.03582686546
0
0.008294677581
0.01999882953
0
0
0.0003626145263
0.00413097197
0
0
0
0
0
0
0.002504680057
0
0.00095683284
0
0
0.03130631277
0.01510345521
0
0.02064117042
0
0
0.03031352916
0
0.05287888975
0.01102774977
0.01591606769
0
0
0
0.01261970987
0
0
0.03713272717
0
0.002500870975
0.01149421247
0.0101402625
0.05249298422
0.01638302279
0.02689859924
0.00188575197
0.04963216457
0
0.009148819823
0.01198784051
0
0
0.02538766901
0
0.02642874366
0.0382917174
0
0.01019656731
0
0.007496498951
0
0.01072217426
0
0.01005319663
0
0
0.03470137684
0
0.02630626136
0
0.01571950671
0.002463916657
0.01170066715
0.03458777326
0
0
0.01676047108
0
0
0
0
0.0004211186854
0.02564581909
0.01604426169
0.01671602492
0
0
0
0
0.003235513531
0
0
0.006145483608
0
0.03932278675
0
0.002083857896
0.0373677495
0
0
0
0.04046927691
0
0.01046307091
0.05525337264
0
0.02031959298
0.01547707888
0
0.01659836932
0
0
0
0
0
0.01530463568
0
0.004979704995
0
0
0.02256146089
0.00767990794
0
0
0.009244400756
0.02447283549
0.002789436041
0.01917977548
0
0
0
0
0.04126250363
0
0.009327294597
0.0329894463
0
0
0.01743279453
0.02607492675
0
0.009063335467
0
0
0.004939877298
0.01067092768
0
0.02963795724
0.002052323922
0.05207475352
0
0
0.009203528323
0.0249877825
0
0
0.003803488067
0
0.02307055254
0.008819424797
0.02979302228
0.02174782642
0
0.01948098517
0.03793944231
0
0
0.02382128778
0
0.005634511278
0
0.04253649394
0
0.03369061356
0.03002484937
0
0
0
0
0.00600656599
0
0.025300741
0.01732774157
0.005368723546
0
0
0.00400667322
0.01669067688
0.001377391017
0
0.03634090395
0.01603339383
0
0
0.006388378857
0
0
0.007502409344
0
0.04311375138
0
0
0.03000881644
0.009141752289
0.009786918114
0
0.009903095212
0
0.01862590464
0
0
0
0.001177934003
0.009826346619
0
0.01735042947
0.04347377914
0.02756716057
0
0.02531270962
0.006601406277
0
0
0
0.02368769044
0
0
0
0.05979416209
0.05242222425
0
0.03742674537
0
0
0
0.01324726127
0
0.0462466565
0
0
0
0
0.02425657397
0
0.05043768409
0.02878148047
0.02010222658
0
0.05386047097
0
0
0.003109433298
0
0
0.05096768629
0.0251245971
0.01766632735
0
0
0
0
0
0
0
0
0
0.01053966476
0
0.02161182497
0
0.01163975212
0
0
0
0
0.04022834733
0
0
0
0
0.01702574606
0
0
0.04908346845
0.04947095282
0
0.01698482694
0
0
0.008730253976
0
0.0384430453
0
0.02676692169
0
0
0.0001126031266
0.01547971389
0.03375529846
0
0.01655023948
0.02306067595
0
0.006072176284
0.009211068223
0
0.01247441615
0.00654275106
0
0.001459190989
0.01327202483
0.01027746978
0
0.002517930764
0
0.04608969972
0
0
0
0
0
0.005468716797
0
0.01581924018
0.06365337252
0
0.005354599388
0.04967353731
0
0.02576987998
0
0
0
0
0.0297931489
0.008808464237
0
0.009725336182
0.01978459931
0
0.006290314812
0.01996721353
0
0.00904424877
0.006916246883
0
0.005327353773
0
0.03455501692
0
0.01755863763
0.01508644094
0
0
0.009723444895
0
0.02941373246
0
0
0
0.02063893885
0
0
0
0.02117165244
0.02754329747
0
0
0.02424239436
0.02582814405
0.01456321971
0.02523036823
0.02504506956
0
0
0
0.009878762979
0.001123704703
0
0.01953848848
0.04055980945
0.03807973595
0
0.00862307
0.009964343269
0
0.01510072269
0.03100632414
0
0.01045525009
0
0.03038449909
0
0
0.009598621764
0.006749967003
0
0
0
0
0.009845086866
0.01922377268
0
0
0
0
0
0
0.04396652239
0
0
0.04158172058
0.02660642183
0.01966720801
0
0
0
0
0
0
0.01313852466
0.02837953009
0
0
0
0.0316999357
0.03394910666
0
0
0
0
0
0.04644640406
0.01587632687
0
0
0.01955378728
0
0.02677740814
0.04287400282
0
0.01842275862
0
0
0
0.01118665787
0.01129399205
0
0
0.02768050517
0.00332171462
0
0.01590008202
0.02490963252
0
0.0056726351
0
0.03220963788
0
0.01029640347
0.008575314566
0.02010604573
0
0.007316643575
0.03495474768
0
0.02148308782
0.008779273037
0
0.01284392592
0
0
0.001585654344
0.02048287012
0.0743966039
0
0
0.01039934469
0
0.001318264858
0
0.009500785353
0
0
0
0
0
0
0
0
0
0
0.03555613491
0
0
0
0.009805681633
0
0
0.03009339768
0
0
0.04822197731
0
0.009080126163
0.03990145902
0.0007964380655
0
0.01763008249
0
0
0.00445685695
0.02920529327
0
0.01464607374
0
0.02192327116
0.02917926928
0.02082714727
0.05335861156
0
0
0.02550462707
0.001057895019
0.01713230537
0
0.03753177461
0
0.00888916878
0
0
0.004189231362
0.02230097072
0
0.007354250727
0.01168700335
0.002295577621
0
0
0.005858539608
0
0
0.01152473825
0.01412193354
0
0.06134867106
0
0
0.00681074951
0
0
0.005417178015
0.009293640396
0
0.02689175598
0.02730924529
0.0004660614484
0
0.02810835901
0
0
0
0.004214105523
0
0
0
0.01132253113
0
0.05045763965
0
0
0.004988570672
0
0
0.002686347751
0
0.01115166246
0
0
0
0.001732574132
0.03683949609
0
0.01692650591
0
0.008515387832
0
0
0.04522661489
0.01367458571
0
0.03313118126
0.03764046826
0
0
0
0
0
0.06647747865
0
0
0.0523708706
0
0.01793648404
0.004446460239
0.02335502414
0.003207064341
0
0.01451701645
0.02961815991
0
0
0
0.02873923299
0
0.02243473756
0
0.04998814306
0.02210680549
0.04121611032
0.001618244539
0.02613551359
0.007735933137
0
0
0.01329171984
0.003172128192
0
0
0
0.02154616211
0
0
0.003265603734
0
0
0.02355362532
0.02044450218
0
0.02431730809
0.01337437082
0.006447510609
0.02755793395
0.008660317935
0.0005270517388
0.02609510224
0
0
0
0
0
0
0
0
0
0.03909897122
0
0
0.0008562939694
0.004540555033
0
0
0
0
0.00315529575
0
0.00E+00
0
0.02730893348
0
0.02351066932
0
0.03678727525
0
0.01594397832
0.03006433924
0
0.01813206033
0
0
0.002013550074
0.01806289109
0.01094437089
0
0.02269128042
0.03243187516
0
0.03685832673
0
0.03547592701
0
0
0
0.02040430373
0
0.04721278364
0.06026588497
0
0
0.04486572426
0.03361689137
0
0
0
0.006162588969
0
0.008146558664
0.0235751834
0.04124556485
0.01025496662
0.01822273279
0.03833496816
0.03344910168
0
0
0
0.006947104774
0.01156150943
0.02329798873
0.003247858414
0.01905835552
0
0
0
0
0.02086290774
0.00818825815
0
0.008725221951
0.009582801641
0
0
0
0
0
0.01381933427
0.03920351277
0.03747455773
0
0.05011898857
0
0
0.0346246765
0
0
0.04966503071
0
0.01153857256
0
0
0
0
0.04549714052
0.00E+00
0.01711832118
0.05348143271
0
0
0.01447328174
0.03940095506
0
0
0
0
0
0
0.02105189427
0
0.03863468309
0
0.007346842368
0.0007012929525
0
0
0.04045177424
0.007263136189
0
0
0
0
0
0
0.003191571022
0.02316302377
0
0.001689969594
0.02015643367
0
0.01507594281
0.001171461487
0
0
0.03344243072
0.01023171021
0.009930261225
0
0.03649561809
0.0185269244
0.04055280303
0.0006274598549
0
0
0
0
0.05967415431
0
0.01012162716
0
0
0.02704388353
0
0
0
0
0
0.01378538999
0.0007819211501
0.03877107056
0.01498744439
0.05135428213
0
0
0
0.03442237426
0
0
0
0
0.02072401686
0.0554767153
0.03754590857
0.01781004252
0
0
0.005297103816
0
0.003696351108
0
0.002438620152
0
0.03290830038
0
0.05527812939
0.02592165414
0
0
0.01229741931
0
0
0
0.002660376835
0.03226512913
0
0
0.005421935931
0.01970539046
0.02260880656
0.007933243152
0
0.02084724038
0
0
0.03838570489
0
0
0.03741940046
0.03843446378
0
0.004620480769
0.01409536391
0.03442464283
0
0
0
0
0.03517628811
0.04511716554
0
0.02965584445
0
0.02375249396
0
0
0
0
0.01150324352
0
0
0
0.0345076133
0
0
0
0.02312462535
0.02491160099
0.00194744117
0.001755673829
0
0.004250876971
0
0.01799894253
0.03272207714
0
0
0
0.01866043778
0
0.01898989726
0
0.04686121393
0.009132765354
0
0
0
0.02427852384
0
0
0
1.30E-02
0
0
0
0
0.008350920009
0
0
0.002694826141
0
0.02838426727
0
0.005540172933
0.03105393935
0.02048111431
0.03057785918
0
0
0.01696187633
0.000343894042
0
0
0
0
0.00273212217
0
0.005884851921
0
0.02736578303
0
0.03134314697
0
0.04425603582
0.05147579107
0
0
0.003079190404
0.002401992135
0
0.02041168672
0
0
0
0
0
0.0228532525
0
0
0.01821471341
0.03594390221
0
0
0
0
0
0
0
0
0.02454886099
0.004386198092
0.03198529012
0.01037804217
0.03030671831
0
0
0.01745399736
0.007725316849
0
0
0
0.002322944555
0.001375854179
0.00E+00
0.02733771154
0.02645806781
0.0356771924
0
0
0
0
0
0
0.01721966287
0.0154112717
0.03127378666
0.0446628511
0
0.01794479591
0
0.02502084775
0
0.01938635038
0.035201812
0.0003194789362
0
0.01328530535
0.04410648102
0.02735789718
0
0
0
0
0
0.03892995301
0.03957197383
0
0
0
0.02874609217
0.001180628326
0.0220845315
0.03082248346
0.01348088234
0
0
0
0
0
0
0.04776655503
0
0
0.02146119489
0.02040654042
0.04971754993
0.001416058705
0.02734609028
2.37E-05
0.06549127801
0
0.02937465737
0
0
0
0
0
0
0.02760300863
0.0157138603
0
0
0
0
0
0
0
0
0.0002131652379
0.03708376319
0
0.007901805423
0.02190640611
0.01909405201
0
0.02921521859
0.01857307499
0
0.00100131208
0
0.01411770019
0
0
0.05479139835
0
0
0.05120708702
0.02809995581
0
0
0
0
0.02911847025
0
0.00398986425
0
0
0.01542645345
0
0.04662587276
0
0
0.001333234111
0.03136246776
0.01315357551
0
0
0.02835551704
0
0
0.017694487
0.03156750297
0.002358822065
0
0.0404577472
0.02151242426
0
0
0.007627161758
0
0
0
0
0.004027974885
0.01954833386
0
0.03289976744
0.03815532308
0.0006911147497
0
0.02047685678
0.0215430573
0.06823759364
0
0.03590976002
0
0
0.01502020436
0.01008604343
0
0
0.05127599496
0
0.003527573248
0.00E+00
0.01244859092
0
0
0
0
0.02477966054
0
0
0.03453958229
0.01568761707
0
0.03290062028
0.01225984074
0
0.02711899122
0.006944171789
0.01973172941
0
0
0
0.05601564135
0
0
0.06241180986
0.01288847301
0
0.01624399845
0.03350621191
0.02708017444
0.00421849008
0
0
0
0.0302382731
0.03722845419
0
0
0.007596534678
0
0
0
0
0
0
0.03420647432
0.02281432799
0
0
0.009660275131
0.002492634022
0
0.004638604468
0.02467529255
0
0
0.00495334388
0.0343128388
0
0
0.009439572122
0
0
0
0.008973035996
0
0.00E+00
0
0.01531098072
0.001532460169
0
0
0.009365410727
0.03626818754
0
0.004307993151
0
0.00538641409
0
0.00E+00
0
0
0.0071219602
0
0.01401861567
0.0179284013
0
0.00891011494
0
0
0.01412132996
0.02186322381
0
0
0
0.001185692209
0
0.04637372887
0.01430019371
0
0.0008453909704
0.03089919224
0
0
0
0.03099666665
0
0
0
0.01981201118
0
0
0.03467420133
0
0.04926601545
0
0.05725921056
0
0
0
0.00697305527
0
0
0
0.005795513684
0.06702723123
0
0.01168817662
0.02146418012
0
0
0.02458786592
0
0.0477841771
0
0
0.009954044288
0
0
0
0
0
0
0
0
0
0
0
0
0
0
0.02969147352
0.01666490131
0
0
0
0
0.007400897431
0
0
0
0.01015231803
0
0
0.06639834216
0
0
0
0.05194540929
0.02649487686
0.02831665703
0.04205559668
0
0.05264364547
0
0
0.007146394265
0.02613767595
0.03352974961
0
0
0.03657186911
0.001294367025
0
0
0.002059218295
0.02365918479
0.03025562508
0
0.04922854192
0.02930386238
0
0.00593238174
0.01136321329
0
0.001414570847
0
0
0.02738804712
0.03847176142
0.004629515624
0.01802118315
0.01852097198
0.001498064691
0
0.006308891865
0
0
0.00403968202
0
0
0
0
0.001052011707
0.02410163901
0.003892932551
0.01852610614
0.02176278027
0
0
0.04437745098
0.02009481853
0
0
0.01665833023
0.01978014942
0.0105487602
0.00920537218
0
0
0
0.03268236994
0
0.00731781556
0.03581899384
0.0009712138859
0
0.001836207943
0
0
0
0.03120320153
0
0.02950226436
0.02800150697
0
0.01622695488
0.008305324377
0.01793778506
0.01093080202
0
0.01819490289
0.008602043284
0.0145934765
0.02718710321
0.00164670235
0.01045338758
0.007585182349
0.00750628777
0.01851991575
0.02137631039
0
0.007099944804
0
0
0.007701137048
0.02850019507
0
0.009310256722
0.03135161225
0.001898241449
0
0
0.01147324069
0
0.01085863175
0.008413021677
0.03179401037
0
0.0318105213
0
0
0.002225845882
0.01468036713
0
0
0
0
0.03461635238
0
0.003879350139
0.01803706707
0
0
0.01931836848
0
0.03046032669
0.03392480752
0
0
0
0
0
0.02974566099
0
0.02810010058
0.03795826783
0.05497113821
0.01287477055
0.07670684381
2.10E-02
0
0.0007312454224
0.00574544827
0
0.02418581336
0
0
0.001539358619
0
0
0
0.04089168153
0.007963496442
0
0
0.01738460503
0
0.05445702972
0.0006720810716
0.007063435815
0
0.01696466622
0
0
0.01616938599
0.009016547926
0.02464272953
0.05314380435
0.03333814048
0
0
0.04862099645
0
0
0.03831977376
0
0
0
0.006762058223
0.0598453873
0
0
0
0
0
0
0
0
0
0
0.02401975658
0.007321235102
0.002932955147
0
0
0
0
0
0
0
0.004391520328
0.01727689003
0.006356747608
0.01877882903
0
0
0
0
0
0.005986498828
0.02699486461
0.01969573476
0
0
0.03011946531
0
0.01259124658
0.007820917592
0
0
0
0.003397107163
0
0
0.03509323414
0
0
0.02264957607
0.009807722669
0
0.0665176626
0.009273723127
0
0.01359185226
0.01033685229
0
0
0
0
0.001761744668
0.01884830002
0
0
0.06357699249
0
0.01318843495
0
0.02782425257
0
0
0.0008740997264
0
0
0
0.05628779742
0
0.0366865762
0
0
0
0
0
0.02087689249
0.000233314939
0.02308308755
0
0
0
0
0
0
0
0
0.01165390013
0
0
0.02294567555
0.02651250421
0
0
0.05401701761
0.01796184518
0.0193676252
0
0.01033123628
0
0.03108292549
0
0
0.04225938086
0
0
0.02455837586
0.05063141797
0
0
0
0.07557653494
0
0
0
0
0.02016955826
0
0
0.01971378558
0.033777225
0.02747460786
0
0.001070664412
0.006759132033
0
0.01948425676
0.002195823269
0
0.03930168097
0
0.02787482808
0.008876073356
0.0004536435307
0
0
0.01557462817
0.03550484271
0
0.005756839565
0.06371593716
0.02051348963
0.02529400814
0
0
0
0.01757682139
0
0.0194566103
0.03730722623
0
0.04267138259
0.002482260031
0
0
0.01454193067
0
0
0.02532715335
0.009876692646
0
0.01489119488
0
0.02043664528
0
0
0.01751265911
0.05615308534
1.95E-03
0
0
0.0445431525
0.02707491954
0.04709419345
0.0147277086
0.02458274187
0.002504861937
0.008275301126
0
0.003807800862
0
0
0
0
0
0
0
0
0.01276121609
0.0628526462
0
0
0.03568718245
0
0
0
0.04929950091
0
0.01278753486
0.02110742735
0
0.0243646926
0
0
0
0
0
0
0
0
0.005778343999
0
0
0.01905989594
0.01289133833
0
0
0
0.02607105813
0
0
0
0
0
0
0.03432867541
0.04506508554
0
0
0.01647067702
0.02020746178
0.03541017854
0
0.01843571002
0.003738702985
0
0.0157076626
0.01377035389
0
0
0
0
0
0
0
0.02584602678
0.01060812219
0.00576329659
0
0.01198958591
0.02997041181
0
0.02673024359
0.0483481224
0
0.002729133287
0.05286327304
0
0.03228747134
0
0.02138917208
0
0.01011023248
0
0.04499399692
0.01192978482
0
0.01407211387
0
0.002074698461
0.01633798791
0
0.0007737837822
0.01312119036
0
0
0
0
0.05044012153
0
0.004916490823
0.01355349714
0.01328634556
0.00207262194
0
0.008840234046
0.002486026288
0
0.01631347085
0
0.03722629279
0.002818976945
0
0.03631561013
0
0
0
0
0
0
0.04459209089
0
0
0.04743636916
0
0.02756609624
0
0.002675642821
0
0
0
0.009515870209
0
0
0
0.04263498089
0.01302377169
1.22E-02
0
0.0007573288499
0
0
0
0.02622359682
0
0
0
0.00248228069
0
0
0.006183461965
0.0405441514
0.04829588491
0.01438969488
0
0.0224488661
0
0
0.03640885318
0.01639350827
0
0.002384499697
0.0175984223
0
0.03594013825
0.02556350203
0.02379502304
0
0
0
0.00E+00
0
0
0.01046315995
0
0
0.00761057338
0.01956474916
0.01121003493
0
0
0.01690083227
0
0
0.01244866512
0
0
0.006850358828
0.008025619454
0
0
0.006754462583
0.04449526599
0
0
0
0
0.05564203352
0
0.01293960073
0.04094475298
0
0.02094526455
0
0.00566870465
0.007934543912
0.02507365374
0.03543905515
0.009946631347
0.01966366194
0
0.04578573738
0
0
0
0.04975358675
0
0.02226584728
0.04645667879
0
0
0
0.05074774016
0
0
0
0.01198483254
0
0
0.03718590761
0
0.01921216205
0.02513361575
0.00608503648
0
0
0
0
0
0
0.009536064282
0
0
0
0.004902880035
0.004919153457
0.0308420726
0
0.006579926895
0.04316123005
0.01524624628
0
0.004436712303
0
0
0
0.04075345269
0
0
0
0
0.00723336652
0.01087486531
0.01371049505
0
0.01412203372
0.003002573685
0.01675774305
0
0
0
0.001574285315
0
0
0.004565396013
0.01608218334
0.02035490461
0.009792644783
0
0
0.03918018376
0
0.02718471862
0.02865972471
0.01614682426
0
0
0.002389200426
0
0
0.04032556684
0
0.003567278586
0.009372643254
0.03792403957
0
0
0.007269110375
0
0
0
0
0
0.04634371545
0.02829696556
0
0.02155110882
0.005071459056
0
0.02903052979
0.02767220784
0
0.008566245864
0
0
0.00E+00
0.01796039434
0.02300036105
0
0.0203611413
0.0242505076
0.02310072192
0
0.022842338
0
0.01645552632
0
0
0.0347530407
0.006403703925
0.01464797109
0
0.004465588813
0.004398913935
0
0
0
0.003966787332
0.01524768927
0.04610133924
0.01677107134
0.01342520594
0.04523604324
0.004050846208
0
0.01306981492
0.01677904829
0.0007104127238
0
0.01644059243
0.04990449929
0.006613736726
0.00525067315
0.01384837712
0.002796100609
0
0.02182537312
0
0
0.01756107847
0
0
0
0
0
0
0.03089154278
0
0
0.02626895963
0.01055092571
0.02876869843
0
0
0.0316748576
0.02928267641
0.04901777269
0.005209575641
0
1.60E-02
0.03285169173
0
0.006128866471
0.01479754701
0.02935674158
0.002300695222
0
0
0
0.0008299793217
0.02572879469
0
0.01644429984
0.0006378929483
0
0
0
0.006172820798
0.00695834738
0
0
0
0
0.01278745786
0.04053079912
0.00E+00
0.01532895454
0
0.01096188003
0
0.03503252523
0
0.04053217232
0
0
0
0.0143290682
0
0
0.0593903949
0.0334984478
0
0
0.01483511313
0
0.02684131597
0.004821558407
0
0.04898134361
0.006713818291
0
0
0
0
0
0
0.01036627992
1.61E-02
0.008403426125
0.02843387672
0
0.01482722599
0.02260191817
0
0
0.009077803669
0
0.03750487253
0
0
0.004839123659
0.008291168028
0
0
0
0
0.01158999714
0
0.03527351828
0.008878411723
0
0.02317082811
0
0
0.02796146501
0.0008064494633
0
0.00731280226
0
0.0231185608
0
0
0
0
0.04524009994
0.02126465636
0.01736785168
0.03427738568
0
0.01163928816
0.03764955167
0.03027043649
0
0
0.03096771125
0
0
0
0.004007393143
0
0.03462725132
0
0.01665279794
0
0
0
0.01570955892
0.005691683533
0.005759420916
0
0.009311386418
0.005965269581
0
0
0.003974458954
0
0
0.01196072802
0.02763320783
0
0.04958807273
0
0.003693802061
0
0.03240452146
0.01805990319
0.01071703362
0
0
0.02184291679
0.04425252922
0
0
0.01026034705
0
0
0.01395031907
0.01661488417
0.01344766853
0
0
0.04443884393
0
0
0
0
0.02577599023
0
0.007025971689
0.03783310425
0.03324724172
0.04905171181
0
0
0
0
0
0
0.03698518249
0
0
0
0
0
0.02210791816
0.002167153359
0
0.004864733066
0
0.04507444856
0.02012259546
0
0
0.0199119885
0
0
0.005059558633
0.01729625128
0.04432554525
0.009450688519
0.0491247973
0.01304720464
0.04085991352
0
0.01900844625
0
0
0
0
0
0
0.005617165621
0
0
0
0.03071129717
0.02151590901
0
0.006022054312
0.002124583212
0
0.03953717743
0
0.01039187824
0
0.03268841824
0.01481278116
0
0
0.01761391711
0
0.03488028998
0.02853879819
0.01811434046
0
0.05792167463
0
0
0.01314231155
0
0
0
0
0.05382634561
0
0
0
0
0.01543221976
0
0
0.01386658928
0
0
0.02888806379
0.007593377575
0.03080233433
0.008231748979
0.001356530729
0
0.03557229655
0
0
0.01764166747
0.03342488159
0
0
0.03154303897
0
0
0
0
0
0.0191474391
0.01963444497
0.03716972592
0.01102119163
0.006067655413
0.01094907094
0.03312872042
0
0
0
0
0
0
0.05400769683
0.0002131597819
0
0
0.05036261788
0.01200928082
0.02971828016
0.03051799101
0
0
0
0
0
0.01580447311
0
0
0.0006853180583
0
0
0.01926751662
0
0
0.0007639768636
0.009525263506
0.01916841932
0.02771785239
0.02641733591
0.02648225485
0.01102563653
0.005181005194
0.0467101889
0.03937918352
0
0
0.01433871379
0.02952135012
0.007151647309
0.03870664387
0.02640174853
0.01584723875
0.00637199899
0
0.01669267257
0.01651695038
0
0.0108256329
0
0.01846757327
0
0
0
0
0
0.03705024877
0
0
0
0
0
0
0.05258877083
0.02824069152
0
0
0
0.007239845895
0
0
0
0
0
0.02764755023
0
0
0.02631508555
0
0
0.006568173392
0.02396780656
0
0
0
0.004854816747
0.03260585045
0.02748424337
0.001300930638
0
0
0
0.007196309145
0.04061454516
0
0
0.025747448
0.03247084472
0.03300893573
0
0.004112417719
0
0
0.03464884666
0.0127213018
0
0.01577482228
0
0
0
0
0.0224322284
0.00908431798
0.003398564202
0.03182226943
0
0.003142383278
0.009189204807
0
0
0
0.004261341744
0.01171791975
0.04821709286
0.02448588149
0.004717395144
0
0.04141507161
0
0
0
0.02253790654
0
0
0.01038042684
0
0
0.07202690804
0
0.01350690515
0.01764164541
0.01273510555
0
0
0.01412715475
0.004491893156
0
0
0
0
0.03921565815
0
0
0.00911617257
0
0.01879657099
0.01302311033
0.03096145272
0
0
0.01301460835
0
0
0.02748143712
0
0
0.01869410729
0.06751246458
0
0
0.04463173298
0
0
0
0
0.02496875494
0
0.0007538488792
0.01477973386
0
0
0
0.006250190556
0
0.001699326584
0
0.05057785235
0.005539866589
0.01516344734
0.01019257651
0
0
0
0
0.0169216949
0
0
0.009326481864
0
0.006529416527
0.0541346533
0.0498767641
0.03010198703
0
0.01591041753
0.03521421487
0
0
0.01755080497
0
0
0
0
0
0.002389954079
0.01309757795
0
0
0.0188988504
0.02088140554
0.01478833316
0
0.009823370964
0
0
0.0105799227
0.02010168514
0
0
0
0.001466223789
0.006493504631
0
0
7.56E-05
0.02626959189
4.39E-02
0
0.003252951907
0
0
0
0
0.03116511935
0.01533876884
0.004400456448
0
0.04521640465
0
0.001028218691
0
0
0.02538667327
0
0.02194817111
0
0
0.002283656063
0
0.0220405981
0.02181442558
0.03967307517
0.04250538125
0
0
0
0
0.008454639387
0
0
0
0.02839151065
0.01789298903
0.002247069504
0.01549057779
0
0
0
0
0.02819769623
0
0
0.02118964036
0.0533415261
0.02515086505
0.02881609815
0
0.008616470145
0.02118389493
0
0
0.04059971892
0
0
0.02456912243
0
0
0.02695197358
0
0.00E+00
0
0.01862243209
0.002051142195
0
0
0.009268241771
0.0570787921
0
0
0
0
0
0
0.02548244532
0.01696809333
0
0.03502407433
0.03692208044
0.03349115619
0.01733731945
0
0.06920937026
0.02585539591
0.0270621907
0.01655767118
0
0.0166716554
0
0
0
0
0
0.01902059773
0
0
0
0.0003374429516
0.01241269364
0
0.002808537532
0
0
0.001983917363
0.01687158941
0
0
0.007871680337
0
0.01192275896
0
0.01572209825
0.02713193387
0.007554673217
0
0
0.03337257499
0
0.01779730923
0
0.02281537138
0.01918047399
0.007435877658
0
0
0
0
0.05369770875
0.01146101288
0.01164373237
0
0
0.0313363537
0.02441075426
0.03321593931
0
0.05535680745
0
0
0
0
0
0
0
0
0.03875548317
0
0.02089511876
0
0.0358644022
0
0
0
0
0
0.02460638097
0.01589324392
0
0.01478259195
0
0
0
0.01619765189
0
0
0
0.004997447211
0.03235711794
0
0.02821812853
0
0
0.01741719469
0
0
0.0582164867
0
0
0.001219239698
0
0
0
0.03818325864
0.02524881962
0.01015329279
0.05430978671
0
0
2.12E-02
0
0
0
0
0
0
0
0.001695884712
0
0.0655016942
0
0
0
0.0174800947
0
0.03471416653
0
0
0
0
0
0
0.0496913663
0
0
0
0
0.01802805659
0
0.02547588734
0
0
0.01027224673
0.01846442312
0
0
0
0.00765695046
0.0212617497
0.05247799048
0.02245772877
0
0.004694062918
0
0
0.009697346297
0
0.04575377429
0
0.02018744426
0.01916007754
0
0.00464026815
0.008034885737
0
0
0.01772684777
0.01429761548
0.06746308753
0.01304546123
0.06344499884
0.00364389815
0
0