0.03426873745
0
0.02378591568
0.009985006105
0.02577402662
0.006860419061
0.005723649156
0
0
0
0
0
0.02432437853
0
0.007384293245
0
0.01816224995
0.03405977329
0.009064938026
0.01904778447
0
0.03494863315
0.01030615138
0
0.03599379355
0.01176240055
0
0
0
0.004821837063
0.002174108698
0.02389785736
0.008742032783
0.02504912912
0
0.01345147506
0
0
0.017124076
0
0.01275628145
0
0.02182082456
0.008393966179
0
0.006284305268
0.02051005474
0.03340437025
0
0
0.005341840268
0
0.01070720021
0.001959373482
0.02077372581
0.004533407663
0
0.04550313385
0.01228592417
0.007230400861
0.01558063729
0.02789722117
0
0
0
0.01614862756
0.008338168951
0.01486142893
0.01050428004
0.01447665098
0.009299664514
0
0.01019415533
0
0.0195498441
0
0
0
0
0
0.02638982319
0
0.02804800237
0.03090967051
0.007087280537
0.0273533668
0.00549603552
0.007566677578
0
0.01101423616
0
0.03569228076
0
0
0
0.03652300154
0.01005441567
0.008797055433
0
0
0.004495773985
0
0
0.03259199264
0
0
0
0
0.007346830771
0
0
0
0.03407932453
0.007494887115
0
0.001570138144
0.0249891183
0.0242230487
0.01946022028
0.02255975522
0.01709476604
0.03111423691
0.008816908152
0.01416919143
0.04391315317
0.00967385153
0
0.004221818197
0
0
0.006763793739
0
0
0.02831223257
0
0.02497740119
0
0
0.03910623412
0
0.02974796602
0
0.01203818359
0
0
0.0009374250971
0.01030799213
0.0197580938
0
0.0006558363753
0.02082803336
0
0.04076246068
0.02116289432
0.01916909434
0.004487381687
0
0.01864118966
0.01054360879
0.005944166651
0.008343971162
0.01212684567
0.003616973301
0
0
0.01475976937
0.03553465484
0.02788993422
0
0.001302768691
0.00967144116
0
0
0.005587480818
0
0.008558456934
0.01005179344
0.03063487347
0
0
0.01673067945
0
0
0.03130177588
0.008543664499
0
0.02759324547
0
0.01747479536
0.009078412022
0
0.02315632417
0
0.005118294099
0
0.03873420066
0.0322306421
0
0
0
0.005821037601
0
0.02557000167
0
0
0.01428417487
0
0
0.01504547107
0.0367340168
0.01469065988
0.0263420746
0
0.01024665696
0
0.01857011178
0.004869434302
0.03496908418
0
0.01111468109
0.04541825239
0
0.006537582721
0.0009059710625
0
0
0
0
0
0.03757462712
0
0
0
0.00104496731
0.01572246319
0.008425068029
0.03110407215
0.008966672643
0
0.007953936431
0.02427216498
0
0
0.02463728381
0.01008186024
0
0.005055841398
0.03249610664
0.03462224889
0.007213528549
0.0002406280092
0
0.01717700571
0
0
0
0
0.004401823567
0
0.04847112223
0.001337100384
0
0
0.04585273873
0
0.03358643636
0
0.004829798513
0
0
0
0.01185281531
0
0.05123123475
0
0.02837538037
0.003569035943
0
0.0331772425
0.03998688106
0.0002912397981
0
0.01600381601
0
0.03662138139
0
0.005940622179
0.01342593407
0.01645490723
0
0
0
0.044367148
0
0
0
0
0.009801928521
0
0.01271372701
0
0
0
0
0.004058668187
0
0
0.03234151675
0
0.0160723472
0.03402963855
0.01371285238
0
0.00236378761
0.01764771094
0
0
0.01909463348
0
0.03009345899
0.002058240233
0
0
0.002073313391
0
0.04069160823
0.01855539346
0
0
0.04971351726
0
0
0.01075011964
0
0.02827655654
0.0006977638946
0.02632268342
0.00442290342
0
0.04008154262
0
0
0
0
0
0
0.001951507263
0
0.05224025253
0
0
0.02478450697
0
0
0
0.008204155822
0.0211342556
0.0008155006695
0.000707710497
0
0.04118382039
0
0.02776923778
0.009376185138
0
0.04028475534
0
0
0.008433493939
0
0.01591969339
0.03487521353
0
0.02838909548
0
0.001021193345
0
0
0.04462510269
0.04228128473
0
0.0004643359378
0.01006349095
0
0
0.008324225614
0
0.05142110469
0
0
0
0
0.03519438307
0
0
0
0
0.0342871352
0.0368649251
0.02632517814
0
0
0
0.02998561208
0
0.003339203712
0
0
0.0454514538
0.02054295026
0.01826086559
0.01253146298
0
0.005181553865
0.01319738559
0.0007340806998
0
0
0
0.01723151903
0.0187835217
0
0.02522720975
0.00259379968
0.01177937038
0
0
0.003226894258
0
0.01176021764
0.0003689974925
0
0
0
0.01527895718
0.02460491078
0.01515574377
0
0.03821839344
0.04901263442
0.007313253723
0
0
0.01095888425
0.01810457862
0
0.03665122581
0
0.03175204752
0.00682576641
0.02840739827
0
0.0216824976
0.007043302288
0.009517876337
0
0
0
0
0
0.03687289952
0
0
0.0305633277
0
0.02583215334
0.0007989294293
0.01988712083
0
0
0
0.04738955955
0
0.04756308656
0
0.01258644299
0.01940401436
0.04978562001
0.01340575552
0.01083137063
0.003057047344
0
0
0.01468073044
0
0
0.002956912586
0.000376458788
0.02703165952
0
0
0
0.04712272241
0
0.001183810972
0
0.02311535302
0
0
0.00483145554
0
0.0777883239
0
0
0.005496579108
0.002307853369
0
0.01007883557
0
0.01669579436
0.03864525154
0
0
0
0
0.04359200598
0
0
0
0
0
0
0.003730746929
0.05241025671
0
0
0
0
0
0
0.01810203428
0
0
0
0
0
0
0.008893868769
0
0.004187583322
0
0.0360570669
0
0
0.01229509334
0.04504969919
0
0
0
0.04032967732
0
0.01807557436
0
0
0
0.03564178933
0.04030011428
0
0.02047083024
0.01656483103
0
0.001637004126
0.02475875287
0.008757601694
0.03259961202
0
0
0
0
0.02697738524
0.001090535412
0
0.0256378838
0
0
0.02618082139
0
0
0
0
0
0.02885383889
0
0
0.009169931861
0
0.005994410263
0
0
0.03110209785
0.04863461864
0
0
0.05587053029
0.08415462529
0
0
0.004890888787
0.02711512681
0.00986052495
0
0.04956182631
0.00E+00
0.01246784938
0.005664655125
0.005900807704
0
0
0.03567021587
0.001921779461
0.0301414049
0.00796545978
0
0
0.0638779333
0
0
0
0.007724450289
0
0
0
0.02328025273
0.007641031274
0
0
0
0.02167972525
0
0
0.0307506479
0.01559421048
0
0
0.005015401557
0
0.01143031265
0
0.01598011973
0.06895376989
0
0.02312716018
0
0.001136791068
0.005048816877
0
0.007000106752
0
0
0.01571680258
0.02644194357
0
0
0.03814035379
0
0
0.04214121799
0
0
0
0.01530166403
0
0.02120641964
0.003469326357
0.01155389886
0
0
0
0.02596266608
0
0.02774515687
0.0491533586
0
0
0.01792156269
0
0
0.03653690374
0
0
0
0
0
0
0
0
0
0
0
0.01312621651
0
0
0.02736080306
0.0271897025
0.0871619506
0
0.02391148199
0
0.02001390537
0.01240993674
0
0
0.03479457672
0
0
0.004569533777
0.02873938335
0
0
0.001234919918
0
0.02657370917
0.01499291158
0.01842668749
0
0
0
0.01470305641
0
0
0.01765575988
0.02669076109
0
0
0
0.00969207088
0.04360978559
0
0.02155053681
0.03208141155
0
0
0.02802227311
0.01242646068
0.02018950122
0.01817158467
0
0.0321690038
0
0.001430256225
0.004064575394
0
0.01684959369
0
0.03059416445
0
0.001209204734
0.008884827382
0.01203438327
0
0
0.02314609158
0.005478358026
0
0.01535382
0
0
0.02546559983
0
0.01746246386
0.003130427221
0.005772816948
0.003101367172
0.02649468944
0.01091197342
0.0351773907
0
0.007862639913
0.01327174834
0
0
0.01740563524
0
0.007387244538
0
0.01245205542
0.02223425157
0.008290879447
0.008559806522
0.02437157633
0.009788071906
0.02937988008
0.03599642266
0
0.02591824199
0.02103880557
0.02549469407
0.01675152991
0.0313664659
0
0.01097762118
0
0.0007228022312
0
0
0.009810422756
0.008063273389
0
0
0
0.02515586425
0
0.04700914096
0
0
0
0.02668683699
0
0.01452785387
0.005561219399
0
0.01972581746
0.005399060468
0.02492417247
0
0.008845866835
0.01527018958
0.01995796645
0.002803410485
0
0.01284058179
0.03691088943
0.007517865547
0
0
0
0.0110032887
0
0.0146856977
0.01001034814
0.004353491176
0.003582343427
0
0.02535463435
0.01043605388
0.03180971592
0
0.02154485096
0
0
0
0.004210034827
0.01855117205
0.01681655596
0.02761714139
0
0.02315661686
0.01901683611
0
0
0
0
0.006356508911
0
0.02076729858
0
0.00E+00
0.02067501485
0
0.0294613373
0
0.02328310023
0
0.02450698095
0
0.01119158524
0
0.0398094443
0.001163702369
0.01602099379
0
0
0.002833259066
0.0172951157
0.01343383991
0.004896998233
0.02612956165
0
0
0.007267382251
0.02232142869
0
0.04090132608
0.02030962909
0.03357291349
0.005584864638
0.002486620491
0
0.04835494852
0
0.01669401689
0.007780086989
0
0
0
0.02161652435
0
0
0
0
0.02810667672
0
0
0.01170250016
0.02257456935
0
0
0.02627067133
0
0.004223503704
0.02321400531
0
0.01492866198
0
0.01388103295
0.01385693957
0.009601326482
0.04826164932
0
0.05065308208
0.007856598699
0.006475672235
0.001474996055
0.01121051067
0.02844668323
0.02747309405
0
0.006607367777
0
0.01314912675
0
0
0
0.009719625753
0
0.003145732794
0.01876590108
0
0.01863023445
0
0.02540204749
0
0
0.01716472469
0
0
0.004715359763
0.03646932011
0.02586971283
0.01563449855
0.02640196113
0
0.007851608318
0.00103288851
0
0.02294789538
0.01269802055
0.01783489474
0.03924732096
0.01997164416
0.0230956951
0
0
0
0
0.01239335465
0.011533292
0
0
0
0
0
0.007158710867
0.02159504159
0
0
0
0
0.02557802652
0.002153048817
0
0
0
0
0
0
0
0.02608886309
0
0.01294815863
0
0.04417024964
0.01616714712
0.02191267833
0
0
0
0.0487686712
0.0231774573
0.009787545468
0.007460112162
0.004675489116
0
0.03152571646
0
0
0
0.002704357255
0
0
0.002378811742
0
0.02397265998
0
0.0523787353
0
0.01180031447
0
0.0412725899
0.02447534714
0
0
0
0
0.02093007838
0.02030780475
0.001843232894
0.05558042714
0.01796762417
0
0.01798091197
0.01201153215
0.01584646276
0.003324376026
0.01240924058
0.00935060377
0
0
0.03371692588
0.01874434157
0
0
0.01221362838
0.003888776624
0
0
0.0185609759
0
0
0.01260703984
0.02718941739
0
0
0.06195292332
0.03613893324
0
0.01954073129
0.002576768059
0
0
0.01409094665
0
0.02704111553
0
0.0162078347
0
0.03650245989
0
0.01310236838
0
0.03514051321
0.004567823845
0
0
0
0
0.02054779504
0.01546330485
0
0
0
0
0
0.01453720699
0
0
0
0.002731892959
0
0.00821970571
0
0
0
0.03160328606
0.0403601543
0.01096431016
0.02501307945
0
0.02224331265
0.02433600002
0.0002387776812
0.03640261719
0
0
0.01771905446
0
0
0.03240913795
0.01459840787
0.0148691902
0.01602862916
0.004280254792
0
0
0.08762493891
0.003354410516
0
0
0
0
0
0
0.01543649548
0
0
0.005427043369
0
0.02009349273
0
0
0.03012648813
0.01227857472
0
0
0.02640132712
0
0
0
0
0.06373220152
0
0
0
0.02679843067
0
0
0.0357434049
0
0.02308666205
0.02106219102
0.01852072941
0.01505487932
0
0.0115622368
0
0
0.08049982838
0
0
0
0.05451708657
0
0.0002708803965
0
0
0
0
0
0.02804086114
0
0.02451610404
0.05101487834
0.02401351749
0.01804771589
0.02073077194
0
0
0.003962583326
8.02E-03
0.009424260353
0
0
0
0
0
0
0
0.0178583617
0
0
0
0
0.02998889821
0.002451496857
0.05892082462
0
0
0
0.0148768751
0
0.02952791151
0
0.0265201136
0.01397792453
0
0.02528502779
0.003264064158
0
0.004669520677
0.001019903037
0
0.04342864438
0.01481160386
0
0
0
0.03637492052
0
0
0.006183170294
0.03638978234
0.02109832614
0
0
0
0
0.00730414947
0.004556161209
0.03597612965
0.03322300021
0
0.02604987149
0.01227731114
0.03359043803
0.02209225248
0.01420434009
0.02243247935
0.01708753623
0.005099446445
0
0.01116948238
0
0
0.03725210692
0.01337846151
0
0.02072287855
0.003251776407
0.00489793601
0
0
0
0.008548003477
0
0.01433984919
0
0
0.04954985092
0
0.008944841745
0
0.003966663245
0
0.02429851522
0
0
0
0.01648843875
0.02693932125
0
0
0
0
0.008983729686
0.0105696163
0.0008753872953
0.02770736372
0
0
0.01687987267
0.03822053103
0.00338138242
0.04649262436
0.02024093907
0.03601933014
0
0
0.006188779925
0.02577206342
0
0.002032324243
0
0.004835741246
0
0
0
0
0
0
0.01160816027
0
0
0.0181001157
0.00863124919
0
0.01764910633
0
0
0.04567047139
0
0
0.01987255652
0
0.005406348184
0
0
0
0.01110966325
0
0
0.001662981637
0
0.02937861327
0.001417969736
0.01525054558
0
0.01685946058
0
0
5.48E-06
0.008301439314
0.01313884551
0
0
0
0.008524604964
0
0
0.02040063295
0.02180820741
0.01097586225
0.01881540146
0.00760053911
0
0.02577187238
0
0.01638515242
0.01240152398
0
0
0
0
0.02870871382
0
0.02151084718
0
0
0
0
0
0.01832323879
0.02513120957
0
0.02104620769
0.0002426491881
0.04454658178
0
0.03797190925
0.0111879405
0.02407686932
0.01011518968
0.03549585578
0
0.005185561446
0.01811271128
0
0.002707782123
0.05319111785
0
0
0.02444042526
0.02593274825
0.005491645783
0.0261023143
0.007397079365
0.02459327265
0.03685919272
0
0.04224878668
0
0
0
0.02263660328
0
0
0.02195052615
0.04965437463
0
0
0
0.03476611632
0.02164324215
0
0
0.01448077345
0
0.01546953899
0.05287118226
0
0.001500501653
0
0
0.02240066192
0
0.03386884532
0.003760787665
0.002330073151
0
0.02107867556
0.02885474099
0
0.01117681419
0
0
0.005879929204
0.03213835689
0
0.0443662137
0.03717961902
0
0.001151307604
0
0.02078974442
0.01507960379
0.01357620374
0.0006032978117
0
0.0007309416209
0
0
0
0
0.01661428932
0.01252600594
0
0.01393458573
0
0
0.001367265562
0.02446964709
0
0.02706172443
0
0.0213180078
0.001288679863
0.01355073438
0.05775966632
0.01220030992
0.02865050543
0
0.002314620492
0
0.01607411049
0
0.01759749813
0
0.02027062645
0
0.0008644095153
0
0.01991260379
0
0.03602184308
0
0
0
0
0
0.009388620208
0
0
0
0.002535805289
0
0
0
0
0.02738994776
0
0.001454078975
0.009771980141
0.02437262675
0
0.03353877055
0.01617545843
0
0
0.04249946986
0.03122708102
0.02215185587
0.01569920912
0
0
0.0392384716
0.006563400087
0.01428482018
0
0
0.01321541558
0.006493702871
0.01505710777
0
0.008452887929
0
0
0.02065932067
0.03144129271
0.03718073944
0
0.03293568996
0.03400720111
0.004986339826
0.02771605736
0.01305140533
0.02273678828
0
0
0
0
0.001139577302
0
0
0
0.01816817515
0
0.007117469462
0.02517438648
0
0.04115373442
0
0.0433462288
0
0
0.02519867915
0
0
0.01250786653
0.04049021128
0.01291400827
0.014842281
0.04566564592
0
0.04119194359
0.00966575338
0
0
0
0.01499987784
0.01355762611
0.02778889786
0.004980971969
0
0
0
0
0.01367153232
0.01471394764
0.01729264647
0
0
0
0
0
0.02896593974
0
0.007017545929
0
0
0.008778923749
0
0.01596948463
0
0
0.02270802663
0.01895809053
0
0.007915094178
0
0
0.02047567975
0
0.02290678181
0.02832404684
0.01167597223
0
0.000673326968
0
0.01397272016
0
0.002357056083
0
0.02804318176
0
0.02835156276
0
0
0.008809765154
0
0
0.01700124998
0.005027844713
0
0.01614698998
0
0.006543217045
0.01544032325
0.03136266933
0
0.04388222163
0
0.01273746637
0
0
0.008024928488
0
0
0.003970266147
0.05840377728
0.04043180407
0
0.0184445075
0
0.01079595745
0.02281966904
0.01056358427
0
0
0.02251711655
0.01225415086
0
0
0.01481970488
0.002833400901
0.006360149766
0.02186885354
0.02563111708
0
0
0
0.04385991723
0.02548147262
0
0.0007547269706
0.05418410529
0.01094945827
0
0.0009294356771
0
0
0
0
0
0.02330647504
0
0.01224287245
0
0.03709771971
8.07E-05
0
0
0
0
0.003879265386
0
0
0.02523659337
0.03277761418
0.0004842337492
0
0
0.000141996688
0
0
0.004372297006
0
0
0
0
0.004145724931
0.01335077232
0.04439389697
0
0
0.04952234318
0.07237535154
0
0
0
0.009456124216
0.0378914687
0.01412649467
0.02370214036
0.01626850421
0
0
0
0.05307596631
0.00557592753
0
0
0
0.003106240592
0.02738659448
0.007979445437
0
0
0.01898450682
0
0.02782506769
0
0
0.03434534382
0
0
0
0
0.03022113524
0.02238861556
0.05944773228
0
0.005073336375
0.004419271664
0.04084143851
0.03560325505
0.01624028664
0.01046145787
0
0.03779956051
0
0
0
0.01653475797
0.04182219914
0
0.02267912564
0.02488903186
0
0
0
0
0
0.02863136254
0
0.01050024156
0.02994334194
0
0.001014794776
0.02465449726
0
0
0
0.01308357072
0.004324124579
0
0.03663641782
0
0.01241614028
0.002900960938
0.016118926
0.0006190890055
0.001129026266
0
0.01208614868
0
7.18E-05
0.002871645933
0.03122854829
0
0
0
0.009361985412
0.01217858352
0.02484406137
0.003206666837
0.01324083952
0.005780469323
0
0
0.01510771809
0
0.04783045729
0
0
0
0.01189774414
0.0207028638
0
0
0
0.006820527111
0
0
0
0
0
0.007947944758
0
0
0.02241305981
0.03370838291
0.01783339723
0.03348183748
0
0.01273390257
0
0
0
0.0008500886265
0
0.007293671797
0.03578811402
0
0
0
0
0.002931162529
0.02790763246
0
0
0.03991574487
0
0
0
0
0.03477786807
0.01693731409
0.02449940642
0.02793891179
0.001131175756
0.04010477308
0.007147681209
0
0
0.005316807334
0.03454911808
0
0.01242965511
0
0.04015096472
0
0
0
0.009033146012
0
0
0
0
0
0
0.006443070015
0.01536514249
0
0.007342213199
0.05143115614
0
0.03329967831
0
0.0003327850115
0.001034028104
0
0
0.04350322422
0
0.0446446941
0
0.03002854727
0.02689391423
0.02048458075
0.03101877049
0.0424479087
0
0.010447807
0.008171158159
0
0.009122682758
0
0.01020952395
0.01805677606
0.02834870428
0
0
0
0.04078907744
0
0
0
0
0
0
0.02376279662
0
0
0
0
0.03684342679
0
0
0.01570591523
0.0311883504
0
0.02595443133
0
0
0
0.04642974567
0.007247602873
0
0.02957170855
0
0
0
0
0.0452165794
0.01162355503
0.02510998326
0.007608737033
0
0
0
0
0.02244994055
0.004900550524
0
0
0
0
0
0
0.001928554118
0.04666294238
0
0
0
0
0
0
0.02247110598
0.009344429159
0.02041400997
0
0.01145140432
0
0
0
0
0.02826180784
0.04952850068
0
0.03111130602
0
0.06709210418
0
0
0
0
0.03975844584
0
0
0.001681853696
0.01813346803
0.03541862245
0.04351792434
0.01972155459
0.02246021292
0.02255897356
0
0
0.02938960395
0.007073381279
0
0
0
0
0
0
0.03056819644
0
0.01157413084
0
0.004211993589
0
0.02831542824
0.05106608008
0
0
0
0.02455861938
0.001682222946
0.01019259654
0
0
0
0
0.04036782743
0
0.005046429747
0
0
0.01125662872
0.01367961494
0.03332423072
0
0.006708727388
0
0
0.03586604414
0.02760242282
0.005345388635
0.01408165885
0.01095870559
0.03050657112
0
0.01858045118
0.04351126319
0.01488697889
0
0
0.01535481324
0
0
0.008880654768
0
0
0.01360994673
0
0
0.01311720181
0
0.03738790725
0
0.040156104
0
0
0
0
0.01923705906
0
0.01669047711
0
0.04035924052
0.04445344038
0
0.04484453884
0.03073891859
0
0.0114902757
0
0
0.01791451606
0.01662215989
0
0
0.01108867222
0
0
0
0.03347292803
0.01410588551
0
0
0
0
0
0.007839971062
0
0.02957871932
0
0.01658247857
0.004040855539
0
0.001886794303
0
0
0.01163175292
0.01514251775
0
0.01925728918
0
0
0.03254517717
0
0.003541673657
0.00914127392
0.0490801595
0.02654160451
0
0.0009426377181
0.00319681274
0.01168982642
0.01611277263
0.03272588896
0
0.01608108193
0
0
0
0.01202028073
0.006854789097
0
0
0
0
0.03001462102
0.02318178501
0
0
0.002450656498
0.05266050441
0.001435609377
0.03110380952
0
0.04427005196
0
0
0.0472315284
0.02831100408
0.003916272425
0
0
0.01415546016
0
0
0
0.02028161983
0
0.03940047236
0
0
0.009234216819
0
0.006046032185
0
0.02432112585
0
0
0
0.02752653595
0.03072162466
0.0127498072
0
0
0
0.008825423998
0
0.02346474736
0.01137985705
0
0.03040833728
0.02169048736
0.01458982616
0.03694489429
0.01037528836
0
0
0
0.03382919417
0.01441531783
0.01403769528
0
0.001849486721
0.01263427939
0
0.005921343394
0.0173061457
0
0
0.003810495177
0.008308652119
0.00425257109
0
0.003547600651
0
0.02001359629
0.01750912989
0
0.0210896092
0.007773071183
0.02191732449
0.00761680438
0
0
0.04814397701
0
0
0
0.03885344928
0.01877491612
0.004021700338
0
0
0.01194071378
0.01658155771
0.04935069656
0
0
0
0.02967100373
0.004118327259
0
0.03228914101
0
0
0
0.02653105468
0
0.0561914709
0.02510397191
0.008914291941
0.008203951431
0
0.02179108549
0.02775770008
0
0.001531738409
0
0
0
0
0.03342428475
0
0.006996827015
0
0
0.03631828254
0.0001779719993
0.002808090392
0
0.03301932219
0
0
0
0.009083973497
0.004366983304
0.01711089777
0.02374259316
0.03649841593
0
0.02247388893
0
0.03734109377
0
0.006443081929
0
0
0
0.00377016339
0
0
0.01148108083
0.05765095428
0
0.01475277548
0
0.02182561339
0
0
0.003482715576
0.01932177443
0
0.01800454077
0
0
0.03004799767
0.005232875775
0
0.03373065023
0.01358755833
0
0.0001682839854
0.009327615431
0
0
0.0113406354
0
0.05376713891
0
0
0
0.02406145504
0
0.06084762689
0.003528424045
0
0.004337377178
0.009950330942
0
0
0
0
0
0.009199237984
0
0
0.004661225302
0
0
0.01969611622
0.01129282612
0
0.01790381399
0.005604831429
0
0.0391228508
0.02971026834
0
0.02173830923
0.01665702659
0.02404888322
0.01481856579
0.02457557527
0.01676415795
0.0400009598
0
0.01750662108
0.02609266846
0.02114021834
0.01478801759
0.02076969754
0.01867777302
0
0
0
0.006888943591
0.03516233814
0.005326460363
0.02997148869
0
0.01417634269
0.002968632783
0
0.01283610359
0
0.01704537245
0
0.007281627624
0.003684034396
0
0.009926229823
0.007437274261
0.02646923592
0
0
0.01587359216
0.005984904522
0.006230531807
0.01546587315
0
0.009627676618
0.0233192021
0.01884410542
0
0
0.01825470412
0
0
0
0.03543392419
0.004213450311
0
0
0.002869415308
0
0.004415140728
0.01248958253
0
0.02869865607
0.02100638103
0.006872143476
0.01661921915
0.002880934531
0
0
0
0
0.009948919139
0
0.01196691595
0.006804833382
0.008092461111
0
0.01791231669
0.02607203713
0.00E+00
0.0170098945
0
0.02429861801
0.00458680792
0.007791534273
0.00966851989
0.01280397639
0.0231458665
0.04194583251
0.035539961
0
0.0307082365
0
0
0.03606278922
0
0.0205787248
0.000766749661
0
0
0
0
0.06183876376
0.01759066529
0.02105005852
0
0
0.001695299806
0
0
0.008692588614
0
0
0
0
0.01204551197
0
0.001771553149
0
0
0.01901545096
0
0
0.00282282281
0
0
0
0.002798278134
0
0
0.03402751777
0
0.05081829654
0
0.04008243796
0
0.04509415662
0.0128454729
0.00503908468
0
0
0
0.02926119278
0.03564089646
0
0.04448312233
0.05883470721
0
0.005077826384
0
0
0
0
0
0
0
0.01678678537
0
0.00E+00
0.05382706892
0
0
0.004666323913
0
0
0.007100797383
0.001296319157
0
0
0.003309429872
0
0.0353607896
0
0
0
0
0.0289712061
0.02863372667
0.0239651364
0
0.03638504087
0.009414745055
0
0
0.04787114434
0
0.003137621525
0
0
0
0.008261052727
0.003918079873
0.007764718215
0
0
0.05162392454
0
0
0.01454530791
0
0.004169945478
0.02002752545
0
0
0.01577438613
0
0
0
0
0.04140292895
0
0.03044929898
0
0
0
0
0.002607668499
0.0181932606
0.01768470993
0
0
0
0.01462130037
0
0
0.02695587329
0.03987454818
0
0.004999389399
0
0
0.005397580356
0
0.03974941361
0.002995444841
0.01013870804
0
0.006571879276
0
0.01144401017
0
0.02429941193
0
0
0
0
0
0.05279040991
0.01183332368
0
0.009225055628
0
0.04856538815
0
0.02838622559
0.0140144591
0.01703152437
0.02224868065
0.05128439633
0
0.01996688901
0.02595272268
0
0
0.0588671931
0
0
0.01120224701
0
0.001770352999
0.02444870133
0
0.02555116424
0.01362545631
0
0.02527227246
0
0
0.006226906315
0.03815769577
0
0
0.0156304558
0.05447811284
0
0
0
0
0
0
0.025120175
0
0
0.0006364505108
0
0.01897953145
0
0.008177848645
0
0.01266503432
0
0.02187924681
0
0
0
0.02315564987
0
0
0
0.008838516535
0.01509350786
0.03481836274
0.01113227661
0.01694202642
0.008041545081
0
0
0.02147744866
0.008163993911
0.01560643466
0
0
0.003142769639
0
0
0.0388415004
0.02787409426
0.002473199632
0.01635974639
0.02051754599
0
0.007862679637
0
0.006718588288
0
0
0
0.009223935711
0
0.01827282497
0.03762969057
0.03460906439
0.0006230049653
0
0
0
0
0.01905390226
0.007798670824
0.02799087813
0
0.02803572614
0.006901421549
0.02554654019
0.01170078491
0.007055164734
0.003321995117
0.05125563038
0.02337504749
0
0
0.00448815473
0
0.005270409429
0.05902739595
0
0
0.008541436813
0.01630281748
0
0.02307997286
0
0.01123481367
0.02417017928
0
0.008104086282
0.01164501453
0
0
0
0.0104100549
0.01950014547
0.02993344861
0.06681509231
0
0.01456452204
0
0.01260202214
0.01953036084
0.01991249986
0.02471443946
0.02972597954
0.0201444732
0.001496218409
0
0.006200608465
0
0
0
0.002739391624
0
0.005792748074
0
0.03255792952
0
0.03075320325
0
0
0.01068550951
0.02869643715
0
0.01311869731
0
0
0
0
0
0.02924947436
0.03068944249
0
0.02248201139
0
0
0
0
0.01904093176
0
0.01189178457
0.03553793616
0.01411049478
0.01460177233
0
0.04242705455
0
0.01905474675
0
0
0.02705700969
0
0.01608655553
0.02749948694
0.009149914119
0
0
0.02022518779
0.004058480382
0.00121281091
0
0.04255837167
0
0
0.01176361556
0
0.01518833026
0.02779790971
0.01050937193
0.03389463292
0
0
0.02586177536
0
0.03583351917
0
0
0
0.00E+00
0
0.03705055129
0
0.003399147887
0.03836065457
0.01774353038
0.008825714472
0.001124570126
0
0
0.04214947836
0
0.008512545537
0
0.006350410317
0
0.0263839312
0.003646326415
0
0
0
0.01657023303
0.001546589417
0
0.04090958248
0
0
0
0
0
0.01024221148
0
0
0.03157267565
0
0.02769242597
0
0.04093694498
0
0.04201925466
0.0252292294
0.017565127
0.003824083085
0
0
0
0.004268303549
0
0.06666414827
0.04238032499
0
0.005075500238
0.005485604916
0.0122840478
0.03124652426
0.02153915846
0.01365640298
0.006247304217
0.01029440439
0.03033380201
0.001634920377
0
0
0
0.02478118947
0.003777596475
0.005642570022
0.01272366868
0
0.00E+00
0.02954310033
0.03441790939
0
0.0003277948634
0.05951691768
0.02444381722
0
0
0.01607409476
0
0
0
0
0.0161904662
0
0
0
0.03715785144
0
0.002621089733
0
0
0
0
0
0
0.009752122914
0.03785639644
0
0
0
0.01028712904
0
0
0.01620152774
0
0
0
0
0
0.006104854529
0.01445036736
0
0
0.03591821761
0.041687222
0.0005601789078
0
0
0.008243348411
0.04250176516
7.63E-05
0
0.02307257349
0
0
0
0.03310688106
0
0.01024107088
0.04703127764
0
0
0
0.05120662001
0
0.04881188431
0.0005512409646
0
0.006632472917
0
0.0153434376
0.02075528524
0
0
0
0
0.02352125441
0.00214670822
0.02222649239
0
0.01274188507
0
0
0.0133108407
0.02529931644
0.03206566593
0
0.05206109997
0
0
0
0
0.01033426897
0.003158459611
0.05564658211
0
0.001586278846
0
0
0.03643426675
0
0.009658130905
0
0
0.003132273677
0
0
0
0
0.03084293425
0
0
0
0.04354111337
0
0
0.004931976535
0.02814870326
0
0.003685394753
0
0.002638012061
0.01128833871
0.03204929195
0
0.04350274536
0.04190223463
0.007999558555
0.01020837867
0.02277006523
0
0
0.003644629299
0
0.02416970814
0
0
0
0.05256242205
0
0.05681293485
0
0
0
0.01866298866
0.0004860072337
0
0
0
0
0
0.0238469376
0.0495182886
0
0.0165041862
0.02715033392
0
0.002159505168
0
0
0.02659363999
0.01117134582
0
0
0
0
0
0.02788215355
0
0
0.02182073162
0
0
0.03436106426
0
0
0.009081145567
0
0
0.01061938632
0
0
0.02337300169
0
0
0
0.02486046998
0.003648281767
0
0
0.03382354739
0.01104881977
0
0
0.003038901445
0.02165418783
0
0.04603461581
0
0
0
0.01935206947
0.01961312088
0
0
0.03385323312
0
0
0.01026895793
0.05400790138
0
0.01357827833
0.01287636667
0.0188232934
0.02280757098
0.03519263479
0
0
0
0.02172631048
0
0
0
0
0
0.0197563485
0
0
0.01372560986
0.01494971987
0
0.05053247463
0.003541489061
0
0.04875141124
0.0251841611
0.04412270995
0
0
0.01149402026
0.009840204269
0
0.01482035665
0.006702480364
0
0
0
0.02436779345
0.01877108393
0.003149855132
0.06861558832
0
0.002515822734
0
0.009380945096
0
0
0.02806568796
0
0.01444659337
0
0
0.00237649136
0.01950490679
0.0164211329
0.04659355527
0.01375087632
0.03307492043
0.0228137322
0.02955687755
0
0.02703908864
0.01180787341
0
0.02691304413
0.001989179707
0
0.01103729145
0
0
0.02717699929
0
0
0.01975099166
0.004101022226
3.47E-02
0
0
0
0
0
0
0.005570975243
0.05194381244
0
0
0.04055574892
0.01540226951
0.0006588404745
0.03199321051
0.03136396986
0
0
0
0.003672189655
0
0.02261940173
0.006723948389
0.03578316849
0.0140321451
0.02065622262
0
0
0
0
0
0.01931253747
0.007460160674
0
0
0
0
0.05607070113
0.02807966011
0.01441806822
0
0
0
0
0
0
0
0.0201773302
0.00972205497
0
0
0
0.009816220137
0
0
0
0.05848737434
0
0
0
0.01129939076
0
0.01257094145
0
0
0.04943583074
0.0009837882143
0
0.005737606772
0.0634119943
0.01196290534
0
0.01927231559
0
0
0
0.0009638056058
0
0
0.05867776817
0
0.003111965897
0.01924412951
0.002628733759
0.02901682404
0
0
0.0193960027
0
0.02590073175
0.01538993569
0
0
0
0.009205974794
0.005252274763
0.0453462795
0
0
0
0
0.01056155506
0
0.01427711748
0
0
0
0
0.03661653513
0
0.000538460777
0.03085293451
0.01866117604
0
0
0.02243085948
0
0
0.0103143846
0.004570075913
0.00235113741
0.03436918991
0.03645179819
0.01831757169
0
0.03226815014
0.01084053506
0
0
0
0
0
0
0.03233146971
0.004961727214
0.01436266752
0
0.026535069
0
0.03677498749
0
0
0
0
0
0.01433105069
0
0.03226135248
0.0183892441
0
0.02676700918
0
0.02139437065
0
0.0241242413
0
0.03768031277
0.00209702967
0
0
0.005512768653
0
0.03411635105
0
0
0
0
0
0
0
0
0
0
0.05575133133
0.01966171149
0
0.02734407585
0
0.02157287513
0.02248821224
0.009299364408
0
0
0.004555509578
0
0
0
0.03092444252
0
0
0
0.007751650269
0
0
0
0.03588827355
0.00792971199
0
0
0.02858699009
0.02600519861
0
0.0185440034
0
0.04562573982
0
0.01046840912
0
0.01944384573
0.04229565332
0
0.05062551428
0
0.0072135858
0.002150806719
0.007109194153
0
0
0
0.03070108814
0
0
0
0
0
0.03468193101
0
0
0.03840811328
0
0
0
0.02972744174
0.01739858544
0.003377037722
0
0.0592987937
0.0006897588637
0.03535864084
0.02742676793
0
0.02982341222
0.04380681321
0
0.008988344776
0
0
0.008435269181
0.008652117123
0
0
0
0
0.04662817687
0
0.0006109338582
0
0.02606648718
0
0.02434330667
0
0.02434088086
0
0
0
0
0
0
0.04033305609
0
0
0
0
0.02882307324
0.03850339727
0.02252329367
0
0
0.001373294021
0.007411121466
0.04538343034
0.01844785261
0
0.02274536191
0.008312590526
0.02135287767
0
0.02270588295
0.01759843657
0
0
0
0.03542761357
0
0
0.02336385273
0
0
0
0.004805723607
0.009308127393
0.005482460265
0
0.03035431964
0.0212458185
0.003634683161
0
0
0.02517347858
0.01417615936
0
0.0130955258
0
0.006218386072
0.05817804835
0.05553237104
0
0.01701453302
0.03614652777
0
0
0
0
0
0
0
0
0
0.01884363142
0
0
0.02799269373
0.0173680742
0
0
0
0.005920105296
0
0.03327996106
0
0.02954203092
0.01980245706
0.02181694568
0.006481903237
0
0
0
0
0.009106504
0
0
0
0
0.01327739281
0.008736706712
0.006007851952
0
0.01888304153
0.03354241171
0.05342610344
0
0
0
0
0.02130088806
0.01264475473
0
0
0
0
0
0.02722076759
0.003752349879
0.0254029958
0.02065145667
0
0
0
0.05042887319
0.006544837725
0.02994787395
0
0
0.01748484103
0
0
0.001660350307
0.01279453889
0
0.01500341054
0
0.01313942491
0
0
0
0.04654269693
0
0
0
0.02428009366
0.04337097414
0
0.02475820017
0
0.01425790244
0
0
0.02866978097
0.003610307894
0.03391831595
0
0.04305443047
0
0
0.0152310228
0
0.01466754915
0
0
0.03639208332
0
0.0159859159
0
0.000726353711
0
0.03732462205
0
0
0.01459578521
0
0
0.003940374797
0.02618203574
0
0.012004299
0.003323960306
0.03312053226
0.03351522263
0.0298371512
0.01509569978
0
0.02949455386
0.03400057702
0
0.003219966363
0
0
0.009535364937
0.0006371527064
0
0.004254039126
0
0
0.03954885694
0
0.01800009498
0.01577303325
0
0
0.01194981587
0.01571724827
0.026787511
0
0
0
0.04990264841
0
0
0
0.002248415358
0
0.006860232504
0.03298508309
0
0.008575171081
0
0.007368603198
0.03205440854
0
0.02538430442
0
0.01501000884
0.0007505005746
0.001865821329
0.04403606084
0.00393771386
0.02416024852
0
0
0
0.03508116045
0.005618247099
0.03635000847
0.0437542084
0.03879285334
0
0.007000602763
0.02070874525
0.02658306127
0.03664756512
0.02460959372
0.007083571462
0.01183809841
0
0
0
0
0.004066844306
0.03089802288
0
0
0.02236400576
0
0.0269223998
0
0
0.01615165635
0
0.003545417858
0.01393681214
0
0.01399568259
0.04414903136
0
0
0.01760077513
0
0.00128271599
0
0
0
0.001767772144
0
0.0152946754
0
0
0
0
0.01146320614
0
0
0.02002275321
0
0.0200019096
0.02420037267
0
0
0.03452243267
0
0
0
0
0.04414894634
0
0
0
1.26E-02
0
0
0
0
0
0.03339973723
0.01005537753
0.02838065844
0.01753487249
0.03386199245
0.04417831233
0
0.01233146634
0.0015828059
0
0
0.04388684639
0.02354624357
0
0.03867284267
0
0.01528613967
0
0.04743678423
0
0
0
0
0
0
0.04784182866
0
0
0
0
0
0
0
0.03582770417
0.01539101746
0
0
0.00718879484
0
0
0.01027671347
0
0
0
0.02489772291
0
0.05374424695
0.01832297322
0
0.02936629915
0.002438511931
0
0.006719005991
0.001429325322
0.006768970649
0
0
0
0
0.01360434283
0
0
0.02484857029
0
0.01718641736
0
0.04173164063
0
0
0
0.02895223377
0.01683701168
0.03966382484
0
0.01469198244
0.04130997421
0.02885580592
0.05091905822
0
0
0
0
0.01367799636
0
0
0.04644183041
0
0.006621240414
0.001421594976
0
0
0.03047305574
0
0.01749470692
0
0.02336540449
0
0.003371887731
0
0
0
0
0
0.03913814418
0
0
0.01094152612
0
0
0.007780678264
0.005175176473
0
0.01240703401
0
0.02049427312
0.02325522008
0
0.03017319189
0
0.01677452912
0
0.01689226161
0.02874514176
0.005643605766
0.01388312669
0
0
0
0.01746347434
0.01674116011
0.04239702677
0.04168645064
0.02882863934
0
0.01375409179
0.008075689571
0.01820819201
0.04619942443
0.03625615859
0.0002566981515
0.02379862713
0.005939904017
0.009577961402
0
0
0.006638401087
0.03413344064
0.008901312631
0
0.04094204418
0
0.0208932111
0.000144645098
0.004642037056
0.003062183602
0
0.01835790405
0.03790066061
0
0
0.02873084625
0
0
0.01920403584
0
0
0.004783933611
0
0
0.006103923926
0
0.02366330946
0
0
0.01345675099
0
0.01749773854
0
0
0.04515187768
0
0.005722700646
0.01881352066
0.006746111249
0
0.0274781848
0.008601029064
0
0
0
0.02542100031
0.008480039856
0
0
0
0
0
0
0
0
0
0
0.0240417497
0
0.07457717512
0.03108775942
0
0.02438434608
0.03642143321
0.002484486484
0
0.01318655001
0
0.02013939622
0.0254613373
0
0
0
0
0
0
0
0
0
0
0.006836155569
0.02654781902
0
0
0.009721720409
0
0
0
0
0.01010272488
0.02518267173
0
0
0
0.02054087398
0.008549753959
0
0.01368027548
0.004920440432
0.04754734201
0
0
0.01727794513
0.03152897991
0
0.0042282095
0
0
0
0.02865345107
0
0
0
0.01822139091
0.01540180812
0
0
0.01379652283
0
0.01971710281
0.01399951395
0.0208626644
0.05159618914
0.005329675313
0
0
0.02497835259
0.0342408553
0.005403738336
0.0090602082
0
0
0.01133237609
0.004079221622
0
0
0
0.0005187325645
0.0006270413489
0.06112600593
0
0
0.02600261937
0.02916123047
0.02935323754
0
0
0.02253813525
0.02503871157
0
0.009857395188
0.011171558
0.03870311605
0
0
0
0.01482175019
0
0
0.01799719917
0.02241725468
0
0.01542627087
0.01163106395
0.03454609763
0.010965072
0
0
0
0.01315729388
0.02838902098
0
0
0
0.001122085278
0
0
0
0
0.02362133064
0
0
0
0.02318764604
0.03479972157
0
0.03576486049
1.96E-02
0
0.0172749673
0.06641710723
0.01802017661
0.002670712056
0
0.003761856006
0.01310570393
0
0
0.004389894854
0.00866497749
0.03124339046
0
0
0.01429934914
0
0.001685939451
0
0
0
0.03625264691
0
0
0.01598431892
0.00845034192
0.005035314862
0.04286178208
0
0
0
0.01345412431
0.02179037885
0
0.0549225733
0.01168435277
0
0
0.03251330086
0.0003253849373
0.029926501
0
0
0
0
0
0
0
0
0.001663008208
0.01198701361
0.03755868009
0.03146503899
0
0.01202064564
0.03903490807
0.02163322383
0.0195480505
0
0
0.006621629593
0
0
0
0
0.01536418576
0.009564498942
0.01877041599
0.02014738338
0.007281209359
0.01134104937
0
0
0.02907217925
0.00474307028
0.03130875272
0
0
0.009829214695
0
0.005463373376
0.03669537328
0.01465674174
0
0.02094426804
0
0.02056407705
0
0
0.02885105048
0.033773546
0
0
0
0
0.01125203917
0.005068527436
0.01167307201
0.00739404607
0.040530866
0
0.02689642274
0.0148379611
0.008012320996
0.01849043227
0.005296469507
0.04349970988
0
0.0352534615
0.02403083951
0.02387937726
0
0
0.02262689156
0
0
0.02231549352
0
0.02762511155
0
0.01047292687
0
0.01723281534
0.009742219378
9.07E-03
0
0
0.04068267957
0
0
0.01463314894
0
0.001162709229
0.01344021449
0
0.02050674673
0
0
0.0278371211
0
0
0.02113372451
0
0.01413134965
0
0
0.01258317008
0
0.008978462776
0.01597274675
0.02804426339
0.005082113689
0.01781247648
0.01538666968
0.004395145031
0
0.006233376891
0.02075565855
0.000320304153
0
0
0
0.03107546436
0
0
0
0
0.008086567065
0.002686565107
0.02661115368
0.004125623472
0.01638911451
0.01829723245
0
0.004910371561
0
0.02914918398
0.05479130316
0
0.01447384185
0.009929939083
0
0.001972018422
0.02405985139
0
0.001509642962
0
0.02370656426
0
0.003817929248
0
0.009841708964
0
0.003012397427
0
0.03253930617
0.0247347097
0
0.02207343236
0.02605674359
0
0
0.02762316315
0
0.01896051761
0
0
0.02649105639
0
0
0
0
0.01265977862
0
0
0
0
0.006188405953
0.01918694677
0.001064004097
0
0.05838283982
0
0
0
0.03401684811
0.04480858183
0
0.02741126187
0.02100867569
0.006623008862
0
0.02253007622
0
0.02406498461
0.01175906846
0
0
0
0
0.01576635779
0
0.01379468896
0
0
0.004207288356
0
0
0.0323585572
0.03362359911
0
0.006099980804
0.02335603487
0
0
0.0268749088
0
0.03991979583
0
0
0.01823558117
0.01646728492
0
0
0
0
0
0.03964575373
0.03069227782
0.01078775801
0.00928990173
0
0
0
0.02335213541
0
0
0.02042354193
0.02349158106
0
0
0
0
0.01422246479
0.05428675158
0
0
0.01277111099
0
0
0
0
0.02968442815
0
0.02765447379
0.01390434978
0
0
0
0.0003541194069
0.03414717628
0.01343441674
0
0
0.003083130002
0.01017083851
0
0
0
0.03797359694
0
0
0.007745946327
0.0005792016213
0
0
0.04591842679
0
0.01426241924
0
0
0.01733828835
0
0
0.01756837664
0.008737239449
0.05302522161
0
0.01631001763
0
0.07566556858
0
0
0
0
0.02486378624
0
0
0.02084510891
0.01489712874
0.04007529954
0.04806927342
0.03032308512
0.01786698313
0.0316741343
0
0
0.02690015635
0
0
0
0
0.01345207553
0
0
0.03970684178
0
0.01941614376
0
0
0
0.02930911178
0.02436519052
0
0
0
0.03284095756
0
0
0
0
0.009167843145
0
0.0393336731
0
0.003717951462
0
0
0.03705706739
0.02426675452
0.02349982555
0
0
0
0.006160296059
0.0269607117
0.01278647015
0
0.02341817234
0
0.01782683581
0
0.02246599091
2.31E-02
0
0
0
0.02927092682
0
0
0.02552423513
0
0
0
0
0
0.007519303703
0.002025596861
0.03118123239
0.030804302
0.004119964908
0.01596689125
0
0.006953497771
0.02841258816
0.001138664993
0
0
0
0.04222965849
0.04344186632
0
0.02110426415
0.04115690413
0
0
0
0
0
0
0
0
0.01011704175
0.02267332459
0
0
0.02173465789
0.01946626747
0
0
0
0.01539491691
0
0.01110610206
0
0.02843352284
0.01891096147
0.03692784591
0
0
0.001552642545
0
0
0.01084001707
0
0
0
0
0.02042582902
0.01524165302
0.01518924994
0
0.01484369864
0.03487656859
0.06933178365
0
0.01186027784
0
0
0.02047382937
0
0
0
0.03222042129
0
0.007093979307
0
0
0.006463543339
0.003301888201
0.05192923967
0
0.008875227329
0
0.0103955535
0
0.001019369583
0
0.001247806401
0.01719341989
0.017490741
0
0
0.04553040725
0.01341294585
0.01312458795
0.0001319842327
0.02296539026
0
0
0
0
0.006803435758
0
0
0
2.34E-02
0
0.04182309525
0.0350797757
0.03082000845
0
0
0
0
0
0
0
0.01269649783
0.01885463472
0.023342122
0
0.03140620516
0.03500404084
0
0.0117354973
0
0
0.004452016253
0
0.001925831855
0
0.04643511084
0
0.004938948835
0.004551929497
0.02254121789
0
0
0
0.02756158181
0.01231237516
0
0
0
0.02104473977
0
0.03818906009
0.01399079048
0
0
0.01449892037
0
0
0
0
0.02634493956
0
0
0.0207999014
0
0
0.01821984938
0.05044327792
0.03737311975
0
0.02640306312
0.008702186932
0.04345533608
0.03247474734
0.00E+00
0.03363466375
0
0.009757712232
0
0.03283809583
0
0
0.01727533615
0.02801181877
0.0001218481105
0.05698543067
0
0
0.006817308563
0
0.0185370625
0
0
0
0.0380168043
0
0
0
0
0
0.003717477025
0.02188340271
0.03412458985
0.02706459576
0
0.02050863469
0
0
0.03533602567
0
0.04222650257
0.03236790029
0
0.02313038023
0
0.00976120435
0
0.04412071198
0.0299432766
0
0.002179333388
0
0.01006137546
0.005546989424
0.005310054658
0
0
0.001181478986
0
0
0
0.002482206189
0
0
0
0
0
0.04973209571
0
0
0
0
0.03344384269
0
0
0.01820664608
0
0.01188110943
0.005711059815
0.01757356014
0.02641602215
0
0.005622511432
0.03291480033
0.01810063396
0.008637060149
0.02052879445
0
0.02076897086
0
0
0
0.01462185004
0
0.02113505358
0
0.02478950697
0
0.03575410564
0
0
0
0
0.04122015584
0.02938763233
0.02849666853
0.004046246251
0
0.03201398852
0.00501521651
0
0
0.04922750503
0.01371827144
0
0.02918319051
0
0
0.04076334887
0.04366093194
0
0
0
0
0
0
0.06645148582
0
0
0
0
0
0
0
0.04737219207
0.03075104218
0
0
0
0
0
0
0
0.007300682829
0
0.0169321478
0
0.07393114097
0
0
0.04962685788
0
0
0.0134784383
0.03864951795
0
0
0
0
0
0.02949026743
0
0
0
0.01710951681
0.005188773207
0
0.01743474144
0
0
0
0.0200800078
0.02074262797
0.02809947837
0
0.01616704751
0.04662095865
0.031637278
0.06264042845
0
0
0
0
0
0
0
0.02794594881
0.005449786542
0
0
0
0
0.001979313082
0.002548071163
0
0
0.03735683908
0
0.009502409965
0
0
0
0
0
0.01564592034
0
0
0
0
0
0.03490446911
0.01042399034
0
0
0
0
0.02408986979
0.02799566035
0.01137737179
0
0
0.01037864141
0.03112029986
0.00900147477
0
0.03204921133
0
0
0.05052149387
0.02470891672
0.01596053947
0.004930241839
0
0
0.03197511179
0
0.004850882138
0.005427803146
0
0.03449107228
0
0
0.001419650359
0
0
0
0.05067457764
0
0
0
0.02211760949
0
0
0
0
0.01161543602
0
0.01301505501
0.04511812725
0.01344296282
0.01573002534
0
0.02202100835
0
0.03191117571
0.01333858203
0.005054822684
0
0.01662028297
0
0.03235991043
0.01189102771
0
0.00953713602
0.04415220133
0.0005957679145
0.02819608189
0
0.003741506629
0
0.0128092339
0.02896552675
0
0
0
0
0
0.01511752016
0
0.02436397265
0
0.004933570797
0.007992121832
0
0
0.03702010326
0
0
0
0.04893951541
0.0474525173
0
0
0
0.005545104225
0.0143211327
0
0.003691980901
0.001369165017
0
0.03475496279
0.0009632405994
0
0
0
0
0.02299611016
0
0.02657554795
0
9.34E-05
0
0.03913770211
0
0
0.01654141538
0
0
0.0267106019
0.01382597871
0.01818342754
0.01896263238
0.02012283813
0
0.02826558181
0.01657120693
0.03192231377
0.007890550673
0
0.009174853399
0
0.001503432313
0.007311769606
0
0
0.01995829383
0.04836213848
0
0.0001861533824
0.01246157957
0.009569319336
0
0
0
0
0.01468210322
0
0.03478352942
0.04787641735
0
0.01844417388
0.01009979406
0
0
0.006968362561
0.01650379542
0.01331917197
0
4.46E-02
0
0.0264153772
0.00299210063
0.02176560632
0.006727490475
0.04639388415
0
0.01777319735
0
0.0138143631
0
0.0128154486
0.01686395268
0
0
0.007192778109
0.002401095258
0.0006166140105
0.01895761826
0
0.02204783085
0
0.00E+00
0
0.005005587219
0.00900048167
0.004294671916
0
0.001978317837
0.01383514449
0.03823935718
0.04260972284
0
0.004036521494
0
0
0.009548176512
0
0
0
0
0.03151492379
0.01481887591
0
0.01715759016
0.007033100979
0
0.01068100694
0.03225236205
0
0.02849183047
0
0
0.03078784796
0
0
0.007293783409
0
0.02242423054
0.0148054297
0.008341794997
0.02144253012
0.02814126674
0.01346940746
0
0.02969074159
0
0.002196445055
0
0.006028307999
0.01402973615
0
0.02500112494
0
0.001447752501
0
0.002949693696
0.02915523807
0
0.02385093622
9.69E-03
0
0
0
0.03883515729
0
0.01559448895
0
0.0202278338
0.01478950057
0.01669129137
0.02355296973
0
0.01976526794
0
0
0
0.03093234443
0
0.01954067792
0
0.03625551728
0
0
0
0.02759612745
0
0.02533127981
0
0
0.02182261312
0.02102601755
0.02709882084
0.001261594528
0
0
0
0
0
0
0
0
0
0.006747099207
0
0.0413203316
0.005792903142
0
0.02899792744
0.05170735459
0.01645691058
0.02603988119
0
0.0148718083
0.005495354837
0.009309652586
0.00694068038
0
0.01595983644
0
0
0.006046238228
0
0.02512558391
0.01002766856
0
0.00E+00
0
0.01387620808
0.03168207851
0.02827614046
0
0
0.04943107384
0
0
0
0.0211967526
0
0.0148471331
0
0
0.0292454763
0
0
0.06036875438
0.0006520453169
0
0
0.009854121863
0.02400441346
0
0.004704816473
0.00734623138
0.0107968341
0
0.01584694643
0.01650435614
0.01866369404
0.01888814853
0
0.03683002617
0
0
0.03373937486
0.0342803833
0
0
0.03890021577
0.03725587504
0
0.0156360595
0
0
0
0.01143720388
0
0
0
0
0
0.03054437234
0.0259869042
0.00E+00
0.003048326672
0.002971150357
0.01176238654
0.034219093
0.005548836828
0.02212736254
0
0.02846610806
0.02779614044
0
0
0
0
0
0.02036922301
0
0
0
0
0.02213708958
0
0.01778950359
0
0
0.0007987176746
0.05155970828
0.01329683337
0.02390421987
0
0
0
0
0.0382277413
0.06978276383
0
0.02494745287
0.03392375237
0
0
0.02629908982
0.005084950575
0
0.05846031602
0
0
0
0.003679381059
0
0.006280508005
0
0
0.00300125446
0
0.02337402254
0
0
0
0
0
0
0.02370598247
0
0.02304107448
0
0
0.001847828337
0
0.0178607377
0.01494232867
0
0
0
0.02526401823
0
0.02686971777
0.01665219385
0.001338234385
0
0.02714151592
0
0
0
0.02177307991
0
0
0
0
0
0
0
0.04402168924
0
0.0214413391
0
0.04652129689
0
0.01878813075
0
0.009732913272
0.03323368297
0.03339710282
0
0.01215822555
0
0.006951312291
0.03294417754
0
0
0
0
0.02679522166
0.01422683916
0.01911312566
0.05959412486
0
0.0430210568
0.02398933996
0
0
0.02011389664
0
0.01120506887
0
0.02925351138
0
0
0
0
0
0
0
0.00212454654
0.004051439121
0
0.03844531998
0.0105976846
0.01701027833
0
0
0
0
0.0128916441
0
0.03188478474
0
0.03893213305
0
0.02712409484
0
0.01970397486
0.02944788834
0.01088935986
0
0
0
0.008874872318
0.02036944219
0
0.04229168648
0.0203184642
0.003937588898
0
0.02281983621
0.03756950178
0.01630141851
0.001733899596
0
0.02673434601
0
0.04324799903
0.01192476232
0.017614816
0
0
0.003310176874
0
0.004879395042
0.0008841783996
0
0.002636424874
0
0.02154809807
0
0.01079343665
0.05228753714
0.01669506744
0
0
0.03228171843
0
0
0
0
0.02925898581
0
0.02114580119
0
0.02088624974
0
0.02103007755
0
0.0246044508
0
0
0
0
0
0.00534124427
0
0
0
0.01787958455
0.004416897549
0
0.01568188028
0
0
0.001412141742
0.007975287194
0
0.02077889073
0
0
0
0.03423237282
0.01516414308
0.002630242429
0.0101864332
0.01757145671
0.03156814618
0.03607789937
0
0
0
0
0
0
0
0.01777618575
0
0.01526199682
0.04752744733
0
0.004461579306
0.01655511503
0
0
0
0.01706792056
0
0.008940403652
0.006966894085
0
0
0.04296424185
0.00429227502
0.0290190129
0.02880666329
0
0
0.01042670531
0
0
0.01705550815
0
0.00312741737
0
0.007351633201
0.009315765762
0
0.03101121815
0.01427372007
0
0
0
0.007692749632
0
0
0.00253614398
0.02707822344
0.007757975239
0
0.01766788033
0.00896294287
0
0
0.03239640755
0.01044560323
0
0.01753984586
0.007441128406
0.01369115606
0
0.04947263938
0.007823686239
0.01410906746
0.03394296508
0
0
0
0
0.03143641809
0.02152560182
0
0.009926537006
0
0.02777376455
0
0.02992355868
0.03440898564
0.01980872622
0
0.02556405603
0
0
0
0.006177285287
0.03089170614
0.01903613211
0
0
0
0
0.01518236358
0.02198411498
0.01229050224
0
0.01890716943
0.01759258327
0.04488048751
0.02192988904
0.0226610644
0.01690601467
0
0
0.04170803259
0.02436796559
0
0.0167278454
0
0
0
0.03543902746
0.002426513079
0
0.05507695448
0
0
0
0
0.02082333287
0
0
0
0
0
0.0258850808
0.0003240724029
0.007055512755
0.0143436467
0.04131237211
0
0.04579085483
0.03661562856
0
0.01652779291
0
0.03233152886
0
0.004695786395
0.01644232968
0
0
0
0.01999874191
0
0
0.01688855885
0
0.0170719183
0
0
0.01974202435
0
0.003785875084
0.01074206088
0
0.02453800634
0.04168438022
0
0
0.02467586318
0
0.002523494833
0
0.02268136519
0.006496808415
0
0
0.05927301123
0
0.01971202171
0.01379244814
0
0
0.01618228899
0
0
0
0
0.01031486086
0.01238984251
0
0.04207771827
0
0
0.0240972178
0
0.03860925678
0
0
0
0
0.0109659684
0
0
0
0
0.03062592551
0.01936154392
0.0143074418
0
0
0.002273607356
0.0114024647
0
0.01676973815
0
0
0.02199154238
0
0.01435771829
1.80E-02
0.01236380219
0.001956318097
0
0
0
0.01493545528
0
0.00799341557
0.02350499203
0.00385852312
0.000908851064
0.01042192948
0.01136225166
0.01390439185
0.03102697286
0
0
0.02373168415
0
0.001533489855
0.01616181222
0
0.004069450137
0.01102295559
0.01742725408
0.001880852326
0.0259032174
0.03024376137
0.02662196789
0
0
0
0.01943014873
0
0.005530105264
0.009173572565
0.02100277279
0
0
0
0.03255754977
0
0.01220619196
0
0
0.01371716448
0
0
0.02082159786
0
0.01759247013
0.02105354974
0.00132373315
0.05147115993
0
0.01112164738
0.005644191364
0
0.01437228585
0.03488108773
0
0.01293606783
0
0.01123928403
0.009544871039
0.04396589764
0.009402351661
0.01015253274
0.01421008158
0.0311497289
0
0.009824428121
0.008632840739
0.01218370688
0.04296741771
0.009963485716
0.02407850656
0
0
0
0.02691280931
0
0
0.01000470509
0.03649990193
0
0.00547681764
0.003297327137
0
0.007488203822
0.003168256538
0.02533110234
0
0.01068501179
0.009072981193
0
0.003029869192
0
0.009240914392
0
0.02021009538
0
0
0.006547570858
0.0301110187
0
0.01983550779
0
0.02836080596
0.01150774822
0
0.02764512617
0
0
0.009103978748
0.01282509523
0.01519280631
0
0.003617345891
0
0.0196331385
0.02806703411
0
0
0.002712546004
0.007504096909
0.01935737935
0
0.02996000943
0.02084514291
0.005308025942
0
0.02087173224
0.03178947033
0
0.002791046186
0
0.0126391783
0.009554597258
0
0.03750972312
0.02592936803
0
0.002273779915
0
0.003438108885
0
0.009281321459
0
0.01389676247
0.01841015619
0.004180896251
0.01699327339
0
0.0254258702
0.01851003881
0
0.006878738132
0
0
0
0
0
0.02850402239
0.01094427672
0.01599445845
0
0
0.01686112982
0.02852215097
0
0.01395644162
0.03092034781
0
0.03343846945
0
0.01776516724
0.02189814885
0.02780031351
0
0
0.03157028575
0.02624614019
0.01471511725
0.01375323382
0
0.005346826802
0.01502859652
0
0
0
0.02611148841
0
0
0.004317144544
0
0.006575381724
0
0.009805992827
0
0.03418656805
0.01371028284
0
0
0.01589374492
0.01800832165
0.0146325872
0.01755068558
0.01900442856
0.02701776232
0
0.02375477449
0.03822136386
0.01400715094
0.01587345624
0.006258882533
0
0
0.001754207866
0
0.007708420897
0.02227592924
0
0.02318057258
0
0
0.03395257105
0.0007580248261
0.02841556736
0
0.01369051042
0
0.01158785223
0
0.0005925044071
0.01115595831
0.002204438812
0.002512048411
0.009316523111
0
0.04041050936
0.0180554159
0.01811787617
0.008224854329
0
0.009539988572
0.007618782399
0.00328562741
0.006942308137
0.005823783799
0.01963259609
0
0
0.0193047687
0.03394847368
0.02200099859
0
0
0.01787936917
0.0002385423706
0
0.005076081915
0
0.01957278619
0.01517259956
0.04203952286
0.001027218786
0
0.00834323528
0.01064195439
0
0.02106050604
0.006866842724
0
0.03630156468
0
0.02092354606
0.002343145257
0
0.01362306113
0
0.009501718018
0
0.03488423627
0.03993705464
0
0.006148204138
0.001477681163
0
0
0
0.0155187464
0.00292504627
0.01109290182
0
0
0.009232956842
0
0.02933155497
0
0.01711966207
0
0
0
0
0.03349876122
0
0.01791305394
0.01122892142
0.003667528265
0.006340917665
0.03291620089
0.03526500505
0.02325477458
0.0102296142
0
0
0.004885413216
0
0
0.01379540694
0
0
0
0.01373152505
0
0.03517182625
0.01904743143
0.0384253539
0
0
0
0
0
0
0.02763941426
0.01399346593
0
0
0
0.03964747271
0.0007498934995
0
0.02414055378
0
0.007872935126
0.01290641314
0.005544233854
0.02304253704
0.004118520578
0.02651877668
0
0.006816119047
0.05033361365
0.008161950025
0.001952532295
0
0.001612646062
0.03490432817
0.01498505981
0
0.001011219719
0
0.00374170635
0
0.04244197209
0.008808186694
0
0.00411715644
0.02469246207
0
0.008641435593
0.0002359826319
0.01867227298
0.04813655879
0.00705256777
0
0.009398779799
0
0.01314364803
0.02048400642
0.0058583314
0
0.01890741319
0.04279928604
0.007011990642
0.02531195528
0
0.01717574364
0
0
0.02832074874
0
0
0
0.009636570003
0
0.01383412368
0.02561008982
0
0.02400589175
0.00254209464
0.01101070136
0.01608055081
0.01475522567
0.0302496447
0.004377788119
0.05084341721
0.01602369867
0.00855786261
0.00129373144
0.01681257842
0.03683873809
0.02601457535
0
0.0229775463
0
0.003899066964
0
0
0
0.01268226473
0
0.02086488833
0.009845477241
0
0.03500010375
0.003562366506
0.02380798818
0
0
0.008987835071
0
0
0.01383803307
0.01361085263
0.02727931715
0.02687281475
0.03491059404
0
0.02007317616
0.01920772108
0
0.008984965442
0
0.006709013727
0.02552369939
0.002302015799
0.02590519852
0
0.01004086854
0
0
0.007519509682
0.02996571884
0
0
0
0.002069664935
0
0
0.03004824001
0
0.008573253456
0
0.005724025034
0.02367689577
0
0
0
0
0.00557662929
0
0
0
0.01584697808
0
0.004712334887
0
0.03240150234
0.01447634491
0.02500781037
0
0.004513441
0
0.02324472238
0.01891162156
0.01686172535
0
0.028872805
0
0.02393431616
0.02086443823
0.03037920666
0
0
0
0
0.02520587543
0.009565907474
0.01590368698
0
0.03156277811
0
0.01183314157
0
0.001651952065
0.009481695519
0.009294480565
0
0
0.009942996764
0
0.01433341211
0.007350979355
0.02573311289
0.01466704321
0.005426184505
0
0.024508094
0.05101599989
0
0
0
0.0370044066
0
0.03064338633
0.02042099653
0.02147417418
0.01097058298
0
0
0
0.01257647963
0
0
0
0
0.003741341508
0
0.009632314544
0.03845433904
0
0
0.007087204474
0.02215117303
0
0
0
0
0.03947165709
0
0.04216304036
0
0.001114508449
0
0.03032753009
0
0.03118122048
0.001593191919
0
0
0
0
0
0
0
0
0.0144628738
0.03010700079
0
0.0006801751848
0
0.0003582088726
0.01581778439
0.005112321597
0
0.02628523611
0
0
0.0004364372566
0.0376482797
0.02461286692
0
0.01000240284
0.02252080548
0.04314482071
0.03727513263
0
0
0.02907615557
0.0197395892
0.004537088583
0.03994860266
0
0
0.0250812551
0
0
0.02682379997
0.003670735261
0
0
0
0.0184638714
0.001035298158
0
0
0.0316314585
0.00251846828
0.01477633973
0.007511375412
0
0
0.01077593622
0
0
0.00565029506
0
0.01902786398
0.02015293886
0.01049790243
0
0
0.02511349596
0
0.02334224669
0.002029019997
0.03798632936
0.02339538611
0
0
0.01649628273
0.01002005594
0
0.02301253753
0
0
0
0
0.04207110539
0
4.58E-04
0
0
0.02318333365
0
0.0154708158
0
0.02480397202
0
0.01937961198
0.0116921749
0.02749845105
0
0.02482999382
0.01462156886
0.01559519498
0
0.006106330858
0
0
0.00923483887
0.006677884227
0
0.01791914434
0
0
0.0386600394
0.04269703407
0.006560952872
0.02264995423
0.04057272042
0.01097386418
0.04563316475
0
0.02601524546
0.01442187267
0
0
0.01478529206
0
0
0.008097482439
0.01707573043
0
0
0
0
0
0.0002212158021
0
0
0
0.0217942381
0
0.01240857109
0
0
0.02142741601
0.01055929825
0.008974125099
0.01040190285
0
0
0
0
0
0
0.01057406756
0
0
0.01444178813
0.02040505103
0.04238014837
0
0.001572432553
0.02140327789
0
0.01544701598
0.02563563464
0
0.01728128326
0.02151008986
0
0.01340765935
0.004612775749
0.02546920391
0
0.001822359074
0.02837843197
0
0.02073348839
0
0.02326029709
0
0.009960146992
0
0
0.01925241755
0
0
0.04235142934
0
0
0.01468573266
0
0
0.03445146635
0.005504212584
0.00950253148
0.005801228567
0.02286306034
0.03482185323
0
0.007049322095
0.03074085055
0
0.03309035644
0.03967370145
0
0
0.006459597147
0
0.01892643269
0.03753154506
0
0.005046228049
0.009681806953
0.01997217683
0.02558135157
0.01027095171
0
0.03359108082
0.01653773398
0.0175488453
0.02364975194
0
0
0
0.002362555528
0
0
0.0226878964
0.04628196444
0
0
0
0
0
0
0.01943366327
0
0.01226735539
0.004508906107
0
0.02103967009
0.003215341001
0.01501050987
0.01002292864
0.01763937011
0.005422015217
0
0
0.00870026246
0
0
0
0.03326756086
0.006209020723
0
0.02012842149
0.000920492713
0.0003082957217
0.0371735736
0.001588745471
0.003889396979
0.004674247266
0
0
0.02057695367
0.008468044743
0.004899102773
0.008731327058
0.01001313658
0.01877434462
0.02444214991
0.02323310872
0.02651686197
0.00596174205
0.001223832411
0
0.03938823889
0
0
0
0.006214218871
0
0
0
0.0384613337
0.007038715672
0.01350860463
0
0
0.00358120284
0
0
0
0
0.02635738773
0.0275048485
0.008984862247
0.02427890111
0.007518744592
0.01893168874
0
0
0.00622723384
0.02369569321
0
0.003822687495
0
0.03114482354
0.02533143569
0.04693506227
0.003461903579
0.004569648046
0.01485053274
0.03785779021
0
0.01069895555
0.01872147017
0
0.0449487063
0
0.03622368069
0
0.008223686861
0
0.009677846004
0
0.006967638625
0.01130280498
0.03524238282
0
0.00436927747
0.01569761093
0.00868152977
0.01522458304
0.01114529071
0
0
0
0.04714674713
0
4.40E-03
0
0
0.02499646538
0.005288109077
0.0133955537
0.001544939466
0
0
0
0.01876413379
0
0
0.01713668733
0
0
0
0
0.03965411903
0.005817039197
0.03897121446
0.004085479235
0.01312015106
0.01594652336
0.02313738796
0.006518040149
0.02756318483
0.02052956485
0
0.04063334831
0
0
0
0.02091271482
0.03984281543
0
0.03963504514
0
0.01856587807
0
0
0
0
0.02871629244
0
0
0.046720982
0
0
0.00935269319
0
0
0
0.01230296031
0
0.01284021796
0.02746465404
0
0
0.0157672693
0.03413139056
0.0040286502
0.004069554238
0.0165630477
0.000750688215
0
0.0157619302
0
0.03902053885
0.008086470671
0
0.003321314849
0.01282080841
0.01119179348
0.03678882082
0.009400354513
0
0.01529095613
0
0
0.03680252815
0
0.03320567029
0
0
0
0.007099348188
0.01779740954
0.01804768718
0
0
0
0.01276427703
0
0.01182508348
0.0130933033
0.008410490999
0.03560577252
0
0
0.01484834842
0
0
0.05318584102
0.007304811313
0
0.01353697565
0
0.015052115
0
0
0.004917003133
0.02236844661
0.001829077608
0
0
0
0
0.01777154344
0
0.01768932097
0.04084665114
0
0.03985494334
0.02495080833
0.007470360289
0.01987890238
0.004225429145
0.03152065608
0.005946339583
0.01666669501
0.01475410194
0.009379599407
0.003304481111
0
0.02048323382
0.008831942123
0
0.02425366767
0
0.01205445417
0
0
0
0.00668644101
0
0.02250978792
0
0
0.0460350527
0
0
0.007246741228
0.002014999057
0
0.01962018719
0.001913185773
0.02159877336
0
0.006463458952
0.04778365856
0
0
0.02379424641
0
0.0002697192007
0.01638920037
0
0.01677371875
0
0
0.01420731466
0.03898165506
0.01816910979
0.04490617794
0.01979841165
0.01405234468
0.008743882783
0.007620753449
0.01474247883
0.01739205496
0
0
0
0.01968710506
0
0
0
0
0
0
0.007974864621
0
0.01045552623
0.0107216872
0
0.03315809145
0.008963447995
0.01608610218
0.009171172113
0
0
0
0
0.01933587259
0
0.01304303699
0
0
0.0135904826
0.0002406553796
0.00226058973
0
0.01353975836
0
0.004262637871
0.02658065576
0.02445078193
0.008486420584
0
0
0
0
0.01938152041
0.04537782472
0.001567852187
0
0
0
0
0.006675286153
0
0.009015323371
0.01178152486
0.03031097929
0
0
0.01685383642
0
0.01645998771
0
0
0
0.01853722888
0.001521527362
0.005110522177
0.01281812954
0.0282304921
0.01785712376
0.02736180979
0.01691293067
0
0.009102701337
0.02424776891
0.01706625452
0
0.04993705069
0.01918494995
0.001933151634
0.00E+00
0.02120871367
0.01707457125
0.05157870539
0
0.004399367749
0
0.008176531621
0
0
0.00187094409
0
0
0.008678797476
0.02466728323
0.009127923607
0.006554988996
0
0.04957491247
0.02399064103
0.01022757825
0
0.0186889811
0
0.01732281349
0
0.001990749992
0
0.02819617109
0.0316803073
0.01887998614
0.02451733668
0
0.01199893533
0
0
0.02111731745
0
0.002496419611
0
0
0.01379746682
0.05572192406
0.01658317425
0.01935136252
0
0
0.01009630039
0.03387206108
2.00E-02
0
0
0.01349883764
0.03708970015
0
0.00366817341
0
0
0
0
0.0391890292
0.01216406563
0.01420638186
0
0
0
0
0.03450410776
0.005016024837
0.02958558655
0.01672458258
0.003569333368
0.0212500472
0
0
0
0.05581821499
0.0129879059
0
0.01617954239
0
0.02689200423
0.05100571941
0.03787435671
0
0
0.01012272708
0
0
0
0
0
0
0
0
0
0.0396779201
0
0
0
0
0
0
0
0.008711448599
0
0.04712594945
0
0.02983095164
0.02624653407
0
0.02525370635
0.03199605118
0
0
0
0
0.0005698876821
0
0
0
0.003917992906
0
0.00986391682
0
0.03126228244
0.01616740717
0.03993573418
0
0
0
0
0.04308892929
0.003533968536
0.01633531844
0.03897693261
0
0
0.007348812189
0.02211185476
0.01663549998
0
0.01299977288
0.003240330421
0.00412699213
0.02140155772
0.001056521289
0
0.005757702108
0.02317781516
0.0112407066
0
0
0.03352565764
0.02639181688
0
0.007571307446
0
0.001291347192
0.01311240836
0.005316151043
0.04523635706
0.01639838111
0
0
0.03629003862
0.03858025272
0.00465655447
0
0.01362304681
0.02654818147
0
0
0.02185036357
0
0
0
0.003607089092
0.02948759187
0
0.02428254009
0
0.006612210802
0
0.02146365714
0.00486282735
0
0
0.01194841506
0
0.02994101908
0.004886058168
0.04473424278
0
0.0002931659729
0.009861388133
0.008468396562
0.01476494193
0
0
0
0
0
0
0
0
0
0
0.02703543299
0.002029658201
0
0.01623901384
0.0209290516
9.52E-05
0.02354477395
0.01757338751
0
0.05117835788
0
0.01359392248
0.008385751781
0
0
0.03544458831
0
0
0.01643805574
0
0
0
0.03365025286
0.01237012826
0.02794325288
0
0.03353318786
0
0.02741614969
0
0
0.002818198188
0.004692321345
0
0
0.01273792325
0
0.02271725505
0
0.02805768357
0
0.02263995891
0
0.0414867825
0.006825258718
0
0
0
0.01309596387
0.003102831358
0.005573462472
0
0.05429082163
0.02886465134
0
0.01547135383
0.00222051807
0.02888520756
0.01530874542
0
0
0
0
0.02159320564
0
0
0.01368403042
0.009045212451
0
0
0.03049254766
0
0
0
0.02616145851
0.0234026078
0
0
0.06216192685
0.01049217173
0
0.02241677713
0
5.55E-05
0
0
0
0.03533546016
0
0.0335571516
0
0.03863719871
0
0.0008569546677
0
0.02634400407
0
0.008366869849
0
0
0.001472081776
0.007533891978
0
0
0
0
0
0
0.003906681307
0
0
0
0
0
0.0286244161
0.01939184907
0
0
0.05989294376
0.06064370867
0.003657332672
0.007897178804
0.008438624804
0.03268282186
0.03351714237
0.03048445801
0
0.01691890668
0.03347871537
0
0.008910149178
0
0
0.008787759023
0.000332427031
0
0
0.01316791891
0
0
0.02306110764
0.05016604657
0.00173338951
0.02878644705
0.004351787392
0.02378477826
0.02499776724
0.02083692226
0
0.005724862695
0
0
0.00966699246
0.01249988293
0
0.0161571265
0.01095956647
0
0.04205683049
0
0.01317296592
0
0
0.01967247457
0
0.01658729382
0.009030448032
0
0.03794314116
0
0.02280729042
0.01591365474
0.01759423422
0
0.01446323299
0.03758814685
0
0.02336147488
0.02056402915
0.006695340689
0
0
0.0243789773
0
0.01844477215
0
0.02020057787
0
0
0
0
0.02142180175
0.03729336804
0
0.008902409807
0
0
0.01281299618
0.003252216347
0.01694586142
0.002099685579
0.01290813611
0
0
0
0.03327992531
0
0.005411929766
0.03659583363
0.03174641406
0
0
0
0.02063888833
0.01839660893
0.00760152703
0.008509325206
0
0
0
0.01690117605
0
0
0
0
0.01641436652
0
0.0396433681
0
0
0
0.02940916187
0.005451957181
0
0
0
0
0.01420651377
0.03723824865
0
0
0
0.05187011805
0
0.004342960443
0
0.0411554335
0
0
0.02817691763
0.01682447356
0.0214099242
0
0
0.01502789399
0
0
0
0.009385124856
0.00222636892
0.03350020291
0
0.008111533485
0
0
0
0
0.03035766595
0
0.008069876626
0
0.01499606245
0.03251531862
0.007464537407
0
0
0.01590051771
0.002479399774
0
0.01795000722
0.01593069891
0
0.01551595228
0.0163295184
0.02929812541
0.02671021838
0.0182398975
0
0.002416698247
0
0.04275775381
0
0.01835377318
0
0.01610796376
0.00774149889
0.005185716652
0.006296218245
0.01586183475
0
0
0.005570466772
0.01307422076
0.004460439992
0.007367745917
0
0.00150623579
0.03046638376
0.004549444654
0.01083017534
0.03425736084
0.01708093651
0.01635519641
0.02462796076
0
0
0.03622499489
0
0
0
0.03303500727
0.01971960852
0
0
0
0.02423831224
0
0
0.02227679529
0.0381465374
0.02165748614
0
0.01125393352
0
0
0.008328285203
0
0.03041142049
0
0.02629143001
0
0.02610006653
0.0173938551
0
0.04117163282
0.01086163033
0.0105241715
0
0
0.01746766442
0.02662173413
0
0.01198862026
0.005244580558
0.01869217089
0
0.02362889689
0.02891725706
0.02344626585
0
0
0.03267006397
0
0.03023883447
0
0.032382553
0
0
0.01250746005
0
0.009305781365
0
0.02334598099
0.008254075653
0
0.0152337988
0
0.01203770718
0.01996115409
0
0.006878251207
0.003435291428
0.05258438431
0.010501917
0
0.005536333743
0
0.006227155181
0
0.005665081681
0.005480972719
0.005788868606
0
0.01302820319
0
0.0123567414
0
0
0
0
0
0
0
0.002693642533
0
0.01736612544
0
0.007438456135
0.01083791707
0.001972380193
0.006087948385
0.002893078871
0.02300270423
0
0.02551856433
0
0.01736116342
0.00118635147
0.01997651398
0
0.003317661161
0
0.04743118833
0.02742953761
0.01740341017
0
0.04593858969
0.04069995085
0
0
0.01749532971
0.02006624466
0
0.02886748219
0
0.002719406024
0.01383468992
0
0.007430471006
0
0.01408186509
0
0
0
0
0.000978952683
0
0.01517793862
0.02618321607
0
0
0.01768362328
0
0
0
0.01367862899
0
0.003306231053
0
0
0
0
0.02234163054
0
0.002680264113
0.00146856319
0.04783718177
0.003803580141
0
0.04436640625
0.02793576379
0
0.007547182841
0
0
0
0.01548037367
0.01208081112
0
0
0.01197001987
0
0
0
0.02617651344
0
0.03055233533
0.0003171504594
0.03373761264
0.03114960368
0.005122777743
0
0.0218191639
0.00117006847
0.04345130923
0
0.008665358684
0.0007965772173
0
0.009971941315
0.02119218766
0
0.02191560132
0
0
0.004399690534
0.05113564979
0
0
0.03537171572
0.01822266734
0.03470902803
0
0.03350777331
0.009671070366
0.04290933484
0
0
0
0.03402500139
0
0.01435547046
0
0
0
0
0.00569095671
0.05649345909
0
0.02424719715
0.007446966876
0.009284064267
0.02020416566
0
0
0.01294423001
0
0
0.008315282495
0
0.01170168951
0
0.05745606522
0
0
0.005413606782
0.01668016262
0
0.02761831572
0
0.005302382883
0
0
0
0.006450784897
0
0
0.01542859791
0.006124900426
0
0
0.004939941651
0
0
0
0.02781446413
0
0.000403000566
0
0
0.02446933214
0
0.06384740033
0
0
0
0.0207861383
0.01144772532
0
0
0.04976384338
0.006805662566
0.009670854251
0.03903193912
0.06379402721
0
0.02042031149
0.001097700146
0
0.01431761122
0.03463756592
0
0
0
0.02703150012
0.0002875658778
0
0.010739324
0
0
0.005969938456
0
0
0.01340468037
0.0062414507
0
0.02592081201
0.01127902142
0
0.04108151075
0.03507044819
0.03185289547
0.007676466379
0
0.01102792056
0.001285186361
0.02685275484
0
0.002399634238
0
0
0
0.03666209813
0.01516644619
0
0
0.05659435482
0
0.009532604063
0
0.007445553244
0.003270643963
0
0.03250892243
0.01408258317
0
0.03272354798
0
0
0.02790876988
0
0
0
0.02671155778
0
0
0
0.009137654814
0
0
0
0.007640358275
0.03046250613
0.02398690221
0
0.03091003086
0.02102684509
0
0
0.02612143788
0
0
0.03328575574
0
0.03085512785
0
0.03974832944
0
0.02499880259
0.04547930697
0.00154150122
0.01175366966
0
0
0.01626255817
0.01297410919
0.001545242128
0
0.03110259425
0.02049828089
0
0.006318468511
0
0
0
0
0
0
0.03042640582
0.01079727659
0
0
0.01036801334
0.03539299193
0
0
0.0276215758
0
0
0.02522110093
0.002081031693
0.03442804354
0.009412882853
0
0
0.008917512974
0.000289787207
0
0.003447303819
0
0
0
0
0.0270421069
0
0.04060889918
0
0
0.001646123305
0.08200229989
0
0
0
0
0.01386862503
0
0.08508138591
0.01098214805
0
0.06903942295
0.04504237899
0
0
0.005956070743
0
0
0.02139146295
0
0
0.03795907995
0
0
0
0
0
0
0
0.03224837343
0
0
0
0
0
0
0
0.01748447654
0.05155044964
0.004689646901
0
0
0
0.0255447314
0
0
0
0
0.05180958613
0
0.02081430839
0
0.04518818069
0
0.0008788459636
0
0
0.01372315068
0.001616687475
0
0.01329791994
0
0.00115878532
0.03905739178
0
0
0
0
0.02860552643
0
0
0.03588996008
0
0
0
0.04733001607
0.03581752687
0
0
0.02469153822
0
0.05032003175
0
0
0
0
0
0.02168465463
0.01160692156
0.00995648472
0.0023226411
0
0.02218770502
0
0
0
0.05464376575
0
0
0.001096528584
0.01755277225
0.02744700853
0
0
0.01370971452
0.0006227200907
0
0
0.05879534548
0
0
0.01961734605
0
0
0.04247502838
0
0.01059538132
0.03751637773
0.01090961359
0
0
0.03444164512
0
0
0
0
0
0
0
0
0.009756112145
0
0.01545317615
0.01168014736
0.002876093847
0
0.01553943112
0
0
0.01560688566
0
0.01808598741
0
0.0155722302
0.01190609013
0
0.04555143418
0
0
0
0
0
0
0
0
0.02016157789
0.001971418547
0
0.05036722228
0
0
0
0.01662025144
0.06916700751
0
0.0005887691495
0
0.01127872759
0
0.03677017894
0.001755972951
0.03436031599
0
0
0
0.02570254302
0
0.03001700247
0.03146846719
0
0.00E+00
0
0
0
0
0.02499041984
0.02847021143
0
0.01192807903
0
0
0
0.01499533487
0
0.02657559932
0
0
0.001572775607
0
0.01690497983
0.01914497966
0.04877844831
0
0
0.02767815539
0.04796293571
0.0243903002
0
0
0
0.01615986119
0
0
0
0.005456582195
0.005454318763
0.01970387726
0.03887097516
0
0.00824112191
0.002984967608
0.01026885673
0
0
0.02783690114
0
0.04358128911
0.02224497311
0
0
0.01735638021
0.01860328551
0.02956561459
0
0.008028467929
0
0.02797347606
0
0.00E+00
0
0
0.01184764396
0.01585450162
0.02596917761
0
0.02943473304
0.03575429368
0.02297634857
0
0
0
0
0
0.01395286415
0.007166348602
0.04718329931
0.008606082696
0.01467023146
0
0.0178849169
0
0
0.002300052088
0
0
0.005658405646
0
0.03954558909
0
0.01976881539
0.008381684
0
0.03688884342
0.001979602964
0
0
0
0.004500745963
0.02620490899
0
0.0425727506
0
0.01385659844
0
0.0219907658
0.03717870692
0.02149327733
0
0
0
0
0
0
0.008155095968
0.02849307718
0
0
0
0.01056447268
0.04140967591
0.006516482737
0
0
0.00346819385
0.01826824949
0.02426202208
0.02291059339
0.0042703867
0.01361024677
0.003227517405
0.03614114947
0.03615406979
0.02828353863
0
0
0.009689747615
0
0
0
0.003613470853
0
1.79E-02
0
0.03044976734
0
0.02484086322
0
0
0
0.03238750847
0.0001792542101
0.01977006674
0
0
0
0
0
0.02191102826
0.03381973269
0.001541019106
0.01387664316
0
0
0.009526188417
0
0.03708697296
0
0.0238794892
0.03007779143
0.001727398611
0.0101835736
0
0.03530857183
0
0.01918539563
0
0
0.03561819188
0
0.0253081846
0.03625886122
0.004232978468
0.0003438408545
0
0.0204253271
0.004078918495
0
0
0.03455888225
0
0
0.01078273322
0
0.01588670511
0.01962977085
0.0113837838
0.02581860469
0.006147852733
0
0.01283512421
0
0.03209469797
0
0
0
0
0
0.03725327128
0.0005022374694
0
0.03918858084
0.008505712642
0.006843946028
0.008378476439
0
0
0.04959619216
0
0.006193817516
0
0.01654897186
0
0.02133557085
0.01159641092
0
0
0
0
0.02064356788
0
0.02183617416
0
0.03914600045
0
0
0.02766075478
0.007263449551
0.01878576675
0.04241789779
0
0
0
0
0.01192875902
0
0
0
0.03952401554
0
0.0004428797843
0.004288250359
0
0
0.02021300217
0.009128165288
0.01221692643
0.01464398607
0
0.01518194449
0.01830513243
0
0.01340098471
0
0.04150184497
0.01919416534
0.01831293686
0.03640866395
1.95E-02
0.01866857268
0
0.002189716515
0.03466398681
0
0
0
0.005462547704
0
0.0006102392076
0
0.02130563807
0.01092127147
0
0
0
0
0
0
0
0
0.01627842906
0.04140773461
0.008202835315
0.0006167054328
0
0.002010877221
0.02493912806
0
0
0.02875194885
0
0
0
0.02271289177
0.01738526494
0.01592395494
0.0004678681936
0.01511994062
0.02324351025
0.03882256483
0
0.001111287663
0.0202812399
0
0.02139677002
0
0.02055500857
0.001972998007
0.008550070413
0
0.02706067919
0.006155120345
0.03301490512
0
0
0
0.003431324704
0.03478757232
0.03586015255
0
0.01736149321
0.006414648704
0.01629217058
0
0
0
0.02935790194
0
0
0
0
0.009995009785
0.01374697813
0.02173814422
0
0.02866041926
0.01690439086
0
0
0.01025586641
0.04794075714
0
0.03503050119
0
0
0
0
0
0.04324951467
0.01868631497
0
0
0
0.02347950498
0
0
0.007591536824
0
0
0.007170796265
0.01140914148
0.02964940539
0
0
0.04730101917
0.02260337186
0
0
0.02798558713
0
0
0
0.02029916652
0
0
0
0.01397217617
0.004662001171
0.02863691967
0.03053635933
0
0
0
0.003359409875
0.004295719807
0.04162162781
0
0.03315222103
0
0
0.03815267161
0.01513620854
0.0424945789
0
0
0.004253104769
0
0
0.01596266141
0
0.01950344985
0.0361610516
0
0.01311690386
0
0
0.01777701268
0.004896073288
0
0.0402356935
0.003772822984
0
0
0.02812060859
0.0111969303
0
0
0
0.02769670119
0
0.0303536755
0
0.00E+00
0
0.03346907989
0.01163987217
0.00E+00
0.02145937416
0
0
0.02558098083
0.03755548497
0
0.03499384814
0.01931362265
0.02960102419
0.01334007321
0.007729804236
0.01192916985
0.04921151718
0
0
0.01040235279
0.002109003151
0.006992456076
0.005342124594
0.02774816546
0
0.00330222402
0
0
0.04089216866
0.008486192972
0.03324013983
0
0.02395133594
0
0
0
0
0.02266874951
0.00537718627
0.01271882658
0.01071577918
0.000879061394
0.0203015328
0
0.02317793317
0
0.005658410218
0.001456570131
0
0.005130324438
0.007413682729
0
0.01343820505
0.01995648637
0.03839052441
0
0.007294333217
0
0.003172116799
0
0
0.02038005763
0.01692837912
0
0.002937712676
0
0
0.022243722
0.01537253983
0
0.02194081561
0.02289299357
0
0.007405718414
0.00742576742
0
0
0.01297315699
0.0003902817217
0.02720198701
0
0
0.001245642729
0.02137521026
0
0.0327071857
0.02960859976
0.00E+00
0
0
0.02253160507
0
0.0003485105785
0
0
0.05343965285
0
0
0
0.005093994019
0
0
0.02614042641
0.005650258317
0.03843356081
0
0.00802336396
0
0.01726416018
0.02535281188
0.03722388454
0
0.03197978438
0
0.03099468156
0
0
0.01795970952
0
0
0.00192869433
0
0
0
0.0286710121
0.0004337506295
0
0
0
0.02779289297
0.02976101785
0.001140029439
0
0
0.005186891504
0
0
0
0.06197921717
0
0
0.05149840798
0.00614224924
0.03896872839
0.02564806403
0.02408912065
0
0
0
0
0
0.01834669568
0
0.01132829415
0.01175331512
0.04500510868
0
0
0.01156627243
0
0.001564524087
0
0
0
0
0
0.010794841
0.02087301139
0.06551114153
0.008329074156
0
0
0
0.02740608412
0.03082736439
0
0
0.02685747067
0
0
0
0
0.02915767142
0
0
0
0.03231398791
0.0356412292
0
0
0
0
0.01192754938
0
0
0
0.005115131291
0.01727122933
0.003627370837
0.01737798915
0.02022680343
0
0
0.05489023232
0
0.008377142077
0.0001111965242
0
0
0
0.01143796013
0
0.01664371733
0
0
0
0
0.05738632757
0.02653578657
0.01373168385
0
0
0
0
0
0.03164133563
0.008114633069
0
0
0
0
0
0
0.01448915302
0.01885531973
0.01078875429
0.03410789714
0
0
0.004064897909
0.002324623908
0
0.02852396594
0
0
0.01109629037
0
0.02628298509
0
0
0.01827327774
0
0
0.008032252354
0.01201115048
0.008588302916
0.03448350177
0
0.009011547523
0
0.03397233887
0
0.03436626091
0
0.05038475562
0.011503744
0.02333162034
0.006260873162
0
0.03030282563
0
0
0.04840505849
0
0
0.01011900282
0.01820413744
0
0.01666792408
0.0008942000762
0.02668368822
0.03048563506
0
0.01897925698
0.02468271371
0
0.0007688083652
0.03135439576
0
0
0.006632034314
0.04257826686
0
0
0
0.0266140415
0
0
0.04125692308
0.01134748126
0.03575730003
0
0
0.007727035622
0.003138118609
0
0.0307364224
0.009374168883
0
0.01354712981
0
0.04680724632
0
0
0.02628123063
0.04530792648
0
0.01076441883
0
0
0
0
0.01869965047
0.01302647108
0.02509808861
0
0.02754392289
0
0.02653211892
0.007531639942
0
0.04675434839
0
0.03450220129
0
0.03102462927
0
0
0.05099039392
0.00E+00
0
0.01867074906
0.007164154977
0.01244590524
0
0.03605211452
0
0.02198134156
0.01825669752
0
0
0
0.04210495788
0
0.001933639058
0
0
0
0.01139030448
0
0
0
0.005288286513
0.01461699437
0
0
0
0
0.0147503997
0.007978197093
0
0.007606540002
0
0.001418461346
0.007335212656
0.03649631834
0
0.01448968317
0.02300656001
0.02476219062
0
0
0.002267124021
0
0.01243392341
0
0
0.02456243385
0.001608874994
0
0
0
0.01379065668
0
0.02722537067
0.06122011464
0.01285737097
0.02783570714
0.0009453632207
0.04474450985
0.01855145799
0
0.02092352389
0
0
0
0.01731248182
0.01018744528
0
0.01815151961
0
0.03814913238
0.01194026122
0
0.02342067026
0.008019221432
0.01835422969
0
0
0
0
0
0.008617771625
0.03266205579
0.02399308624
0
0.03290737794
0.006344038646
0.03664501542
0.0006438956407
0
0.0234453941
0
0
0
0.004670853058
0
0
0.05952178797
0
0.02172671318
0.009476412555
0.02614235773
0
0
0.01317148178
0
0
0
0
0
0.01044072583
0.05824471771
0.002848331462
0.01943570248
0
0.004906289905
0
0
0
0
0
0
0.02332360356
0
0
0
0.01856383617
0
0.01937187412
0
0
0
0
0.003536555404
0.02197076345
0
0.05168129823
0.006000199157
0.02373735167
0
0
0.01835455897
0
0.01536478702
0
0.01688574785
0
0
0
0
0
0.04623500362
0
0.006517402323
0
0.01794116912
0.02890161179
0
0.008052458725
0
0.006593775994
0.01203118996
0
0
0.0293717609
0
0
0.01348594405
0
0.03334835447
0
0.03448727973
0
0
0
0
0.001497736022
0.05386120707
0.004552924611
0
0
0
0
0
0.002467533159
0
0.003195884198
0
0
0
0
0
0
0
0.02393091566
0.01049679333
0.0008560445287
0
0
0.03479724853
0
0.04338763449
0
0.01551748559
0
0.009825118855
0.01888476552
0
0
0.05680607055
0.0140371956
0
0.04606514589
0.04832870762
0
0.0179993541
0.01853657041
0
0.02023844194
0.01384765753
0.003833578912
0
0
0.03210130174
0.01359985062
0
0.02042396214
0.00E+00
0
0.0206622939
0
0.002910766212
0.006998728367
0
0
0.02706785275
0
0
0.02599253464
0.01820728854
0.03553747641
0
0
0.02378138854
0.01779923695
0.01849127967
0
0.03201136
0.00950177602
0.001933488112
0.003104946281
0.01879935071
0.02389755955
0
0
0.02721300913
0
0
0.01906027565
0
0
0.01375843138
0
0
0.004577215841
0
0
0
0.06952394916
0
0
0
0.01396222647
0.00101972039
0
0
0
0
0.01695233664
0.02620475723
0.01102933963
0.01694254006
0
0
0.02052190176
0.02526687411
0.02057735699
0
0.00593905359
0
0
0
0.01158297837
0.04328623913
0
0.009884959632
0.0189482412
0
0
0
0.01645031241
0
0
0
0
0.02111600308
0
0.03232508819
0.03355717912
0
0.05169384334
0
0
0
0.04122327958
0
0.02903485614
0
0.04359781597
0
0.001195717428
0
0.04073183261
0
0.06894035794
0.03557185884
0.004159714896
0
1.60E-02
0
0
0.02873349233
0
0
0
0
0
0
0
0.02628558684
0
0.01399885429
0
0.001785570522
0
0
0
0.005708686983
0.03202239289
0.002335729975
0.04703717155
0
0.03021998082
0
0
0
0
0.009600537062
0
0.007808105901
0.008920446999
0
0.01240110663
0
0
0.01721664542
0.02333454018
0.003640786796
0
0.00E+00
0
0.001599206218
0
0.01035380351
0.01268414174
0.01433600518
0
0
0.01527273532
0.02050321757
0.03968734746
0
0.003265770878
0.02284525847
0
0.007393429625
0.02774917406
0.00322913183
0.01343892225
0.0206306323
0.005489299304
0.01034453691
0.02230807909
0.02477779381
0.01151199686
0
0.01411109988
0
0.02137914197
0
0.01406957527
0
0.01584741427
0
0
0.001534328636
0.01926446268
0.0002563594711
0.03177017987
0
0
0.02269409226
0
0
0.02318612683
0
0.01869800587
0.01147907797
0.01249160577
0.03739438836
0
0.009556846604
0.01585513239
0
0.02282682446
0.03218247068
0
0.00385522872
0
0.002946000834
0.02207397499
0.04006044447
0.002121219086
0.006642168617
0.01563809094
0.02559802753
0.009088973408
0.01406103838
0
0.01509779435
0.03156110248
0.01406152924
0.02484917983
0
0
0
0.009259622148
0
0
0.02031675812
0.04107969349
0
0.00313769526
0.003611673572
0.007583590197
0
0
0.02474249525
0
0
0
0.006435276145
0
0.03515578
0.02589897034
0
0.01245898191
0.01581145807
0
0.05459399699
0.02218260514
0.02180375392
0.01384122856
0.02972762741
0.02369366002
0.007213569416
0.004884547884
0.0301171362
0.02028633238
0.0009738617089
0
0.02625550552
0
0
0.00729998814
0
0
0.01929861077
0
0.01562247168
0
0
0.01843464736
0
0.02089206905
0
0
0.01180103017
0
0.00382474099
0
0.01421076313
0.01142292013
0.05851035351
0.04097864873
0
0.02230359917
0.0177251246
0
0.01235131142
0
0.00E+00
0.03187693223
0.02325742648
0
0
0.003625298707
0
0
0
0.03730180963
0.004811160755
0
0
0
0
0.0128418738
0.03201894363
0
0.03195766319
0.003395043576
0
0.02163580708
0
0
0
0
0
0.003441658785
0
0
0
0
0.009887571637
0.002236243536
0.02616762658
0.003592884691
0.04015148104
0.01517568089
0
0
0.01299905328
0.007475158977
0.01781402558
0.0183837661
0.0006163534453
0
0
0
0
0.04988947606
0.01189942065
0
0.0152921067
0
0
0.0235687461
0.0333953735
0
0.01206775121
0.005027277349
0
0.03636343263
0
0
0.03207242017
0
0
0.005312328698
0.007426977506
0.03075889461
0.03321928144
0.04570524161
0
0.02199549572
0
0.01057054914
0.02317422368
0.02896803456
0.03626453691
0
0.042409335
0
0
0
0
0.0425399554
0
0.03141056174
0.001885569787
0.01248178664
0
0
0.02111091169
0
0.02276690221
0
0.01314927647
0.03943996647
0
0.00802402783
0
0
0
0
0
0.005867114033
0
0.01223894219
0
0.02738142818
0.008103585729
0
0
0.00505574002
0
0.02181333057
0
0.00E+00
0.01083932642
0.04584139473
0.00330705575
0
0.001654572985
0
0
0.007205090574
1.73E-05
0
0
0
9.54E-05
0.02437122809
0
0.04673822085
0.003223906417
0
0
0.0234673293
0.0239695666
0.008855826841
0
0
0.002763656544
0.03178162127
0
0.007408369883
0.03385345039
0
0.005413890814
0
0
0.03268032424
0.02499166537
0
0.0005610559891
0
0
0
0.05416336547
0.03602944311
0.01382832163
0.01422162567
0.005683858683
0.02382315551
0
0.04660312654
0
0.0003375818298
0
0
0
0
0
0.02398513159
0.001793135479
0
0.01499445344
0
0.01552825855
0.00495083766
0
0.01893970807
0
0.01052363084
0
0
0.05972609832
0
0.001468489996
0.0320219936
0.02301970348
0
0.03595462535
0.05889252615
0
0.01947194573
0.006235454783
0
0
0
0
0
0.02874841034
0
0.005456468483
0
0.01712389208
0
0
0.00942719302
0.04223487521
0
0.007796089076
0
0
0.01815356914
0.04001648093
0.02130724719
0.00592622191
0.003940538861
0
0
0
0.01959379076
0
0
0.02967101477
0.02149578105
0
0
0
0.02213178843
0.0133397169
0
0.01363693922
0.02111313319
0
0
0
0
0
0
0
0
0
0.006493519588
0
0
0
0.01409854746
0.002992287805
0.01234200736
0.01138980646
0.01887037334
0
0
0.04387677293
0
0.04241401168
0
0.03275818642
0.0001338313967
0
0
0.003972002733
0.01108300185
0.0458351474
0.03038738304
0
0.008453190581
0
0
0
0.02783474969
0
0
0
0
0.007579721781
0
0.00048679034
0
0.003084127693
0
0.002763966439
0.01630269705
0
0.0178614834
0.002915937345
0
0.01921609669
0
0.02317026029
0
0.003441919693
0.01377543587
0
0
0.04408438796
0.007368722037
0
0.04120005901
0.02504779796
0.008903852252
0.01173722988
0.01488946233
0.001514224581
0.001050294634
0.0215300888
0.01884752815
0.01665744375
0
0.02879182286
0.02504452115
0.005873312692
0.02357177531
0.009342516568
0
0.02257005119
0
0.0479620442
0.005709875701
0
0
0.007294922226
0
0
0
0.01318813031
0.02700442832
0
0.01673645386
0
0.01515649707
0.02791383799
0
0.008149671034
0.01335887902
0.02125536963
0.03974125723
0
0.00497028598
0
0.001626161698
0
0
0.02520638091
0
0.01227524053
0.01008364402
0
0
0.0001893628241
0
0.01502916579
0.03740196107
0
0
0
0.03438740329
0
0.01431949859
0.01468635006
0.03412762102
0.01668166233
0
0
0
0.009170516483
0.02794075633
0.03721903932
0.04627053414
0.01521840089
0
0.008065928205
0.04151028671
0.03484688136
0.02070773552
0.008289563564
0.0178446116
0.02278057678
0.02089250395
0.002461994331
0.016335411
0
0.004488179409
0.002246342274
0.01840381445
0.003181035862
0
0
0.003965349258
0
0
0
0.01563589287
0.0285814922
0.02094495939
0
0
0.03659797256
0
0
0
0
0.02299122764
0.00730221279
0.01518765168
0
0.01373299366
0
0.01413154463
0
0
0
0
0
0
0.01721134517
0.0348407296
0
0.0008711251576
0.006716701903
0.02148184045
0.01886306938
0.001991254376
0.01108431016
0.01434482413
0
0.01202446469
0.004828555976
0.01086234451
0
0.01449636667
0
0
0.01304811146
0.01020926951
0.004364651156
0.0001201611806
0.0004680356036
0.009910563563
0.03930241438
0
0
0
0.02981220446
0.01995278768
0.02695434375
0
0
0.04420116405
0.00419914393
0.05290190808
0.007234276448
0
0
0.03979825503
0
0
0
0
0.01204473527
0.003996384892
0
0.0439957735
0.02695409351
0.001274381514
0
0
0
0
0.001842003961
0
0.008405397108
0
0
0
0
0.0453434709
0
0.04461336509
0.06209762683
0.02039713855
0
0
0.008552660297
0
0
0.01049747337
0
0.02880316708
0.00516709164
0.04269233049
0
0.01843787129
0.01088964297
0
0
0.004160737409
0
0
0
0.03351373854
0
0.005824188181
0.009900530101
0
0.02628000912
0
0
0
0
0.004773825067
0.04222062796
0
0.02821451877
0.006063674451
0
0
0.03356002684
0.01447596985
0
0
0
0
0
0
0
0.001145472484
0
0
0.02099615429
0
0
0.07075277217
0.01783664996
0.01828689017
0
0.009582121947
0.003384238174
0.02038966486
0.007579497951
0.04414183001
0.01877677411
0.003987575171
0.0177794504
0.03854978685
0.03357800511
0
0.009260400466
0
0.001866307621
0
0.03048737302
0
0
0.02683277233
0
0.04171244395
0
0
0.02466377367
0.02777337923
0
0
0
0
0
0
0.02191052051
0.02818198959
0.02950145516
0
0.03421727069
5.10E-05
0.02451157302
0.008176719125
0
0.04931708151
0
0.004368843519
0
0.01448385483
0
0
0.06771165248
0
0.01250931339
0.006379028224
0.009236887246
0.007432343494
0.001094112289
0.02774536811
0
0
0.00879817162
0
0
0.001744659587
0.04655356756
0
0.007416917433
0
0
0
0
0
0
0
0
0.02598636056
0
0
0
0
0.0001498167568
0.01327621479
0
0
0
0.004167070063
0.01304965301
0.02347231073
0
0.03358379311
0.001499071333
0.02175262392
0
0
0.01428520934
0
0.01892271395
0
0
0.01198961111
0.01112062755
0
0
0
0.04478819182
0
0.03120452972
0
0
0.001447274887
0
0.002831439318
0
0.008813714219
0.02396002272
0
0
0.008092751674
0
0.003263765703
0.02686702136
0.005200851336
0
0
0.04448675918
0
0.01632828836
0
0.009034208573
0
0.004515273642
0.03361325637
0.04051262734
0.02292198413
0
0
2.15E-02
0
0
0.004711311172
0
0.004796751564
0.01914506204
0
0
0
0.01996969271
0
0
0.01809683097
0
0
0
0.01166684551
0.01374891351
0.02701941486
0
0
0.02616765958
0
0
0.009994999469
0.02909485808
0.01914147521
0
0.02408608089
0
0.05519764836
0
0.01497070378
0
0.0067647776
0.05377043438
0
0
0
0.0005478892211
0.04373687329
0.02926932995
0
0.01502035139
0
0
0
0.0274015336
0.0192536711
0.01197850728
0
0.000842951088
0.01080089183
0
0
0.04219236612
0.01212616939
0.03557467836
0
0
0
0.03379731014
0.01157556216
0
0
0.01531031666
0.03378027588
0.008134867151
0.01688479173
0
0.06185762092
0.006661201574
0.05011240637
0
0.01602924189
0
0
0.02594390092
0
0.03288206132
0
0.01360869642
0
0.01190107419
0
0.05286529708
0.01855449824
0.02911144473
0
0.0001628156879
0.005749387022
0.01597818493
0.006442235485
0
0
0
0
0
0.02040482241
0.01588733581
0
0
0
0.0220695609
0.01311089063
0.007894035976
0
0.007698362787
0
0
0
0
0
0.07046668871
0
0.01066329183
0.01534414109
0.03265756399
0
0.02692308767
0.008018220511
3.94E-03
0
0
0
0
0.01034051988
0.01222097291
0.0137679346
0.0561047092
0
0.0009726659311
0
0.01207859894
0
0
0
0.001949240006
0
0.006336343761
0
0
0.04321365848
0.03077093582
0.0159865551
0
0
0
0.008506279233
0.02456872642
0
0
0.0535673432
0
0.03391064382
0
0
0.006604235945
0
0
0.01803574741
0.02551494938
0
0
0
0
0
0.02260953481
0
0