0
0.01579977682
0
0
0
0.03632402395
0
0.02168108344
0
0
0
0
0
0
0
0
0.02451970981
0
0
0.02696576428
0.02632897261
0.0003429404037
0
0.005634098916
0
0.01158356349
0.003828371029
0
0.03230687575
0.01597495891
0.01262327626
0.006265218803
0.03701712074
0
0
0
0.003834274813
0
0
0
0
0.001030519201
0.008158487352
0
0
0
0
0.02264247009
0.01758910752
0
0.0007974991725
0.000939783107
0.02396269721
0.0509592098
0.01007010352
0
0.006692468838
0
0.001525925221
0.01111426804
0.00267170095
0.01267985773
0
0.03314857327
0
0
0.04323681322
0
0.02663641949
0.03744597034
0
0.04271139849
0.03392997371
0
0.03019726907
0
0
0.02202881205
0.01040969372
0
0
0
0.02920632399
0.02025302726
0.05256888615
0.001170601247
0.01814030956
0.01986096582
0.01827378232
0.0006556081145
0
0
0.01894223702
0.02155793333
0.01885679944
0
0
0
0.04890447462
0
0
0
0.0327407682
0.01064126629
0
0
0
0
0
0
0.01834644102
0
0.01106489448
0
0.0274314068
0.008947561529
0.01997922346
0
0
0
0.008305782188
0.01369682011
0.04114420636
0
0.02895661057
0
0.003568013595
0.0105459019
0.02439955684
0.01677573376
0
0.02091656051
0
0.004288875913
0.01844128145
0.03027509696
0.01409922012
0
0
0.006842364972
0
0.02467548656
0
0
0
0.01232499338
0.01017952666
0.02050123817
0.01208311421
0
0.00312264784
0.01458941755
0
0.04783555544
0.005312001595
0
0.02002475027
0.03296703777
0.01499604003
0
0.021946214
0.0319935535
0.008404605193
0
0
0
0
0.03056615397
0.03716432695
0
0
0.03300070431
0
0
0
0
0
0.001726911491
0.03268520707
0
0.01647683655
0
0.02389315089
0.0129704904
0.0185791047
0
0.02214316696
0
0.02434500031
0.01154816717
0
0
0.04618689767
0
0
0
0
0
0.03635011236
0
0
0.01792385128
0
0.027705567
0.001187323472
0
0
0.02445286272
0.01374656555
0.0006242957122
0.03275771263
0.03547927589
0
0.01484791888
0
0.02828646925
0.01888362864
0.03628742084
0.0236008647
0.005033123555
0
0.03435509045
0
0.02443227015
0.004078580754
0.003059514369
0
0
0.00141947851
0.02596809357
0
0
0
0.01124246145
0
0
0.007045217477
0.02520813853
0.04028181976
0
0.01825474653
0
0.03464553331
0.04997921182
0
0.01505597824
0
0.005479872678
0
0.02866800569
0.02957747599
0.03251618249
0
0
0
0
0.02047188288
0
0
0
0
0
0
0
0.02896849507
0.03057118561
0.009861060788
0.01281109569
0
0
0.02957635787
0
0
0.0209906237
0
0
0.01726491891
0.008240185113
0
0.02166350939
0
0
0
0
0
0.03761636091
0
0
0.006301124921
0.007258139657
0
0
0
0
0.0001892093013
0.02938337988
0.002412723966
0.01155771628
0
0.03277747819
0
0
0
0.002633713229
0.03687093568
0
0.01185795402
0
0.02574803037
0.02058677787
0.03668532682
0.002244061948
0.02899537658
0.04541356983
0
0.009035742333
0
0
0
0
0
0.01245359318
0.01225819205
0
0
0
0.02269122701
0
0.001465792661
0
0
0
0
0.05787190268
0.003495294202
0.0257739964
0.01665240626
0.003919459577
0.0184229878
0.02824424485
0.05937058816
0.001774576753
0
0.05113434237
0.01762641979
0.008636334498
0.0168340299
0
0
0.01816012527
0.01626368876
0.01123190136
0
0
0
0.01975388714
0.001056331239
0
0.012982639
0
0.00126743227
0
0.005163135075
0
0.04911707921
0.01215853888
0
0.005575424833
0
0
0.01034587899
0
0
0.004396323272
0
0.01970674047
0
0
0.0117888501
0.04882865789
0
0.02185778329
0
0
0
0.01786596118
0
0
0.01628795869
0
0.004784681753
0.007430982908
0
0
0
0.03413150752
0.04410631741
0
0
0.02704129668
0
0
0.001147372204
0.01854505916
0
0
0
0
0.03317235648
0.005882812132
0.06360512622
0.02640209455
0
0.03225013412
0
0.01193008384
0
0.01307056259
0.0002275093441
0
0
0.02653301265
0.0164838765
0
0.03672461127
0
0
0
0
0.01134654736
0
0
0
0.07005566027
0.01924938388
0.0125646782
0
0
0.003267920691
0
0.02273787818
0
0
0.04691273077
0.01849202011
0.05374009073
0.001969241416
0.01574252168
0
0.03085676003
0
0.02118001449
0
0
0
0.0007112706064
0.00198085643
0.003703757346
0
0
0
0
0.03050765874
0
0.01391242102
0.01114770875
0
0.04087808955
0.0139348596
0
0.02110571413
0
0
0.002448022213
0
0.03986572042
0.006272997745
0.007623659597
0
0.03652740533
0
0.01916648674
0
0
0
0
0.01434340616
0
0
0.02907403753
0.003317153355
0
0
0
0
0.03729299687
0.04367362925
0.008422089755
0
0
0
0.008383244925
0
0.01315734623
0
0.01966547622
0
0.02400233088
0
0
0.03337221419
0.01673890487
0
0
0
0.01345773608
0.02893597177
0.02410386401
0.0008934243396
0.03044737293
0
0.03574027747
0
0.00821946209
0
0
0
0
0.03590381972
0.03425509897
0
0
0
0.01818894053
0
0
0.005221501339
0
0.0302539333
0
0.01697189457
0
0.02449752268
0.0118224025
0
0.02498015329
0
0.04317548092
0
0.0006501310268
0.02078708193
0.03154546376
0.01156539988
0.01053562022
0
0
0.0166918705
0
0
0
0
0
0
0.01518012148
0.02830828596
0
0.03310026594
0.009435659093
0.03066566525
0
0
0.03230687104
0.005026287551
0.000974301874
0
0
0.005706424051
0.03630739923
0.005379654086
0
0
0
0.01494742754
0
0
0.02888937414
0.01455118369
0.01692327415
0.03149631006
0.0107420938
0
0
0
0
0
0.03996445836
0.005384443645
0
0.02368410221
0.01686245572
0
0.03209504562
0
0.007941586816
0
0.03413017766
0
0.03006504856
0
0
0.01695433706
0.03078404229
0
0
0
0.000656478694
0.007443187496
0.03568649708
0.01483047025
0.04003654927
0
0.02075480434
0
0.01883898664
0
0.0004794816339
0
0
0.003784619501
0.03000984896
0.01197391787
0
0.00697280594
0.003342553189
0
0
0
0
0.01751536763
0
0
0
0.02692374653
0.01460827011
0
0.03303027427
0
0.03361634995
0
0.02575322439
0
0.01498451251
0.03828363067
0
0
0
0
0
0
0.02225854709
0
0
0
0.02598780137
0.007225400842
0.007420429104
0.03932250856
0.00392546677
0.02640823843
0.003979031481
0.001465516873
0.009996994344
0
0.02493790005
0
0
0.0333753187
0.04403762477
0
0
0
0
0
0
0.00673740156
0.01912876322
0.0293503084
0.03213459292
0
0.03227865666
0
0
0
0
0.006501329007
0.03476356281
0.004888257548
0.03153946138
0
0.0008410731541
0.0009355563576
0
0.01615568396
0.009936737921
0
0
0.004933567205
0
0.0316013752
0.002634814376
0.03724153909
0.02383720647
0
0.02098668341
0
0
0
0.007464202828
0.00747130649
0
0
0.005239084333
0.007459610695
0
0.0444636771
0
0
0.01905911487
0
0.005041578997
0
0.002703539736
0
0.04302337402
0.03540628169
0
0
0
0
0
0
0.002726416146
0
0.01887827812
0.03105819092
0.05299589875
0.003154766184
0.00653861911
0.002586780131
0.03027136727
0
0.0002567174344
0.002486417289
0
0.01105780493
0.002888195996
0
0.03100190746
0
0.01900224138
0
0
0.04754381782
0
0
0.009030445911
0
0.03817390107
0.01944558325
0
0.01594799163
0
0
0.004883050987
0
0.05377921752
0.0152577453
0.00947629268
0
0.01546141565
0.02503413095
0.02354648339
0
0
0
0
0.03464166735
0.01078780501
0
0.04731055606
0.01831403367
0
0.00410355807
0
0
0.01143387914
0.02843278179
0.02689710689
0
0
0.01840706918
0
0.02139431936
0
0.02493034032
0.003141758146
0.04220223735
0
0
0.01171008556
0
0
0.01227872268
0.01344540139
0.01713932543
0
0
0
0
0
0.04084526412
0
0
0
0
0.009674834174
0.01128112588
0.0157694729
0
0
0.03098344018
0.03094916241
0.03230919694
0
0.02843442758
0
0
0
0
0.01874846196
0
0.03075995976
0
0
0.03168032226
0
0.03617861339
0
0.03627700343
0
0
0
0.000997980737
0
0.0321833806
0.02917449435
0
0.01350380654
0.007994197448
0
0.03213473807
0.02347977745
0.01297031018
0.005917104351
0
0
0
0
0
0.02871978407
0
0
0.01472079109
0.001561871757
0.0301566542
0.02637755763
0
0
0.008948635081
0
0.02092719772
0.01988210492
0
0.02708995611
0.02166046403
0
0
0.005930785063
0
0
0.04151133208
0.03115207092
0.008535905373
0.002693777618
0.01559226907
0
0.01764250914
0
0
0
0
0
0.0003289763994
0
0.008475089088
0.02183404013
0.01067814033
0
0
0
0
0
0.01527904882
0
0
0
0
0
0
0.02154277008
0.02572962546
0
0
0
0
0
0.02226180328
0
0.01766351274
0
0.03269056989
0.03940885574
0.03459062074
0.03589297999
0.009633864362
0.003561859006
0
0
0
0.01316939325
0.02651113847
0.02976788327
0
0
0.003287027486
0
0.02761959335
0.01935636842
0.03772602886
0
0
0
0.008001756595
0.002715447571
0
0
0
0
0.0005180252752
0
0.02562552906
0.02582434446
0
0.01998412673
0.0315629008
0
0
0
0.008147105293
0.03031491892
0
0.02698264471
0.02450439215
0.0006588619254
0.04512549869
0.004249331913
0
0.01393958531
0.02804724492
0
0
0
0.00195724922
0.04075518945
0
0
0.008486746421
0.02924892564
0.01315689007
0
0.03574655162
0.003964121069
0.0149434056
0
0.005778210879
0.02639591556
0.04811035338
0
0.01824553761
0
0.03419908784
0.03404786679
0.009174023159
0.01495046537
0
0.008674717825
0.005784552381
0.01920547538
0.005050186455
0.01372782497
0
0.004786785812
0
0
0.01435995464
0.01326191122
0.01810611676
0.005291125596
0.03439982838
0
0.02413577821
0
0
0.01872827529
0.005997674137
0.04864121559
0
0.04103507713
0
0.01008275367
0.002281368831
0
0.01941369193
0
0
0
0.005245942769
0.02685055149
0
0
0
0
0.01566940752
0
0
0
0
0
0
0
0.005903613337
0
0.01204365168
0.02768143283
0.05116189129
0.008392097472
0.01679149818
0.02330308077
0.007823188405
0.04423743547
0
0
0.006373270453
0.01377018588
0
0.01351657222
0.01974828673
0
0
0.02432803291
0.01662142641
0
0.0164267998
0
0.0003075311107
0
0
0
0
0
0.03404173009
0.006131277278
0.01167601486
0
0.06942392871
0
0
0
0
0.004509468105
0
0.02020578295
0
0.04485776987
0.03035568674
0
0
0.008617964064
0.008648723235
0
0.04287955072
0
0.002577187303
0.003971141014
0.04364610387
0
0.03948104134
0
0.04314175465
0.04200339204
0
0.005435626102
0.01312787394
0.05600206197
0.01158953502
0.007093230324
0
0
0.01113246217
0
0
0
0
0.01218001943
0
0.02093583744
0.006311048745
0.0226680223
0
0
0
0
0
0
0.01050929279
0.001112756044
0.006341211444
0.02544434045
0.003521925665
0.02087179103
0.01096604047
0
2.54E-05
0.03390005715
0.04245243052
0
0.01456395182
0
0
0.0222639418
0.004751344323
0
0
0
0.01037328162
0.04320071082
0
0
0.01172835497
0.00111542014
0.001249673194
0
0.02598365698
0
0.005924581098
0.03504300731
0
0
0
0
0.02500036233
0
0
0.01645702695
0
0.03047941504
0.004880635001
0
0
0.04688090979
0.01671493863
0.04475596391
0
0
0
0.004357214941
0
0
0
0
0.0124222438
0.03526763553
0
0.01176560376
0.009722356684
0
0.004227722568
0.004774014023
0
0.01677490898
0
0.003895545671
0
0
0
0.04014239688
0
0.01733935719
0
0
0
0
0
0
0
0
0
0.004963027039
0
0.04272932901
0.008623356688
0
0
0.01836668995
0
0
0.002565921115
0
0.006677948699
0
0.04064652816
0.01068844277
0.03271212965
0.03193067816
0
0
0
0
0.002983902039
0
0.01778998408
0
0.0003953519153
0.01773625809
0.01003267046
0.008103093206
0
0.02416550526
0.01817644964
0.02724258964
0
0
0.03167786278
0
0
0
0
0
0
0
0
0
0
0.03985102377
0.04679112397
0
0.02281327743
0
0.002093744694
0.03241433764
0
0.01167726765
0.01872627775
0.03473408019
0.03794484246
0.001077300617
0.03217246173
0.03283893806
0
0
0
0
0
0.0144667082
0
0.01743874492
0.009492926826
0.03998629346
0
0
0.02950521208
0
0
0
0.02401074803
0.05079529285
0.05170697272
0.01838790594
0
0.01148950091
0
0
0
0.04121376634
0
0
0
0
0.02811611669
0.007816425032
0.05885496954
0.03467462524
0
0.01585354523
0
0.03730638004
0.02112387872
0.02515436444
0.02298433808
0
0
0.04552825252
0.01775719381
0
0.03966327286
0
0
0
0
0.03579109263
0
0
0
0.02965694117
0
0.01550526294
0.008617443644
0.003306213653
0.02390871645
0
0.01391335252
0
0.0162478029
0.03627940736
0
0.0370499758
0
0.01283451976
0
0.01332002967
0.02697595526
0.0434680786
0
0
0
0
0.03206388052
0.001749032212
0
0
0
0
0.01560268087
0
0.003764049482
0.01542158909
0
0.04716750585
0.01346567371
0
0.03540502443
0
0
0
0
0.004654481743
0
0.003761687249
0
0.03067847517
0
0.007594697339
0
0
0
0.0117392776
0.003380302503
0
0.009718034106
0.02632688095
0
0
0
0
0
0.01821086442
0.0001052634892
0
0
0.006268678402
0
0
0.01876633874
0
0.01418139692
0.003893788982
0.02227156315
0
0
0
0
0
0.02095141751
0
0.01030588221
0
0
0
0
0.004042885643
0.02895712669
0
0.01280989678
0
0
0
0.02012266356
0
0.007237063092
0
0.02502499312
0.04640335389
0.02427861483
0.04047104275
0.02850816323
0.01364308465
0
0
0
0.02140934297
0.02365341667
0.04116234048
0
0
0.01267028368
0
0.04066467703
0.009568140391
0.04087575473
0
0
0
0
0.002661484081
0
0.009707662574
0
0.002303835149
0.006290034756
0
0.03654988437
0.03472693674
0
0.0002051526843
0.01665719176
0
0
0
0.00658204073
0.0163587476
0
0.01813275007
0.01069388787
0
0.03447304603
0.02015394287
0
0.0007474030528
0.03282254861
0
0
0.0004733576479
0
0.03891042179
0
0
0.008828751485
0.01962051261
0.006995555197
0
0.04056163682
0.008128117522
0.02498020587
0
0
0.01245260381
0.04706287226
0
0.01104618436
0
0
0
0
0.02384619629
0
0
0
0
0.007731524063
0
0.07137879999
0.02604512131
0
0
0
0.01641595357
0.006307988224
0.01687230681
0
0.004089448044
0
0.04138405056
0.02357406802
0
0.03908470173
0
0
0
0.007599390135
0.03221317085
0
0
0
0.06413046146
0.006769236593
0.01510806383
0
0
0.008355449908
0
0.01728432799
0
0
0.02643787741
0
0.06253517044
0
0.04177715305
0
0.01298327589
0.006336391619
0.03488716986
0
0
0
0
0.01360698277
0.002564454499
0
0
0
0
0.01137887747
0
0.009852891479
0
0
0.04794540053
0.04161934596
0
0.01137155148
0.008645700191
0
0
0
0.01242507001
0
0.02787643513
0.00836915368
0.009961382303
0
0
0
0
0
0
0.031679046
0.009917761567
0.0145041849
0.03788317875
0
0
0.01258930497
0
0
0.04221568365
0.03079279823
0.001653498804
0
0
0
0
0
0.006518941954
0
0.01386805228
0
0.02330764486
0
0
0.02841033032
0.007585915394
0.007635094581
0
0
0.01201911722
0.0268374105
0.01721139793
0
0.02415735581
0
0.03024055775
0
0.01262447251
0
0
0.01795749495
0
0.0402275417
0.02165322165
0
0
0
0.02370954241
0
0.008303958446
0.01668036971
0.005209474645
0.03552605925
0
0.03773596237
0
0.02256253482
0.0205092647
0
0.01063415268
0
0.03436923344
0
0
0.02647474598
0.02732186155
0.0002079157397
0.005390111953
0
0
0.01441637912
0
0.001470019959
0
0
0
0
0.01574629248
0.04639405816
0
0.02568281285
0
0.01501197932
0
0
0.02953841428
0.01734785945
0.002388359408
0.005294793008
0
0.000631387747
0.0249281039
0.01196692893
0
0
0
0.02265745706
0.006807557304
0
0.03681369393
0
0.007824939902
0.03897257684
0
0
0
0
0
0
0.04275021901
0.01376274272
0
0.02324272229
0.03146096526
0.007929328605
0
0.00381036096
0
0.02646466166
0
0.04210998067
0
0.009187881815
0.003605200276
0
0
0.001622403726
0.0346672562
0
0
0
0
0
0.001880304415
0.0181597353
0
0
0
0
0
0
0
0
0
0.03494729577
0.0284342681
0.01224881387
0.05255937386
0.03182869095
0
0
0
0
0.008148264964
0.01609890919
0.02247876189
0
0.0210722107
0.05474506063
0.009498704494
0.03462877468
0
0.02856252827
0.03230217306
0
0
0.004505036273
0
0.001108770058
0.02399698178
0
0
0
0
0.01538106994
0.003951397749
0.01923134477
0
0.02296885776
0.001704684523
0
0
0
0.003845801367
0
0
0
0.02497359573
0.01725021269
0.05576116382
0.02029485039
0
0
0.01270850855
0
0.02339810667
0
0.009021394536
0
0
0.003512848783
0.0200471866
0
0
0.05849865009
0.01113625187
0
0
0
0.0259239446
0.06812499143
0.01566340598
0
0
0
0
0.02471518742
0
0
0.003544834701
0
0
0
0
0
0
0.02157718037
0
0.02161249479
0
0.00941987389
0
0
0.001588410497
0.02206753893
0
0.03073820964
0
0
0
0.0224571621
0
0.0347897716
0
0
0.03426320661
0.01702744564
0.005771971982
0.01254078302
0.02673793114
0.01478781507
0
0
0.0167518683
0.01004452042
0.03338858011
0
0
0
0
0.02067424878
0.02107099061
0.02753466596
0
0
0
0
0.04948570168
0
0
0.0009683676066
0.01450896437
0.02064370019
0
0.03258783362
0.0408672112
0
0
0
0
0.0006981217255
0
0.02789851431
0.01209810741
0
0.04396815942
0.01991125033
0
0.02388113076
0
0
0.003738252819
0.04144386187
0
0.0007187296613
0
0.03146070004
0.03737287213
0.01705351358
0
0.01361603502
0.007763829636
0.03091308487
0
0
0
0.0433732883
0.004518905708
0
0
0
0
0.04740517217
0
0.008883169236
0
0.02601051651
0
0.0355535086
0
0.02654913266
0
0.02319570575
0.03228002408
0.00349940102
0
0.03699319727
0.03261864187
0.03242380444
0.002691158397
0
0
0
0
0
0
0.0280121684
0
0.004753647101
0
0.02757585722
0.01258878125
0.0002430059384
0
0
0.01743579169
0
0.01869513256
0.02440038124
0.03419257834
0.02351849668
0
0
0.03938228905
0.03134136784
0.02586709757
0
0.0003156789295
0.01224706835
0
0.03463638082
0
0.0005321133019
0
0.005215290927
0
0
0.001341293964
0
0.03485274092
0.003116657636
0.01221665066
0.0317067126
0
0.0296066156
0.02491734171
0.01936028693
0
0.005963079099
0
0
0.004121771342
0
0
0.0005708502809
0
0
0
0
0.01633273306
0
0
0.02463598279
0.03519401001
0.01392510673
0.03166082224
0.01215389548
0.01756747927
0
0
0
0
0.01120507495
0
0.007980474711
0.02550521078
0.01471844157
0.007502625273
0
0
0.009806764086
0
0
0.00238599125
0
0
0.01438437183
0.01175506843
0
0
0
0
0
0
0.04370784151
0
0
0
0.002832140672
0.006544051019
0.01904911705
0
0
0.01072118173
0
0.02902045905
0.03456215098
0
0.03006639412
0
0
0
0.03111223794
0.03069415593
0
0.0169934057
0
0.03321658809
0.008018464765
0.0215674026
0
0
0
0
0.002073812192
0.01363166852
0
0
0
0.04217030043
0
0.04881297051
0.008055938546
0
0.001008391939
0.02503277238
0
0.03434977553
0
0
0.01557848005
0.01693134149
0
0
0.004036058554
0.01859782924
0
0
0
0
0.004042607455
0.03710291076
0.05769392357
0
0
0.04212818452
0
0
0
0
0
0.02985728559
0.02902320034
0
0
0
0.01167872832
0.002427963607
0
0
0.04108916838
0.01746616029
0.02923772759
0.02845326123
0
0
0.04099041244
0
0
0.01658373373
0.004806658294
0
0.03289370308
0
0.04245006864
0.03352302513
0.006429639726
0.002073542457
0.003420863016
0.01205080728
0.02022781922
0.01726016399
0.007610809977
0.01605543272
0
0.0011644477
0
0
0.01006137207
0.0004509705263
0.0008206640569
0.002124569349
0.0277065729
0
0.03090997731
0
0
0.02290499496
0
0.05369969268
0
0.04023478159
0
0
0.01561313029
0
0.02723000399
0
0
0
0
0.02587223576
0
0
0
0
0.01010564802
0
0.01318941899
0
0
0
0.005380594033
0
0
0
0.0167748374
0.01137030937
0.05506542265
0.01669894239
0.0007769996802
0.01874888665
0.002681627097
0.04567665378
0
0
0.009415145507
0.0187634133
0
0.01910671556
0.0144605392
0
0
0.03174531489
0.01157262213
0
0.01703448889
0.009803609238
0.00767024092
0
0.008408819861
0
0
0
0.03402038576
0.01301845592
0
0
0.06578126824
0
0
0
0
0
0.0002355626891
0.02832677263
0
0.03915913132
0.03868503674
0
0
0.01642755183
0
0
0
0
0.006199663506
0
0
0.0005884791954
0.02243318427
0
0.007908120669
0
0.01350248806
0
0
0.01951017303
0
0
0
0
0
0.01048944021
0.01692868562
0
0
0
0.004815710905
0
0
0
0
0
0.03052060137
0.02624021767
0.002545140223
0.06506320062
0.0373028846
0
0
0
0
0
0
0.01772848086
0
0.01860531465
0.0471782861
0.04254558645
0.02165510351
0.01172810426
0.02925170938
0.03835736358
0
0
0.01569007774
0
0.001889141547
0.004285554767
0
0.008197312063
0
0.001889006549
0.003333899179
0
0.02896322712
0
0.005656863881
0
0
0
0.01112798145
0
0
0
0
0.02178622021
0.002412679618
0.06213371845
0.02706647625
0.01817323976
0
0.0009192163012
0.004360171348
0.01396869593
0
0
0
0
0.03307814412
0.03428777765
0
0.02352179367
0.05310002715
0
0
0
0
0.0347923682
0.06963522226
0.02863324606
0
0
0
0
0.01046188527
0.004741928712
0
0
0
0
0
0
0.04790938274
0
0.01350222139
0
0.004242720428
0.004552335475
0.01263805217
0
0
0.00362853481
0
0.02583213044
0.03682696034
0
0.01832543232
0
0.008169764754
0
0.03383566452
0.01666370645
0
0.02060081162
0
0.05323800636
0.008475304119
0.03234997252
0.009514083057
0
0
0.005477760792
0.03097420775
0.01803326869
0
0
0
0.03492134753
0.007202829786
0.04280582672
0.00287843831
0
0.006088222081
0.02212318664
0
0.02009442827
0
0
0.01096551684
0.002495340588
0.003592960429
0
0.01005767692
0.02123546372
0
0
0.01452635879
0
0
0.02819191853
0.04240921319
0
0
0.03646884374
0
0
0
0
0
0.01974051852
0.03669970911
0
0
0
0.01428103084
0.01103086736
0
0
0.02310537731
0.008864757563
0.03735656665
0.009171702336
0
0
0.0342785703
0
0
0.02860412271
0.02471035656
0
0.02610471393
0
0
0
0
0.007822420717
0
0.01933173235
0
0.01734683934
0
0
0.02617034557
0.002521095541
0.0005361022147
0
0
0.009927735073
0.03257038954
0.01082430265
0
0.0273102983
0
0.03058946883
0.009492316679
0
0
0
0.009510401936
0
0.04615160211
0.030326249
0
0
0
0.01325843821
0
0.009715987879
0.01264971809
0
0.02225063548
0
0.01816842243
0
0.0152877604
0
0
0.0168090383
0
0.0446916037
0
0
0.019376605
0.02765803646
0.00645086915
0.02990109436
0
0
0.01793644127
0
0
0
0
0.003143282737
0
0.01439882652
0.02223789949
0
0.03205927094
0.007487461943
0.03598150298
0.001279234613
0
0.04526091328
0.014679075
0
0.008514272725
0
0
0.03248567551
0.01924598619
0
0
0
0.02782318762
0.01015742233
0
0.02053567591
0.01557796883
0.01589641423
0.04051604393
0.003530044973
0
0
0.01354977031
0
0
0.02962649894
0
0
0.04034672003
0.0110809004
0.007132400656
0.01921613871
0
0.009181494004
0.006238200749
0.01370481556
0
0.03132722433
0
0.001979891599
0
0
0.01146315171
0
0.002348864625
0.01683933606
0.03424230534
0.005847966591
0.01366029068
0.003267706942
0
0.006787961013
0
0.02689097399
0
0.0336083166
0.023123084
0
0.02498031954
0.01122304791
0
0
0.01473288558
0
0
0.001187265028
0.02877799537
0.03220950575
0.02383272388
0.008463501931
0.0007544184564
0
0.02495059412
0
0
0
0
0
0
0
0.02783272513
0.01137635235
0.0001409293099
0.03137858918
0.0004369263834
0
0.02280035789
0
0.02319684911
0.001298536884
0
0
0
0.02512055103
0.004077870708
0.003083251462
0.02993993361
0
0
0.02841248504
0.003615157122
0.01508030107
0.04248265234
0
0.01355525299
0
0
0
0.0002659579628
0
0
0
0.03797067912
0.01329578
0.02041680778
0.02528101921
0
0
0.01982198411
0
0
0.02024549912
0
0.04893722753
0.03276596485
0
0
0
0.03031959773
0.02887838025
0
0
0
0
0.03686087941
0.01151393705
0.01170087008
0.01962431482
0
0
0
0
0.02251799143
0.01770453664
0
0
0
0.00100905159
0
0.01224987989
0
0
0
0.02842435409
0
0.01117902257
0.03453211027
0
0.01446896996
0
0.01338824537
0
0.009796968127
0.01788278847
0
0
0.01328837131
0.0197400988
0.02463952243
0.02070239168
0.04803209248
0
0.010276116
0.03385475862
0.009512749573
0
0.00551694037
0
0
0.01570667159
0.01060662304
0
0
0
0
0.006531940506
0
0
0.0113834568
0
0
0
0
0.02567126079
0.06158827942
0.01049979381
0.006655878985
0
0
0.02293963315
0
0
0.03538837723
0.02509174074
0.02433949298
0
0.01064567872
0
0.003248695899
0.01229990011
0
0
0.009720795105
0.02069136589
0
0.03613069546
0
0
0.01636226974
0
0.01103564862
0.02466896602
0
0.01047199868
0.03013854973
0.03309626407
0.03256491164
0
0
0.04410415022
0
0.01093395836
0
0.005069260083
0.01212752384
0.01186139108
0
0.02945816245
0
0
0
0
0.01818240397
0
0
0.01466274434
0.03185861375
0.004660863674
0.004611580335
0.005307973957
0
0.008798680136
0
0.025769216
0
0.02434171718
0.03045004696
0
0.03073693141
0.007582047091
0
0
0.01038374154
0
0
0.006397203328
0.0314005932
0.02963184109
0.02826631694
0.01387509114
0.01754348998
0
0.02331565625
0
0
0
0
0
0
0
0.02978404515
0.01240275182
0
0.02465478897
0
0
0.01977371191
0
0.02468058371
0
0
0.0007046115363
0
0.02407480389
0.02085232979
0.001031607767
0.02632693039
0
0
0.02491947752
0
0.01778961417
0.0435769957
0
0.01528634849
0
0
0
0.006155690234
0
0
0
0.03877938347
0.0176263628
0
0.03099741198
0
0
0.02753595682
0
0
0.01912471964
0
0.04233665789
0.02901099137
0
0
0
0.02966849931
0.0356786776
0
0.01553142271
0
0
0
0.04083313618
0
0.01805743784
0
0
0.001385626262
0.0007521847484
0
0
0
0
0.0175589193
0.008539721568
0
0.04041746452
0.01941912007
0.0111185139
0
0
0
0
0
0
0.02952506011
0.0266848923
0.01408312622
0.006457867075
0.0286012679
0
0
0
0
0
0
0
0
0
0.007670119325
0
0
0.02027303846
0
0.0448687668
0.01802144956
0
0
0.007327708168
0.03449241405
0.03733037901
0
0
0.0007389639155
0
0
0.0127691443
0
0.003390059395
0
0.02883948683
0
0
0.04486016399
0.001086417084
4.76E-02
0.02190442206
0
0.0455260764
0.01113628901
0
0.0220653826
0
0.005595525798
0.04411494054
0.006575629482
0
0
0
0.01099131688
0.006780974065
0.04020548166
0
0.04091835905
0.03742262348
0.01503026429
0.02310002045
0
0
0.01955942886
0
0.001157114958
0.01351879015
0
0.006325115985
0.03986683475
0
0
0.00777454928
0.008430324369
0
0
0.03791662778
0
0
0
0
0
0
0
0
0
0
0
0
0
0.03173930937
0.04620473191
0
0
0
0
0
0
0
0.007031144322
0.001457183496
0.03153910063
0.02350128784
0.04272021963
0
0.007585041508
0
0
0
0
0
0
0.01411838196
0
0
0
0.01400693999
0
0.02852228256
0.04025513453
0
0
0
0.03694926334
0.02983156207
0.02530098082
0
0
0.01714208963
0
0.02296751043
0.006917392883
0.01407296025
0
0.0242530177
0
0
0.02706214694
0
0.03907624263
0.03015587188
0
0.03207345488
0.005235987436
0
0.03089087118
0
0.007161315874
0.03282176773
0.005595423338
0
0.006238335341
0
0
0.01271415191
0.05961184171
0
0.04537977439
0.04156000906
0
0.02223375921
0.01420707531
0
0.02556850825
0
0.003137974604
0
0
0.01237737494
0.0266610771
0
0
0
0
0
0
0.01887614777
0
0
0
0
0.04339552531
0
0
0
0
0
0
0.0026605369
0
0.03692928166
0
0.01646279099
0.008094985626
0
0
0
0
0
0.03008039876
0.009615362403
0.007133821148
0.0207474541
0
0.07103983835
0
0.004813324272
0
0
0.001749404259
0
0.03027304878
0.007162059299
0
0.0088580768
0
0.04886378366
0
0.06055749359
0.0126964697
0.006586811537
0
0.007887098032
0.01272909125
0
0
0
0
0
0
0
0
0.00430117322
0
0.004861806223
0.03878146445
0
0.0105684393
0.005468333163
0.0471174175
0
0
0.03850158123
0
0
0.01231853827
0
0.007137225462
0.04819000545
0.02314074975
0
0
0
0
0.009095153579
0
0.004154184203
0.03705500511
0.04060929565
0.02723720529
0.01458166451
0.007516076941
0
0.01566791414
0
0
0.0641871747
0.05668420297
0
0.01561258469
0
2.26E-05
0
0.01662954924
0
0.03733301899
0
0.01863133668
0
0.01118299327
0.02547454977
0.002961134628
0
0.04362395376
0.0244609651
0.02711610651
0.003810940674
0.002552731348
0
0
0
0
0
0.02653113491
0
0
0
0.0394580108
0
0.0157768153
0
0
0.01661794767
0
0.01874919891
0.01178833308
0.03720423007
0.03232084843
0.00248067739
0.0005057939552
0.04321101397
0.04400882115
0.02325613638
0
0.001276735004
0.0003623208148
0
0.03111235803
0
0
0
0.01363248555
0
0
0.008215899423
0
0.02742476238
0.006253486683
0
0.03737535506
0
0.02861939914
0.0261015462
0.00216166832
0
0.02146491747
0
0
0
0
0
0
0.003871070778
0.01449306959
0
0.001525923114
0.0005680522168
0
0
0.03068820722
0.03014200128
0
0.01963275264
0.02490756935
0.02658332026
0
0
0
0
0.02527576238
0
0.001821241317
0.02665160985
0.01313750279
0.01472601674
0
0
0.01064820035
0
0.01054903784
0.01506890419
0
0
0
0
0.02654352706
0.01090116083
0.00027186788
0.0203358892
0
0
0
0
0.02977986332
0
0
0
0.01639083069
0
0
0.006420029765
0
0
0
0.02112587174
0
0.01423087993
0.04247475923
0
0.03241757581
0
0.001954789591
0.0007441071887
0.01457792157
0
0
0.0117525944
0.03011871128
0.0212471201
0.02279174825
0.02570333803
0.03786626814
0
0.01074999778
0.002736451913
0
0
0.004057377574
0
0
0
0.02122870342
0
0
0.01396631405
0
0.001686478266
0.00400562924
0
0.02774922785
0
0.00820695841
0.008547173766
0
0.02455736128
0.04072800111
0
0.01565787557
0
0
0.02872145016
0
0.01881958465
0.04846219706
0.0008599333997
0.02673620513
0
0
0
0.01632133258
0.0001579570749
0
0
0.03571458435
0.03105428347
0
0.02986672603
0
0
0.03129653586
0
0
0.02593236084
0
0.03277612157
0.02823515576
0.00828344237
0
0
0.02656210712
0.03867361834
0.005291213073
0.01736275663
0.02882985052
0.01576826848
0
0.001930671799
0
0
0.00671708115
0
0
0.0146509213
0
0
0.01092645126
0.000900437127
0
0.003305928623
0.02511590034
0
0.03234000708
0.0002437679305
0.007161158462
0
0.04582963247
0
0
0.04364697477
0
0.02165398017
0.001908991397
0.001538789395
0.004123450512
0
0.02581174855
0
0
0
0
0
0
0.003329784006
0
0
0
0.02780129536
0
0.004132501467
0.01735697601
0
0
0
0.02134960504
0.01924470991
0.05355182242
0
0.003746190234
0.05447195367
0
0.05221398137
0
0.0003648149457
0.03582866493
0
0
0
0.001877517567
0.0345561097
0.03364144196
0
0.009551352682
0
0
0
0
0.01654812999
0.003272840909
0.01134044098
0
0
0.04768056536
0.002886269023
0
0
0.07058292705
0
0.04616632725
0.01371891912
0
0.05288656645
0
0
0.02355173052
0
0
0
0
0.023288581
0
0
0
0
0.009461954355
0.02557587497
0
0
0
0
0.006837364171
0
0.0603766304
0.009824135039
0.01087711626
0
0.007082499052
0.02412511439
0.02116128414
0.002545653113
0
0
0
0.0398196577
0.03792371809
0
0.0345616884
0
0.0008826555901
0
0.02300460334
0.0284556373
0
0.002992054161
0
0.04723419188
0.006437314589
0.03383980779
0.01499293884
0
0.01009728428
0.004309994034
0.02805957898
0.005288613399
0
0.009972172521
0
0.03822505648
0
0.03146663385
0
0
0.01955112302
0.03719013479
0
0.009549242902
0
0
0.02655997376
0.006760605466
0.00461111097
0
0
0.008422113836
0.006611581835
0
0.007952664421
0
0
0.04448117496
0.033520967
0
0.009304560875
0.01864548114
0
0
0
0
0
0.009871614169
0.02461018626
0.01543567385
0
0
0.01005186782
0
0
0
0.01435821867
0
0.03130809135
0.01705798257
0
0
0.02410133957
0
0
0.02193869692
0.0119680071
0
0.01070635962
0
0.01015342534
0.01520384134
0
0.02437474815
0.008176213844
0
0
0.02453482183
0.0007463248992
0.01302218851
0
0.004710017529
0.01439026969
0
0.009211008104
0.03119705899
0.04064294613
0.009741282281
0.02267135587
0
0
0.01922737196
0.002881269504
0.02074418934
0
0.02635475707
0.02032341966
0.005408372255
0.02120470431
0.01989435897
0
0
0
0
0
0.01047996285
0.03520689481
0.03516073162
0.02843412922
0.01166383217
0.004437599056
0
0.02689492103
0
0
0
0
0
0
0
0.03734579509
0.02432114965
0
0.02755426207
0
0.001064403997
0.03544240094
0
0.02686318751
0
0
0
0
0.007233668409
0
0.00930051993
0.01806544519
0.001327111303
0
0.007252431394
0.01842033743
0.006910238607
0.02774146896
0
0
0
0
0
0
0.006510237307
0
0
0.03717355678
0.002472392959
0.007885930159
0.02476903784
0
0
0.0210236622
0
0
0.01712415557
0
0.04687990312
0.01818336809
0
0
0
0.02274951388
0.02929380529
0.01655790564
0.02987289484
0
0.01343320086
0.0006120854049
0.01561455999
0
0.03394602806
0
0.003671940761
0
0.003462842512
0.000275580358
0
0.001035525589
0.01804858233
0.03181082989
0.01150374971
0.02437501612
0.002870972816
0.002804459196
0.005125024942
0
0.03037808261
0
0.04267368298
0.01081050014
0.008790655556
0.01324850552
0.01441811417
0
0
0.01638015015
0
0
0
0.020742151
0.0349989502
0.02060578461
0
0
0
0.02820677454
0
0
0
0
0
0
0
0.02373662571
0.009851217105
0.00745286088
0.02767216569
0.01412977172
0
0.02248883951
0
0.01567141906
0.01780762769
0
0
0
0.02582725002
0
0.01076651031
0.0321555829
0
0
0.02866424363
0.01047974447
0.006122570105
0.03557994586
0.001301859928
0.008704759309
0
0
0
0
0
0.0001532785298
0
0.0291208346
0.003158576064
0.03550909996
0.02127526833
0
0
0.006802303406
0
0
0.01903369837
0
0.04921480356
0.03628481261
0
0
0
0.0221001996
0.02265958057
0
0
0.01776946513
0
0.03037891127
0
0.01427110532
0
0
0.01822985584
0
0
0.04206413959
0.008755602891
0.02809957534
0.0001204951747
0.007888342539
0
0
0
0
0
0.02501915762
0
0
0
0.04167103851
0
0.02349921808
0
0
0.01996759252
0
0.003287904372
0.007708542735
0.03425291873
0.03340932589
0.002014660872
0
0.04072971256
0.03517303248
0.02546853322
0
0
0
0
0.02883446201
0
0.00544210257
0
0.01191562181
0
0
0.0244102165
0
0.02108839146
0.006374411302
0
0.03945827741
0
0.03203792275
0.03161972837
0
0
0.01463574805
0
0
0
0
0.005767038675
0
0.01525254054
0.02705679572
0
0.01297156349
0
0
0
0.03360925422
0.01481325501
0
0.009581216709
0.03383173773
0.03467446924
0
0
0
0
0.02851074655
0
0
0.02773389162
0.01903135301
0.02415576689
0
0
0
0
0.0251026176
0.01231174009
0
0.03774640357
0
0.01738551428
0
0.02449688612
0
0.01737979952
0
0
0.01047765377
0.03501111861
0
0
0
0.003984899076
0.003370288075
0.0320737303
0.03013133881
0.02588477613
0.008611977867
0.01565485818
0
0.006726321471
0.02432768455
0.006037561739
0
0.007498552107
0
0.03384581889
0.009176572719
0
0.004994193396
0
0
0
0
0
0
0
0
0
0.01869766481
0
0
0.03674182075
0
0.02078037833
0
0.02073351469
0
0.01139199655
0.03970160033
0
0.01830156892
0
0.002050049766
0.01263137179
0
0.04868756553
0
0
0.005215985789
0.01120964072
0
0.009571305764
0.02940328386
0.02098294946
0.03082282332
0
0.0122459402
0
0
0.01568544496
0
0.0002597385683
0.0298931586
0.03503982318
0
0
0.007647554015
0
0
0
0.04210759485
0
0.04172871876
0.02724676279
0
0.05214813001
0
0
0
0
0
0.004750911247
0
0.03950675324
0
0
0.02266939809
0
0.0417126807
0
0.004956836666
0
0.02725232402
0
0.0161335805
0.02310236678
0
0
0.005564985776
0.006679931106
0.03696605047
0
0
0
0.0007148301912
0
0.0348719653
0
0.01787424312
0
0.01890422736
0.006677865247
0
0.04629844586
0
0
0.001625624307
0.01906586757
0.009066909584
0
0.03570233461
0.008524227894
0
0
0
0.01194316774
0
0.026929651
0
0
0.01380114202
0
0.02530212151
0
0.02290192021
0
0
0
0
0.02140642912
0.05148806686
0.02774957977
0
0.04651169193
0.01352329548
0.01793929825
0.02905192542
0.02519662322
0.03440373575
0
0
0
0
0.007047065119
0
0.002242349158
0
0
0
0
0
0.01992992274
0
0
0.007159053648
0.001945874801
0.04920740109
0.02797785893
0
0.007778292181
0.04670620755
0
0.004279506889
0
0
0.002368687019
0.01312876412
0.01868683015
0.02532710604
0.01227792251
0
0
0
0
0.00142381462
0
0.01114011273
0
0.0391915677
0.003048557269
0
0
0.01446856971
0
0.0224458788
0.009077742611
0.002853879549
0.001643942449
0
0.004480213819
0.02181754464
0
0
0
0.006831535785
0
0.02884557794
0
0.01609081479
0
0.0423634553
0
0
0.04405914669
0
0
0.001574009913
0.01575984998
0
0.001786614605
0.04481238685
0
0
0
0
0
0
1.97E-02
0
0
0.02127167256
0.02499654957
0.01428974005
0
0.0220682404
0
0
0
0.002363972315
0.0002357246405
0.04727399284
0.01207381823
0
0.0549595497
0
0.03113007995
0.01235123033
0.01051771847
0.04998239224
0
0
0
0
0.02986475592
0.01878761444
0
0.005211609201
0
0
0
0
0.04131763008
0
0
0
0
0.05061865656
0.0252677081
0
0
0.03996304669
0
0.03379016371
0.005278057288
0
0.03770473368
0.01786080715
0
0.02473797093
0
0
0
0
0.01406606431
0
0
0
0.03359151041
0
0.01698467237
0
0.02310385582
0
0.03253736442
0
0
0.01891902635
0.03582768789
0
0
0
0.01179579322
0.01281687062
0.03956066621
0.02323376832
0.02903004656
0
0.02556546798
0
0.02525279666
0.001156925546
0.007811812628
0
0
0.0001513921401
0.03086380454
0.002152464924
0
0
0
0
0
0
0.01066337983
0.02679603306
0
0
0
0.03361637717
0.02679093641
0
0.02514090635
0
0.02133297255
0
0.02882929853
0.009689913851
0.02140914067
0.02798078919
0
0
0
0.007188694216
0
0
0.02001006277
0
0
0
0.01985680565
0.01095018611
0.01944109402
0.0330588207
0.0063947062
0.0125055946
0
0.01422873326
0
0
0.02665707395
0
0
0.03108470323
0.03184432186
0
0
0
0
0
0
0
0.02698646603
1.42E-02
0.01735911739
0
0.02586717733
0
0
0
0
0.008897654737
0.02970398113
0
0.02869464455
0
0.01249405801
0
0.003044401604
0
0
0.02923993697
0.00948742456
0.004013587414
0.0234370822
0
0
0.008779297805
0.009487561694
0.008526827269
0.02505996897
0
0
0
0.01839946495
0
0.01705229437
0
0.003117228092
0
0.0325541754
0
0.005288275888
0.01844041756
0
0.004367931884
0
0.009418181534
0
0
0.03311595296
0
0
0.0023183926
0.02024514312
0.03348110987
0.006641085066
0.0469627786
0
0.01976202797
0.05746500287
0.01633968503
0
0
0.00201490381
0
0.03704933413
0.01214371401
0.0002926288849
0.001710456793
0
0
0
0
0
0
0
0
0
0
0.0207148825
0.0672370126
0.02417704126
0.006307624575
0
0
0.006064063363
0
0
0.0152521817
0.03805310795
0.008465026053
0
0.02541007968
0.007046394736
0
0.01940070335
0
0
0
0.0001879004365
0
0.04335665093
0
0.003048770946
0.008270947015
0
0.008598080757
0.009487401602
0
0
0.02213038395
0.05057253999
0.04312807386
0.008009117905
0
0.04582574097
0
0
0.02696151947
0
0
0.004848860343
0
0
0
0
0
0
0.015039245
0
0.02522966558
0
0.01738084109
0
0
0
0.02655912606
0
0.02760714495
0
0.002852946117
0
0.01608558122
0.00696240631
0.03004809953
0.00264876488
0
0.02562784542
0.01927914987
0
0.009499177884
0.02120278928
0.01603688206
0
0
0.01134998898
0
0.02709654869
0
0
0
0
0.01298919343
0.01292683902
0.02396372361
0
0
0
0
0.05737234852
0.01489937736
0
0.009302571635
0.02288761881
0.02128929844
0
0.02862241369
0.03689232993
0
0.0003309660883
0
0
0.007249646231
0.002693229062
0.02542943152
0.01558885964
0
0.03983499508
0.02113147734
0
0.01954676203
0
0
0
0.03281888586
0
0.01194724889
0
0.03393096447
0.03067406429
0.03825285593
0
0.01288513527
0.002508353317
0.02432599851
0
0
0
0.04161008484
0.01720941297
0
0
0
0
0.04856933146
0
0
0
0.01508555261
0.008599941946
0.01606846898
0
0
0
0.00929146398
0.0133670977
0.03327114955
0
0.03516687941
0.01293436032
0.02101027023
0.01469246012
0.01329963877
0
0
0
0
0.01779612699
0.03721446586
0
0.01156382536
0
0.0277740452
0
0.02415131086
0.001250896443
0
0.0129613886
0
0.03743746962
0.0100871319
0.04252338926
0.02980024451
0
0.006271806162
0.03115877031
0.04504956049
0.01823849319
0
0.005779415893
0
0.004544435249
0.01984200199
0.008587999338
0
0
0.01961057408
0.01867925885
0
0.01124013189
0
0.008980008313
0.01785401254
0.0005726816013
0.02753244073
0
0.01856011261
0.02207951328
0.002997444806
0
0.02000091085
0
0
0.01946039481
0.006103510777
0
0.0001239190589
0.01385753465
0
0
0
0
0
0
0.03403439804
0.02702120873
0
0.008616511269
0.0229161101
0.01456287113
0
2.09E-05
0
0
0.03452387262
0
0
0
0.02141210426
0
0
0.008415796456
0.01385414758
0
0.01406596207
0.008083559389
0.01977507293
0.01506010544
0.01050631718
0.04266399695
0
0
0
0
0.03594435361
0.02237544071
0.02251221915
0.03080397864
0
0.014916893
0.01245770296
0.03675878068
0.02036478817
0.01964198456
0.04089506715
0
0
0.02729403221
0.01032890975
0
0.04359402618
0.005850314694
0
0.03419666157
0
0.03042505463
0
0
0
0
0.003734464841
0.003144328077
0.005903948139
0.01567083503
0.008956948706
0
0
0
0.01571906982
0.009734628781
0
0.01253488402
0
0
0
0.003741605071
0.01939013925
0.02940715349
0
0
0.01657748533
0.007208611164
0.03326013686
0.02636390102
0
0.02526533117
0
0
0.02993850237
0
0
0.02307154418
0
0.04132445858
0
0
0.04222592389
0
0
0
0
0.005885117318
0
0
0
0.02340464896
0.02830779795
0.02124554651
0
0
0.009190206471
0
0
0
0
0.02822583375
0
0
0
0.006696625771
0
0
0
0.007504623336
0
0
0.02388260848
0.02172575958
0
0
0.01695954965
0.01389608908
0.008031674245
0.02822804666
0
0.01116799057
0
0
0.0104026343
0
0.006384446707
0.007382853741
0.019927188
0
0.0132560359
0
0.01033131477
0
0
0.03046925813
0
0.04647231188
0.0213002063
0.009778987543
0.009424313856
0
0.005639240377
0
0.02413934136
0
0
0
0.0220327548
0.03514290178
0.01374371869
0.01129797485
0
0
0.01876291696
0
0
0
0
0
0
0
0.0170302853
0
0.003023198184
0.02260345093
0.01784189278
0.009603857989
0.01120041416
0
0.02276235957
0.01059465887
0.002371101972
0
0
0.02773794625
0
0.009878789474
0.0233325002
0
0
0.03772693194
0.002646623418
0.001521920008
0.04427425888
0.003653761538
0.01888304014
0
0
0
0
0
0.001930878577
0
0.02872691744
0.01442947467
0.03149381965
0.01802689761
0
0
0.00417935243
0
0
0.03438322516
0
0.0528692451
0.04353847674
0
0
0
0.01892633444
0.02502826835
0
0.01830183094
0.01700273161
0.02261872193
0
0.009211622119
0
0
0
0
0.01176559258
0.01701587294
0
0
0.002997599364
0.01045969165
0.01687771515
0.01056676614
0.02395872843
0.008586196441
0.01865424007
0.01767752834
0.01094235353
0
0.04080978596
0
0
0.02363317333
0
0.03724455183
0
0
0.001296252786
0
0.007622997438
0
0
0
0
0
0
0
0.002165498252
0
0
0.03053932236
0
0.02209110217
0.00845891894
0
0
0.01617989847
0.02086254228
0.03322848428
0.03044901378
0
0.0168020894
0.03921712781
0
0.03919103798
0
0
0.01431338399
0
0
0
0.01812263386
0.03673733447
0.04523470133
0
0.00675072777
0.01646804838
0
0
0
0
0
0.02312998169
0
0
0.02671945586
0
0
0
0.05940612917
0
0.04602174338
0.01578482524
0
0.04938524376
0
0
0.02600028212
0
0
0
0
0.013689598
0.01580692268
0
0.01409423741
0.01194680513
0
0
0.01307186003
0.03579370525
0.02374742785
0.01525855611
0
0
0
0
0
0
0
0
0
0
0
0.01993121569
0.04099783651
0
0
0.02143031939
0
0.03442198562
0.01138713964
0
0
0
0.04472562703
0.01437489082
0.05416268736
0
0
0
0
0.004307378667
0
0.001736773373
0
0.008167661566
0
0
0.01515068458
0
0.0100430277
0
0.03042248652
0.0002594815586
0
0
0.02621016392
0.00265141701
0.02382419522
0.00582055393
0
0
0
0.01120665429
0.01220593603
0.006545870606
0
0.04267835452
0.005991996765
0
0.01999896451
0
0
0.05772554875
0
0.00376687691
0.04106622122
0.02035095536
0.04775087351
0
0.01500980493
0.0001721181209
0
0
0
0
0
0.02737212338
0.03639577158
0
0
0.01928266501
0
0
0.02960374081
0.02821625301
0
0.01853364214
0.04741184003
0
0.004542889083
0.009287226631
0.008027736668
0.00291781823
0.008424610872
0
0.0255420961
0.03909963479
0
0
0
0
0.03768207974
0.02366712816
0.03453655639
0.0208605662
0
0.01614516164
0.02364714286
0.03286462963
0.01525513633
0.006025555875
0.02745961054
0
0
0.02685581833
0.02849580357
0
0.05314618488
0
0
0.03455269466
0
0.0259973739
0
0
0
0.0003125393388
0.01982889182
0.01855100623
0.007561416964
0
0
0
0
0
0
0.002164954899
0
0.02196012454
0
0
0
0
0.01385632912
0.02837121124
0
0.004147806452
0.01276640677
0.01031375671
0.03136808875
0.03749526499
0.003722413628
0.01118275642
0
0
0.03920089811
0
0
0.008125026991
0
0.0512276638
0.01082816809
0
0.03491419642
0
0
0
0
0.01493844441
0
0
0
0.02746700003
0.03301196108
0.02580688364
0
0
0
0
0.007207316729
0
0
0.02925187546
0
0
0.01415981292
0
0
0
0
0
0
0
0.04542155462
0.002187705894
0
0
0.04416309978
0
0.04521679307
0
0.03712762745
0.03718257142
0
0.001657873094
0.008447702298
0.05384097088
0.006272976716
0
0
0
0.006370948646
0
0
0
0
0.01656265276
0
0.0269924225
0.004181086635
0.02068835083
0
0
0.00761318106
0
0
0
0.01092710301
0
0
0.02324543169
0
0.01727203647
0.005874812749
0
0
0.03154190299
0.04962473066
0
0.01620238063
0
0
0.02735221157
0
0
0
0
0.0160233234
0.04294910107
0
0
0.005922678052
0.006102976033
0.001913938982
0
0.02312677704
0
0.007345589529
0.0350589575
0
0
0
0
0.01723835623
0
0
0.02471274338
0
0.03426483377
0.01278901743
0
0
0.03907695215
0.01568517915
0.04236923198
0
0
0
0.002581594081
0
0
0
0
0.02298302995
0.0382676495
0
0.009599880545
0.01942141197
0
0.01052822071
0.0116177555
0
0.01445267464
0
0
0
0
0
0.0360695347
0
0
0
0
0
0
0
0
0
0
0
0
0
0.03929947927
0.02950247012
0
0
0
0
0
0
0
0.01633041633
0
0.03393115111
0.03233374095
0.03499726298
0.03385159052
0.005678932969
0
0
0
0
0
0
0.01841219815
0
0
0
0.02490128789
0.005312422469
0.04249373725
0.03911290069
0
0
0
0.02988449589
0.00869364904
0
0
0
0
0
0
0.007834012314
0.01442408713
0
0.02317221075
0.0112824336
0
0.01795624625
0
0.03833524736
0.02296662407
0
0.03618557876
0.004877637996
0.001799098533
0.03658108743
7.62E-05
1.07E-02
0.04072479948
0.01704869805
0
0
0
0
0.02158996884
0.01132161783
0
0.04073229926
0.04887430038
0.005999968054
0.009727000815
0.02601602459
0
0.02024473297
0
0
0.03349305696
0.03990194828
0.006574774422
0.02072118233
0
0
0
0.02842979275
0.001741611114
0
0
0
0
0.01128550114
0.0004091428405
0.04974197275
0
0.01503403224
0.008051670949
0.0176389736
0
0
0
0
0
0
0.01290908882
0.04295934679
0
0.03290591597
0
0
0
0.006629349604
0.0002320197464
0
0.02816177595
0
0.06752989653
0.03547033367
0.03552476361
0
0
0
0.01257424573
0.02703652416
0.02959481781
0
0.0001044374677
0
0.0404154498
0.0256050173
0.02492494874
0.008030429498
0
0
0.009502285529
0
0
0
0.0008425662786
0
0.02205449494
0.001646388235
0
0.0195998905
0.02423597578
0.02544707606
0
0.00161177722
0
0
0.03635074199
0.03168203843
0
0
0.0115991712
0
0
0
0.02690918493
0
0.00330460661
0.03313090931
0.0172699031
0.004400763168
0.01046408329
0
0.002902299443
0
0
0.02251124658
0.0009667275131
0.01653890227
0.014442426
0.00748226697
0
0.0355477978
0
0
0.0187803247
0.03783509359
0
0
0
0
0.01817527131
0.01370711284
0.01396890333
0
0.02058250317
0
0.007863347432
0
0
0
0.00221082848
0
0
0.005635756096
0.00724531651
0.02717582964
0.002821084134
0.01588212181
0.01420200114
0.02584377218
0.01194658023
0.01006131134
0
0.02133152534
0.001963615232
0
0.0152351521
0.01693921623
0.03252361884
0
0.001450303477
0.01833270369
0
0
0
0
0
0
0
0
0.0003585924767
0.004775841597
0
0
0.008957808716
0
0.02219528032
0.01359720498
0
0
0.01231968766
0.02104984554
0.05327497979
0.02793333061
0
0.01858988019
0.02901355036
0
0.03007739942
0
0.01005089879
0
0.0092936081
0
0
0.03168434824
0.01936223189
0.04115036115
0.01118106836
0
0.0330771528
0.002130807513
0
0.004080284494
0
0
0.02094720753
0.003517911027
0
0.01737302207
0
0.01664257074
0
0.06810023571
0
0.03562899877
0.01500572437
0.00518081447
0.02952161527
0
0
0.02961324843
0.009856412606
0
0
0
0.0007469356083
0.03861326584
0
0
0.0009813075248
0.01454130372
0
0
0.01850494765
0.01355336025
0
0
0
0
0
0
0
0
0
0
0
0
0.01659315019
0.04356167616
0
0
0
0.007430102869
0
0
0.01262459222
0
0
0.03740224536
0.02416279455
0.0269727754
0.01563642049
0.03193261171
0
0
0
0
0
0
0.01650992304
0
0
0.02844086474
0.02768147376
0.010323169
0.009153848374
0.04020952894
0.01703254639
0
0
0.03218494653
0
0.03489882694
0
0
0.02618507568
0
0.03008553541
0.005358453274
0.002786897553
0.0237457535
0.003591971875
0
0
0
0
0.02098277655
0.009054685833
0
0
0
0.01191208777
0.01366327897
0.0402048809
0.02275502155
0.02081484947
0
0
0.02245068686
0.0008565632787
0
0
0.03830727076
0
0.04378352853
0.03841574963
0
0.03150417521
0.04125008706
0
0.01080585085
0
0
0.002545563175
0.02749689348
0.03110994702
0
0
0.01735047663
0
0.02019779328
0.0117274326
0.002415832434
0
0.02003809428
0
0.04434742851
0.02234417464
0.02720127794
0.0180904655
0
0.03909253346
0.009537668583
0.002586346942
0
0.00154813282
0.009903649408
0
0
0.000207601772
0.009550470277
0
0.03947000045
0
0
0.02842330622
0
0
0
0
0
0.03202476918
0.03613835972
0.000503221186
0
0
0
0
0
0.004546446991
0
0.02328626058
0.03867014043
0.03256442808
0.01179785996
0
0
0.02616899144
0
0
0
0
0.0150970856
0.0221813064
0
0.03020148705
0
0.01309388384
0
0
0.05138208591
0
0
0.01748500113
0
0.03227114484
0
0
0.02320591621
0
0
0.003134191317
0
0.0541792412
0.007129030336
0
0
0.03313580409
0.03112541948
0.03924158036
0
0
0
0
0.01254578017
0
0
0.02999649292
0.01709595416
0
0
0
0
0
0.0201416811
0.01762375059
0
0
0.02831690921
0
0.002442667908
0.01226633735
0.04338319853
0
0.02621587237
0
0.03860890578
0.04062813957
0.006052363067
0.00302791524
0.02609888281
0.05016265255
0.01582862964
0.0186300329
0
0
0.007507589226
0
0
0.002662216014
0.005977026687
0.006756796406
0.001919730421
0.008119998038
0.01959411696
0.01190292777
0
0
0
0
0
0.005451704188
0.003933651041
0.01800252942
0.02334741307
0.02589143965
0.01442004992
0.02996319858
0.02941391585
0
0.003101659661
0.03377892981
0.02321955008
0
0.0137998818
0
0
0.009034642738
0.02052269547
0.006371358627
0
0
0
0.03703158669
0.01160893756
0
0.02384346087
0
0.003799451423
0
0.01649323735
0
0.0166238885
0.02594540109
0
0.002588540083
0
0
0.02522876006
0
0
0.002716804047
0
0.0149655709
0
0
0
0.05065584978
0.005688067885
0.03727089242
0.00261880767
0
0
0.01227556963
0
0
0
0
0
0.03063249309
0
0.0162653287
0
0
0.001619986832
0
0
0.02577183707
0.0128273241
0.01092595862
0.01836231711
0.04219724392
0
0
0
0
0.02625105066
0.01935802673
0.01747003628
0.02112435455
0
0.001159141944
0.02113889831
0.03770215641
0.02999443786
0.01150124151
0.03720862073
0
0
0.02752923097
0.01967458297
0
0.04363553966
0.004121434732
0
0.03597539168
0
0.03324681932
0
0
0
0
0.00397055654
0.01106901151
0.01433502753
0.01242595877
0.005571877477
0
0
0
0.01226085392
0
0
0.005785897795
0
0
0
0
0.02209701449
0.03084415988
0
0.02060157495
0.02053585475
0.003541093024
0.03932338522
0.03257151929
0.008221885682
0.02179437469
0
0
0.02456137234
0
0
0.00982553204
0
0.04194007271
0.007724130558
0
0.03522429635
0
0
0
0
0
0
0
0
0.01389272071
0.03105141964
0.01429233983
0.008930747902
0
0.02254322366
0
0.002023261855
0
0
0.02417515661
0
0
0.01011298099
0.01638466478
0
0
0
0
0.0009642264247
0
0.03745888111
0.02195717738
0
0.0007909368218
0.0333373914
0.0007452927978
0.02361611208
0.02363374312
0.01924103528
0.02203898277
0
0.01151631969
0.001816499178
0.03369798783
0
0.005483689419
0
0.01523747401
0.01673833336
0
0
0
0
0.03791094439
0
0.04101132421
0.007296165116
0.003826460876
0
0
0.007512933473
0
0.001267252741
0
0
0
0.004606993219
0.03869591192
0.02052335475
0.006541642466
0.005553909318
0
0.02155728148
0.03459849022
0.02796428103
0
0
0
0
0.02715249881
0.01107064304
0
0.001369672882
0
0.002238138244
0.02234469668
0
0
0.003827358656
0.009638139664
0
0
0
0.01565511964
0.01914519898
0.03903529821
0.002374945791
0
0
0.0140717487
0.01908815277
0
0.01532722644
0.03258466882
0
0.00416097023
0.02027520242
0
0
0.0238735878
0
0.01835121309
0
0
0
0.02660751721
0
0
0
0
0.003695808755
0.03245240746
0
0.02428584826
0.03723436856
0
0
0.0144831527
0
0.03347961474
0.01001517854
0
0
0
0.0416791832
0.01052053261
0.02421782093
0.01294695755
0
0.007541516566
0
0
0.02683268084
0.01730064782
0
0
0
0
0
0.004453035271
0.0002778655612
0
0
0.02384397479
0
0.0199650515
0.03775119303
0
0.009800050263
0
0.01899609952
0.006353347264
0.02141650967
0.001159274671
0
0.0007752676742
0.01452746313
0.01860996117
0.01092329239
0.0274135385
0.03688995422
0.00403056416
0.0003556576244
0.01460328465
0.01374847099
0
0.01607753714
0
0.003444898867
0.003967770069
0.003017294629
0
0
0
0
0.01756391077
0
0
0.01940140189
0
0.01126924695
0.004331447584
0
0.02567263294
0.04530437803
0.005094812692
0.002165523573
0
0
0.0336933105
0
0
0.04250162743
0.01771994091
0.03204170054
0
0.003070136293
0
0.006828629153
0.008785843136
0
0.001476944972
0.01360974049
0.02965230255
0
0.02296956946
0
0
0.01035470621
0
0.01762191256
0.03744252633
0
0.02175587578
0.03586391623
0.01184443626
0.02139712793
0
0.002286994195
0.03482352985
0.01599637218
0
0.03981953234
0.01002143398
0.008816580961
0
0.01702862907
0
0.02173951782
0.02882761872
0
0
0.01700751093
0.01068233854
0.04099870126
0.0100603925
0.004935972413
0
0.004679467255
0
0.0133906105
0
0.0297500057
0
0.02584550122
0
0.005602186811
0.04034744006
0
0
0
0.01201132845
0
0
0.02859864645
0.02395171669
0.01603795217
0
0
0.02067153436
0
0.0228344211
0
0
0.0007401178244
0
0.02194970593
0
0.006538911714
0
0.0008827804824
0
0
0.02642876812
0.03306916206
0.02665278568
0.0147074383
0.04107728788
0.02488342627
0.002963883576
0.02663389213
0.02536335662
0.03063504016
0
0
0
0
0.01936595074
0
0
0.008300443648
0
0
0
0
0.00910705703
0
0
0.01474697846
0.01516261577
0.04111504541
0.02792473724
0.01265754625
0.006133286566
0.02473543077
0
0
0
0
0
0
0.01633455955
0.02691373005
0.01774671831
0
0
0
0
0.007573931981
0
0
0
0
0
0.03696325932
0
0.01055124562
0
0.01239906175
0.01047527487
0.03398894442
0
0.03240427768
0.03795164258
0
0
0
0
0
0
0
0.00656874772
0.01082733087
0
0
0
0.02943602171
0
0.01004815589
0
0
0.008667169486
0
0.06897343294
0.00203462644
0.02599915885
0.01436711585
0
0.01608715409
0.03012860055
0.06867987223
0.007696715957
0
0.04812708064
0.01487626298
0.008795283465
0.02138680393
0.006059951645
0
0.01646032813
0.01039677572
0.004152316178
0
0
0
0.01400280462
0
0
0.01197869384
0
0.005835818941
0.00211091487
0
0
0.06171795737
0.002402585997
0
0
0
0
0
0
0
0.005688809152
0
0.0168621271
0
0
0.0197277065
0.03990354412
0
0.01229114883
0
0.01070069019
0
0.01902027037
0
0
0.02295722266
0
0.01244252096
0.005848482396
0
0
0
0.04577927025
0.05826219026
0
0
0.02796463008
0.02966061869
0.03243825743
0
0
0.0002816385808
0.0316520154
0.02022206938
0.02095014364
0
0
0
0
0
0
0
0
0
0.003310518146
0.009501509346
0.01534370309
0.03717199976
0
0
0.0273666644
0
0.0463843726
0
0.01605269038
0
0
0.0383571313
0
0.04297514202
0
0
0
0
0.01303177194
0
0
0
0
0.00566557087
0
0.02208851543
0
0
0
0.01817097068
0.01369343465
0
0
0.03413091746
0
0.0410913289
0.005100629023
0
0
0
0.03994824889
0
0
0
0.03587459791
0
0.01486541092
0.02216137073
0
0
0.04467852602
0
0
0.0199331889
0.02792227775
0.02601303945
0.003762348056
0.02656792184
0.0002994265867
0
0
0.01364055167
0
0
0
0.05356336756
0
3.26E-06
0.01489432868
0
0
0.02025910388
0.01981289956
0
0.01720700837
0.0456018264
0
0
0.02834968046
0
0
0.01283569308
0
0.04004828882
0.021576564
0
0
0.007321669267
0
0.02650158194
0.02590213999
0.005957530896
0
0.006958245234
0.007613643566
0.0382208166
0.01801953999
0.009518758661
0
0.01445741024
0
0.00738137417
0.004819031723
0.032135224
0
0.040631045
0
0
0.04391576799
0
0.008482001559
0
0.005483380054
0
0
0.02906702985
0.02187105886
0.01119436001
0
0
0.010138193
0
0.01660893732
0
0
0
0
0.0130807228
0
0.000525356386
0
0.002841032721
0.008720640211
0
0.02489450341
0.03310011935
0.01946934057
0.02180050909
0.04752519697
0.01647533968
0.01092691833
0.01799438289
0.01874171533
0.03710199918
0
0
0
0
0.03446361506
0.006982161449
0
0.01718957526
0
0
0
0
0.01112827212
0
0
0.009252819623
0.01501904867
0.04459613761
0.02667226894
0.006470217591
0
0.0263978723
0
0.004703418102
0
0
0.01400986905
0
0.002856852856
0.02792755032
0.009319355884
0
0
0
0
0.003153902403
0
0.006123015262
0.004151994509
0.02221338912
0.03864428425
0
0
0
0
0.03258873919
0.01328867331
0.03406531483
0.02778832111
0
0.00645690024
0.01502248334
0.02849196537
0.011470451
0.01270572587
0.03194851809
0
0
0.02658158159
0.02101629097
0
0.05655722676
0
0
0.0351547978
0
0.03133680308
0
0
0
0
0.0191239755
0.006311973135
0
0
0
0
0
0
0.001094626386
0
0
0.03218809184
0
0
0
0.0005626744437
0.005611935995
0.0265371797
0
0.001778625295
0.01924896235
0.0004066320844
0.02649371013
0.04049707097
0
0.02490479408
0
0
0.03994309752
0
0
0.008783445291
0
0.05302059481
0.01983527093
0
0.03380182774
0
0
0
0
0.01731238948
0
0
0
0.01532048154
0.03461574825
0.01880619745
0
0
0.01309150264
0
0.02093932345
0
0
0.04305494173
0
0
0.01273047519
0
0
0
0
0.008377976396
0
0
0
0
0
0.0325272625
0
0
0
0.008601692649
0.01086468168
0
0.05097117332
0.02674696102
0.004926589598
0.006998475041
0
0.03393962055
0.02854500228
0.02500434387
0.01359958702
0
0
0.04479378808
0.01133426202
0.002671701372
0.01696420431
0
0.002796480722
0
0.01798814852
0.03252770936
0
0
0
0.02777423474
0
0.01636418326
0.01856581165
0.01080691885
0.03613535544
0
0.03087778014
0
0.02359383555
0.03774751722
0
0.02392868417
0
0.01874400468
0
0.008864469588
0.03489776933
0.04291727251
0
0
0
0
0.03089039859
0
0.00153320009
0
0
0
0
0
0.02688362122
0.01099624414
7.55E-05
0.02903450658
0.008954230907
0
0.02447359061
0.00246853402
0
0
0
0
0
0.008264754386
0.001218076842
0.02309637558
0
0
0.008983611384
0
0
0.02859191947
0
0
0.02551597716
0.007973046583
0
0
0
0
0
0.02946862706
0.003894907207
0
0
0.0246633417
0.03492173225
0.00271358543
0.007962159865
0
0.02568271153
0.0057897375
0.04581290993
0
0.01137518518
0.01578374106
0
0
0
0.02599207622
0.00413394868
0
0
0
0
0
0.03358770103
0
0
0.007663392408
0
0.02604201713
0
0.02084547687
0
0
0.03468306667
0.01242106643
0.02776642659
0
0.02089297316
0
0
0.0006331355132
0
0.005526564214
0
0.01200282284
0
0
0.0472444952
0
0.02254554767
0
0.02410186913
0.01777677784
0
0
0.01122996345
0
0.03683074529
0.03114682741
0
0.007528989938
0
0.01819831597
0.0135357397
0.0009932575374
0.01838975325
0.01049919774
0
0.01291928589
0
0
0
0.02608934982
0
0
0.004938399159
0.02258073519
0.01961500918
0.03529913486
0.0169346146
0
0
0.004061003221
0.02211410643
0.02652161996
0
0.006489509252
0.02117920826
0
0
0.005156332635
0
0
0.04179618908
0.03143345982
0
0.0008114199329
0.02636462232
0
0.01533417008
0.01810791971
0
0
0
0.01731830789
0
0
0
0.03965041012
0
0.0326335823
0
0
0.003424497008
0.009119986785
0
0
0
0
0.001381441154
0.02164527235
0
0.04397207878
0
0.006762559364
0
0.0260297082
0
0.001458534708
0
0
0.01965250472
0.007167125656
0.02200280359
0
0.02001548855
0.01546171647
0
0
0
0.0008187339812
0.02260959671
0
0.0134393158
0
0.02113123566
0.01943120906
0
0.01145059499
0
0.03143446628
0
0.02090958076
0.000121417533
0.001713732287
0.03048310058
0
0
0
0
0
0
0
0
0
0
0.03968484576
0.04194517082
1.28E-05
0.03840317675
0
0.01047859408
0.02364588854
0
0.01924637207
0.0192116061
0.02856693102
0.02385738872
0
0.02824410181
0.03779717824
0
0
0
0
0
0.003015769349
0
0.03172044256
0.008690627348
0.03161325093
0.0114093497
0
0.0007102931768
0
0
0
0.02185225763
0.04788700742
0.02578833294
0.01577799861
0.007711716327
0.02148992379
0.03562971864
0.0151291524
0.00711487836
0.003685282617
0.02357221917
0
0.02079444765
0.01380584498
0.008761838703
0.02635818049
0
0
0.01334285196
0.008883633075
0.02022974198
0.009591031851
0.01318101397
0
0.01662156554
0
0.01335647316
0
0
0.02032881897
0
0.04467907546
0.01735988917
0.02835791077
0.00E+00
0
0
0
0.01521018826
0
0
0
0.02169087576
0.03297632414
0.003216538816
0.01734446602
0
0
0.009198506505
0
0.002694697293
0
0.003119887586
0
0
0
0.01294111751
0
0
0.0192626832
0.03203271137
0.02493789361
0.01203427146
0.006625420689
0.02677876132
0.01477282521
0.009868176208
0.004594148864
0
0.01119101129
0
0.01303928027
0.005401102373
0
0
0.02624167119
0.0101758104
0
0.03155646147
0
0.008087364118
0
0
0
0
0.006556095075
0.02090194424
0.01563341359
0.0222861783
0.009803742873
0.03474058477
0.004544654556
0
0
0
0
0
0.04050359892
0
0.05178465584
0.03401844042
0
0
0
0.008469237809
0.01498168977
0
0.02059551902
0
0
0
0.034215988
0
0.02354672011
0
0
0
0
0
0
0.000645810117
0
0.02245254946
0
0.003548690065
0.02030220407
0.03104222718
0
0
0.01160837316
0
0.02532069696
0.005349386081
0.001694296426
0.02426834648
0.01003396766
0.01487124588
0.003059551428
0.04053174209
0
0
0
0.005773892399
0.004743989622
0
0
0
0.0001503081054
0.009166676225
0
0
0
0
0.008243943471
0.01694014605
0
0.0008057030386
0
0.02281029259
0.04928880693
0.02214625074
0
0.006291657782
0.003024350363
0.006116991467
0.01817963451
0.004724909235
0.01158193439
0
0.03465168052
0
0
0.04091780238
0
0.01399268354
0.04331251068
0
0.03315711577
0.03851784448
0
0.03072252928
0
0
0.01149285883
0.004662085518
0
0.0009720653745
0
0.02900563067
0.01988977512
0.06143071695
0.0003985246487
0.009165060717
0.01270909281
0.01054984623
0
0
0.002366751712
0.01369958538
0.03281184495
0.02859819818
0
0
0
0.04389899518
0
0
0
0
0
0
0.02794531012
0
0
0
0
0.02298565689
0
0
0
0
0
0
0
0
0.03719937284
0.01661236343
0.006444600509
0.009992022901
0
0.003844677839
0
0
0
0.02507311069
0.01308002856
0.01499231745
0.02665350669
0.0168968363
0.03920912808
0.004484479908
0
0
0
0
0
0
0.01419589089
0
0
0
0.04328872904
0
0.05696416542
0.02910110749
0
0
0
0.02478187455
0.0201324527
0
0
0
0.001708047617
0
0
0.001127516141
0.01351786231
0
0.009363296245
0.001471715337
0
0.01932833962
0.008352366183
0.05813270859
0.001932353317
0
0.04515666817
0
0
0.01889087899
0
0.002760699984
0.04851235111
0.02102722801
0
0
0
0
0.01067418116
0.008891768729
0
0.05276303269
0.04627017198
0.01592133576
0.02688213952
0.00717612878
0
0.03096112315
0
0
0.0350971034
0.0295197145
0.002452555228
0.02823108118
0
0.004343014542
0
0.01258001219
0.008610092073
0.01710743843
0
0.0003020209298
0.003476019949
0
0.01738534851
0
0
0.03124394277
0
0.0268383337
0.01768308261
0.03036265766
0
0.001018687045
0
0
0.003978631026
0.01944030623
0.0009867939374
0
0.01239642904
0.03397481978
0.009008891314
0.02666541009
0.001948988313
0
0.001319318534
0.0007494954413
0
0
0.02633864738
0.03965445195
0.01889736414
0.009420659265
0.02907473464
0.01398996892
0.00904199525
0.00313402027
0
0
0
0.008227378394
0
0
0
0.02620199509
0.009987494287
0
0.04036928779
0.002741651644
0.01203315278
0.02594030291
0.003277613294
0.03985077683
0
0.01920005505
0.0216168437
0
0
0
0
0.001978863306
0
0
0.01066265802
0.001072011026
0.01687079016
0.03290041807
0
0.005916390725
0
0
0
0.02127684198
0.006150331596
0.004913389511
0.001715076518
0.04422552055
0.02356124376
0.009289251726
0.006570826496
0
0
0.02784313316
0
0
0.02563193172
0.01443227017
0.04489519971
0.008633030542
0
0
0
0.03399079385
0.01705189972
0.001097588954
0
0.02552047331
0
0
0.008738775522
0.02998383716
0
0
0
0
0
0
0
0.007344160278
0
0
0
0
0.004391631144
0.04799301994
0
0
0
0
0
0
0.01298997401
0
0
0.03711305582
0.03891332989
0.03034937191
0.02104009223
0.04099997762
0
0
0
0
0
0
0.03385918186
0
0
0.03262503321
0.0090494009
0.03184934447
0
0.04782861858
0.003392560813
0
0
0.01538679753
0
0.03355606715
0.01165230979
0
0.02596414311
0
0.00972866405
0.02601265456
0.02088707047
0.02364669664
0
0
0
0
0
0.008756471959
0.01507838882
0
0
0
0.001756239913
0.02424533109
0.04214079327
0.007017633637
0.00401535505
0.006715346265
0
0.02403478347
0.01117695469
0
0.01476285722
0.02770212238
0
0.02797469022
0.02833678235
0
0.007583197057
0.05013254022
0.0007024338244
0.01902749142
0
0
0
0.03472852154
0.01219823468
0
0
0
0.02220903361
0.01890287739
0.01537055003
0
0.01734125599
0
0.004951182538
0
0
0
0.004592753288
0
0
0.009516570323
0.006807233699
0.02173897696
0.002624023735
0.02204535364
0.008591076649
0.0315281712
0.006718687586
0.007600235665
0
0.02673896827
0.00867207971
0
0.02791335682
0.004832345278
0.02980350899
0
0
0.01858690189
0
0.002613634037
0
0
0
0
0
0
0.0002399792819
0.002852913973
0
0
0.007347974474
0
0.01268063244
0.01494323661
0
0
0.007753355936
0.02239207314
0.04907473258
0.0416668336
0
0.01666115759
0.03808059783
0
0.0409460771
0
0.007872236189
0.004831034362
0.005879522323
0
0
0.02687725251
0.02118563075
0.03614353501
0.01020765763
0
0.02277997525
0
0
0
0
0
0.01526575988
0
0
0.0295170608
0
0.00918040622
0
0.07844604563
0
0.03598213795
0.01230691359
0
0.03412351368
0
0
0.02758668763
0.01092005852
0
0
0
0.006736808248
0.02981942198
0
0.01053021148
0.002566248401
0
0
0.02120783918
0.01801349853
0.01479184235
0.01477151485
0
0.003436262194
0
0
0.02032114468
0
0.009250887544
0
0.005205260018
0
0
0.003191078758
0.02305742174
0
0
0.01731321465
0
0.03069308684
0.03174389645
0
0.01685564943
0
0.01747198597
0.009419984492
0.03632235334
0
0
0.0006295632972
0.01826412557
0.01645769166
0
0.02050974701
0.005236339669
0.009635783221
0
0
0
0
0.01096394882
0
0.01426133203
0
0.002348708348
0
0.001771005837
0.02587632747
0.01255991324
0.01029338954
0
0
0.02519795167
0
0.01900814196
0.01687878524
0
0.02958102009
0.007839099271
0
0.01619770844
0
0
0.04611567651
0
0.01428091926
0.05077583991
0
0.03680309438
0
0
0
0.01060865497
0
0
0
0.02941220688
0.03425636182
0.02497577877
0.007621143383
0
0
0.01091346382
0
0.004491337009
0.03536710263
0.0003618341547
0.04119604645
0.03866117644
0
0
0
0.02751922467
0.01696617567
0
0
0
0
0.02797427526
0
0.003666339296
0
0
0
0.02185719432
0
0.0383330726
0.01312200428
0.0004407876832
0
0
0
0
0
0
0
0.01856853535
0
0
0
0.0394761855
0
0.02886138191
0
0
0.02458177269
0
0.06157674772
0.002520884012
0.03164316001
0.01866880891
0
0.006849757256
0.03347568403
0.0668122746
0.02139148869
0
0.01899836153
0
0.001051923083
0.02716756621
0.01747888546
0.003056772117
0
0.005302412744
0
0
0
0
0.004385753235
0
0
0.01930106969
0
0.01976558777
0.02051606245
0
0
0.05727705144
0
0
0
0
0
0
0.01909738089
0.01314422941
0
0.01434665912
0.0007565852362
0
0
0.03676389489
0.01750987152
0
0
0.01506158273
0.03155136098
0
0.01140233785
0
0
0.03643578411
0
0.01276481468
0.004783840342
0.00866869055
0
0
0.03980495301
0.05270856983
0
0.01092896749
0.02014867748
0.01514891837
0
0
0
0.03945939798
0.01580155717
0.02963199573
0.01216936197
0
0.006763808676
0
0
0.02225945359
0.01390773664
0
0
0
0
0
0.005843613525
0.01315936467
0
0
0.02381773257
0
0.02654680827
0.03355206702
0
0.004019251791
0
0.02744036357
0.009979607362
0.03177674523
0
0
0
0.008342173656
0.01633614048
0.002304916422
0.02435847792
0.02506763884
0.007260184522
0
0.00486924507
0.01811889049
0
0.01823072541
0
0.0120057034
0.002712773647
0
0
0.001387436919
0
0
0.01951775609
0
0
0.01674525344
0
0.0145361672
0.006561670006
0
0.03017743954
0.03530228571
0.003635512895
0.003987317596
0
0
0.04242278823
0
0
0.04451320344
0.01898560816
0.03807620844
0
0.005421105995
0
0.004016062051
0.001630366664
0
0.002524037486
0.01004860075
0.0314604107
0
0.01563688498
0
0
0.002230508468
0
0.02393354337
0.04059780553
0
0.0236233759
0.0416003673
0.0035159608
0.01749141166
0
0.002255084057
0.02728117265
0
0
0.0136678767
0
0
0.01165344857
0
0
0
0
0.01857609063
0
0.006329844905
0
0.00260186879
0
0.00378766585
0
0
0.01865689049
0.01390784481
0.004504263813
0.02739579089
0
0.002358120991
0
0.007053534871
0
0.0361737649
0.005390113837
0.002032586994
0.03428518318
0.01117915023
0.03471589073
0.01008260207
0.01937768123
0
0
0
0
0.01206839675
0.02740488753
0
0
0
0.02375593888
0.01066995222
0.0455573618
0.02763313421
0
0
0.0008694207343
0.001909632438
0.03622852169
0
0
0
0.006659032427
0
0
0.01932042581
0.0311454006
0
0
0.003402027386
0
0.006122025515
0.007905796798
0.04824941995
0.000418513224
0
0.0499165496
0.002283096036
0
0.01966092228
0
0
0.02794336699
0.03868983781
0
0
0
0.01598229322
0.02681704503
0.001612013222
0
0.03455048328
0.02694416533
0.03117857909
0.006202915075
0.00190774659
0
0.04219245376
0
0
0.01928218125
0.02054902762
0
0.04123722138
0
0
0
0
0.01882141255
0.01446500121
0
0
0.005040220192
0.02117469438
0.006309514686
0.04692552956
0.02665744677
0.005809410807
0.03125836091
0
0.02091072698
0.004774690682
0.02448463319
0.005223853698
0
0
0.03069022264
0
0.009263154624
0.004682314337
0
0.003080419362
0
0.0006417785252
0.01227475373
0
0
0
0.04641978104
0
0.00830567845
0.007732562818
0.01210111597
0.03383064532
0.003128163881
0.04220607411
0
0.01845545574
0.0610499101
0.007201203169
0.02344712952
0
0.00815439362
0
0.03158886276
0.02400527077
0.02760734633
0
0
0
0
0.01116668244
0
0
0
0
0
0
0
0.04489642291
0.02426203718
0
0.0148385295
0
0
0.0231439163
0
0
0.01678775609
0
0.007984950559
0.01086673831
0.003608780416
0
0.03735357027
0
0.006126364494
0
0
0
0.03147766732
0
0
0.01146297415
0.0001460836609
0
0
0
0
0
0.04346128681
0.03137425873
0.0024689811
0
0.03085126733
0
0
0.02028933796
0.02262788829
0
0
0
0
0
0.006770192387
0.01060301272
0
0.02116164065
0
0.02761302169
0.02650079009
0.03934944093
0
0.005860020365
0
0
0.02217788478
0.03429475743
0
0.01867221009
0
0.01866324314
0.01001556503
0.03183828012
0.02261449792
0
0.002320960244
0
0
0
0.03231395641
0.03485595552
0.002743719734
0.006224222131
0.01635970637
0.005291718159
0.009746767147
0.001196297808
0
0
0
0.0005481739339
0.005960076028
0
0
0.02691119761
0.02613917218
0
0.05058374822
0
0
0.03697005131
0.0176738914
0.03055059504
0
0.01455613836
0.0231985794
0
0
0
0
0.001522838723
0.02337576504
0.0163646897
0
0.005052870153
0.02768804399
0.01097354599
0
0
0
0
0
0.02628082495
0
0.008829913048
0
0.04167764739
0.01257342419
0.01194911153
0
0
0
0.03306463269
0
0
0
0.03027297314
0.02719916678
0
0
0
0
0.03995961978
1.82E-05
0
0
0.01698514286
0
0.006619964455
0
0.02867563157
0
0.005304035025
0
0.00846114446
0
0
0.02056331503
0
0
0
0
0
0.001911931565
0.02071345311
0
0.004258566038
0
1.43E-05
0
0
0
0
0
0.02680812596
0.03835289205
0.004573058962
0.06709250806
0.04357236448
0
0
0
0
0.001822232084
0.01032400924
0.03198412962
0
0.007069916335
0.04221500254
0.03042929778
0.03610470103
0.008708503626
0.03544816231
0.02162409729
0
0
0.002505970472
0
0.0006873287869
0.01276889364
0
0.0112600892
0
0
0.01983972002
0.01370635274
0.02732693644
0
0.008911017339
0
0
0
0.008692291947
0
0
0
0
0.007980505399
0.009752136613
0.05803509813
0.01082225382
0.007877355588
0.01064012229
0.004426214106
0.006111594923
0.01739900734
0
0.007177988686
0
0
0.02501900619
0.02709495118
0
0.008101502633
0.05461778977
0
0.01156020001
0
0
0.0272645859
0.06980953458
0.01097508405
0
0
0.02189191797
1.86E-02
0.01094113487
0.01865323505
0.002000255334
0
0
0.01592393962
0.001758139125
0.01695565202
0
0
0.007398551512
0
0.02232456524
0.02219389206
0.03229602452
0
0.02542691501
0
0.01001864178
0.002642709794
0.004237475024
0.0128272899
0.003434585407
0.0361793034
0.01063245276
0.0296883659
0.008630312633
0.01277227352
0
0
0.009008426882
0
0
0.004519566732
0.02619679062
0.02836574942
0.006710333381
0.008151509702
0
0
0.0149665271
0
0
0
0
0
0
0
0.02159126662
0.009328848619
0
0.0404539652
0.03083717275
0.008670122199
0.02897180314
0.01583228968
0.02588838201
0.01912213039
0.005518183179
0.006845596072
0
0.006786879674
0
0.003456111197
0.01551230649
0.0005722941963
0
0.01773956259
0.01405532212
0.004284311801
0.02635578367
0
0
0
0
0
0
0
0.02253687349
0.002750589557
0.03263976754
0.004904387527
0.04724935722
0.002600793803
0
0
0.005032975798
0
0
0.02310474691
0.005324200552
0.05252358243
0.02167819973
0
0
0
0.02485430236
0.007610825578
0
0
0.02381644189
0
0
0
0.008290499153
0
0.009398656439
0
0.02611463732
0
0
0.005391110545
0
0
0
0
0
0.001074333263
0.01765345089
0
0.01285383796
0
0.02926771772
0
0
0.006930551806
0
0
0.01245084846
0.02859691582
0
0.05734103636
0.04495853062
0
0
0
0
0
0
0.0239356249
0
0
0.02718392217
0.05097197722
0.01967195844
0.01929421195
0.02848265122
0.0172140775
0
0
0.007192131426
0
0.01018403482
0
0
0.03088798465
0
0.005188486167
0.008732020952
0.008004305177
0.03822060553
0
0
0
0
0.02256544734
0.03097283439
0
0
0
0
0
0
0.05373300143
0.008967858763
0.01756264386
0.004183097523
0
0.01925508631
0.01207559487
0
0
0
0
0.04535459456
0.02789360195
0
0.03731993779
0.03608297908
0
0.02143280773
0
0
0.01803674826
0.04761124536
0.0176499604
0
0
0.01715374469
0.01380848539
0.0281286319
0.003516916636
0
0
0.009580228235
0
0.01497452242
9.23E-05
0
0.01054111537
0
0
0.009659216497
0
0
0
0.01823087102
0
0.03663215762
0
0
0
0.03675928258
0.002985395141
0
0.04533832818
0
0.003205062445
0.01286000367
0.005575724353
0.00784766224
0
0.03348449202
0
0
0
0
0
0
0.006930382817
0
0
0.02092590532
0.02288902885
0
0
0.02226695159
0.00647886733
0
0
0.02126386756
0
0.05737456678
0.002719032448
0
0.05086245009
0
0.05123881483
1.28E-05
0
0.0428803407
0
0
0.001049662886
0
0.02245416433
0.0182672333
0
0.007045410498
0
0
0
0
0.03451507913
0.01130030732
0.004040715248
0
0
0.04983653236
0.01582045864
0
0
0.06157975677
0
0.03884326946
0.01415901499
0
0.04538322155
0.01602150494
0
0.01394365662
0
0
0
0
0.02952289649
0
0
0
0
0
0.02196702409
0
0
0
0.004488366601
0
0
0.04716358148
0.01096901951
0.007372841063
0
0
0.02358596394
0.03323382776
0.01257757461
0
0.008853623935
0
0.04170582343
0.02163489529
0
0.0129415273
0
0.008227683857
0
0.03785372851
0.03392790931
0
0
0
0.02911685266
0
0.02244166784
0.01905475831
0
0.02573857405
0
0.02889478699
0
0.01330198379
0.009369679949
0
0.02589274026
0
0.03775032745
0
0
0.02784867873
0.03912073159
0
0.01729376792
0
0
0.02798196915
0
0.003882658018
0
0
0.0005881014839
0
0
0.02226493007
0
0.01055193053
0.02632961594
0.03103671228
0
0.003098521616
0.03078667377
0
0
0
0
0
0.02071897045
0.01962555072
0
0
0
0.02252475564
0
0
0.01882283689
0.008755001939
0
0.04004831587
0.007625030766
0
0
0.01276613698
0
0
0.02957740534
0.003382379855
0
0.02502578833
0.01227877414
0.01218126171
0.01297462786
0.0177655701
0.02175795112
0
0
0
0.009399827457
0
0.01248617543
0
0
0.007082400843
0
0.02630413274
0.02390536233
0.03626011585
0
0.0233116661
0
0.01097171601
0.007958933889
0.01406406769
0.002114006051
0.01249269095
0.02470501191
0.008152803491
0.03015597575
0.01422525161
0.01897633242
0
0
0.00548350966
0
0
0.01064125937
0.0265825703
0.01908183273
0.002545099124
0.006463257579
0
0
0.01039389571
0
0
0
0
0
0
0
0.02099377898
0.01412747366
0
0.05015111193
0.02998553159
0.002814270185
0.03304955653
0.02367622233
0.02571100573
0.01682895175
0.008652959178
0.013044189
0
0.0001961788606
0
0
0.01416123
0.01037493182
0.0006023783902
0.01094145685
0.01169518389
0.01299245575
0.02049024216
0
0
0
0
0
0.004797622659
0
0.02502949783
0
0.03551859533
0.005705238776
0.05014995883
0
0
0
0.01045237046
0
0
0.01362888028
0.01679358913
0.04682053713
0.009746998592
0
0
0
0.03243029661
0
0
0
0
0
0.03762696606
0
0.004263648167
0
0.005481043276
0.006222609661
0.02950175301
0
0.03146432564
0.03289820498
0
0.001850352088
0
0.001635626724
0
0
0
0.01088362327
0.001595592216
0.007574622976
0
0
0.03399733841
0
0.01712567515
0
0
0
0
0.05863361036
0
0.02063515443
0.01918282795
0.007701686231
0.02881829895
0.02776014132
0.07144018128
0
0.003454851943
0.05334038998
0.008142554232
0.00150198275
0.01138609416
0.006942192186
0
0.01869269014
0.01919909889
0.00876003439
0
0
0
0.00781783347
0
0
0.01286855561
0
0
0
0
0
0.07142869591
0.007859255086
0
0
0
0
0
0
0.007523627983
0.01286990867
0
0.002976696672
0
0
0.01483485696
0.03585712024
0
0.003223599796
0.005228527338
0.01110164811
0
0.03363375107
0
0
0.0279453035
0
0.004843329751
0.008430571967
0
0
0
0.05015239841
0.05197494655
0
0
0.04171620209
0
0.02503254604
0.0007261286312
0.02985461947
0
0.008291480725
0
0.02338068153
0
0
0
0.01085520849
0
0
0.007158140552
0.02949118505
0.04512153778
0.01366448221
0.03040928396
0.001291115845
0
0.02428385593
0.006012669056
0.009745811622
0.01425516407
0.02021833743
0
0.0140822939
0.02112847707
0.03711033359
0
0
0.001997804078
0
0
0.001070458665
0.01980620063
0.01877869551
0.01587151413
0
0
0
0.0251347934
0
0
0
0
0.003904609066
0
0
0.02640920802
0.02772953891
0.004718567013
0.04601336239
0.01394834643
0
0.03779231086
0.01122092491
0.01061402938
0.0209858266
0
0
0
0.008723936539
0
0
0.03146321686
0.01644344651
0.01444444506
0.007040432718
0.01480828205
0.02007174156
0.01515062005
0
0
0
0
0.002549155063
0
0
0.008328196984
0
0.03173514219
0
0.04415106027
0.008601577932
0.002552880876
0
0.01456980994
0.01034748853
0
0
0.009582566466
0.03616298303
0.008223381928
0
0
0
0.03351480351
0.003425288992
0
0
0.02284870742
0.02619268852
0
0
0
0
0
0
0.02722054392
0.003764695535
0
0
0.01663511157
0.02096199787
0.03209216586
0
0.01008315531
0
0.0006135043105
0.02901473222
0.03403629555
0
0.03890656729
0
0
0.01113506469
0.02319027132
0.03723563264
0
0.004708660289
0
0
0.006455468919
0.01965626052
0.009367452794
0
0
0
0
0.007656760425
0
0
0
0.02331233981
0
0.02734825381
0.0006895327708
0
0.01045305742
0.0289867579
0
0.04786925447
0.005033606229
0
0.03113418859
0.03205893194
0.003291074877
0.004259733907
0.0039404055
0.01682571993
0.005750096694
0
0
0
0.00677622408
0.04172552283
0.04557023788
0
0.003331863385
0.03200068458
0
0
0
0
0
0.01281408362
0.01903317173
0
0.01453195897
0
0.020387715
0
0.02762740443
0
0.0305116188
7.37E-05
0.02073877799
0.02872651202
0
0
0.03903967001
0
0
0
0
0
0.03438218842
0
0
0
0
0
0
0.03329801281
0
0
0
0
0
0
0
0
0
0.00E+00
0
0
0
0.03723392452
0.01898279666
0
0
0
0
0
0.008138977741
0
0.01390215492
0
0.03888991339
0.03066569909
0.03390837821
0.04593608096
0.0001522241991
0
0
0
0
0
0.0224748295
0.01630018778
0
0
0.004801732504
0.01242338333
0.01314671501
0.03162614852
0.03313902351
0.01042350867
0
0
0.02291118687
0
0
0
0
0
0
0
0.008384611779
0.009640199064
0
0.02832323391
0.03992048639
0
0.0107298448
0
0.01530730069
0.02807158827
0
0.02475665045
0.01557506625
0.01611570749
0.04264988163
0.005948247246
0.01645892885
0.03152993299
0.01571958551
0
0
0
0
0.02793842405
0
0
0.01911454243
0.04279320828
0.007309346492
0
0.0361948819
0
0.003152007198
0
0.007011899462
0.04659438615
0.05923545171
0.004709801712
0.008459907076
0
0.0347121756
0.0341438843
0.01325676376
0.01695125933
0
0.00647465231
0.005749684216
0.01493552066
0.008337166793
0.01380719601
0
0.007342777577
0
0
0.01569169716
0.01314687402
0.01547603302
0.005583235343
0.03664958778
0
0.02635479579
0
0
0.01413151841
0.01323417635
0.04562113665
0
0.04619686854
0
0.01189449226
0.001696208306
0
0.01708024641
0
0
0
0.0004565695081
0.0225486777
0
0
0
0
0.01303700199
0
0
0
0
0
0.000254567692
0
0.002080252295
0
0.01320666713
0.02653923858
0.0562292945
0.008236364603
0.01628165772
0.0303278981
0.003676125321
0.04926407116
0
0
0.01319688211
0.009066150791
0
0.01337691395
0.01668378894
0.003226025976
0
0.01938158015
0.01857129793
0
0.008243767053
0
0
0
0
0
0
0
0.04002690048
0.008638735582
0.006197324706
0
0.07379441229
0
0
0
0
0.01194800268
0
0.01578820963
0
0.03942470285
0.02489121669
0
0
0.0119089239
0.005028827384
0
0.01816603051
0
0
0.01899748574
0.03505583646
0
0.01007233674
0.004240267166
0.02668720719
0.03192353649
0.009220998766
0.00506446051
0.02709909613
0.03454502332
0.0118502016
0.02704163133
0.01739624642
0.004207720169
0.01106746583
0
0
0.01427383712
0.007236761936
0.01229708067
0
0.00962532636
0.02504465292
0.002595688875
0.00371537744
0.000519032963
0
0
0
0
0
0.02042819966
0.03275815195
0.03118441654
0.0261307998
0.02752623763
0.03218272191
0
0.01391085877
0.02900705707
0.003326253156
0
0.003103894025
0
0
5.46E-05
0.03270188646
0.01821596971
0
0
0
0.0239850645
0.02333439447
0
0.02781995212
0
0
0
0.001062924639
0
0.02099636525
0.02119431286
0
0.003681110263
0
0
0.02471036319
0
0.007643000842
0
0
0
0
0
0.001008746272
0.0414227747
0
0.02204612574
0.01776676351
0
0
0.02309558421
0
0
0.01391814217
0
0
0.02517853805
0
0.02583563505
0.002563745728
0
0
0
0
0.03426215515
0.003453723192
0.0294560748
0.002320836503
0.0277774955
0
0.00346916829
0
0.002489578721
0.01252200637
0
0.02005622293
0.03778724312
0
0
0
1.30E-02
0.002197395418
0.02805718109
0.0361817317
0.006844246442
0.00310289784
0.01908324188
0
0
0.04281313731
0
0
0.02444262685
0
0.03444618023
0
0
0
0
0.005557407579
0
0
0
0
0
0
0
0.01195860193
0
0.0008233756802
0.04045383174
0
0.0104329581
0
0.0189211147
0
0.01599954108
0.02484806403
0
0.02591194868
0
0.009520293171
0.02896459814
0
0.04905750033
0
0
0.02581436834
0
0
0.01371611177
0.00971115141
0.03732476671
0.02758053895
0
0.02465146517
0
0
0.006366011961
0
0.01396717622
0.02089555357
0.02139094053
0
0
0.0243975998
0
0
0
0.03715406259
0
0.03897194444
0.01335403152
0
0.05733614702
0
0
0
0
0
0
0
0.0353955449
0
0
0
0
0.00895768446
0
0.009498850948
0.01636185799
0.005418494745
0.004061636296
0
0
0
0
0.02249187515
0
0.01474903917
0
0.008048516089
0
0
0.004521756199
0.02693282789
0
0.005708033886
0.0008376849418
0
0.01228542751
0.03163931308
0
0.0271942865
0
0.01322106954
0.02097078892
0.03494197521
0
0
0.01039565864
0.01861913178
0.0004412980616
0
0.02048103693
0.006556517247
0.0203901457
0
0
0
0
0.01548519551
0
0.02244183108
0
0
0
0
0.04027938679
0.009390773966
0.001981378108
0
0
0.025936959
0
0.02675068855
0.02893963153
0
0.02226443651
0.002333088458
0
0.01392283921
0
0
0.03988329545
0
0.02970370959
0.04581122166
0
0.03764503644
0
0
0
0.02450196212
0
0
0
0.03450127693
0.04044989885
0.0272455529
0
0
0.001282754376
0.02065805678
0
0.002789235126
0.02312469125
0.01836255356
0.03184122023
0.02251740842
0
0
0
0.04065600296
0.004575007761
0
0
0
0
0.02288046814
0
0.0009867661663
0
0.001973153688
0
0.04512704769
0.001282309971
0.01685119221
0.02977325613
0
0
0
0.002515828292
0
0.01059400849
0
0.008263143281
0.0002595028946
0
0
0
0.01590263714
0
0.007736695542
0
0
0.009928659282
0
0.09137650969
0
0.01291841686
0
0
0.01585707002
0.01317699005
0.0681232471
0.002206805822
0
0.05923540324
0.01806158364
0.03069952123
0.01359130788
0.02466365502
0
0.0338063848
0
0.001724968307
0
0
0
0
0
0
0
0
0
0
0
0
0.07315388909
0.001333242436
0
0
0
0
0
0
0
0.01946393427
0
0.02378683991
0.01224174169
0.01488878065
0.01378670116
0.02819659472
0
0
0
0.003926884315
0
0.02152340127
0
0.01138652918
0.0181014215
0
0.02158536641
0
0
0
0
0.0722277684
0.08186178982
0
0
0.02301858261
0
0
0
0.002927492637
0.01767318947
0
0.001545020694
0
0.02207849276
0.001824500001
0.04544291029
0.0250347509
0
0.04024196408
0
0.002740489076
0
0.02186949554
0
0.003625539021
0
0.01690651095
0
0.006910632934
0
0
0
0
0
0
0
0
0
0.06744265918
0
0
0
0.0004349040708
0.02299212063
0
0.04322744023
0
0.008064588066
0.07099469444
0.02772493593
0.03336438474
0
0.009428192205
0
0.04896135002
0.005094707481
0.01134600065
0
0
0
0.001401078873
0
0
0
0
0
0
0.003037412077
0
0.05280034133
0.02633594211
0
0.005862910867
0
0
0.0144051865
0
0
0.03065670574
0
0.02956639038
0.02465598301
0.009631296721
0
0.03723992763
0
0.01054051556
0
0
0
0.02488961071
0
0.001731334309
0
0.003293835446
0.01101084331
0
0
0
0
0.0580977386
0.05888274136
0.01482351855
0
0.02323972089
0
0
0.02105505789
0.002416547026
0
0
0
0
0
0
0.03810292755
0
0.02500736612
0
0.01806287004
0.004519281984
0.009248925642
0
0
0
0
0.01690890784
0.04227533481
0
0.01772334842
0
0.01709392932
0
0.02890638557
0.005639340085
0
0.02491224614
0
0.04665799336
0.01717576446
0.0399520385
0.01724054482
0
0
0.01931307813
0.0340086636
0.02627890501
0
0
0
0.02091679062
0.01944730203
0.02727101227
0.004742745093
0
0.006305614305
0.01550772843
0
0.02195863408
0
0
0.01102218412
0.009855279262
0.01611874779
0
0.02139946686
0.02930707043
0.002575081187
0
0.009888206914
0
0
0.02503522132
0.02966727075
0
0
0.02920839616
0
0
0
0
0
0.0029703478
0.04072082699
0.006797545185
0
0
0.01842757563
0.01726455874
0
0
0.01127360092
0
0.03518579233
0
0
0
0.03677181491
0
0
0.01375283403
0.02002151341
0
0.02408738214
0
0
0
0.02461406105
0.01063516548
0
0
0
0
0
0
0.002115563006
0
0.01849044812
0
0.02737828245
0.01356777628
0.03195746106
0
0
0
0.007976995715
0.01220693825
0.03403051651
0
0.01355640634
0
0.01742692074
0.008029687401
0.0340289709
0.01622101428
0
0.01387000377
0.0007105690325
0
0.003230524858
0.02916331865
0.0273053289
0
0
0.01353906302
0
0.01855272053
0
0
0
0
0.005580456898
0.01225897847
0.006837569167
0
0.01475984785
0.01541718678
0
0.05773253306
0.005164143582
0
0.02648428315
0.02152699001
0.02677852404
0
0.02151126884
0.03117659931
0
0
0
0
0.005094064714
0.01657973961
0.02450127629
0
0
0.03685324525
0.015151563
0
0.003329830789
0
0
0
0.03160620431
0
0.01006159098
0
0.0403676794
0.02144228571
0.02506432459
0
0.005945623672
0
0.03181149048
0
0
0
0.03874646857
0.02213657835
0
0
0
0
0.04747191675
0
0.02614595813
0.01192738488
0.00591129643
0
0
0.003598181377
0.02903326754
0
0.02102582366
0.003368060638
0
0.01219631499
0
0.02219144793
0
0
0
0.003517496111
0.005312544814
0.001742611157
0.02526883096
0
0
0
0.01039516443
0.007717575153
0
0.02422478707
0
0
0.02968158308
0.003030150971
0.009212693474
0.008737845259
0.02790655981
0
0
0
0
0
0
3.44E-05
0
0.01106376015
0.05140904095
0.02031897865
0.005718973137
0
0.01832312786
0.03911682746
0
0
0.02427365678
0
0.03654721536
0.01391020693
0
0.02006006004
0
0.03810865282
0
0
0.03646745564
0
0
0.01997257428
0
0
0
0
0.003432013887
0
0
0.02921404552
0
0.05375898681
0.03351504494
0.003339905936
0
0.0009910159767
0.02779444299
0.02424394043
0
0
0.02064918681
0
0.02160089296
0.01920830453
0
0.02855857133
0.03942356762
0
0
0
0.001290065337
0
0.02372912574
0.04178033982
0
0
0
0
0
0.007491024979
0.02496523345
0
0
0
0.01374106005
0.01254731945
0.04294843942
0
0.03391345703
0.02645582521
0.005878340726
0.01464614202
0.00719489487
0
0
0
0
0.02189991873
0.02584554041
0
0.002808511229
0
0.02835752461
0
0.02020259627
0
0
0.00440648227
0
0.05513551757
0.001081745996
0.03685974606
0.02635634765
0
0.01910690222
0.02969062853
0.06079066602
0.007286700478
0
0.03382438885
0
0.01047980891
0.01505551764
0.009862610217
0
0
0.02311700457
0.02101188431
0
0
0
0.008486867677
0.01243628647
0
0.02031762622
0
0.006685881942
0.007741598935
0
0
0.04403307273
0
0
0.0137534346
0
0
0.004645225394
0.003626954354
0
0
0
0.002857892256
0
0
0.02574915433
0.03796376958
0
0.009224038246
0.01295612636
0.007438642527
0
0.01558372402
0
0
0.03315450978
0
0
0
0.003195340996
0
0
0.03068680061
0.03332785718
0
0
0.02317341606