0
0.0127367519
0
0.026353244
0
0
0.002770299621
0
0.001807742149
0
0
0
0
0.0003885870244
0
0.01807215675
0
0
0
0.01683880506
0.05457052972
0.05477114868
0
0.03230729402
0.0123255861
0
0.005767582519
0.01170779229
0.04566262765
0
0
0
0
0.02216452388
0
0.01719678533
0.0147723822
0.01304378652
0.0281564023
0.01424685805
0
0.02223216662
0
0.02581834402
0.0257330319
0
0
0
0
0
0.001250440279
0.005187769244
0
0
0
0.0306644287
0.04991360487
0
0
0.02814673112
0.007648300038
0
0.04231800967
0.006568952786
0.02838662549
0
0
0
0.01303550487
0.04774768522
0.006112058516
0.03641824233
0.0101816511
0
0
0.004025282123
0.04301432258
0
0.02435580979
0.01483144794
0.0005077564101
0
0
0.01901345632
0
0.005547300582
0.04106345632
0.02558051114
0
0
0
0.01051349202
0
0
0.005332167421
0
0
0
0
0.01319056483
0.02582650905
0.001776204428
0.009110724787
0
0.002120773553
0.003579074674
0.01127479919
0.02150558042
0
0.01467593719
0.02903535286
0.002366527607
0.03896492495
0.01902730772
0.000873711973
0
0.002663638283
0
0.005057217035
0
0
0
0.01191424339
0.01183132268
0
0
0
0.002015128768
0.001618638613
0.02488631162
0.002010349278
0
0.03445109249
0
0.03043861173
0.005907766593
0.01462073359
0
0.0075249729
0.02194856637
0.02645139628
0
0.02706847489
0.00294672342
0
0.03752597339
0.02747040603
0
0
0
0.009907618677
0.01871260317
0
0.0122108657
0.01938621333
0.007709838186
0
0.02101228251
0.03281894819
0
0.01756159061
0
0
0
0
0.02572052831
0.03535430375
0.01659597015
0
0
0
0
0.0213911218
0
0.02908934515
0.01574993983
0
0
0
0.02255288245
0.0156443739
0
0.0357998157
0
0.03789490481
0.01649265058
0
0
0
0.02685045153
0.01562723128
0.00163773504
0
0.03413885695
0
0.007225749713
0.02259771434
0
0.001827468612
0
0.006385811834
0.02627433596
0.03018535674
0
0
0
0
0.001684761375
0
0
0
0
0.005657084154
0.004520328788
0.0387480778
0
0
0
0.04072661926
0.01212658724
0
0.01715226988
0.04111016076
0.01809008226
0.04399941895
0
0
0
0.004103136055
0.008353430804
0
0.03845264091
0
0
0
0
0.0007314258355
0
0
0
0.003919671373
0
0
0.03835195391
0.02653106876
0.001687330964
0
0.01786706457
0
0
0
0
0
0
0.03919232941
0.0300006003
0
0.01646886614
0.02951532818
0
0
0.028888683
0.02552524706
0.004910192447
0
0
0.02163668443
0
0
0
0.03443860122
0
0
0.01380497148
0.02100402677
0.0383843219
0
0.03916120014
0
0.01429575285
0.04250368453
0.02372370759
0.02267701402
0
0.001246506957
0
0.02157073604
0.02865610542
0
0.02327805467
0
0
0
0.009033598369
0
0.009390377896
0
0
0
0.03403479102
0
0.009379609509
0
0.002056011952
0
0
0
0.02584391178
0
0
0
0.02009159519
0
0
0
0.005217162741
0.01401635722
0
0
0.04432804173
0.03392381666
0.01715412366
0.02772957875
0.04156606154
0
0
0
0
0.02317706591
0.03786280851
0
0
0
0
0
0
0.01493650744
0.03415782124
0.01892978229
0.01456573994
0
0.02782470616
0
0.01993298848
0
0.008466554296
0.03343785711
0
0
0
0
0.02458987684
0
0
0
0.0249844141
0.01728278369
0.002459189091
0.03671329937
0
0.007839216406
0
0.02941850306
0
0.005853797973
0
0.03881258326
0
0
0.005335348681
0
0.01267171184
0.04490083405
0
0.0006772763455
0.04185589681
0.007045486306
0.0007372600772
0.001965401508
0.04125813078
0.02690140098
0
0.01123464059
0.01182752174
0.03054832757
0.01959394163
0
0
0
0
0
0.03064116454
0
0.03681373658
0
0
0
0
0.01325926418
0.0001808898898
0
0.04684949764
0.02717285238
0
0
0.01337358754
0.01025461745
0
0
0
0
0
0
0.008589273802
0.01108836535
0
0
0
0.01805133299
0
0
0.03084283988
0.00949723153
0.02609690703
0.05054875576
0
0.01935295114
0.02183824204
0.02216664795
0.01051509363
0
0.02933725192
0
0
0
0
0
0
0
0.009353880642
0
0
0
0.02932546903
0.02634723626
0
0
0.01565791685
0
0.02475034368
0
0
0
0
0.03875657114
0.04389164439
0
0
0.008494986648
0
0.01738245235
0.05042037662
0.03200472745
0.02522378264
0
0
0.00236979149
0
0
0
0.05355969541
0
0
0.01142264901
0.03255540415
0.02316957597
0
0.01617329793
0.01224229664
0.001777291879
0.03962071539
0
0.003318351805
0
0
0.006936030654
0.04482019222
0.0429184544
0.0043234949
0.01029788219
0
0
0
0.004999528829
0
0
0
0
0
0.01231051143
0.01697729701
0
0.02498278271
0.007474110202
0.02280690421
0.02835169521
0
0.0008390303279
0.02812884301
0.01487549027
0.02942447454
0.005571173075
0.01142513572
0.0001419392806
0.0194921708
0
0.01364239345
0.01160057689
0.0155648839
0
0
0
0
0
0
0.02665839304
0.022133
0
0
0
0.0326807407
0.01964998004
0.01247784895
0
0.004000583792
0
0
0
0
0
0.0251086798
0
0.02229413415
0
0
0.005519931856
0
0.01109451024
0.04399357534
0.02001099947
0.00811126467
0
0.03967731238
0.01720011768
0
0
0
0.008745555368
0
0.02826706069
0
0.0008581970112
0
0.005415829532
0.01156766995
0.01971199764
0
0.02900638781
0.03854869231
0.002854803962
0
0
0
0.04010582944
0
0
0
0.009908483922
0
0
0
0.02711009143
0
0
0
0
0
0.004239372366
0
0.008114453205
0.0339028018
0
0.01928213895
0
0.03464829631
0.04321272869
0
0.0384296957
0.02100479614
0.01315514507
0.004250144477
0.03080462909
0.00610465978
0
0.03022339603
0.04063511919
0.02437300092
0
0.006673931556
0.01061999715
0
0
0
0
0
0.02487133352
0
0.01926045438
0
0
0
0.02533416973
0
0
0.02238693063
0
0.03865403833
0.03752307812
0
0
0
0.01807805356
0
0.003046864446
0.007590698018
0
0
0
0
0
0.004591283698
0.009548605534
0
0
0
0
0
0.03141776123
0
0.05376937791
0
0
0.02968584579
0
0.01330399256
0.002660382371
0.003606916968
0
0
0.01245907832
0.01399041115
0.0470744042
0.01576720229
0.05408663665
0
0
0
0
0.03089406699
0.01255439657
0.02922301312
0.01294393218
0
0.02965828434
0
0
0
0.001431977595
0.0303710954
0
0
0
0
0
0
0.00895096951
0.04093139997
0.04063283081
0.04224762645
0
0
0.008789345064
0.002448467255
0
0.01396389381
0.007058239498
0.01109693114
0.0344111327
0
0
0
0
0.01295202935
0.03096487015
0
0
0.01015126769
0.02091001435
0
0
0
0
0
0.04627822493
0
0
0.01570353715
0
0
0
0.009724252974
0
0
0.009499550366
0.006397839007
0.005428622408
0.02749843713
0.001051842083
0.03584706451
0
0.02806716193
0
0
0.04351344394
0
0.0313331983
0.04639151291
0
0.04675654561
0.0396609407
0
0
0.02878739181
0.02718573446
0.04147875059
0.01195683563
0.001210287635
0
0
0
0.03567039068
0.001472186945
0.003408152029
0
0
0.01287477606
0.02634807583
0.03307743409
0
0.01736492421
0.007341808997
0
0
0
0.02704247596
0.02428718252
0
0
0.01653896651
0.004750005976
0.01418793024
0
0
0
0.02614657487
0
0.03303763759
0
0.001647260518
0.02537176185
0
0.01116237223
0.01332144592
0.01035129333
0
0
0.009945564792
0.0009702594382
0
0
0.02799369905
0
0
0.01406150175
0.006065694113
0
0
0
0
0.01681126888
0
0
0.04384866414
0
0
0
0
0.01728367603
0
0
0.003125890714
0
0.007941759756
0.02514148345
0.04523938037
0
0
0
0.03714374408
0.01246984514
0
0.002475415863
0.0381328592
0
0.04144346734
0
0.006186886464
0
0.003435026873
0
0.02430637957
0.04153318776
0
0
0
0
0.02103324072
0
0.005289094147
0.002691865776
0.001354348286
0
0.01738871066
0.04315516939
0.04401576702
0.01148121671
0
0
0.01482223679
0
0
0
0
0
0.01821457791
0.01356626476
0
0.03752684627
0.0162214536
0
0
0.01711855036
0.001011670702
0
0
0
0.009252543828
0
0.008368552339
0
0.03291825705
0
0
0.02037905458
0.02041846742
0.01415229385
0
0.0326215238
0
0.01457891244
0.01585405369
0.04467276425
0.02798674488
0
0
0
0.01792872977
0.02722312869
0
0.008681977278
0.01956414782
0
0
0
0
0.02054218539
0
0
0
0.05025798309
0
0
0.004700915972
0.03113638371
0
0
0
0.04172824297
0.02186340624
0
0.01075447452
0.0041468874
0
0.01940772477
0.02177001077
0
0.04180593207
0
0.002290158469
0.03899872025
0.007810865375
0
0.02135889669
0
0
0.019676839
0
0
0.0001091306216
0
0.05341801184
0.006144120444
0
0.009104953533
0
0
0.03421218554
0.02442966026
0.03158074163
0.001864233437
0
0
0.02164095607
0.02089166451
0.02691125023
0.01582462122
0
0
0.0327699444
0
0.01746735747
0
0.001664624872
0
0
0
0.003366717553
0.03441595516
0
0.03310400645
0
0
0
0
0.04150910007
0.004934410109
0
0.005367524755
0.01946223747
0.02167991529
0
0.01117329981
0
0
0
0
0.02449493934
0.007310645088
0
0.01813282773
0
0.04597473267
0.01151630169
0.01704135246
0
0
0
0
0
0
0.01248641071
0
0.008623798765
0
0.02130782232
0.002439259539
0
0
0.03054423047
0.03963159829
0.03488172191
0.02730410785
0
0
0.00256962158
0
0.008799596346
0
0
0.019354233
0.009018116851
0.0279439949
0.0227566529
0
0
0.01253322813
0
0.0002098903206
0.01103765288
0.000351137367
0
0
0.008522542672
0.0155988666
0
0
0
0.01127168977
0
0.04510982223
0
0
0.03160512916
0
0.04030966946
0
0
0.004235007182
0
0
0.02462769112
0.0226640016
0
0
0
0.01024010771
0.02543500402
0.02515588981
0
0.005045326021
0
0.02193418884
0
0.007420624865
0.03277142536
0.008692902818
0
0
0.02889517524
0
0.01865561031
0.004798864735
0.01192451168
0.006410662553
0
0
0.0291703319
0.01855663877
0
0
0
0
0.03285023067
0
0.004730251175
0.03092025901
0
0.006049723461
0.009030518276
0.002732813235
0.0316020329
0
0.01028197507
0
0.04423521067
0.03006613141
0
0
0.01149082548
0.03680627977
0
0.03663255547
0.001135404769
0.02048661977
0
0.0004000314693
0.04676883619
0
0.007968662717
0
0
0.004211976601
0.03080192537
0
0
0
0
0.02155225381
0
0
0
0.0001760804464
0.008486842584
0.01571934593
0.04416491728
0
0
0
0.03801029781
0.02680324512
0
0.00897888679
0.04785936639
0.0123744192
0.03659233799
0
0
0
0.005815342478
0
0.01519949093
0.03574055876
0
0
0
0
0.01794189573
0
0.003376772848
0.001575417411
0
0
0.006728858251
0.04545892231
0.03675205185
0.0122274271
0
0.001280652861
0.008738725929
0
0
0
0
0
0.02201941337
0.02107322757
0
0.03247365954
0.02995533119
0
0
0.01028249725
0.01401851718
0
0
0
0.02317261452
0
0
0
0.02405623987
0
0
0.00832325474
0.0175549657
0.03180810559
0
0.03691397942
0
0.02428142473
0.02905390581
0.03942186284
0.02981898278
0
0
0
0.01226392199
0.01993294851
0
0.01210130771
0.001545086294
0
0
0.01048219415
0
0.009280015634
0
0
0.00686221972
0.04673631211
0
0
0.01124579358
0.02537705914
0.03615154887
0.04007932136
0.02634972973
0
0
0.01443922308
0
0
0
0.01396102563
0
0.01401120738
0
0.02534480988
0
0
0
0
0
0
0.003776000847
0.02218083983
0.05318593752
0.02506161703
0.005612606608
0
0.006167694863
0
0
0.0384251565
0
0.02764579435
0.001154220836
0
0.007385360048
0.005610092374
0
0
0.009316821063
0
0.008745753023
0
0
0
0.0005293905082
0.03207899836
0.02711937408
0
0.04516847224
0.01107257707
0
0
0.0189463434
0
0
0.03537457514
0.008989862782
0.01592643088
0
0.01762621219
0.01880673993
0.02198332183
0
0
0.04629111699
0.01755857109
0.01656353553
0
0
0.0165713646
0
0
0.02642834913
0
0.02030378387
0
0
0
0
0.01270956563
0
0
0.02246512005
0.01879857884
0.02941599911
0
0.02940194463
0
0.005303183633
0
0.03547581185
0.007467103769
0
0.02039605932
0
0
0.0107150609
0
0
0
0
0
0
0.02209226607
0.05527432503
0
0.01420164246
0.06369722538
0.007573325233
0
0.02913486858
0
0.03025910533
0.002233113573
0.02612628579
0.0529724366
0.00199910563
0
0.02884907884
0
0
0.01679116704
0
0
0
0
0.02046728057
0.01092027633
0.0002196813834
0
0
0
0
0.04768566
0
0
0.0009644867799
0.01853226881
0
0
0
0.003746513023
0
0.0233948455
0.05018781781
0
0
0
0
0.01004902716
0
0
0
0
0.008325360043
0.01181573797
0
0
0.000583174761
0
0.01332153264
0
0.005899719703
0.04051367745
0
0.01918540178
0
0.03847138181
0
0.0103769034
0
0.01230477016
0
0.03803109885
0
0
0
0.03156458879
0
0.01088959256
0.002811936929
0
0
0
0
0.01308208814
0
0.009211635693
0.04124805008
0
0.01431066603
0.01444346479
0.007347516916
0.02508047462
0.06594377402
0.01715058904
0.0007563799099
0.01130334959
0
0.00819848719
0.003766114799
0
0.01921012907
0.002961238604
0
0.01897817326
0
0.01762873898
0.001640763215
0
0
0.0320970212
0.01239099646
0.01925435678
0
0.01065446533
0.02758954082
0.002555547702
0
0.02418461418
0
0.008609028418
0
0.01751938436
0.009280055146
0.03936849704
0
0
0.01238722236
0
0.01500573595
0.01716070131
0
0.03041193907
0.004526055823
0.009028779578
0
0.03867936377
0
0
0
0.002955545614
0.04178025892
0
0
0
0.006727231438
0.04151448925
0
0.02031253115
0
0.007399213853
0.02032189774
0
0.01476719906
0
0.02707505791
0
0.01235519826
0
0.004833789885
0
0.02019166679
0.006643621705
0
0.003922386784
0
0.009791344092
0.04361466857
0
0
0.01632817207
0.009513525321
0
0.02541987963
0.01411199839
0.009376349191
0
0
0.02480105802
0.03539254172
0.03889618453
0
0
0.01648550991
0
0
0.04184066464
0.016255537
0.02462606143
0
0
0.02313272331
0
0.004467013897
0
0.01303732684
0
0
0.01788992208
0.002759171212
0
0
0.03548420605
0.02518699919
0.01540211065
0.03846676189
0.03144475372
0.02733320985
0
0.0137209537
0
0.04334147049
0.009651390897
0.006632062567
0.02611680835
0
0
0.01048436048
0
0
0.03360627212
0
0
0
0
0.03985721865
0
0.02006834053
0
0.004520725529
0
0.008087961471
0.03181386265
0.005132153926
0
0.01458344985
0
0.02498201758
0
0
0.02988655891
0.007148160469
0
0.03771970657
0
0.01565392446
0
0.01147921646
0.03084868948
0
0
0
0.01820342449
0.004578438056
0.01382741505
0
0
0
0
0.02499512069
0.01956208061
0.007095740947
0.04305482133
0.001528567442
0.001473883519
0
0.003033016917
0
0.003858858936
0
0
0.002567015548
0.002829309634
0
0.001553601999
0
0.02214818822
0.01480590753
0.02016581924
0.006206079877
0
0
0
0
0.00757287593
0.01338642762
0
0.02902222425
0
0.02203850278
0.02113001556
0.001039862494
0.008496978614
0.04700120894
0.006484847137
0.009134833672
0.04102656015
0.01844401487
0
0.01427349934
0.03232156728
0.03649307811
0
0
0.002986958708
0
0
0
0.01286616714
0
0.009610103573
0
0
0
0
0
0.01281593929
0
0.01990381352
0.02888889858
0
0.03042029589
0.04174580382
0.02091604364
0.01538659684
0
0.005027747753
0.005997045706
0.01244440693
0.01861439939
0.009137827834
0
0
0
0.01936994501
0.01153598793
0
0
0.006410454582
0.01010983021
0
0
0.008047056762
0
0.03463316948
0
0.009597763194
0
0
0.03071404452
0.03332668647
0.003318271581
0
0
0
0.03765672752
0.04293854835
0.01276726307
0.02223595986
0
0.004866392428
0
0
0
0
0.04345508181
0
0.007192575663
0.005283842845
0.03599417896
0.004829428746
0
0
0.03063922188
0
0.02398646833
0
0.0005472200497
0
0.004987004582
0.02617433608
0.03006146269
0.02386029028
0.02817764044
0.01033528184
0.009951838973
0.005390188089
0
0.009368413856
0
0
0.01378182189
0
0
0
0.01342284071
0
0.02624623004
0
0
0.01197389613
0.01235837633
0.02121327083
0
0.002163291257
0.02477698269
0
0.03228040518
0.03795154515
0.005699479873
0
0
0
0.004731335306
0
0
0
0.01046492366
0.0100593715
0.007308294884
0
0.009460995897
0.002417031661
0.0132212374
0.006411372474
0.0123606744
0
0.02190838645
0.01481692873
0.01586744869
0.01111621386
0.028781141
0
0.01933007265
0.03243390912
0.02038647072
0
0.03720979529
0.01743287035
0.02072241609
0.03541730706
0.0130660445
0
0
0
0.01707339216
0.006696371667
0
0.0007199061665
0.01545929729
0.0139528101
0
0.03412383077
0.02438828619
0
0.01537397708
0.001658785289
0
0
0
0.03169598214
0.02579657368
0.001085442902
0
0
0.0180902062
0
0.005793006118
0
0.04097147614
0.005582247503
0
0
0
0.02430111423
0.009913962348
0
0.03837407236
0
0.01912905132
0.004639597729
0
0
0
0.01569314953
0.03203386066
0
0
0.02991787923
0
0.01005001914
0.002103944547
0
0
0.002371197635
0.03433078496
0.02352169305
0
0
0
0
0
0.00273841863
0
0.009600577922
0.009977074941
0.03848742422
0.02496443804
0
0.008885480583
0.002370580156
0
0
0.02152318477
0.01543082673
0
0
0.02273831369
0.01528222041
0
0
0
0
0
0.04435560684
0
0
0.02713459152
0
0.0345577957
0
0
0.009980106545
0
0
0.02238080544
0.02105907885
0
0
0
0.01314155827
0.02117171663
0.02806398104
0
0
0
0.0132058347
0
0.0009944606635
0.03442875954
0.007276191173
0
0
0.03664502375
0
0.005761727221
0.000139899899
0.01565026506
0.002101090059
0
0
0.03538601079
0.02168508199
0
0
0
0
0.031097792
0
0
0.03986818627
0
0.01871924626
0
0.007397271427
0.03625563912
0
0.01518571214
0
0.04418525642
0.02006096197
0
0
0
0.04008898535
0
0.03443099284
0.001267145758
0.0204665355
0
0.002678488989
0.04324531402
0
0.02008186816
0
0
0.01142584201
0.01766728907
0
0
0
0
0.01237570983
0.007689695815
0
0
0.00217691736
0
0.002489677867
0.04246480314
0
0
0
0.03420270983
0.03876389111
0.00274192037
0.03454022755
0.04909974618
0.02002694288
0.04257112089
0
0
0
0.01332925133
0
0.007036691563
0.04158935264
0
0
0
0
0.01179186275
0
0.002150260603
0
0
0
0
0.05140940749
0.03934640206
0
0
0.003902419476
0.008069125558
0
0
0
0
0
0.01310683762
0.02805282546
0
0.01919624028
0.02164933323
0
0
0.0117609873
0.03638803958
0
0
0
0.0133685387
0
0
0.004649327739
0.0228419963
0.01111477077
0
0.003293078274
0.003198530711
0.03701801407
0
0.04517709368
0
0.02220220398
0.03181824364
0.04331440215
0.01131421837
0
0
0
0.02903783552
0.03409422333
0
0
0
0
0
0.001043053794
0
0
0
0
0.005282362055
0.05421657609
0.03817949247
0.01580180716
0.0323412551
0
0
0.01463129535
0
0.002614695289
0
0.0004518918583
0.02269256653
0.007109516743
0.0338653343
0.005346247699
0.02783699083
0
0
0
0.03620979707
0
0
0
0.02344520712
0
0.02102151081
0
0
0
0
0.01354482959
0
0.02108795911
0.02732414523
0
0.03100552525
0
0
0
0
0
0.0378529104
0
0.01483105083
0.008934227002
0.002232021543
0.02206315744
0
0.02266572999
0.001988291344
0.01446659232
0
0
0
0
0.04417906953
0.00799742228
0
0.01521189109
0.02789685553
0
0
0.02318444819
0
0.001041576708
0
0.005117116013
0.02367540853
0.0132677633
0
0
0.02211882335
0
0
0.0216420216
0.02380180594
0.02173192881
0
0.02192181461
0
0.002071621744
0.02873341627
0.00590423109
0.03086991338
0
0.02097053297
0
0
0.003802738869
0
0.04451605202
0.01487891712
0
0
0.01134771601
0
0.02973489321
0.02580453235
0
0.001979374979
0.007054066146
0
0
0
0.03529446276
0.02601186909
0.01203280662
0.03105460528
0.0013061756
0
0.02203234309
0.003094848624
0
0
0.01620980899
0
0.02364022961
0.02113975038
0.02805729298
0
0
0.01745203367
0
0
0
0
0.02862647539
0.02027669366
0.02268929138
0.01661887869
0
0.005851276384
0
0.005169981635
0.03871028873
0
0.04108818481
0.01586402173
0.008961451987
0.02563311212
0.02348239934
0
0.00578210875
0.01348992134
0
0
0.003012104804
0.02113267682
0
0
0
0.0392397974
0.02710665388
0.02186635836
0.02729697877
0
0
0.03101401654
0
0
0.01796947406
0.02355321282
0
0
0
0.02787474296
0.02820993749
0
0
0.01037025903
0.01183870991
0
0
0.007522182659
0
0.004487200031
0
0.0339661149
0
0.02526494537
0.00199128709
0
0
0
0.03206760931
0
0.01854454231
0
0
0.02275199566
0
0.01383096148
0.0002727138112
0.0111889684
0.005874320112
0.0221819234
0
0
0
0
0
0.03030157053
0.04219074661
0
0
0
0
0.005166118382
0
0
0.00576731663
0
0.02308082328
0.01098664154
0
0.00303346315
0.009685254531
0
0
0.01915056315
0
0
0.01046299482
0.01307317333
0.0216093265
0.008478599116
0
0
0.01401892879
0
0.04488617323
0
0.003711781165
0.01874893348
0
0.03335002707
0
0
0
0
0
0.01873339758
0.02237615654
0
0
0
0
0.01239679135
0.03472542375
0
0.01235087118
0
0.01206263325
0
0
0.04261875515
0.02050590329
0
0
0.02733871571
0
0.01713913632
0.02146669418
0.02806424302
0.01985947649
0
0
0.02463925908
0.004173099679
0
0
0.006632385655
0
0.0289071724
0.0006690086569
0.006253065055
0.03875728586
0
0.01791586582
0.01047468448
0
0.04340518557
0
0.004278503181
0
0.03556721107
0.0271902845
0
0.00118563475
0.01067546896
0.03666807451
0
0.03770083135
0
0.01468377944
0
0
0.04288256686
0
0
0
0
0
0
0.03235170465
0
0
0
0
0.02955494623
0
0
0.009121269822
0
0
0
0.03350464703
0.01818654152
0.02274406756
0
0.02870531129
0.0596735165
0.0436884655
0
0.01435751864
0
0.01462857411
0
0.003366443031
0.01802899621
0
0
0
0
0.005884232066
0
0.01165842389
0
0.043270916
0.0109836927
0
0
0.04597087036
0
0
0
0
0.004464661007
0
0
0
0
0.01237083986
0
0
0
0.001976329194
0.04407105253
0
0
0.03634879754
0
0
0.03549522112
0.01118048876
0.03841959631
0
0
0
0.009634671412
0.05997256612
0
0.05808275722
0.01415487519
0
0
0
0.04214138082
0
0.02124092077
0
0
0
0
0.0388842196
0
0.00779642892
0.01632079511
0.005189806232
0.006434951492
0
0
0.02932910089
0.03092822256
0
0.0236742612
0
0
0.002009865561
0.004198053457
0
0.0411626402
0.001075306762
0.0315089104
0
0.01548666013
0.03164747272
0
0
0.01627851907
0.01293948182
0.02388162441
0.01561248424
0.02043598165
0
0.0287345816
0
0
0
0.03708614512
0
0
0
0.004016424194
0
0.01505262045
0
0.00864452174
0
0
0
0.0008470666763
0.03195607702
0.0245195364
0
0.02828821075
0
0
0
0
0
0.0422793067
0
0.006443830028
0
0
0.002560273995
0
0.03950656331
0.0296337473
0.03489046272
0
0
0.01718409046
0
0.03136700651
0
0
0
0
0
0
0.02736187955
0
0.02313745906
0
0.002320829286
0
0.026421054
0.01271980336
0
0.01328139815
0
0
0.04734006163
0
0
0
0.02838312839
0
0
0.001444242047
0.01411435595
0.004309047799
0
0
0
0
0.01452903831
0.00154943231
0.03926256473
0.01863276291
0
0.002161882174
0
0.001875058295
0.0473219574
0.02510955053
0.03620974539
0.01318611616
0.006289086175
0.01307493176
0
0
0.02360206969
0.01476843044
0
0
0.03078219833
0.01061900311
0.02560218884
0.03862563129
0.0185237381
0.02830615539
0.007130119337
0
0
0.04154477649
0.01746679297
0
0.01136856928
0
0
0
0
0
0.03680746225
0
0
0
0
0.0331814186
0
0.02675456036
0.00709012128
0.01187784329
0.01209326244
0.01240384471
0.02626417254
0.01213276954
0.0005740162579
0.01639275257
0
0.02991765856
0
0
0.03165447389
0.017905044
0
0.02283738061
0
0.0280465003
0.008174877349
0.01608542769
0.03820141879
0
0
0
0.01638112899
0.002042818182
0.010674546
0
0
0
0
0.02527239378
0.03152072296
0.006904527422
0.03858008186
0
0
0
0
0
0
0
0
0.009381422072
0
0
0.003412972205
0
0.00627096728
0.01459437692
0.02541814114
0.01202758377
0
0
0
0
0.004251480942
0.01959544183
0
0.02527639543
0.003826851839
0.02181140846
0.01498855993
0.005243147286
0.0003038777732
0.03241154388
0
0.02548443284
0.01555158141
0.01393551316
0
0
0.0015657227
0
0
0.03694149367
0
0
0.03500075076
0
0
0.03763129186
0
0
0
0.04605029155
0.009146860091
0
0.01330420572
0.02055754549
0
0.02382415412
0
0
0
0
0
0
0.04484105542
0
0
0.0079460014
0
0
0
0
0
0.017757552
0.003132066912
0
0
0
0
0
0.05416472664
0.0331851055
0.02242678066
0
0
0
0
0.0322284856
0
0
0
0
0
0
0.0286200762
0.01970840449
0.03693069089
0
0
0
0.01339154728
0.005684993791
0
0.007498569114
0.02125452911
0
0.04255767426
0
0.01602076002
0
0.05309490272
0
0
0.01849632867
0.02278980168
0
0
0
0
0.01247317785
0.02944195161
0
0.03186626158
0
0.004808429731
0.007966033174
0
0
0.03018835708
0.01881023398
0.04113940604
0.02349673653
0.0190855167
0
0.0192648984
0.01430700822
0.006207170816
0.002205879115
0.01532272942
0.03294213034
0
0
0
0
0
0
0.03642171807
0
0.002925421702
0
0
0
0
0.005924417373
0.0135618235
0
0.02639949816
0.02285492207
0
0.03487392613
0.03175492568
0.04279324135
0.0003042388703
0
0
0
0.0370441729
0
0.02843017239
0.02643273592
0
0.02743978502
0.04071531498
0
0
0.01073925839
0.02363309537
0.03328133258
0
0.00321083419
0
0
0.008308266167
0.01855489251
0.01192183258
0
0
0.001638634714
0.03594849508
0.0253182331
0.01239599278
0
0
0.03384560626
0.02024668668
0.005802884585
0
0
0.01400287847
0
0
0.004760886006
0
0.03706792595
0
0.006164978451
0
0.04046789669
0
0.01590987211
0
0.02654388925
0.01668646462
0.008161731657
0
0.005856851896
0
0
0.01718347716
0.02916235848
0.01678385115
0.01242969477
0
0.01746202391
0
0
0.01838304401
0
0
0
0
0
0
0.01786533916
0.00252147263
0
0.01112794842
0.04078699132
0.02637158609
0.03476179579
0
0
0.04255977026
0.01066207465
0.0006346089286
0.005577894286
0
0
0.03411791589
0.004871181709
0.03714453552
0
0
0.002388050678
0
0
0
0
0.02502922242
0.01079555993
0.03122108389
0
0.01210675269
0
0
0.02852200409
0.01406699251
0.03077050799
0.02453712651
0
0.005724840711
0
0.0009913237836
0.0172558514
0.01966155507
0.0006219361285
0
0
0
0.02213275461
0.004318301514
0
0.02164011041
0.01932080641
0.02968493243
0.02510310534
0.03512676491
0
0
0.01050582231
0
0
0.0009468499675
0.02716906959
0
0
0.01058109613
0.002909330596
0.02167678175
0
0.01716975545
0
0
0
0
0.01201350738
0
0
0
0.007553988671
0
0.02955770888
0
0
0
0
0.02133683269
0.01545453956
0.02980674558
0
0
0.03953084455
0.004410896392
0.004485771758
0.02073868311
0.02179325036
0
0.01672589483
1.04E-05
0.02939242443
0.006207157325
0
0
0.001923003761
0
0.04397885423
0.005353596599
0.001420623212
0.02090180369
0
0.02106322268
0
0
0.02660590557
0
0.02105943504
0.04332230759
0.02185126487
0
0.0051818524
0
0.01242333929
0
0
0
0.007817737167
0
0.01735362156
0.001071915119
0.03048251755
0
0.002428987361
0
0.0384248972
0.01632193794
0.005148296268
0.02112628264
0
0.004651145702
0.03229413554
0
0.02062286481
0.01904789719
0.01580937298
0
0.04506583212
0.02059017368
0.03650677362
0.0266967329
0
0
0.01285979656
0.002608963448
0.02068369932
0
0.01242982281
0
0
0
0
0.04313957168
0
0.006325910257
0
0.004542405388
0
0
0.003820015761
0.03303818342
0
0.000620182858
0.02193436362
0
0.02353019146
0
0
0.01796743428
0.02700159293
0
0
0
0
0.007650890101
0
0.02873015575
0.02926890007
0
0
0
0.0001741573119
0.005783009142
0
0.002140932627
0.04998828899
0
0
0.0004901298492
0.003251087381
0.02817862353
0
0
0
0.02729536119
0
0
0.01514845065
0.003320003231
0
0
0
0.04156962669
0
0
0.01899557181
0
0.02670994574
0.0373010694
0.01388949795
0
0.01539922532
0
0.005285365525
0.01909428684
0
0
0.02866346852
0.01711448118
0.001875640041
0
0
0
0.01862260199
0.004619008353
0.02649567397
0
0.004684899098
0.009378765501
0
0.005947874831
0.04136617794
0
0.03268943051
0.03212489716
0
0
0.03329104743
0.03137907476
0.02867549751
0.03846951435
0.01555038468
0
0
0
0.01531266351
0.002671604747
0
0
0.0003748070443
0.01420158167
0
0.04319847566
0.03381777698
0
0
0
0
0
0.003171199634
0.01920096072
0.03516884258
0
0
0
0.00279402898
0
0.01052872869
0
0.03062455653
0.0164807651
0
0
0
0.04128541427
0.009723590452
0.01567298182
0.04177255061
0
0.01681308788
0
0
0
0
0.002602234277
0.01816562605
0
0
0.03545504819
0
0
0
0
0.004276088317
0.0190259053
0.02873613635
0
0.0282363773
0.003559248531
0.02778511979
0.03399437326
0.00560947094
0.01186131498
0
0.02635377686
0.04301843429
0
0.03437147325
0.02114668128
0.007969504236
0
0.0115152715
0.006531104789
0.007581102412
0
0
0
0
0
0
0.02014837253
0.02114017157
0
0
0
0.02655895947
0
0.03488504409
0.01168918541
0.02512315307
0.007027951014
0.008177927602
0
0.0003644443029
0.003886866513
0.03823404818
0
0.04135279536
0
0
0.02988666716
0
0
0.01814441288
0.01596368066
0.02262287397
0
0.02671813046
0.02521549385
0.003624212415
0
0
0.02224741217
0
0.001108743195
0
0
0
0
0
0.04204750133
0
0.02966246143
0.01358813061
0
0.001608763402
0
0
0.02241219365
0.01178472911
0
0
0
0
0
0
0.006779403257
0.02100446045
0
0.001758946267
0
0
0
0.0020247673
0.02000191676
0.04549461546
0
0.001041869302
0
0.01358688713
0.037490719
0.01001332712
0.01024348388
0.007065888934
0
0.01862463691
0.02862555337
0
0
0.02170489433
0.02742532883
0.004112798574
0
0.02587496223
0.01217374928
0
0.0114987507
0
0
0
0.02063016062
0
0.0173893377
0.013162224
0
0
0.02177789562
0
0
0.0150042823
0
0.01264774552
0.01960187683
0
0
0
0.02404778715
0
0
0.01572107348
0
0
0
0
0
0.01275153671
0.02000003268
0
0
0
0
0
0.04981037066
0.00992539038
0.04727477868
0
0
0.02136171341
0
0.02126647035
0
0
0
0
0.005588033488
0
0.0397047235
0.02015065319
0.05628491489
0
0
0
0.0006089520187
0.01911364398
0.01159224747
0.01255456649
0.02479055075
0
0.03593116022
0
0
0
0.02118749111
0.01487509508
0
0.004585349996
0
0
0
0
0.002473340089
0.02638532551
0.03306192979
0.03198161894
0.01458697473
0
0.01977562295
0.01621368788
0
0.01077668556
0.01544850609
0.02577885417
0.0441367218
0
0
0.03071731815
0.02759783638
0
0
0.0147078751
0.01618477047
0.02717406888
0
0
0.02293929104
0.01064097678
0.001349791205
0.02279533574
0
0
0.01292144405
0
0.001586596304
0.0007505406721
0
0
0
0
0.01626237784
0
0
0
0.02635756548
0.0004601590813
0.03642802375
0
0
0.03317309369
0
0.04057887779
0.004073699253
0
0
0
0.01097277315
0.0269516606
0.008104462615
0.002453029834
0
0
0.01292026788
0.02447986135
0.01213714559
0
0.01566984906
0
0.02544245389
0
0.008469376906
0.03069771626
0.01521059498
0
0
0.02065631181
0
0.03266439222
0.01378351022
0.001331301105
0.004338900832
0
0.01126401292
0.02222904165
0.00771133868
0
0
0.008026640291
0
0.02698239142
0
0.02313731329
0.0168273099
0
0
0.01952925405
0.003520640629
0.02464183518
0
0.01363942013
0
0.03731595714
0.03408437456
0
0
0.02123835438
0.02970087148
0
0.02324239255
0
0.02347303969
0
0.001408111305
0.03904445081
0
0
0
0.04118637148
0
0
0
0.02136577592
0.009364663643
0.00463122321
0.008138170342
0.003974597788
0.03800459974
0.03551181641
0.03234869743
0.03586485234
0
0
0.00808770318
0.01255515164
0.01705607034
0.005975228204
0
0
0
0
0
0
0.01738609166
0
0
0
0.02125521538
0
0
0.04569495029
0
0.04337380991
0
0
0.01495045105
0
0
0.03686273303
0.01061977604
0.01141408301
0
0
0.0250185208
0.02413634717
0.01586110951
0.009738193886
0.004349319933
0.002557167706
0.01733426104
0.005005518717
0.03417605293
0.01270773608
0
0
0
0.01437216489
0
0.003993353474
0
0
0
0
0.01876810962
0.01730304781
0.04361730117
0
0
0
0
0.0138551655
0.00383378022
0
0.00208503809
0
0
0
0
0
0
0.01254739607
0.006395196037
0.03580850622
0.01412618241
0
0
0.01002339727
0.03408112436
0.003332151384
0.01710120154
0.02119523835
0.008278829039
0
0.01922954307
0.04269241148
0.004557787306
0.02629681488
0
0
0
0
0.007373901738
0
0
0
0
0.0585303326
0.001145513949
0
0.05521828469
0
0
0
0.02576802145
0.01936461377
0.02570156476
0
0.04117907078
0.03526531103
0.02456172559
0.001019734542
0
0
0.01909378202
0
0
0
0.006753067296
0
0
0
0
0
0
0
0.0555783508
0
0
0
0.05319910088
0
0
0
0
0
0.02716652027
0.02819775315
0
0
0
0.000220025907
0.009110684429
0
0
0.005082697662
0
0
0.02426511188
0
0
0.02800673707
0.02133426487
0.02025034009
0
0
0.01761202143
0
0.04786472304
0
0.06587685586
0.007594962417
0
0
0.007668551313
0.007570016068
0.02336777854
0
0
0
0.002921411399
0
0.02844276147
0
0
0
0
0
0
0
0.03949369766
0.05364117096
0
0.02401419314
0
0.008511868402
0.0284248186
0.04360865848
0
0
0.02921644549
0
0
0
0
0
0.003193782073
0
0
0
0.001342203359
0
0
0.0217495742
0
0
0
0.01762528924
0.03772164498
0.02289609602
0.04886065509
0.0406719979
0.04081820361
0.03543256031
0
0
0
0.02796892816
0.01528856308
0
0.02451622618
0
0
0
0
0.007202510441
0
0.004478039151
0.001060459742
0
0.007726644299
0
0.04737238995
0.02935865204
0
0
0.001555410894
0
0
0
0
0
0
0.01207203448
0.04315080235
0.005540659041
0.002865776887
0.0252009208
0
0
0.01040947093
0.05382924493
0.002286926442
0
0
0.01908846823
0
0
0.01029119328
0.01844285394
0.01839118267
0.01469790612
0
0.004726129605
0.04738141056
0
0.0330666244
0
0.02847046553
0.04234542657
0.01979967905
0.001628598942
0
0
0
0.032428459
0.02920919378
0
0
0
0.01013508538
0
0.01297202798
0
0
0
0
0
0.03551318288
0.01805291912
0
0.02036556221
0
0
0
0
0.01743796601
0.04255117187
0
0.02647971482
0.03503687204
0.01609931132
0
0.04447206282
0
0.01520998445
0
0.03933106413
0.02566001667
0
0
0.02570016562
0
0.001325222163
0.009841997474
0
0
0
0
0.03509394008
0.0330632593
0.00372838163
0
0
0
0
0.009734854508
0
0
0.01876329857
0
0.009599823374
0
0
0.01025115202
0
0.02209810393
0.05632030035
0
0
0
0.009959227225
0.0002315612018
0.001577065373
0
0
0.01377944475
0
0.01500953699
0
0
0
0
0.003101006927
0
0
0.03436107486
0.01758450255
0.001583195546
0
0.01150926977
0
0.03688567429
0
0
0
0.04003950341
0
0
0
0.04689138209
0.007705964382
0
0
0
0
0.002442168394
0
0.01974848639
0.009883335558
0
0.01847756893
0
0.01604014142
0.04124960115
0
0.03458894023
0.04763613518
0.03349806891
0.01831379842
0
0
0.0007441602151
0
0
0
0.02743747723
0.01700112203
0.01681765152
0.02176478915
0.04958562425
0.02459763572
0
0.001006227951
0.005575817714
0.03047175449
0.009026783041
0.003313629861
0.03709185735
0.007598790796
0
0.0176095687
0.0007132214425
0
0.01615132645
0
0
0
0.02791261686
0.004803208124
0
0.02370336255
0
0.01820200157
0
0
0.04478218187
0
0
0.008494765767
0.02619687583
0
0
0
0.0231410591
0.03195882742
0.004811334733
0.01316528349
0
0
0.01886849372
0
0.02595929224
0
0
0
0
0.02693175517
0
0
0
0
0
0.006547376778
0
0.03005531316
0.03817834256
0
0
0
0.01195866124
0.02786519729
0
0
0.02056831224
0
0.004894080421
0
0.01302289559
0.003725215118
0
0.01143556463
0.0191362343
0.03771496395
0.008907187713
0
0
0
0.01780667082
0
0.0271151895
0.02886860609
0.01695351126
0
0
0.0261195852
0
0.04537479733
0
0
0
0.0001004341262
0.03330170418
0.01461742305
0.01606205779
0.01015165123
0
0.01348644856
0
0
0
0
0.006971190901
0
0.01279356964
0.001821818974
0.01895124213
0
0
0.02088692215
0.02382497647
0
0
0.01018759191
0.01726129394
0.04522878984
0.01407726055
0.01603986688
0
0.008415005611
0.007319685627
0
0.03552177988
0
0.02178052805
0.004510894864
0
0.01440513424
0.0002171541698
0
0
0
0
0.01960826278
0
0
0
0.003947995379
0.01606264281
0.01833089117
0
0.03595058668
0
0
0
0.03180022473
0
0
0.0506857599
0
0.01020845249
0.0006214259677
0.01950974944
0.03246408993
0
0
0
0.05276330812
0.04220180709
0.01323831778
0.02319931868
0
0.00840545059
0
0
0.03996890805
0
0.01661728319
0
0
0.007387389438
0
0.01823994324
0
0
0.03722157922
0.03131215525
0.0163258546
0
0.009591149786
0
0.007966733773
0
0.03888880944
0
0
0.02038867188
0
0.00915881385
0
0
0
0.0328756653
0.0154674717
0
0
0
0.03651150205
0.0209998502
0
0.02669240753
0
0
0
0.03001826636
0.0350938425
0.03996983043
0
0.01645535913
0.03030057123
5.97E-05
0
0
0
0.04081166229
0
0
0
0
0.005134323084
0
0
0.002073169776
0
0.01227676008
0
0.04655368576
0
0
0
0.035333412
0
0
0
0
0.01183816011
0
0.01836924458
0
0.01298150444
0.01411588307
0.02220868406
0.03209447026
0
0
0.01983684294
0
0
0.03365588979
0
0
0
0.003221594677
0.03747515901
0
0
0.0200268628
0.01119472062
0.04015920274
0
0.04100646396
0.003460594813
0
0
0
0.02847132934
0
0.008104088271
0
0
0
0
0.04420241509
0
0.003231905702
0
0
0.013244686
0
0
0.02049363055
0.04989270363
0
0.03871771763
0
0.001182624498
0.0170675853
0.02711858267
0
0
0
0
0.01464638451
0
0
0
0.04064415482
0
0
0.01746747249
0.007864157649
0.02333032278
0.01980613313
0
0
0.02984097504
0
0
0.02679297405
0.01028669093
0
0.01805014481
0.01901957884
0
0.006934801699
0
0
0.01427458705
0.01858452279
0.01805725397
0
0.01084813614
0.007654448033
0
0.01481387791
0.03145627355
0.02378956268
0.03065490863
0.02662641202
0
9.14E-05
0.02137964721
0.01193423665
0.00455532259
0.0348283921
0.0348757883
0
0
0
0.02046015716
0.02272844038
0
0.01338800365
0
0.005130839405
0.008473226703
0.02554780538
0.03144079588
0
0.006480690578
0
0
0
0.0145695719
0.01667255937
0.03612665037
0.009967749196
0
0
0
0
0.0278491281
0
0.01359265092
0.01597834932
0.009834774694
0
0
0.03892196577
0.003396628663
0
0.02929663567
0.01579443028
0.02960154454
0.009663238196
0
0
0
0
0.0004077514756
0.002729140562
0
0.03744391528
0
0
0
0
0.01539484249
0
0
0
0
0.03481291339
0
0
0
0.02991225534
0
0
0
0
0
0.01450496144
0
0.001094189712
0.03129041881
0
0
0.0399552266
0.044611926
0.01985042647
0.01278424273
0.02729290684
0
0.005678408309
0
0
0.03572023498
0
0.01779462123
0
0
0.01933597149
0
0.01936801255
0.03605378672
0.0334994449
0.04401790022
0.02387361672
0
0.01158850495
0
0.02671130899
0.02268229661
0
0.01696994176
0
0
0
0.01771714964
0.01248922954
0
0
0
0.01489410074
0.03781540736
0.01420200051
0.007960731351
0.01825136744
0
0
0.01523498913
0
0.0393049872
0
0.01132270189
0
0
0.03057159599
0
0.0199330633
0.01915837203
0
0
0.00957208535
0.04010673216
0
0.0002275364802
0.03774284037
0
0.01053098892
0
0.0287957476
0
0
0
0
0
0
0
0.001459127497
0.0007211264777
0.01988900112
0.002150352682
0
0
0
0.004454597186
0.01609065125
0.02549517223
0.01231607133
0
0
0.01749457975
0
0.01315627228
0
0.008658691507
0.03379787337
0.006429874402
0.0350830811
0.009950344837
0
0
0.03220245488
0.004660014512
0.02686729281
0
0.002089653954
0.009047956948
0
0
0.003103994923
0
0.0124432978
0
0.01439529412
0
0.03651428033
0
0
0.02849394634
0
0.03446525099
0.0001367785507
0
0.02664972362
0
0
0.01459158609
0.04008138411
0
0
0
0
0.03054140389
0.02087792825
0
0.003558706771
0
0.0307444944
0
0.0276617471
0.007414516631
0
0
0
0.007905874788
0
0.01646302182
0
0.005844450333
0.009861706467
0
0
0.01127543246
0.02685732558
0
0
0
0.01313987906
0.03110355619
0
0
0.01112260712
0
0
0.01817905884
0
0.007282383404
0
0
0.01621948827
0.03570885801
0.03256187746
0
0
0.02427427461
0.01938332245
0
0.04449885528
0.02897350273
0.006557326373
0
0
0.04420809269
0.00271626245
0.0169391758
0
0.01143934312
0.03689569972
0.01090637
0
0.03008365306
0.04256397453
0.03860689148
0
0
0.01527091795
0
0
0
0
0
0.02239816671
0
0.0114357584
0
0
0
0.0141634319
0
0.003540347612
0.02106311656
0
0.03724812685
0.04635225038
0.007475549311
0.00599772258
0
0.005369401811
0.006348035594
0.01162424253
0.02074195643
0.009510935661
0
0
0
0.002830013546
0.0131735697
0.002539287243
0
0
0
0
0
0.01905531924
0
0.04815190513
0
0.007215746199
0.01731863535
0
0.02285906813
0.0169179627
0.00482429338
0
0
0
0.03296790942
0.0449645156
0.009901909306
0.03807264559
0
0.002290274011
0
0
0.0117940167
0
0.03533031311
0
0
0.01610993521
0.01680227193
0
0
0
0.03616429814
0
0.009147960173
0
0
0
0
0.02434434406
0.03180280229
0.02743482419
0.04234485515
0.00658516723
0.007004150375
0.009939957633
0
0
0
0.002839342905
0.0187166194
0.01152019477
0
0
0.01095257299
0.005045429348
0
0
0
0
0
0.009056899048
0.03117711332
0.004051411195
0
0.06061627304
0.002624657171
0
0.002916436709
0.01467791815
0.01474904716
0.007050423547
0.008953490769
0.04589917033
0.02103423956
0.008111223225
0.02153378724
0.009370504779
0
0.002214433696
0
0
0
0.03635702676
0
0
0.005395487548
0
0.00924483879
0
0
0.0494424226
0
0
0
0.04636802943
0
0
0
0
0.02233781264
0.02359596044
0.01173192968
0
0
0.01345364949
0
0.008922312675
0.002387938749
0
0
0
0.02345573993
0
0
0
0.02512890496
0.0006322072323
0
0
0.02357721796
0.02595508222
0
0.01223291133
0
0.03607269801
0.03226833339
0
0
0.03490638183
0
0.02215581236
0
0.004374447955
0.01814068036
0
0
0.01352838024
0.03173589886
0.01143320618
0
0
0
0.01500304558
0
0.04618391024
0.03319628955
0.006139005971
0
0
0.02829164505
0.001379328412
0.0449364323
0
0
0.03604564328
0
0
0
0
0.01077310845
0
0.0149072253
0
0
0.01283728066
0
0
0
0.04259463832
0
0.0184989335
0
0.007942429263
0.04455378619
0.04895434072
0
0.02591603673
0
0
0
0.02588255982
0.01246166392
0.0277926297
0
0
0
0
0
0
0
0.021949528
0
0
0
0.05476276925
0
0
0
0
0.008182291548
0.01786930455
0
0.002328817806
0
0.02020363114
0
0
0
0.01855149537
0.02873224852
0
0
0.003964033845
0.01745604792
0.007196306578
0.05073199923
0.03399624212
0
0
0
0
0
0.03552945115
0
0.04564424983
0.02832410452
0
0
0.01737131031
0.01184998533
0.001799703761
0.03632172926
0
0.01654167205
0
0
0.01475290947
0.0006335185256
0.03050725685
0.02385615081
0.01388433936
0.02569601673
0
0
0.05136293303
0.01825947702
0
0
0
0.008893518381
0.003686681891
0
0
0
0
0
0.03140442845
0
0
0.02148981324
0.01545799131
0
0
0
0
0
0.03950026783
0
0.002161529741
0.01396635173
0
0
0
0.02013481017
0.002732778704
0
0.02038950174
0
0.005268001167
0.02117884657
0.01341342365
0.04147844113
0
0.01393551188
0
0
0.04415856715
0
0.03814321408
0.04141114158
0
0.04594115749
0.04320569989
0
0
0.01967141334
0.02091857939
0.03117555691
0.008215657637
0.01477219491
0
0
0
0.0360568691
0.01724626784
0
0
0
0.01941292116
0.03526656158
0.02197790672
0
0.01079055237
0.02139258345
0
0
0
0.02512340949
0.02135956761
0.002326798599
0
0.005501313886
0.006127278193
0.0089007523
0
0.00852000197
0
0.02618865888
0
0.03571554761
0
0.01596147007
0.02778079077
0
0
0.008135678057
0.01689528559
0
0.009087567149
0.008095004215
0
0
0
0.01633559512
0
0
0.02170913311
0.00188744975
0
0
0
0
0.002080155705
0.03443270267
0.02920027126
0.02631776905
0
0.001076058477
0.01973094462
0.009577803446
0
0
0.004127706025
0.01256099437
0
0.02662296809
0.006213929968
0.01362854064
0
0
0
0.02499129277
0
0
0
0.01287871307
0.0105766949
0.02236558455
0
0.0008744227336
0.01144967627
0
0.02298246559
0
0.01308623585
0.02622718942
0
0.03409909657
0
0
0
0
0.005295292135
0.0334788654
0
0.008456236779
0.007173339278
0.0008165465524
0.01473383674
0.0008735648329
0.02047383265
0
0.02094102829
0
0
0
0
0.04592625648
0.01957121912
0
0.006528182561
0.02535340576
0
0.0156973192
0.03026111874
0.002314981733
0.007312065578
0
0.005106331943
0.02227464084
0.002291484063
0
0
0.02862093745
0
0.007643305154
0.01378903248
0.03116806307
0.02250849777
0
0.0110499654
0
0.002607849753
0.03370618944
0
0.02470935963
0
0.02469278517
0.01187048692
0.002097370045
0.006525639138
0.003525398832
0.039746782
0.01064139474
0.00247410258
0
0.01665720636
0
0.01848789555
0.02957712949
0
0
0
0.02757828514
0
0.004188291935
0.009661896822
0.0238117983
0.01476575274
0
0.01429525918
0.02299596585
0.03063858302
0.04050138723
0.02481102111
0.0274136535
0
0.00783649474
0
0.02800228854
0.01991720593
0.007339691642
0.0004017092313
0
0
0
0
0
0.03436172884
0
0
0
0
0.02707271123
0
0.0314713565
0
0.02115127609
0
0
0.01550649094
0
0
0.03037539642
0
0.02323849354
0
0
0.02157846046
0.0003872959304
0.007219905399
0.03566888307
0.004161543164
0.01368365403
0
0.02744021558
0.03562236687
0
0
0
0.00567305277
0
0.01235551816
0
0
0
0
0.01259762471
0.02542557857
0
0.04563472281
0.01078530467
0
0
0
0
0.01970330115
0
0
0
0
0
0
0
0.01006117682
0.005928450129
0.01348197528
0.003360309083
0
0
0
0
0.01726941337
0.02184903506
0
0.02992269196
0
0.02673042017
0.03303766251
0.01573581139
0.022577307
0.03477158143
0
0
0.02881886905
0
0.006700027592
0.0217586798
0.0169948564
0.03110975611
0
0.002426073675
0.007907172138
0
0
0
0
0
0.0404422049
0
0.02690456101
0
0
0.02595348135
0.03491745237
0
0.007539342884
0.005075001105
0.0007439544782
0.02437000739
0.04209792984
0.01392336369
0.003038201798
0
0
0
0.01426920596
0
0.01619397707
0
0
0
0
0
0.02950325486
0
0
0
0
0
0.0110494316
0
0.02961436281
0
0.0137966725
0.01836414305
0
0
0.01143073267
0.02953340077
0
0
0.0163314078
0.02581254819
0.02439660663
0.02589645973
0.03994465043
0.0009482482436
0
0
0
0.01804737558
0.02799548218
0.01132804431
0.02484535132
0.004033824953
0
0
0
0.01825744434
0
0.04369875642
0
0
0
0
0.0111975758
0
0.0251311024
0.03467015226
0.0248922985
0.04238989114
0
0
0.02534817603
0.009517672678
0
0.01436560589
0
0.002576350618
0.0138988577
0
0
0.01074831038
0
0.03112306708
0.005594345719
0.01664512897
0.02733918944
0
0
0.03029655488
0.004683742535
0.02331619973
0.0006787891756
0.004964939406
0.002141382118
0.0259099249
0
0.008881460377
0.004943387126
0.02006642604
0
0
0
0
0
0.006581107694
0.02094907375
0.02669236704
0
0
0
0.0349025394
0.02927150872
0.002591229409
0
0
0
0
0
0
0
0.01993160529
0
0.0201051236
0
0.005812509361
8.47E-05
0
0.01167346047
0.0465823278
0.02092989318
0.003507474444
0
0.03886459972
0.007252169049
0
0
0
0.01122107368
0
0.0323929275
0
0.006677215759
0
0.008604659158
0.011098606
0.01385548629
0
0.0213059269
0.04532488437
0.006186273133
0.003406229988
0.001483612429
0
0.04473535137
0
0
0
0.0163401103
0
0
0
0.03549084786
0
0
0
0
0.0001870665055
0.01487248462
0
0.004177662178
0.03449486775
0
0.01400549524
0
0.03429088727
0.04411799705
0
0.04140555856
0.01792151412
0.02333869733
0
0
0.02289324803
0.02777992882
0.01039279974
0.02260523228
0.008559256563
0
0
0
0
0
0
0.03134351843
0
0
0.001259074571
0.001965752895
0
0
0.001503675001
0.006985744536
0
0
0.01917783103
0.01003159475
0.05172090938
0.006584103141
0.01972230534
0
0.02335814603
0.01228925199
0
0.04115460458
0
0.02202266426
0.023290168
0
0.02501739275
0.01558895966
0
0
0.01636368163
0.01345939755
0.03719894247
0
0
0
0.003150092888
0.01292428595
0.02572896615
0
0.03048668658
0
0
0
0.02023611022
0.014875934
0
0.03885948929
0
0.01196066929
0
0.002503941885
0.02510646052
0.01580140565
0
0
0.0489586362
0.01955074954
0.02609712182
0
0
0.01175155279
0.008773383496
0
0.0311537468
0
0.003537316119
0
0
0.01741732764
0
0.00459703317
0
0
0.03140503737
0.02786318575
0.002923202855
0
0.0328134905
0
0
0
0.02720621302
0.002744683088
0
0.009109355349
0
0.02019573864
0.007268678575
0.05409049242
0
0
0
0
0.005325948351
0
0
0
0
0.009427863866
0
0
0
0.01472345725
0
0
0.01350674272
0
0.007671433592
0.0379891521
0.009489137668
0.03119536118
0.02424037851
0
0
0.02119469965
0.006690811224
0.03813382308
0
0.01300375516
0
0
0.01072289644
0
0
0
0
0
0
0.02776629063
0
0.006011049799
0
0
0
0.03366072293
0
0.01482699137
0
0.005463034569
0
0
0.03669048273
0.0346320268
0
0
0.01496630557
0
0.01791073846
0.03332844418
0.0491651807
0.03361855287
0
0
0.01042199681
0
0
0
0.019502121
0.01129963948
0.02486128923
0
0.003001194002
0.03925267918
0
0.02161021829
0.02016164492
0
0.0466202511
0
0
0
0.01571957321
0.02532754432
0.02638198836
0.02402502067
0.01299430514
0.01695629574
0
0.03906176726
0
0.005369084988
0
0
0.02471893391
0
0
0
0.02825014737
0
0
0.006814794682
0.03187398144
0.01522785412
0.02006937439
0.0009879575389
0
0.04290621655
0.02684871062
0.01777844182
0.02342212897
0
0
0.02184978932
0.01618375224
0.02973777765
0
0
0
0
0
0
0
0.02667412846
0
0.01280203805
0
0.01666018337
0
0
0.03917890647
0.001693215428
0.0367053601
0.01491169903
0
0.01585252059
0
0
0.02618240855
0.01570994876
0.01000094469
0
0
0.01641659964
0.02821849388
0.004629588669
0.0001439047411
0.007710963703
0.01686221532
0.0272426775
0.01573478306
0.04008042406
0
0
0
0
0.0003495341615
0
0.01574051551
0
0
0
0.001947515572
0.02472135758
0.005577168931
0.03377286109
0
0
0
0
0.01519399199
0
0
0
0
0
0.01203268169
0
0
0
0.001006405095
0.01970264508
0.02808854669
0.02265582199
0
0
0.02343877348
0.01691444804
0.005352245047
0.01849670357
0.02462648362
0.006152711864
0.01094817588
0.007969775395
0.03490487958
0.002210637075
0.01283419031
0
0.0002895543397
0.01391073701
0.009190206515
0
0
0.001176352803
0.02287244211
0.01327472484
0
0
0.004817272235
0
0.01728818248
0.03229340833
0
0
0
0
0
0
0
0
0.006242442599
0.02999955117
0.00670126263
0
0.004065317626
0.01658406521
0.02976697956
0.02181121345
0
0
0.01075338052
0.01823844617
0.00974640087
0.01882918039
0.02740569346
0
0.0237824806
0.03951421639
0.003370471863
0
0.02027015347
0.02037896316
0.01873709257
0.02308795641
0.0237297556
0
0
0
0.01461436829
0.0214450095
0
0
0.01264486155
0.03041846956
0.008515839828
0.02165074054
0.0261640939
0
0.03073399813
0.00211367312
0
0
0
0.01945519008
0.02861100728
0
0
0
0.01788230017
0
0.0240400254
0
0.04195943936
0.01573083116
0
0
0.01229177678
0.03139845412
0.01993336664
0
0.02842084123
0
0.02427345543
0.02234994902
0
0
0
0.004408787849
0.01298309711
0
0
0.03829248709
0
0
0.001540032527
0
0
0
0
0.03611454884
0.02217041829
0
0.006461468873
0.02691081472
0.03489783434
0
0
0
0
0
0
0.02576752897
0
0.00321600001
0
0
0
0
0
0.01622000416
0
0.02500789553
0.03379175865
0
0.03570943794
0.03854075651
0.03301306693
0.008202742879
0
0.005562725079
0
0.02265304392
0.004848475769
0.01500067375
0.008988716184
0
0.006915103502
0.03004300511
0.0008578346414
0
0.002866596611
0.01894942794
0.02540905286
0
0
0
0
0.02605120981
0.001788509728
0.007036605708
0
0
0.02291321384
0.03958243775
0.01103613584
0.002680930189
0
0
0.0366075685
0.03958367696
0.0125887322
0.01348673375
0
0.006976368959
0
0
0.0007900581143
0
0.04840640183
0
0.004755513863
0
0.04269710954
0.003390595082
0
0
0.02849118282
0.005207578269
0.02152520408
0
0.004500907622
0
0
0.02093443842
0.03554530289
0.02689324519
0.02015855105
0
0.01475577319
0
0
0.01349708279
0
0
0
0
0
0
0
0
0
0.01187093698
0
0
0
0.04276298388
0
0
0.00980800706
0.01568245122
0.01795374321
0.01278474318
0
0
0.02990173695
0
0
0.03945729842
0.0175016738
0
0.0266692433
0.02506192624
0
0.001569834521
0
0
0.01545370298
0.02305831814
0.01553203883
0
0.002459253838
0
0
0.007549816683
0.02957404439
0.03121943565
0.0292667957
0.02208022144
0
0.006907515483
0.01183393189
0.01717352898
0.004497432873
0.03056158927
0.03443024558
0
0
0
0.01164775042
0.02075912005
0
0.006345804879
0
0.009028455064
0.009102924423
0.02289491643
0.03646546398
0
0.001248345401
0
0.0001204843058
0
0.01467554236
0.004010614273
0.04022855057
0.006748609419
0
0
0
0
0.03243686864
0
0.007749479725
0.02598660892
0.008900954716
0
0
0.04325971599
0.01000080625
0.002908021119
0.02727226505
0.01526829449
0.0302539683
0.008033833289
0
0
0
0
0
0.008781935727
0
0.0384745007
0
0
0
0
0.02109322112
0.003680493907
0.002439194977
0
0
0.03225786361
0.0311619112
0.00898700025
0.01097209247
0.002441502031
0.01862100448
0.03411146113
0.01642766484
0.01157426007
0.001528334539
0
0
0.02342725648
0.03335102647
0.03969801634
0
0
0.01062190887
0
0
0
0
0.04414394091
0.003159003942
0.003645858252
0
0
0.0126814174
0
0.01559707094
0.01563404785
0.007999861737
0.02277142336
0
0.02837459576
0.003850531317
0
0.00379329177
0.01553447818
0.006797417827
0
0
0.002361657766
0.01485599764
0
0.01437715428
0.0004975954217
0.02811989761
0.01675107941
0.03214553407
0.04145478836
0
0
0.01298030526
0
0
0.02635645202
0
0
0
0
0.03133221003
0.02121330618
0
0.02661767425
0.01394270752
0.01948333388
0
0.01426253304
0
0
0
0
0.02374255065
0
0.008598778641
0
0
0
0
0.03806409941
0
0.005185555046
0
0
0.01910995429
0
0.005997274757
0.005464633081
0.03889459054
0
0.03742314568
0.001961315451
0.007042267787
0.01309481839
0.01706535252
0
0
0.0238988948
0
0
0
0
0
0.01696017352
0
0
0
0.0179319015
0.002825404112
0
0
0.003926789581
0
0
0
0.03427186927
0.02368256104
0.01838794046
0.0295008668
0.04561083743
0
0
0
0
0.02177750807
0.0462373509
0
0
0
0
0
0
0.007614086904
0.02024993425
0.008604276964
0.01394326958
0
0.02532152435
0
0.02096677289
0
0.008000730016
0.03134724554
0
0
0
0
0.02379995309
0
0
0.01148243532
0.03324354616
0.008529501444
0
0.04231897748
0
0.01476416385
0
0.03409005193
0
0
0
0.04294170497
0
0
0
0
0.003509390034
0.04701597404
0
0.009976667735
0.04939130613
0
0.005563611756
0.005219091807
0.03832902935
0.03982659204
0
0.01512616878
0
0.03691881907
0.02530285101
0
0
0
0.00430212423
0
0.03414992332
0
0.03941569806
0
0
0.008614533301
0
0.005107947118
0
0
0
0
0.04117800592
0
0
0
0.02886885221
0
0
0
0
0
0.01573781474
0
0.007440437886
0.03703117623
0.004543569915
0
0.03123802311
0.04198800871
0.009710215142
0.002111287876
0.02007011649
0
0.01687908788
0
0
0.03138574241
0
0.01972265592
0
0
0.02620570789
0
0.02796510404
0.03487052303
0.03492028049
0.04437209838
0.02527069281
0
0.01207924522
0.001819303639
0.01540221071
0.01522127419
0.003939498376
0.02235247068
0
0
0
0.02775376018
0.01896983905
0
0.00548323612
0
0.006318461958
0.03925954999
0.0123352811
0.002264931381
0.02131081014
0.002078979265
0
0.004013571698
0
0.04342435904
0.0007980357397
0.007440017054
0
0
0.02919600704
0
0.01634316302
0.0184320534
0
0
0
0.04361372523
0
0.004925821971
0.03233261892
0
0.003462014193
0
0.03618583008
0
0.003426499893
0
0
0
0
0
0.001391505491
0.007677209923
0.01846948058
0.01034091915
0
0
0
0.004592566299
0.005836348217
0
0
0.001941603163
0
0
0
0
0.01913270132
0.05705497062
0
0.001288672294
0.04417630443
0
0
0.04634824066
0
0.01899550056
0
0.0367975101
0.05215404042
0
0.006314582202
0.03708515219
0
0.003693008853
0.003179758303
0
0
0
0
0.03145104098
0.03644639978
0
0
0
0
0
0.02849123804
0
0
0
0
0
0.008946941863
0.0009330884375
0
0
0.01989990587
0.05681123905
0
0
0
0
0
0
0
0
0.005439379906
0
0.02459768262
0
0
0.006355352696
0
0.01412348508
0
0
0.01905011842
0.01504987639
0.02570852291
0
0.0386435834
0
0.02361252808
0
0.007753575388
0
0.05150821621
0
0
0
0.05570900323
0
0
0
0
0
0.01030902434
0
0.0009530728347
0
0
0.02376526096
0
0.01491584586
0.01926951839
0
0.03148285989
0.05451703426
0.04609416
0.02972546274
0.03029570691
0.01941945589
0
0.01704102351
0.03100906273
0.02835993864
0
0
0.01584612175
0.008831648452
0
0.01960769897
0.009072253042
0
0.002966653796
0
0
0.007492318519
0
0
0
0
0.01056543097
0.0153021768
0
0.01465736229
0.02897852546
0.002913599744
0.02198425826
0
0.0007483058694
0.02786084497
0
0.03636991704
0.001686226844
0
0
0
0.01292673809
0.0306361052
0
0.008562107863
0
0
0.008701912919
0.007325066843
0.01371042782
0
0.02926866479
0
0.01134704943
0
0
0.03691479629
0.01905293571
0
0
0.0125396944
0
0.03029447607
0.03096899027
0
0.0115049774
0
0.01443700254
0.01195754636
0
0
0
0.02855689447
0
0.01029541056
0.008693843145
0.0327145947
0.008945914249
0
0
0.01697474423
0
0.02357618307
0
0.01461240073
0
0.02217748282
0.02388301927
0.005361329287
0.004661227392
0.02125723054
0.02953945336
0.01461090316
0.006453024592
0
0.01505675613
0
0.0115786708
0.03016843232
0
0
0
0
0
0.003812824117
0.02177274876
0.03927392941
0.03802550115
0.01472314426
0
0.02122676871
0.02061971868
0
0
0
0
0
0.01780260194
0.001435428964
0.03403481448
0
0
0
0
0
0
0
0.02964212079
0.04294885522
0.01648543897
0
0
0.004608365389
0.005084163811
0
0.02215886859
0
0.01466711833
0
0
0
0
0.002390094146
0
0
0
0
0
0
0.006906546355
0.01726656321
0.0359908671
0.01597199816
0
0.05163681572
0.01693622958
0
0
0.00965515181
0
0
0.04172783734
0
0.01343852379
0
0.02829422714
0.01938719393
0.01168176562
0
0.001743926267
0.04975735497
0.02627360487
0.003301297445
0.0155082672
0
0.02712376714
0
0
0.02017333449
0
0.01368481282
0
0
0
0
0.01594648928
0
0
0.01659861934
0.01816107493
0.03057865317
0
0.0191073138
0
0.02367454648
0
0.04520347034
0.01545364865
0
0.03810359335
0
0
0
0
0
0.02914367241
0
0
0
0.02051536626
0.02053826526
0
0
0.02733773271
0
0
0
0.02036747353
0.03679293638
0.01484184975
0
0.04524688119
0.04739147218
0.01470742205
0.005685200782
0.01673413698
0
0.0191043297
0
0
0.009853685394
0.01529223803
0.003493031928
0
0
0
0
0.0100209973
0.006288162863
0.05575238453
0.01868769469
0
0
0.03940272916
0
0
0
0
0.02746103322
0
0
0
0.006591527464
0.02274516638
0
0.01219029992
0
0
0.02938267993
0
0.005999839365
0.01533327775
0
0
0.01739973598
0
0.03584127317
0
0.01035470177
0.00200548222
0
0.03603044443
0
0.03852689677
0.02937496254
0
0
0.01211782772
0.03029776903
0
0.004187301815
0.02006825671
0
0
0
0.0399359582
0.009888980162
0.01010123447
0
0
0
0
0
0.02886576731
0.03027076714
0.01077434976
0.01037152274
0
0
0
0.02668528093
0
0.008492028499
0
0.03860059072
0.004780081941
0
0.01333937697
0
0.02891729495
0
0
0.03476231548
0
0.02833480414
0.03532544768
0.02665810051
0
0.01440122666
0
0.01730999684
0
0
0
0.01405566377
0
0.007715893079
0.006855541324
0.01678055299
0
0
0
0.04335986041
0.01441787403
0.01136539224
0.01098761819
0
0
0.02841572185
0
0.01613568545
0.01063206521
0.02006855162
0
0.04510867934
0.0150016004
0.0270675462
0.03275529056
0
0
0.02285360937
0
0.01777268859
0
0.01042570863
0.002734900782
0
0
0
0.04296292836
0.004613288323
0.005378575749
0
0
0
0
0.006133188431
0.03155061907
0.003711478094
0.01408436582
0.01615589968
0
0.009984617132
0
0
0.01818982271
0.01743196459
0
0
0.003133853911
0
0.007742285864
0
0.03267518136
0.03191352082
0
0
0
0
0
0
0.008446285463
0.04534602216
0
0
0.000280207632
0.005182037531
0.0322387479
0
0.0005554392138
0.009694178714
0.02716378302
0.03293138749
0.007520328534
0
0
0.02746922163
0.01231549655
0.00537060615
0
0.02563608816
0.03697743178
0.009062143597
0.03769717311
0.005441560228
0
0
0.0281059998
0
0.03180196888
0.002289533337
0
0
0
0
0
0
0.0171905194
0
0.009836054995
0
0.01766822902
0
0
0.02791329305
0
0.03528862264
0
0
0.01843317746
0
0
0.0238510947
0.0332551065
0
0
0
0
0.008635888844
0.03698080644
0.01295514302
0.02203899228
0
0.01181093474
0.01611258995
0.02716922734
0.00979237095
0
0
0
0
0
0.001413629539
0.0007922617347
0
0.02664517031
0
0
0
0.03345929285
0
0.003415835638
0
0.01993758573
0.007540126779
0.01382957031
0
0
0
0.00497726594
0.01041027827
0
0
0
0
0.009951000123
0.01760141672
0.01644223695
0
0
0.02807790842
0.02393310256
0
0.03405230882
0.03705129802
0
0.01309865957
0.01212722104
0.04469662949
0.02786520886
0.02113100176
0
0.009916216342
0
0.0127822783
0.0233728771
0.02995304605
0.02707644704
0.01568817728
0.01294510421
0
0.02672143725
0.03249796535
0
0.0211636469
0.02508538299
0
0
0.02264674407
0.01737184985
0
0
0
0
0
0
0
0.03031047196
0.02467560041
0.002786489566
0
0
0.02694640997
0
0.02427094553
0.02874487734
0.01266327946
0.02547211715
0.01722088779
0
0.01637580009
0.01475380904
0.02003061544
0
0.03788367258
0
0.0009668759538
0.02376280054
0.006933106388
0
0.008452697355
0.006975668794
0.03728567547
0.005913596079
0.02999890266
0.03101891208
0
0
0.0007615439791
0.01836391232
0
0.01336300911
0.003888438132
0
0
0
0.01807897698
0.04403018766
0
0.01987775775
0.0170778934
0
0
0
0
0.005579635893
0.009131579327
0
0.01330855938
0
0
0
0
0
0.01130937164
0.01540469299
0
0
0
0
0.008502273418
0
0.04022548576
0
0.006977043913
0
0.0228760023
0.01883975997
0
0.001613709448
0.0001257822782
0
0.01653565305
0
0
0.02170242416
0.03698213749
0.025798525
0.01925114743
0.004498385282
8.87E-05
0.03809462017
0.03010187483
0
0.018621337
0.007279846423
0
0.01227274861
0.02315777966
0.02991334417
0
0
0
0
0
0
0
0.03582376227
0.01508291516
0.008646912876
0
0
0.01477763859
0
0.03026148491
0.02035059831
0.02206177705
0.02399539111
0.001631753561
0.006774325352
0.004754678479
0.004152068431
0.02206726082
0
0.02506239986
0
0
0.01684021929
0.01418634274
0
0.008480102088
0.01068177518
0.03202793825
0.01489024812
0.03204590177
0.03985635632
0
0
0.001771994175
0.001364775881
0
0.01198554807
0.007686881413
0
0
0
0.01658498341
0.03750462593
0
0.0279561834
0.01114044876
0
0
0
0
0.003877764944
0
0
0.01140112786
0
0.006162971625
0
0
0
0.0005629359655
0.02271413607
0.005763310027
0.005980571606
0
0
0.01952241077
0.002615849273
0.02658315635
0
0.02119206227
0
0.02632394369
0.01535234448
0.01324780877
0.007584469571
0.006369283984
0
0
0.004460557718
0
0
0
0
0
0.002349938963
0.05100940677
0
0
0.05484018028
0
0
0.01281512974
0.008660683506
0.01159086527
0
0.01086901391
0.06296246983
0.04053789158
0.04047096511
0.02862448596
0.01125030849
0
0
0
0
0
0.01533877553
0
0.008725682757
0
0
0
0
0
0.05336432817
0
0
0
0.04838790218
0
0.002049800896
0
0
0
0.02206629176
0.02094200446
0
0
0
0
0
0
0
0.003409075032
0
0.007611025511
0.01108234749
0
0
0.04827843409
0.01166949541
0.01208396408
0
0.004125619881
0.0002606053094
0
0.04360031241
0
0.06464805876
0.01617271543
0
0
0.03465505953
0.0009630962949
0.03925929109
0
0.001541233053
0.01504632669
0.01692479984
0
0.01331559869
0
0
0
0.002766224008
0
0
0
0.03806661345
0.03294304118
0
0.0001058500543
0
0
0.01134909158
0.04301738429
0.01578805395
0
0
0
0.02697100564
0
0
0
0.02298073679
0.0118100417
0
0
0
0
0.007501592326
0.004442351513
0
0.02060852937
0
0
0.0486127481
0.04625442339
0.03848784406
0.02315822654
0.02611182512
0.006613562896
0
0
0
0.03520165036
0
0.01769779227
0.001978193568
0
0.00861927141
0
0.002297348898
0.03080570788
0.0282975986
0.0369658605
0.01126667946
0
0.008288343067
0
0.03950660101
0.03416298349
0
0
0
0
0
0
0
0
0
0
0.01949947245
0.03356006186
0.01195677424
0.002518375355
0.02621199384
0
0
0.03075457328
0
0.03644081878
0
0.001853771784
0
0.004191209828
0.04153824768
0
0.03330679269
0.005612334902
0
0
0.01468157915
0.03652687832
0.007248721533
0
0.03254999356
0
0.02803875723
0
0.01720641853
0
0
0.01897639824
0.01042009768
0
0
0
0
0
0.005822362912
0.001131800208
0
0
0
0.004808687325
0.03650296066
0.03921317691
0.01104807455
0
0
0.03408256072
0.02551740516
0.02114738146
0
0.00139637057
0.04204186653
0.01892299065
0.01972371325
0.01901863802
0
0
0.02366488577
0
0.02607562067
0
0
0
0
0
0
0
0.01228550482
0
0.02079908537
0
0.02178206682
0
0
0.04001177212
0
0.04585721742
0.0007068909087
0
0.001471133643
0
0
0.03453681241
0.01857200693
0
0
0
0.003500082535
0.01663988927
0.0262047624
0
0.02664649443
0
0.01968108275
0.0148472127
0.02889057583
0.01794026131
0
0
0
0
0
0.01738458746
0.006527409598
0
0.01709901347
0
0.01199622669
0.000323684696
0.02982632994
0
0
0
0
0.01158349316
0.01042069651
0
0
0
0
0.01598620182
0
0.0006467317624
0
0
0.003011367528
0.02658404654
0.02494017722
0
0
0.03191285125
0.02971645421
0
0.02556843026
0.0195882778
0
0.002960882751
0.01508379168
0.04726736788
0.01391484356
0.005431598321
0
0.02790767677
0
0.01336194026
0.001735754527
0.01886553177
0.01801987319
0.01341528167
0.0208850804
0
0.02692634732
0.04021107485
0
0.04044447835
0.02213457945
0
0
0.01388191078
0.003340120456
0
0
0
0
0
0
0
0.01337430027
0.002502673031
0.0005332508415
0
0.006136567464
0.01563555759
0
0.03991906518
0.01025892302
0.03123052621
0.01362887005
0.0146616235
0
0.008728420444
0.01766882417
0.03301575337
0
0.0379867835
0
0
0.03879359535
0.02122268849
0
0
0.0003087104334
0.02371058538
0.01404055265
0.006166974557
0.02677714181
0.007122909768
0
0
0.02231060843
0.01562363755
0
0.01097712492
0
0
0
0
0.04027681566
0.01940158851
0.02709547116
0
0
0
0
0.005092640166
0
0.02127303156
0
0
0
0
0.009340364551
0
0
0.0301970191
0.00122768248
0.02588617813
0.007267980337
0
0
0.001498476472
0.02215579733
0.03158593559
0
0
0.02019588419
0
0.0192610847
0.0189365577
0
0.005842174603
0
0
0
0
0.04404227111
0.00868033849
0
0.00508413098
0
0.02124482743
0
0
0
0
0
0
0.02000329656
0.01876201417
0.02569284118
0
0
0.03632375924
0.02396816607
0
0
0
0.02694755678
0.02708099363
0.007218732505
0.01645736753
0
0.01147487858
0
0
0.03310099544
0
0.0254928163
0.006853784774
0.01552517396
0.02086433979
0
0
0.01047445638
0
0
0.01042894508
0
0
0
0.00550343755
0
0.02222607695
0
0.02982962328
0.003183425463
0
0
0.04016961722
0
0
0.05412228856
0
0
0.003313196953
0.009517029957
0.04570159173
0
0
0
0.04320324121
0.05260072569
0
0.03549866478
0
0
0
0
0.0494062733
0
0.01630822601
0
0
0.005232741205
0
0.03437445902
0
0
0.02398420556
0.01577796774
0.01176757371
0
0
0
0.02144474481
0
0.04261792143
0
0
0.01377972611
0
0.004715555773
0
0.01256283205
0.008870906615
0
0
0
0
0
0.03941398672
0
0
0.01050951567
0
0
0.03497600488
0
0
0
0.0313445233
0.02276073503
0.005888491318
0.04588669486
0.02235093421
0
0.03964804906
0
0
0
0
0
0
0.05173389703
0
0
0
0
0
0
0
0
0
0.001193146047
0
0.02170648283
0.01639227689
0
0
0.03014181747
0.02643000908
0.004939931536
0
0
0
0
0.005751638424
0.004864114228
0
0
0
0.02065334682
0
0.02607118241
0.03977548947
0.03436424272
0
0
0
0
0.02557555605
0.03082910834
0.0178027389
0.0406938996
0
0.02805062431
0
0.0122840953
0
0.05156024642
0
0
0.0119858761
0.03912434686
0
0
0
0
0.04301409804
0.05216755579
0
0
0
0
0
0
0.001542110286
0.003010817364
0
0.03280566335
0.007469275392
0.04385373923
0.0234151368
0.01841805648
0.01264667326
0
0.03183693522
0.03852036135
0.03933220368
0
0
0.02765204409
0.01190030907
0
0.01572426717
0.01368167687
0
0.01350901883
0
0.01009987413
0
0
0
0
0
0.002931786004
0.002294250983
0
0.02592075518
0.03614995606
0.005146358325
0.01309800838
0
0
0.0295218804
0.01717968638
0.03433195731
0.01916511218
0
0
0
0.01821123613
0.02737755004
0
0.01473465537
0
0
0.007949095814
0.01252311625
0.0025984568
0
0.0308473869
0.01336918731
0.01956647985
0.01238340871
0.01260109695
0.0198658639
0.009024483129
0
0
0
0
0.03539027306
0.02198070058
0
0.008472093553
0
0.02757082798
0.0006773542413
0.000523571308
0
0
0.02043962245
0
0.007404999952
0.004543107201
0.02847240006
0
0
0
0.02562868477
0
0.00463842108
0
0.006761902025
0
0.01628555931
0.02709530692
0.001234434217
0
0.03177763199
0.01675674089
0.0225986229
0.003569594272
0
0.0106745884
0
0.008604356085
0.02537088146
0
0
0
0.02078524503
0
0
0
0
0
0
0.03581610721
0.02675435212
0.0005141440603
0.02892754453
0.05210222041
0.02990988835
0
0.0282266871
0
0.02790579474
0
0.02630198917
0.04565526748
0
0
0.03567988358
0
0
0.008186990975
0
0
0
0.009179787275
0.0224583405
0.001625990438
0.01729767938
0
0.008768640781
0
0
0.03499617572
0
0
0.01385265156
0.004455359309
0.00594881108
0
0
0.02791826377
0.009184887038
0.01060869998
0.03355924897
0
0
0
0
0.01191119057
0.002500740074
0
0
0.01247378127
0.02920303963
0
0
0
0
0
0.002236674775
0
0.02839659783
0.04086134175
0
0
0
0.008505117652
0.005536888919
0.0005299032652
0
0.02144822836
0
0.02656492856
0
0.01121025974
0.003894805505
0.02383974829
0.02148786252
0.002206081062
0.02327249297
0
0
0
0
0.0249708007
0
0.00416827609
0.02077242044
0.006643292477
0
0.01560516837
0.01404213968
0.002390485119
0.05600000299
0.01270708083
0.02123652599
0
0.02106676109
0.0121817738
0.0395549973
0.04254770736
0.01646209781
0
0
0.03197458005
0.03239732806
0
0.01934732532
0.0155658701
0
0
0.009167893776
0.020329606
0
0
0
0
0
0
0
0.02739562176
0.03362653965
0.007514098103
0
0
0.01909706593
0
0.02840183365
0.02111715062
0.02133066758
0.01613335033
0.001013529718
0
0
0.001383223761
0.0312739648
0
0.03234213338
0
0
0.01442530765
0
0
0.01473331286
0.0266242979
0.02710683265
0
0.0398913727
0.02878080109
0
0
0
0.008545906182
0
0.01373157148
0.0009761042039
0.003423632229
0
0
0.006610990568
0.04045183128
0
0.02286393012
0.02610344202
0
0.002552599847
0
0
0.02354724113
0.004718979512
0
0.002158026743
0
0
0
0
0
0.00347661942
0.005525081426
0
0
0
0
0.0175490458
0.008337365442
0.0429213084
0
0.008706399939
0
0.0260349574
0.03183467249
0.007683252233
0.01822347134
0
0
0.02039853222
0
0.04390821258
0
0
0.0211899302
0
0.002387762357
0.01609862962
0
0.02266699652
0.002060433157
0.01592159494
0.006297272737
0.04129946539
0
0
0
0.03889584933
0
0
0
0.01582803354
0
0.02473326437
0
0.01592972147
0
0
0
0.025825532
0.04112919923
0.005350990197
0
0.0016605866
0
0
0
0
0
0.02720500138
0
0.01986375138
0.006863073909
0.01505537832
0.008228668275
0
0.01950769427
0.03744212023
0.01862974206
0
0
0.01479062387
0
0.01710891594
0
0
0.02040308049
0
0.006026486893
0
0.0194777779
0
0.006660642652
0
0.005095339987
0
0.01501714758
0.02579321371
0
0.01938405022
0
0
0.04537227922
0
0
0
0.03120545547
0
0
0
0.03876923673
0.01333612493
0
0
0
0.004426122571
0.02114805807
0
0.02242098021
0.03075727658
0
0
0
0.005669180316
0.0464242175
0
0.02987962308
0.01387986682
0.03257686297
0
0.009317171448
0.00237817828
0.02062423196
0.02053970136
0.02634948073
0.02695044789
0
0
0
0
0
0
0.007995584618
0
0.02039181692
0
0.01729229114
0
0
0.01677717445
0.02716755554
0
0
0.01708359226
0.004955550367
0.04959082105
0.03281600264
0.0229583792
0
0
0.004259768676
0
0.03592249278
0
0.02478456958
0
0
0.008583336628
0.007923620474
0
0
0
0
0.01661880023
0
0
0
0
0.02817208341
0.01417450511
0
0.03019954298
0
0
0.008566719737
0.03177368458
0
0
0.0332734117
0.01549136687
0.02507733719
0.007734892662
0.02739562694
0.01466812501
0
0
0
0.04181014804
0.02848282584
0.02619790133
0.01150544432
0
0.006390817416
0.0008248537465
0
0.03060955429
0
0.03132314646
0
0
0
0
0.008439276006
0
0.002704711595
0.04335693041
0.03450174346
0.02963411549
0
0.008493337985
0
0
0
0.02453504637
0
0
0.01338228283
0
0
0.01665110694
0.04043951125
0
0
0.02972447645
0.03604708832
0.03190690373
0
0
0.01933287227
0
0
0
0
0
0.0302855739
0
0.01825446579
0
0
0
0.01923728949
0
0.0003832136369
0.0144005108
0
0.02364771698
0.04339553169
0
0.01282431323
0
0.00596859155
0.007157030203
0
0.02475536723
0
0
0
0
0
0.01324066666
0.01834147185
0
0
0
0
0
0.03319357884
0
0.04890359571
0
0.00763264841
0.01634572284
0
0.02445843394
0.01004128256
0.0008559301055
0
0
0
0.0273091718
0.04283956113
0.0183325191
0.04774339063
0
0
0
0
0.00754537039
0
0.02357800536
0.003988435153
0.0009793352714
0.01849310125
0.000101768349
0
0
0
0.03600275599
0
0.0115876933
0
0
0
0
0.02633337869
0.02796250629
0.02580213606
0.04534240065
0.01142539462
0
0.02450627821
0
0
0
0.002164687759
0.02940815364
0.021129062
0
0
0.01277391238
0.023909857
0
0
0
0
0
0
0.03213208923
0.01318756468
0
0.04981397641
0
0
0
0.03366781983
0
0.02104089394
0.002068653993
0.02017761039
0.02290743831
0.02237299435
0
0.006304284794
0
9.40E-05
0
0.004769505288
0
0.03554745767
0
0
0.002548742498
0
0.01556738829
0
0
0.03545933954
0
0
0
0.05637504973
0
0
0
0
0.01294517671
0.0388789502
0.003102402148
0.001227233571
0
0.01534739767
0
0.006896448301
0.008341504301
0
0
0
0.002388002838
0
0
0
0.03487764549
0.0294854509
0
0
0.001729886199
0.01540483223
0
0.01955759047
0
0.04342913541
0.02733292493
0
0
0.02408955251
0
0.01810554251
0.01375088567
0
0.01734405236
0
0
0.01087751375
0.02115300395
0.02276078316
0
0
0.01702796703
0.0126132871
0
0.0562548517
0.03596915855
0
0
0
0.03709575319
0.01675152104
0.02454300983
0
0.008597053114
0.03439461905
0
0
0.007382020745
0
0.004294349338
0
0.02784055694
0.01287209898
0
0.03380663174
0
0
0
0.04007386386
0
0.02449713835
0
0.002000599416
0.02268069299
0.03234257359
0
0.005768563776
0
0
0
0.01996909587
0
0.02928910459
0
0
0
0
0.01354036745
0
0
0.02028295604
0
0
0
0.05445570504
0
0
0
0
0.003025880524
0.04249989594
0
0.01834468274
0
0.01272958468
0
0.000491885622
0.01086556448
0
0.003469001699
0
0
0
0.007700734365
0.01321388051
0.0395926239
0.04458975702
0
0
0
0.002219029348
0
0.02312965081
0
0.04326774334
0.01992150297
0.00193120903
0
0.01530230353
0
0.01442982213
0.02597280939
0
0.01609686534
0
0
0.006206805109
0.008920749532
0.02577523227
0.01002903836
0.009240714796
0.03042978399
0.006907923523
0
0.05414182394
0.03024807877
0
0.001749792353
0
0.03411756443
0.02340660841
0.005943466269
0
0.01903317294
0
0
0.005840817344
0.005961141891
0
0.006099403471
0.02309738342
0
0.02610384441
0.0248486688
0.02696203719
0.02860459242
0
0
0.01147866951
0.02527560191
0.01304278408
0
0.01494397166
0.004108581928
0
0.003459857324
0.006241769029
0
0.0169268249
0
0
0
0.02947603513
0.001178808813
0
0.03183472337
0
0.02621068578
0.009863872129
0.002618345346
0.02938219052
0.004688243655
0.00671722024
0.01381834832
0.0180273536
0.01030026693
0
0
0.02848489652
0.03987655332
0
0
0
0.01284334685
0.03092868238
0
0.03116475459
0
0
0
0.001406945968
0.0239841355
0
0.01136306549
0
0
0
0.004465984234
0.01612934054
0.02928960035
0.03039503306
0
0
0
0
0.03136982118
0
0
0.01134062767
0
0
0.001368067699
0.01614232592
0.00134943375
0
0.01630530026
0.01956596606
0.04096630401
0.02208543264
0
0
0.001151082966
0.01516081896
0
0.02253091934
0.01709179042
0.02625112962
0
0
0.02718120708
0
0.02366221756
0
0
0
0.02292780483
0.01412056389
0
0
0
0.0190182015
0.0319946022
0
0
0
0
0.01141948912
0.03796841036
0
0.01568312789
0
0.01995686241
0.02893539583
0
0.009314858411
0.0232359585
0
0.02153688845
0.00205188505
0.00885345292
0
0
0
0.04543060273
0.03754288866
0
0
0
0
0.01922597035
0.001737572424
0.01319788758
0
0
0
0.007123446694
0.02916089607
0.03820377291
0
0
0
0.04114037783
0
0
0
0.006866619212
0
0
0
0
0.02651416873
0
0.03985804658
0
0
0
0
0.02700358094
0
0
0
0.03975363343
0.02696441104
0.005144037149
0.01887079165
0
0.02047896408
0
0
0.01282670035
0.02951433096
0
0
0
0.0600266842
0
0
0
0
0.01716634252
0.02650304146
0
0
0.01170427792
0
0
0
0.02104764584
0.0137752475
0
0.01941342001
0.01943764381
0.05734949604
0.0267117861
0
0.02247068465
0
0.005995813739
0.01189045379
0
0.007165513013
0.03661841763
0.007044311086
0.03081060514
0.02826333533
0.01887085568
0
0.0349469885
0
0.01021662112
0
0.03356582689
0.007544204656
0
0
0.01136626367
0
0
0.01478932826
0
0
0
0
0.02845278361
0.02804802875
0.01463740475
0
0.0083573379
0
0
0.001637676218
0
0
0.02897114288
0
0.01299305865
0
0
0.009267431104
0
0.02522734474
0.05119302001
0.01071407791
0
0
0.02140009966
0.009085117518
0.004932208379
0
0
0.007690616932
0
0.01389240472
0
0
0
0.005052044762
0
0.003374101212
0
0.03730420242
0.02146348908
0
0
0.004653421397
0
0.04154164238
0
0
0
0.03020672135
0
0
0
0.03458602915
0.004094320099
0
0
0
0
0.001755212301
0
0.02376437707
0.01810973336
0
0.01987394038
0
0.02029515297
0.0460321906
0.005898674185
0.03860838722
0.03836612419
0.02024947291
0
0
0
0.02324347033
0
0
0.001001780225
0.03545572736
0
0.006528577054
0.01299014481
0.01244997137
0.01529647308
0.01045844201
0
0.005315609818
0.03598269049
0.005306488814
0
0.0273435482
0.02032282224
0
0.008351216349
0.01583841962
0
0.01703038258
0
0
0.01199781081
0.01829756834
0.01484833201
0
0.008760855275
0.00981124511
0
0.01997672948
0.02499314648
0.03444949056
0.02906525261
0.02133066601
0
0.01211785121
0.01345466543
0.001337701124
0
0.02684211215
0.03812720854
0
0
0
0.02361384342
0.02852914753
0
0.02141452675
0
0
0.01649346774
0.01436549957
0.02218285096
0
0.007657972545
0
0
0
0.02345481991
0.01409375982
0.02814745032
0.01229362286
0
0.0008130501795
0
0
0.02992081763
0
0.001848771958
0.009523610263
0.01851596425
0
0
0.03227422664
0
0
0.01704656807
0.02788620119
0.02725317584
0.01403535914
0
0
0
0
0
0.01098044744
0.009894645128
0.03120709844
0
0
0
0
0.0182267029
0
0
0.002214421487
0.01305915474
0.006257066666
0
0
0
0.01206696929
0
0
0
0
0
0.02456403717
0.0190900808
0
0
0
0.004228443862
0.02451632589
0.01969885532
0.03732943699
0.02657386817
0.02440594414
0.03719781151
0
0.006937766621
0
0.0381481903
0
0.01480104039
0.02461963844
0
0.01059344415
0
0
0.03303907396
0
0.03037524432
0.01753985728
0
0
0
0.05368687977
0.05428903645
0
0
0
0
0
0
0
0
0
0
0.03266126868
0.01777932402
0.02413661619
0.003467398106
0.01401874899
0
0.005162869855
0.02770817908
0
0.01201977696
0
0
0
0.0128403566
0.0189037415
0.02685983498
0.008137834571
0
0
0.01272579277
0.01423071027
0.01805240367
0.01536361478
0
0.0277131915
0.01136612587
0.03449468238
0.003236306029
0
0
0
0.03850452141
0.0336246432
0
0
0
0
0
0.003571388636
0
0
0
0
0
0.04818808222
0
0.01263949907
0.005379588375
0.0116948113
0.02535312165
0.02863697439
0.04499626856
0
0
0.01588235406
0
0
0
0.02789316119
0
0.01739613255
0
0.01084061081
0
0
0.001646359221
0
0
0.01380310047
0.001868615414
0.001571096571
0.03454148478
0.04008295316
0.02810217123
0.005326281502
0
0
0.009456719895
0.03875242489
0.01097576532
0.037108413
0.01547489483
0
0.01949381297
0.03535699313
0.002855051367
0
0.0156035233
0
0.009994454461
0.002657826083
0.01580503266
0
0
0.01754494549
0.02880945116
0.02536648214
0.0117748096
0.008451662112
0
0.01841671195
0.02320469259
0.002320453876
0
0
0.04101619378
0.01281530099
0
0
0
0.02884072646
0
0
0.003248204661
0
0.0214281387
0
0.0100449119
0
0.03264112322
0
0.01573295424
0
0.03406743266
0.0047050981
0
0
0.001837950572
0.004772832558
0.004515800559
0.02817614502
0.0109360424
0
0.02935791425
0
0.02222335628
0
0
0.01565853879
0
0
0.0009026297678
0
0
0
0
0.02190981471
0.002469379082
0
0
0
0
0.02035985037
0
0
0
0
0.008842448051
0.01627599186
0.01072457923
0
0
0
0.009865340329
0.02251949544
0.005932687354
0.01326047703
0.03514091442
0.04251117845
0.01721348248
0
0
0
0.02844916296
0.03067076435
0
3.64E-05
0
0
0
0
0.02234967033
0
0.01624334646
0.02520548299
0
0
0
0.03812138628
0.02254129052
0.01572681709
0.01627072604
0
0
0
0
0.00826738684
0
0
0.01942946985
0.04036827067
0.0006421132993
0.02026545964
0.04285824714
0
0.01169328776
0
0.02466939382
0
0
0
0.04145888304
0
0
0
0.01358342242
0
0.03018989174
0
0.03015704273
0.04422373829
0
0.00822158576
0
0.0420575423
0.04073652951
0.001388552512
0.02929610487
0
0.02510110211
0.01139420822
0.003050984015
0
0
0.006502570169
0
0.008090138834
0
0.03985493266
0
0
0
0
0
0.01385847825
0.02412686144
0.03438186627
0.01239778014
0
0
0.009714954035
0
0
0.0239266664
0
0
0.02258113955
0
0
0.02638826253
0
0
0
0.03915033826
0
0
0.02418657112
0.01137427683
0
0.03154024202
0
0
0
0
0.005376524796
0
0.0420473487
0
0
0.01259682336
0
0
0
0
0
0.01567904556
0.008881152681
0
0
0
0
0
0.05646283833
0.0149568279
0.0336687159
0
0
0
0
0.04018071075
0.00257694759
0
0
0
0
0
0.04286319193
0.0304887202
0.04767105777
0
0
0
0
0.002517990038
0
0.02041144169
0.01748184894
0
0.03879403085
0
0.01920024479
0
0.04602236815
0
0
0.02810366668
0.006987101827
0
0
0
0
0.02557799303
0.03780921294
0.004692447654
0.03064886346
0
0.01443997823
0
0
0
0.02132599654
0.02418305806
0.03628031156
0.003584196319
0.008720385191
0
0.03060727243
0
0.005443611708
0.007985761898
0.00965288762
0.04008109461
0
0
0
0
0
0
0.0138192349
0
0.02498338479
0
0.00477391627
0
0
0.02061383701
0.02318759227
0
0.03205371938
0.01016192785
0
0.02198385334
0.04291635696
0.0389476294
0.01734339453
0
0
0
0.02855460514
0
0.02919514288
0.008098730063
0
0.01576190912
0.03064016495
0
0.01059429486
0
0.007476009225
0.01060993925
0
0.01468314506
0
0
0.01053838798
0.01150935495
0.0268137791
0
0
0.0007769098303
0.03509604129
0.03279409569
0
0
0
0.04287731634
0.01743262564
0.01921013509
0.00900093982
0
0.001729541687
0
0
0
0.001129917296
0.02312934357
0
0.02205849113
0
0.02587035401
0.001732901963
0.017213135
0
0.04178439873
0.009296239519
0.01216156149
0
0
0.002711727591
0.003036593432
0.03473808192
0.02629240088
0.01106418818
0.0276406335
0
0
0.01547563222
0
0.01671585665
0
0
0
0
0
0
0.03283790591
0.03742405536
0
0
0.02671036285
0.03026787439
0.0272360517
0
0
0.02667116821
0
0.004453024149
0.003266354743
0
0
0.02449963895
0
0.01387951736
0.004229691485
0
0
0.003916306433
0
0.002006523648
0.005089786528
0
0.006221010795
0.03495118182
0
0.02642628933
0
5.25E-06
0.02512233119
0
0.04026219635
0
0
0
0
0
0.02717507658
0.01819895009
0
0
0
0
0.004225413235
0.03544231002
0
0.04021642039
0
0.01368404929
0.006069220388
0.004461033267
0.03358721266
0.006730187006
0
0
0
0
0.02669202283
0.03307936825
0.01134267604
0.03550666344
0
0
0
0.005031533576
0
0
0.01355843393
0
0.01161026522
0.01484647422
0.003896449763
0.005699700195
0
0
0.02698712842
0
0.01937826174
0
0
0
0.01862538546
0.02999663841
0.007771603492
0.008357254756
0.03780685809
0.02868964777
0
0.02937119731
0.0004821932424
0
0
0.008265596878
0.04420696296
0.01353128642
0
0
0.02308577618
0.007517803246
0.03663231916
0
0.01913361418
0.03834603361
0.02348923431
0
0
0.01207946549
0.02218860773
0
0.02598492183
0.03193582099
0.002866868316
0
0
0
0.007087305771
0
0
0
0
0
0.01730924725
0
0.03132669555
0.01756112612
0.004747882655
0
0.001404478784
0.004780544932
0.02598948345
0.01670540501
0.02556433306
0.009644597011
0.01202667332
0
0.002783029606
0.02269852918
0.03208812027
0
0.03280292823
0.005249369309
0.01558632228
0.02120441001
0
0
0
0.0253126381
0.01276778893
0
0.008178622137
0.0005498173323
0.02447349592
0.009507668855
0
0.02099126208
0.005769404794
0
0.01957200215
0.02447673129
0
0
0
0.03346189333
0.005692580339
0
0.00187118102
0
0.03297298776
0
0
0.01470430054
0.03983944368
0
0
0
0.003479664714
0.0006015583187
0.005288494923
0
0.02511811848
0
0.00711178066
0.004903132109
0.00294836407
0.004165923963
0.009790660102
0.02104867899
0.04067716454
0
0
0.01168500749
0
0.02295658111
0.01026210542
0
0
0
0.02001992269
0
0
0.01339397961
0.03000911223
0.007133815989
0.0113972987
0
0.01753513453
0.04055302937
0.01825141523
0.02755131805
0.010325885
0
0
0.02796129458
0.02239525415
0.03766702027
0
0
0.005367502635
0
0
0
0
0.03407799362
0
0.007162247723
0
0.0106033064
0
0
0.02842765441
0
0.02645445568
0.01081302358
0
0.02920494115
0
0
0.01560052479
0.02702716215
0
0
0
0.003725200119
0.02254600604
0.009256616831
0.01000134523
0.004874754252
0.01224661403
0.02296619535
0.02068153263
0.04105584932
0
0
0.00149405854
0
0
0.006422386322
0.005444828084
0
0
0.002944885912
0.01227719823
0.01261575472
0
0.03483035557
0
0.007570615112
0
0.0132004795
0.0110190291
0
0
0
0.005014114091
0
0.01086680961
0
0
0
0
0.02897116448
0.01825909112
0.01696512315
0
0
0.02335935599
0.007681098082
0
0.02368784959
0.03937462578
0
0.02285850115
0.0038541973
0.03001401391
0.01287027197
0.02211678635
0
0.02153295411
0
0
0.004391836807
0.007765669719
0
0.008578531658
0.02675917438
0
0.02429997599
0.03212231969
0.0148605398
0.03588455088
0.009525321025
0
0.001310332869
0.02212254012
0.005846119383
0
0.00644401503
0
0
0.004737699812
0.003800918491
0
0.0137716974
0
0
0
0.02221348144
0.00873187473
0
0.03524311435
0.001471561891
0.02744646222
0.01234588554
0.01208906387
0.01575162967
0.01024987316
0.01529761158
0.02062428503
0.001683854626
0.02414953917
0
0
0.03661690357
0.0352703418
0
0
0
0.01858930866
0.02564967307
0
0.02841807592
0.001514502982
0
0
0.01403424685
0.02524507986
0
0.01221537809
0
0
0
0.001137306532
0.02717128281
0.03016598966
0.02816585791
0
0
0
0
0.02369358136
0
0.01113198542
0.006885509747
0
0
0
0.01895497922
0.000274193589
0
0.02642423069
0.01172608904
0.03782264366
0.01676140469
0
0
0
0.01797936695
0.009007060766
0.008200883878
0.005474766064
0.02890002717
0
0.00255855461
0.02243342345
0
0.01652491754
0
0.02905199367
0
0.002016756944
0
0
0
0
0.02104807626
0.03703068028
0.001238776705
0.02750514853
0.05373346681
0.02571959607
0
0.0367282268
0
0.01542399099
0
0.03773978064
0.03598488238
0
0
0.03232652517
0
0
0.00492620582
0
0
0
0
0.01827645894
0.01775933992
0.0168753662
0
0.01222156292
0
0
0.02396518782
0
0
0.02240464014
0.0005103889796
0
0
0
0.01703302621
0
0.02792342554
0.04406411986
0
0
0
0
0.006622051164
0.01143731373
0
0
0.004390330555
0.01823866191
0
0
0
0
0
0
0
0.01471439185
0.04274483315
0
0
0
0.01247177919
0
0.0206898976
0
0.01549118649
0
0.03866725405
0
0
0.002847954288
0.02918540992
0.01289707783
0
0.01161822433
0
0
0
0
0.03247741822
0
0
0.02269160844
0
0
0.02973462681
0.01828145206
0.02136564258
0.05534457093
0.01658069131
0
0.04743044608
0.00674002624
0
0.003557807258
0.02087514834
0.01010332126
0
0.006172773288
0
0
0
0
0
0
0.01567879721
0
0
0.009299592797
0
0.002492724135
0.04721312716
0
0.005904299027
0.04101156578
0
0.02487182136
0.02998263892
0.003856255054
0
0
0.03246531669
0
0
0
0
0
0
0
0
0
0.01268037873
0
0.0003760742397
0.0006765046015
0
0
0.03739503579
0
0.04407991067
0
0
0.005405033866
0
0.0246331534
0.02279268544
0.001112535156
0
0
0.001825461388
0.008555739352
0.05555416134
0.04154150897
0.05787000705
0
0
0
0
0.01992689685
0.01341281141
0.03962830237
0.0199056108
0
0.02554831445
0
0.003451482667
0
0.02050108595
0.02477358449
0
0.02076912649
0
0
0
0
0.005537282526
0.05579217276
0.05545040494
0.02720234382
0
0
0.01464333263
0
0
0
0
0.003752203546
0.02743658967
0
0.0001146040284
0.02825668794
0
0.02489826324
0.002274643332
0.01546567943
0.0192176723
0
0.02578610284
0
0.02057067719
0.04688865207
0.003250036876
0.04144209577
0.02230834239
0.01399847694
0
0.01882474946
0
0.01180414882
0
0
0
0.004566296458
0
0
0.01743910639
0.005748118752
0
0
0
0.03196016001
0
0.03539409416
0.004963696272
0.02307457029
0.002514113229
0.01479112738
0
0.005221430971
0.006108399808
0.03588886112
0
0.04367555642
0
0.0005026276061
0.03957241148
0.004068199491
0
0.01958364681
0.0006758440638
0.02044578842
0
0.01396470223
0.02390596794
0.003691122912
0
0
0.03002930183
0.009066769187
0
0
0
0
0
0.0009050035244
0.0394364282
0.01080153183
0.03365186556
0.001565454993
0
0
0
0
0.01431598827
0.01236204799
0
0
0
0
0.001944080978
0
0.01220126558
0.03100084715
0
0.01091888262
0
0
0
0
0.0228533904
0.04017248257
0
0
0.005978748122
0.005852556806
0.03410447283
0.00917723597
0.001183012842
0.01765573151
0.002080830401
0.03664917058
0
0.0271345636
0
0.03366057135
0.04080614009
0.008017775609
0
0
0.03150564797
0.03975711453
0
0.03155524562
0.009470475001
0.007220649173
0
0.001780136231
0.01080989334
0.01142484006
0
0
0
0
0
0
0.01738899177
0.02173951112
0.0003626562515
0
0
0.01522320284
0.004117046291
0.03813663961
0.003748398486
0.03303746425
0.0008325501246
0
0
0
0
0.04396299998
0
0.03192746121
0
0
0.02137817753
0
0.01050793311
0.01881913557
0.02780714576
0.01333597161
0
0.03000880837
0.0246385607
0.01173927967
0
0
0.01022525223
0
0
0
0.008164066698
0
0.0007626006728
0
0.0357283251
0
0.03165367848
0.01422245784
0
0.00397103439
0
0
0.03026123673
0.006643737138
0
0
0
0
0
0
0.001023674343
0.01316832092
0
0.002206992616
0
0
0
0.01095870198
0.02699813119
0.04005850068
0
0.004730381039
0
0.01350165192
0.04133120303
0.02063046187
0.01958894562
0.005666488084
0