0 4.5e-05 0 4.5e-05 2e-05 5e-05 0 0 0 0 4e-05 4e-05 2.5e-05 0 4.5e-05 4e-05 4e-05 2.5e-05 0 4e-05 4e-05 4e-05 1e-05 1.5e-05 0 4.5e-05 4.5e-05 0 0 0 2.5e-05 0 0 4.5e-05 0 2e-05 2e-05 4.5e-05 2.5e-05 0 4e-05 0 3.5e-05 3.5e-05 0 2.5e-05 0 5e-05 3.5e-05 5e-06 2e-05 3.5e-05 3e-05 2.5e-05 4e-05 5.5e-05 0 3e-05 0 5e-05 3.5e-05 0 1.5e-05 4e-05 2e-05 0 0 0 0 0 0 0 4e-05 0 0 2.5e-05 4e-05 3.5e-05 1.5e-05 3.5e-05 3e-05 3.5e-05 0 6.5e-05 5e-05 2e-05 3e-05 1.5e-05 5.5e-05 2.5e-05 5e-06 1.5e-05 0 2.5e-05 4.5e-05 4e-05 6e-05 4e-05 4e-05 2e-05
0 2.5e-05 2e-05 7.5e-05 3.5e-05 0 0 3e-05 3e-05 2.5e-05 4e-05 3e-05 1.5e-05 4e-05 5.5e-05 0 0 3.5e-05 6e-05 1e-05 5.5e-05 5.5e-05 0 1.5e-05 2e-05 6e-05 0 5.5e-05 2.5e-05 4e-05 7e-05 0 5.5e-05 2.5e-05 4e-05 3.5e-05 4e-05 4.5e-05 3.5e-05 4.5e-05 0 0 2e-05 0 3e-05 0 5.5e-05 0 4.5e-05 5.5e-05 5.5e-05 4e-05 3e-05 3e-05 4e-05 0 2.5e-05 3e-05 0 0 3e-05 1.5e-05 5e-05 3.5e-05 0 5e-05 2.5e-05 4.5e-05 0 0 4.5e-05 8e-05 0 6e-05 1.5e-05 3e-05 2.5e-05 4e-05 3e-05 3.5e-05 1.5e-05 0 5e-05 0 0 3.5e-05 3e-05 0 1e-05 0 0 0 1e-05 0 0 3.5e-05 0 0 0 2e-05
0 3e-05 2e-05 0 3.5e-05 3e-05 0 4.5e-05 1.5e-05 3.5e-05 6.5e-05 3.5e-05 3.5e-05 0 6e-05 5e-05 0 4.5e-05 2e-05 0 3.5e-05 3e-05 5.5e-05 0 2.5e-05 0 0 5.5e-05 4.5e-05 3.5e-05 1e-05 0 3.5e-05 2.5e-05 2e-05 5e-05 0 4.5e-05 5e-05 0 4e-05 3.5e-05 0 4.5e-05 3.5e-05 0 3.5e-05 3e-05 2.5e-05 0 0 0 2e-05 3e-05 0 1e-05 0 0 2e-05 0 0 4e-05 5e-06 3.5e-05 0 2.5e-05 4e-05 4e-05 0 1.5e-05 1.5e-05 3.5e-05 0 5.5e-05 5.5e-05 4e-05 0 0 0 2.5e-05 3e-05 0 6.5e-05 2.5e-05 2e-05 2e-05 0 2.5e-05 3e-05 0 2.5e-05 0 1.5e-05 3e-05 5.5e-05 0 5e-06 0 2e-05 3e-05
2.5e-05 0 5e-05 3e-05 3e-05 1.5e-05 0 5e-06 0 4e-05 0 1e-05 0 6e-05 0 2.5e-05 4.5e-05 0 0 2.5e-05 1e-05 0 3e-05 1.5e-05 3e-05 3.5e-05 5e-05 3e-05 5.5e-05 2e-05 2.5e-05 3.5e-05 2e-05 0 2.5e-05 4e-05 0 2e-05 3.5e-05 1.5e-05 0 3e-05 0 2.5e-05 2e-05 0 0 3.5e-05 4.5e-05 0 0 4e-05 4e-05 4e-05 5.5e-05 0 2.5e-05 2.5e-05 0 0 3.5e-05 0 0 4e-05 2e-05 0 1e-05 0 0 3.5e-05 3e-05 0 5.5e-05 7e-05 4e-05 3.5e-05 3.5e-05 2e-05 2.5e-05 2.5e-05 0 3.5e-05 0 3.5e-05 2e-05 3.5e-05 3.5e-05 3e-05 0 6e-05 4e-05 2.5e-05 3.5e-05 4e-05 0 0 3e-05 3.5e-05 0 0
0 4e-05 3e-05 4e-05 0 7e-05 4e-05 1.5e-05 5e-05 0 1.5e-05 0 2.5e-05 0 0 2e-05 4.5e-05 0 3.5e-05 2.5e-05 7e-05 3.5e-05 0 3e-05 5e-06 3.5e-05 0 3.5e-05 3e-05 0 0 5e-05 9.5e-05 4.5e-05 3.5e-05 2.5e-05 5e-05 0 3e-05 4.5e-05 0 2.5e-05 0 0 4e-05 3.5e-05 4e-05 2.5e-05 2e-05 0 5e-06 4e-05 1e-05 4.5e-05 0 0 0 3.5e-05 4e-05 4e-05 5e-06 5.5e-05 4e-05 2.5e-05 4.5e-05 4.5e-05 0 3.5e-05 3e-05 4.5e-05 6.5e-05 0 0 0 0 0 4e-05 0 5e-06 4.5e-05 0 4.5e-05 5.5e-05 4e-05 0 4e-05 7e-05 0 0 2e-05 6.5e-05 0 4.5e-05 3.5e-05 2.5e-05 4e-05 4.5e-05 0 0 7e-05
0 3e-05 6.5e-05 6e-05 0 0 1.5e-05 2.5e-05 0 0 0 2e-05 4e-05 0 2.5e-05 0 0 4.5e-05 3.5e-05 2e-05 6e-05 0 3e-05 0 3.5e-05 0 0 3e-05 2.5e-05 0 3.5e-05 1.5e-05 2e-05 3.5e-05 0 2e-05 1.5e-05 3.5e-05 1.5e-05 1e-05 0 2.5e-05 5e-05 2e-05 0 2.5e-05 4.5e-05 0 1.5e-05 4.5e-05 0 0 0 3.5e-05 2.5e-05 5.5e-05 5e-05 0 3.5e-05 5e-06 0 5e-05 3e-05 0 0 4.5e-05 2.5e-05 0 0 0 4e-05 2.5e-05 0 1.5e-05 8e-05 0 2.5e-05 5.5e-05 0 6e-05 0 3.5e-05 2.5e-05 2e-05 6e-05 5.5e-05 3.5e-05 4.5e-05 2.5e-05 6e-05 3.5e-05 5.5e-05 0 2.5e-05 2.5e-05 0 4e-05 0 1.5e-05 0
4e-05 1e-05 0 1e-05 0 5.5e-05 1.5e-05 2.5e-05 4e-05 0 2e-05 0 2e-05 3e-05 2.5e-05 4.5e-05 5.5e-05 1.5e-05 5e-05 4e-05 5e-05 4e-05 0 4.5e-05 6e-05 4e-05 0 4e-05 0 2.5e-05 4.5e-05 5e-05 0 2e-05 2e-05 3e-05 2e-05 0 0 3e-05 1.5e-05 1e-05 0 3.5e-05 0 0 4e-05 0 3e-05 2e-05 2.5e-05 0 3e-05 0 0 0 1e-05 2.5e-05 5e-05 0 5.5e-05 5e-05 0 2e-05 0 3.5e-05 4e-05 5e-05 5.5e-05 0 0 3e-05 3.5e-05 4.5e-05 2e-05 4e-05 3.5e-05 2e-05 3.5e-05 0 0 0 0 2.5e-05 0 3.5e-05 3e-05 3.5e-05 2.5e-05 5e-05 0 0 3e-05 0 1e-05 0 0 1.5e-05 3.5e-05 0
0 0 1.5e-05 0 2e-05 5.5e-05 3e-05 5.5e-05 1e-05 0 5.5e-05 0 0 1.5e-05 3e-05 0 6e-05 2e-05 3.5e-05 3e-05 4.5e-05 3e-05 5.5e-05 4.5e-05 0 5e-05 3e-05 0 3.5e-05 5e-06 0 4.5e-05 0 3e-05 2e-05 0 3e-05 4.5e-05 0 2.5e-05 4e-05 4e-05 0 2.5e-05 2.5e-05 0 0 0 0 0 0 2e-05 5e-06 0 2.5e-05 0 5e-06 2e-05 1.5e-05 3e-05 6.5e-05 0 0 4e-05 0 2e-05 3.5e-05 4e-05 3.5e-05 0 0 4e-05 3.5e-05 3e-05 4.5e-05 4e-05 2e-05 0 0 3.5e-05 3e-05 0 2.5e-05 0 4e-05 3e-05 0 0 5.5e-05 2e-05 3.5e-05 0 4e-05 0 3e-05 2.5e-05 2e-05 4e-05 2.5e-05 5e-05
4.5e-05 2e-05 0 0 3.5e-05 0 0 0 3e-05 0 3e-05 3.5e-05 3e-05 0 5e-05 2.5e-05 2e-05 4.5e-05 2.5e-05 3.5e-05 2.5e-05 0 0 0 0 3.5e-05 3e-05 2.5e-05 0 0 2e-05 0 0 0 0 4e-05 4.5e-05 0 3e-05 0 4e-05 3e-05 2.5e-05 2.5e-05 2.5e-05 4e-05 0 1e-05 2e-05 3e-05 3e-05 0 3e-05 4e-05 2.5e-05 4e-05 3e-05 0 2.5e-05 7.5e-05 0 3.5e-05 0 2.5e-05 3.5e-05 2.5e-05 4.5e-05 0 3.5e-05 0 3e-05 0 4e-05 2.5e-05 5.5e-05 0 4.5e-05 1.5e-05 4.5e-05 0 5.5e-05 0 1.5e-05 0 5.5e-05 6e-05 2.5e-05 3.5e-05 3e-05 3.5e-05 3.5e-05 2.5e-05 1.5e-05 4e-05 5e-05 2.5e-05 0 5e-05 4.5e-05 0
4.5e-05 0 3.5e-05 0 0 4e-05 4e-05 0 1.5e-05 5e-05 5e-05 4.5e-05 3.5e-05 3.5e-05 3.5e-05 4e-05 5e-05 0 5e-05 0 0 3e-05 3.5e-05 0 3.5e-05 0 4.5e-05 2e-05 3e-05 0 4e-05 5e-05 0 4.5e-05 2e-05 3.5e-05 4e-05 0 2.5e-05 4e-05 3.5e-05 0 0 4e-05 2.5e-05 6.5e-05 4e-05 1e-05 3.5e-05 3.5e-05 3.5e-05 0 1e-05 0 3.5e-05 0 5e-05 3.5e-05 2.5e-05 1.5e-05 1.5e-05 3.5e-05 0 0 2.5e-05 6.5e-05 4e-05 0 7.5e-05 0 4e-05 0 5e-05 4e-05 0 0 2.5e-05 2.5e-05 2e-05 3e-05 3e-05 4e-05 3.5e-05 0 1e-05 4e-05 0 0 0 6.5e-05 0 2e-05 3e-05 0 0 3.5e-05 5e-06 0 0 0
0 3.5e-05 4e-05 0 3.5e-05 0 0 3.5e-05 3.5e-05 0 3.5e-05 3e-05 2e-05 4.5e-05 0 4.5e-05 0 1e-05 4e-05 0 2e-05 0 3.5e-05 0 0 4.5e-05 3e-05 1.5e-05 5e-05 0 2.5e-05 4e-05 0 3.5e-05 0 1.5e-05 4.5e-05 4.5e-05 0 5e-05 5e-06 3.5e-05 2e-05 0 1.5e-05 3e-05 0 0 0 0 0 0 2e-05 1e-05 2.5e-05 2e-05 0 0 1.5e-05 2.5e-05 6.5e-05 5e-05 6.5e-05 3e-05 4.5e-05 0 4e-05 4e-05 0 6e-05 3e-05 2.5e-05 3e-05 5e-05 4.5e-05 3.5e-05 3.5e-05 2.5e-05 0 3.5e-05 0 0 2.5e-05 3e-05 3.5e-05 3.5e-05 0 3.5e-05 0 0 2.5e-05 3.5e-05 4.5e-05 0 0 0 2.5e-05 4e-05 2e-05 0
4.5e-05 3.5e-05 6e-05 3e-05 0 0 0 3.5e-05 0 0 0 3e-05 0 5e-05 4.5e-05 2e-05 0 5.5e-05 3e-05 4e-05 0 4e-05 2e-05 3.5e-05 4e-05 8e-05 4e-05 3.5e-05 0 2.5e-05 2.5e-05 2.5e-05 0 3.5e-05 4e-05 2.5e-05 6e-05 5e-05 2.5e-05 0 3.5e-05 4.5e-05 0 0 3e-05 0 4.5e-05 0 1e-05 0 3e-05 4e-05 3.5e-05 3e-05 3e-05 0 3e-05 3.5e-05 0 0 0 2e-05 0 2.5e-05 5e-05 1.5e-05 0 2.5e-05 0 3e-05 2.5e-05 3e-05 2e-05 6e-05 3e-05 2e-05 0 0 0 1.5e-05 1.5e-05 1.5e-05 0 2e-05 2.5e-05 0 3e-05 0 3e-05 0 2.5e-05 0 0 2.5e-05 2.5e-05 0 0 0 0 2e-05
2.5e-05 3.5e-05 5.5e-05 4e-05 4e-05 0 4e-05 3.5e-05 0 2.5e-05 3e-05 0 5.5e-05 0 0 1e-05 0 0 0 3e-05 0 2.5e-05 0 3.5e-05 2.5e-05 0 0 1e-05 1.5e-05 0 4.5e-05 5e-06 1.5e-05 5e-06 2.5e-05 5e-05 4e-05 0 2e-05 5e-05 2.5e-05 0 2e-05 0 2e-05 3e-05 0 3e-05 0 4.5e-05 3e-05 4.5e-05 1.5e-05 3.5e-05 2.5e-05 1e-05 0 0 5e-05 3.5e-05 1.5e-05 0 1.5e-05 2e-05 5e-05 3.5e-05 0 3.5e-05 4.5e-05 3e-05 4.5e-05 4e-05 2e-05 5.5e-05 4.5e-05 7.5e-05 0 0 0 4e-05 8e-05 2.5e-05 4e-05 0 0 2e-05 5.5e-05 5e-06 0 0 4.5e-05 5e-05 2e-05 0 5.5e-05 5e-05 0 5.5e-05 3.5e-05 0
3e-05 4.5e-05 2e-05 2e-05 2e-05 0 0 2e-05 4e-05 1.5e-05 5e-05 2.5e-05 0 0 0 0 3e-05 0 0 2.5e-05 0 0 0 5e-05 5e-05 0 3e-05 0 0 5e-06 0 1e-05 0 3e-05 3.5e-05 7e-05 0 4e-05 3e-05 2.5e-05 4.5e-05 5e-05 3e-05 4e-05 4.5e-05 0 2e-05 2e-05 5e-06 0 0 3.5e-05 4e-05 3.5e-05 0 3.5e-05 0 3.5e-05 0 0 0 3.5e-05 4e-05 3.5e-05 0 0 3e-05 3e-05 4.5e-05 4.5e-05 2.5e-05 4e-05 6.5e-05 5e-05 0 4.5e-05 4.5e-05 0 4.5e-05 3.5e-05 0 4.5e-05 0 3e-05 0 2.5e-05 3.5e-05 2.5e-05 3e-05 3e-05 0 4e-05 0 3.5e-05 1.5e-05 5e-06 4e-05 3e-05 4.5e-05 0
3e-05 3e-05 0 4e-05 1e-05 5e-05 4e-05 0 0 0 2.5e-05 2.5e-05 1e-05 7.5e-05 3e-05 5e-05 0 0 0 3e-05 2e-05 0 4.5e-05 0 2.5e-05 0 0 1e-05 4e-05 0 3.5e-05 2.5e-05 4.5e-05 6e-05 3e-05 0 0 3e-05 0 0 1e-05 3e-05 5e-05 0 5e-05 3.5e-05 4e-05 0 5e-05 5e-06 3e-05 0 4e-05 3.5e-05 1.5e-05 3e-05 0 0 6e-05 3.5e-05 4e-05 3e-05 3.5e-05 0 3.5e-05 3e-05 2.5e-05 2.5e-05 0 6e-05 2.5e-05 7e-05 0 1.5e-05 4e-05 0 0 0 2.5e-05 0 4e-05 3.5e-05 0 2.5e-05 0 1.5e-05 2e-05 3.5e-05 3.5e-05 4e-05 0 5e-05 0 0 3e-05 0 1e-05 0 3.5e-05 0
2e-05 1e-05 2.5e-05 0 0 0 0 1e-05 4e-05 0 3e-05 1.5e-05 0 4e-05 0 0 0 2.5e-05 3e-05 3e-05 5e-05 0 2e-05 3.5e-05 2.5e-05 1.5e-05 5.5e-05 0 0 2.5e-05 2.5e-05 0 5e-06 5e-05 4e-05 2.5e-05 0 3.5e-05 4e-05 2.5e-05 0 0 3e-05 0 0 3.5e-05 3.5e-05 2e-05 2e-05 4e-05 3.5e-05 3e-05 0 0 4e-05 3e-05 1e-05 4.5e-05 1.5e-05 3.5e-05 2.5e-05 0 0 0 0 2.5e-05 0 3e-05 0 3.5e-05 5e-06 1.5e-05 2e-05 5.5e-05 3e-05 4e-05 0 0 3e-05 0 3e-05 2.5e-05 0 3.5e-05 3e-05 5e-05 5e-06 1.5e-05 3e-05 3e-05 2e-05 6.5e-05 0 4e-05 0 0 4.5e-05 0 0 4.5e-05
3.5e-05 1.5e-05 0 3.5e-05 3.5e-05 3e-05 0 0 0 0 0 4.5e-05 3e-05 3.5e-05 4e-05 4e-05 0 1.5e-05 0 0 2e-05 1.5e-05 0 3.5e-05 2.5e-05 0 0 0 4.5e-05 0 2.5e-05 5e-05 0 4.5e-05 2.5e-05 6e-05 2.5e-05 4e-05 2e-05 6e-05 3e-05 5e-05 0 0 0 4e-05 1.5e-05 3.5e-05 1e-05 3.5e-05 2e-05 1.5e-05 0 0 0 0 3.5e-05 2.5e-05 2.5e-05 3.5e-05 5e-05 4e-05 0 1e-05 3e-05 0 2.5e-05 4e-05 1.5e-05 5e-06 2.5e-05 1e-05 5e-05 0 0 0 0 2.5e-05 0 4e-05 4.5e-05 0 3e-05 4.5e-05 0 2e-05 4e-05 0 4.5e-05 0 4e-05 6.5e-05 3.5e-05 0 0 3e-05 3.5e-05 3e-05 1.5e-05 4.5e-05
2.5e-05 2.5e-05 5.5e-05 5.5e-05 0 0 0 4.5e-05 6e-05 0 0 4.5e-05 1.5e-05 3e-05 1.5e-05 0 3e-05 2e-05 0 2.5e-05 1e-05 0 1.5e-05 4.5e-05 1.5e-05 5e-05 2e-05 2.5e-05 1.5e-05 4e-05 5e-06 3.5e-05 4.5e-05 4.5e-05 2e-05 0 1e-05 0 0 0 0 0 0 5e-05 5e-06 3.5e-05 1.5e-05 0 5e-05 3.5e-05 2e-05 0 5e-06 5e-05 0 3e-05 3.5e-05 0 0 3e-05 5e-05 0 4e-05 1.5e-05 5.5e-05 0 3.5e-05 2e-05 5e-05 0 3.5e-05 2e-05 5.5e-05 4e-05 0 3.5e-05 0 5.5e-05 0 0 2.5e-05 5e-05 4e-05 4.5e-05 1e-05 2.5e-05 0 3.5e-05 2.5e-05 4e-05 0 0 2.5e-05 4.5e-05 1e-05 0 5.5e-05 3e-05 0 4e-05
6e-05 4e-05 0 4.5e-05 0 2.5e-05 2.5e-05 1.5e-05 0 2.5e-05 0 4.5e-05 0 1.5e-05 3e-05 5e-05 0 0 4.5e-05 3e-05 3.5e-05 1.5e-05 4e-05 4e-05 2e-05 2.5e-05 1.5e-05 3.5e-05 0 3e-05 3e-05 0 2e-05 6.5e-05 3.5e-05 6.5e-05 0 0 4e-05 0 0 2.5e-05 3.5e-05 0 0 0 4e-05 4.5e-05 0 2.5e-05 0 0 3.5e-05 4e-05 2.5e-05 2e-05 0 0 3.5e-05 2e-05 3.5e-05 0 4.5e-05 0 3.5e-05 0 0 3.5e-05 3e-05 6e-05 3e-05 2e-05 0 4.5e-05 0 5.5e-05 5e-05 3.5e-05 3.5e-05 2.5e-05 2.5e-05 0 0 5e-05 6e-05 0 3.5e-05 4e-05 3e-05 1e-05 4e-05 5e-05 6e-05 3e-05 0 3.5e-05 0 1.5e-05 3e-05 1.5e-05
2.5e-05 3e-05 5.5e-05 1.5e-05 3e-05 0 0 0 0 3e-05 2.5e-05 0 4.5e-05 4.5e-05 5e-06 0 0 5.5e-05 1e-05 2.5e-05 4.5e-05 3.5e-05 0 0 2e-05 1.5e-05 3e-05 3.5e-05 0 5.5e-05 0 0 2.5e-05 2e-05 2.5e-05 5.5e-05 0 3e-05 4.5e-05 4.5e-05 0 2.5e-05 0 0 0 0 0 3e-05 3.5e-05 0 0 3.5e-05 4e-05 5e-06 3.5e-05 3.5e-05 4.5e-05 0 3e-05 4e-05 4.5e-05 3e-05 0 0 2.5e-05 3.5e-05 2e-05 4.5e-05 6.5e-05 5e-05 5.5e-05 4e-05 0 3.5e-05 0 0 0 5e-05 2.5e-05 3.5e-05 2.5e-05 3.5e-05 0 0 3.5e-05 2.5e-05 0 3e-05 2e-05 5e-06 4.5e-05 0 0 0 4.5e-05 0 0 3e-05 1.5e-05 3.5e-05
2.5e-05 1e-05 3.5e-05 4e-05 0 0 0 3.5e-05 2e-05 2.5e-05 0 2.5e-05 0 3e-05 1.5e-05 5e-05 5.5e-05 0 2e-05 6e-05 4.5e-05 2.5e-05 3.5e-05 2e-05 5e-06 2.5e-05 1e-05 0 4.5e-05 5.5e-05 0 0 2.5e-05 5e-05 6e-05 3e-05 2e-05 4.5e-05 0 0 0 4e-05 2.5e-05 3e-05 3e-05 3e-05 1.5e-05 3e-05 4e-05 2e-05 3.5e-05 4.5e-05 2.5e-05 0 0 0 5.5e-05 0 5e-05 3.5e-05 4e-05 0 0 2e-05 5e-05 0 5e-06 3e-05 6e-05 0 2e-05 3e-05 2.5e-05 0 2.5e-05 3.5e-05 6e-05 0 4e-05 0 0 0 0 0 0 3e-05 3e-05 2e-05 4.5e-05 1.5e-05 0 5.5e-05 0 0 0 0 2.5e-05 3e-05 7.5e-05 0
0 2e-05 0 3.5e-05 0 0 0 3.5e-05 1.5e-05 2.5e-05 1.5e-05 0 1.5e-05 7e-05 3e-05 4.5e-05 2.5e-05 4e-05 2.5e-05 3.5e-05 2.5e-05 0 4.5e-05 5e-06 3e-05 0 0 1e-05 0 3e-05 1e-05 0 2e-05 3.5e-05 4e-05 0 4.5e-05 0 0 0 4.5e-05 8.5e-05 3.5e-05 1e-05 0 4e-05 3.5e-05 2.5e-05 3e-05 0 2e-05 3e-05 4.5e-05 0 5e-05 5e-06 3.5e-05 0 3e-05 5e-06 2e-05 1e-05 1e-05 0 3.5e-05 0 6e-05 4e-05 2e-05 2e-05 0 5e-06 0 6e-05 2.5e-05 3e-05 0 5e-05 0 0 0 4e-05 5e-05 4.5e-05 0 0 4e-05 2e-05 0 4.5e-05 0 0 0 0 4.5e-05 3e-05 2e-05 3.5e-05 0 2e-05
0 4e-05 3e-05 0 5e-05 4e-05 0 5e-05 3.5e-05 0 5e-05 0 0 0 7e-05 2.5e-05 5.5e-05 2.5e-05 4.5e-05 5e-05 0 3e-05 5.5e-05 0 2.5e-05 1e-05 1e-05 2e-05 0 0 4.5e-05 5.5e-05 6e-05 2e-05 3e-05 3.5e-05 1.5e-05 2.5e-05 0 0 4e-05 0 0 1.5e-05 5e-06 2.5e-05 4e-05 2e-05 2e-05 0 2.5e-05 2.5e-05 1e-05 1.5e-05 5e-05 2.5e-05 0 1e-05 0 4e-05 0 3e-05 0 3e-05 2e-05 0 1e-05 2.5e-05 6e-05 0 4e-05 0 4.5e-05 0 5e-05 0 3e-05 5e-05 5e-05 4e-05 0 3e-05 0 4e-05 0 2e-05 3.5e-05 2e-05 0 4e-05 4.5e-05 3e-05 3.5e-05 4.5e-05 0 0 0 5e-06 3e-05 2.5e-05
1.5e-05 4.5e-05 4.5e-05 2.5e-05 3.5e-05 1e-05 0 0 4e-05 0 3e-05 0 4.5e-05 0 0 4e-05 5e-06 1e-05 2e-05 0 0 4e-05 4.5e-05 3.5e-05 0 5e-05 2.5e-05 0 4.5e-05 1e-05 2e-05 2e-05 3e-05 1.5e-05 0 5e-05 0 0 2.5e-05 0 5e-05 4e-05 0 3e-05 0 1.5e-05 0 4e-05 4.5e-05 0 0 3e-05 0 5e-06 4e-05 0 4e-05 0 0 3.5e-05 3.5e-05 3e-05 3e-05 5.5e-05 2.5e-05 3e-05 0 1.5e-05 6e-05 0 0 2e-05 3.5e-05 4.5e-05 0 0 5e-06 4.5e-05 2e-05 4.5e-05 0 2.5e-05 4.5e-05 4e-05 0 4e-05 1.5e-05 2.5e-05 0 4e-05 0 5e-05 3.5e-05 4e-05 1.5e-05 3.5e-05 3e-05 0 3.5e-05 2.5e-05
0 5e-05 4e-05 0 0 0 0 0 0 2e-05 3e-05 0 5e-05 2e-05 4e-05 3.5e-05 0 3.5e-05 0 0 0 3e-05 4e-05 1.5e-05 4e-05 1.5e-05 0 6e-05 3.5e-05 4.5e-05 4.5e-05 3e-05 1e-05 0 3.5e-05 5e-05 1e-05 0 4e-05 2e-05 3.5e-05 2e-05 3.5e-05 4.5e-05 3.5e-05 3e-05 4e-05 0 4.5e-05 3e-05 0 0 3.5e-05 3e-05 0 0 0 2.5e-05 2.5e-05 2e-05 0 0 0 3e-05 5e-05 2.5e-05 0 4e-05 2.5e-05 4.5e-05 5.5e-05 1.5e-05 1e-05 1.5e-05 4.5e-05 0 2e-05 3e-05 0 0 4.5e-05 0 1e-05 2.5e-05 0 0 4e-05 1.5e-05 3.5e-05 2.5e-05 3.5e-05 2e-05 0 0 5.5e-05 5e-05 2.5e-05 5.5e-05 2e-05 4e-05
3e-05 1.5e-05 5.5e-05 2.5e-05 7e-05 0 5.5e-05 0 0 6e-05 2e-05 0 4.5e-05 2.5e-05 0 4.5e-05 0 1e-05 2.5e-05 3e-05 3.5e-05 3.5e-05 0 2e-05 4e-05 0 0 4e-05 0 4.5e-05 2e-05 0 4e-05 0 5e-05 0 4e-05 2e-05 0 3.5e-05 0 0 2.5e-05 3.5e-05 4.5e-05 0 5e-05 0 5e-05 0 2.5e-05 4e-05 2.5e-05 0 4.5e-05 2.5e-05 0 4.5e-05 3.5e-05 1.5e-05 0 4e-05 0 0 3.5e-05 5e-05 0 0 5e-05 0 0 0 0 4e-05 0 4.5e-05 3e-05 2e-05 4e-05 3.5e-05 3e-05 2.5e-05 4e-05 0 3.5e-05 6e-05 0 2.5e-05 1e-05 3.5e-05 0 4.5e-05 4.5e-05 4.5e-05 2e-05 5e-05 2e-05 0 4e-05 4.5e-05
0 0 2.5e-05 5.5e-05 0 0 3e-05 0 0 3e-05 5e-05 3e-05 4e-05 2e-05 5e-05 0 0 0 4e-05 5e-06 0 3.5e-05 2e-05 2e-05 0 0 4e-05 0 1.5e-05 0 3.5e-05 4e-05 0 2.5e-05 0 3.5e-05 2.5e-05 3.5e-05 0 1.5e-05 4e-05 4e-05 6.5e-05 3e-05 5e-05 1e-05 0 0 2.5e-05 0 2.5e-05 2.5e-05 2e-05 0 3.5e-05 0 3.5e-05 4e-05 2e-05 2.5e-05 0 4.5e-05 0 2.5e-05 0 0 2.5e-05 4e-05 5e-06 5e-05 3.5e-05 2.5e-05 1.5e-05 1.5e-05 2e-05 2.5e-05 5e-06 4e-05 0 4.5e-05 2.5e-05 3.5e-05 0 0 0 0 3e-05 3e-05 0 0 4e-05 0 5e-05 5e-06 1.5e-05 0 2.5e-05 1e-05 0 3e-05
5.5e-05 2.5e-05 5e-06 2e-05 3.5e-05 5e-05 0 5e-05 3.5e-05 2.5e-05 4e-05 0 0 0 0 0 1.5e-05 0 0 3e-05 2.5e-05 2.5e-05 6e-05 0 2.5e-05 4.5e-05 2e-05 0 2.5e-05 3.5e-05 2e-05 0 3e-05 3e-05 0 2.5e-05 4.5e-05 1e-05 4.5e-05 5.5e-05 4.5e-05 0 0 4.5e-05 2.5e-05 4e-05 0 0 2e-05 0 0 0 3e-05 4.5e-05 3e-05 1.5e-05 3e-05 1.5e-05 3.5e-05 0 0 0 2e-05 4e-05 0 0 2e-05 5.5e-05 4e-05 3.5e-05 6.5e-05 0 2.5e-05 0 2e-05 3e-05 3.5e-05 0 2e-05 3.5e-05 5.5e-05 4.5e-05 2.5e-05 3e-05 4.5e-05 2.5e-05 0 0 3e-05 4.5e-05 0 4e-05 0 5e-06 5.5e-05 5.5e-05 3e-05 0 4.5e-05 0
0 0 2.5e-05 1.5e-05 1.5e-05 2e-05 3.5e-05 2.5e-05 0 0 3e-05 0 3e-05 0 4.5e-05 5e-05 3.5e-05 2.5e-05 0 0 2.5e-05 4e-05 0 4.5e-05 0 0 2e-05 1e-05 4.5e-05 3.5e-05 2.5e-05 1e-05 2e-05 2.5e-05 0 0 0 5e-05 1.5e-05 0 4.5e-05 4.5e-05 3e-05 1.5e-05 0 4.5e-05 0 0 2.5e-05 4.5e-05 3e-05 0 3e-05 4e-05 4e-05 0 0 0 2e-05 1e-05 3e-05 0 0 1.5e-05 2.5e-05 3e-05 5e-05 0 2.5e-05 0 4e-05 0 1e-05 3.5e-05 2.5e-05 1e-05 4e-05 4e-05 0 4e-05 0 2e-05 3e-05 5e-05 5e-05 3e-05 0 3e-05 3e-05 3e-05 0 4e-05 2e-05 4e-05 2.5e-05 0 3e-05 0 0 2.5e-05
0 3e-05 1e-05 0 1.5e-05 5e-06 0 0 0 0 4e-05 2e-05 1e-05 0 3.5e-05 1.5e-05 1e-05 4.5e-05 1.5e-05 4.5e-05 0 0 4.5e-05 2.5e-05 3e-05 5.5e-05 0 4e-05 2.5e-05 2e-05 0 4.5e-05 0 0 2.5e-05 2.5e-05 2.5e-05 4.5e-05 0 3e-05 0 5e-06 4e-05 5e-05 0 3.5e-05 3e-05 0 0 4e-05 0 4e-05 4e-05 3.5e-05 3.5e-05 4e-05 3e-05 3e-05 0 2.5e-05 0 4e-05 2.5e-05 3e-05 0 3.5e-05 5.5e-05 2e-05 0 0 1e-05 0 0 3.5e-05 0 3.5e-05 0 2.5e-05 4e-05 4e-05 0 3.5e-05 1.5e-05 5.5e-05 5e-05 1.5e-05 0 3e-05 4.5e-05 0 0 3e-05 3e-05 3.5e-05 0 3.5e-05 3e-05 2.5e-05 0 1e-05
7e-05 2e-05 0 0.000105 0 0 0 3e-05 0 6e-05 8.5e-05 5e-05 0.00012 3.5e-05 1.5e-05 0 0 3e-05 2e-05 3.5e-05 7e-05 2.5e-05 0 0 0 0 2.5e-05 9.5e-05 0.00011 3.5e-05 5e-06 3e-05 2.5e-05 9e-05 0 1e-05 3e-05 4.5e-05 0 3.5e-05 0 2.5e-05 0 2e-05 0 2.5e-05 5.5e-05 1e-05 5e-06 4e-05 1.5e-05 4.5e-05 0 6e-05 0 0 0 2.5e-05 0 0.000125 4e-05 7.5e-05 2.5e-05 2e-05 3.5e-05 0 0 3e-05 0 0 0 3.5e-05 4.5e-05 6.5e-05 0 6.5e-05 0 1.5e-05 3e-05 3e-05 0 0 4.5e-05 0 0 0 5e-06 2.5e-05 0 9e-05 4e-05 9.5e-05 6e-05 3e-05 0 2e-05 8.5e-05 2e-05 4e-05 8.5e-05
7e-05 2e-05 0 0.00011 3e-05 0 2.5e-05 2.5e-05 3e-05 2.5e-05 0 2.5e-05 6e-05 0 1.5e-05 3.5e-05 0 0.00011 7e-05 0 0 0 3.5e-05 5e-05 0.000115 7.5e-05 5e-05 9e-05 4e-05 0 0 3e-05 2e-05 3.5e-05 3.5e-05 0 0.00012 8e-05 0 3.5e-05 0 0 0 2e-05 3e-05 7e-05 4.5e-05 3.5e-05 2.5e-05 4e-05 2e-05 0 0 4e-05 0 1e-05 0 7.5e-05 2e-05 4e-05 0.0001 2.5e-05 5.5e-05 0 0 6e-05 2e-05 2.5e-05 4.5e-05 0 4e-05 2e-05 1e-05 0.000135 0 2.5e-05 5.5e-05 0 2.5e-05 0 0 3.5e-05 0 4.5e-05 1.5e-05 0 0 0 8.5e-05 3.5e-05 0 0.000125 0 9.5e-05 0 2e-05 0 4.5e-05 0 3.5e-05
2.5e-05 0 0 2.5e-05 0 4e-05 0 0 1.5e-05 0 5e-06 3e-05 0 3e-05 4e-05 0 5.5e-05 3e-05 5e-06 0.00012 2e-05 5.5e-05 0 3.5e-05 5e-06 4e-05 7e-05 0 4e-05 2.5e-05 4.5e-05 3e-05 4.5e-05 9.5e-05 0.000105 4e-05 0 4e-05 0 2e-05 0 0.000105 4e-05 4e-05 0.000105 2.5e-05 5e-05 0 0.00011 2.5e-05 0.00011 0.000125 0 0.000115 3e-05 4.5e-05 9e-05 0 5e-05 5e-06 1.5e-05 4.5e-05 0 3e-05 0 2.5e-05 3.5e-05 4.5e-05 0.00011 9.5e-05 4.5e-05 2e-05 8e-05 0 0 0 0 0 0 1.5e-05 0.000145 3e-05 3.5e-05 1e-05 0 0 3.5e-05 0 3e-05 0 0 2.5e-05 8e-05 3e-05 0 0 3.5e-05 0.000105 8e-05 0
2.5e-05 3.5e-05 0 3.5e-05 0 0 0 0 4.5e-05 3e-05 4.5e-05 4e-05 0 4e-05 1e-05 4e-05 2.5e-05 1.5e-05 2e-05 0 0 4e-05 2e-05 4e-05 0 5e-05 0 3e-05 0 0 0 0 4e-05 4.5e-05 3.5e-05 4e-05 0 3e-05 0 2.5e-05 4e-05 3.5e-05 6e-05 5.5e-05 1.5e-05 2.5e-05 0 6e-05 3.5e-05 0 0 3.5e-05 2.5e-05 3e-05 3e-05 3e-05 2.5e-05 4.5e-05 4.5e-05 3e-05 2.5e-05 2e-05 3.5e-05 2e-05 4e-05 0 1.5e-05 2.5e-05 4.5e-05 5e-05 0 0 0 4e-05 0 0 0 2.5e-05 4e-05 0 0 0 1.5e-05 2.5e-05 5.5e-05 0 3e-05 4e-05 2e-05 3.5e-05 0 2e-05 0 0 1e-05 1.5e-05 5e-05 0 5e-05 2e-05
2.5e-05 5.5e-05 5e-05 3e-05 0 0 5e-05 0 4.5e-05 4.5e-05 4.5e-05 0 2e-05 4e-05 0 0 2.5e-05 3e-05 4e-05 3e-05 3e-05 0 0 4.5e-05 4.5e-05 0 2.5e-05 3.5e-05 0 2.5e-05 1e-05 0 4.5e-05 0 5e-05 3.5e-05 0 0 1.5e-05 3.5e-05 1.5e-05 4e-05 2.5e-05 5e-06 0 4.5e-05 0 1.5e-05 2.5e-05 0 4e-05 3e-05 0 0 4e-05 4e-05 0 4.5e-05 4e-05 0 2.5e-05 4e-05 2e-05 2e-05 0 0 4.5e-05 1.5e-05 2e-05 3e-05 0 2.5e-05 1e-05 0 3e-05 2e-05 1e-05 0 1.5e-05 2e-05 3.5e-05 0 1.5e-05 3e-05 4e-05 0 3e-05 1.5e-05 2.5e-05 1.5e-05 3.5e-05 4.5e-05 0 4e-05 0 5e-05 0 5e-05 4e-05 1e-05
0 4.5e-05 4.5e-05 3e-05 0 1e-05 3e-05 0 4.5e-05 3.5e-05 4.5e-05 3e-05 4.5e-05 0 1.5e-05 0 5.5e-05 0 4.5e-05 3e-05 4e-05 0 0 6.5e-05 0 2.5e-05 0 0 3.5e-05 3e-05 0 0 3e-05 0 1e-05 5e-05 2e-05 0 0 1e-05 1.5e-05 0 5e-05 2.5e-05 5e-05 3.5e-05 2e-05 5.5e-05 0 5.5e-05 2.5e-05 4e-05 4e-05 0 2.5e-05 6e-05 0 2e-05 0 4e-05 3.5e-05 1.5e-05 3.5e-05 0 5.5e-05 3e-05 3.5e-05 0 2e-05 6e-05 5e-05 3e-05 4e-05 0 0 6.5e-05 2.5e-05 2.5e-05 4e-05 0 3e-05 0 2.5e-05 0 5.5e-05 4.5e-05 1e-05 0 3e-05 3e-05 2e-05 5e-06 0 1.5e-05 0 0 1e-05 6e-05 6.5e-05 3.5e-05
5e-05 5e-05 4.5e-05 0 5.5e-05 3e-05 5.5e-05 3.5e-05 0 0 3.5e-05 3e-05 1.5e-05 3e-05 0 0 2e-05 6e-05 4.5e-05 1.5e-05 5.5e-05 0 2.5e-05 3e-05 2.5e-05 3.5e-05 0 3.5e-05 2.5e-05 7e-05 3e-05 0 0 5e-05 4e-05 4e-05 0 1e-05 2e-05 0 0 4e-05 3.5e-05 4.5e-05 4.5e-05 3.5e-05 0 0 1.5e-05 4e-05 3.5e-05 2.5e-05 0 6e-05 2e-05 6e-05 0 0 0 0 3e-05 4.5e-05 2.5e-05 4e-05 2.5e-05 3.5e-05 2.5e-05 0 3e-05 0 3.5e-05 0 0 4e-05 1e-05 5e-05 6.5e-05 5e-06 0 2.5e-05 4.5e-05 2.5e-05 6e-05 2e-05 2.5e-05 3e-05 0 0 3.5e-05 2e-05 0 0 0 0 3.5e-05 0 3e-05 5e-05 2e-05 2e-05
2.5e-05 0 3e-05 3e-05 3e-05 2.5e-05 3.5e-05 1.5e-05 0 0 3.5e-05 4e-05 0 2e-05 0 3e-05 0 0 0 4.5e-05 0 1.5e-05 2e-05 3e-05 0 4e-05 1e-05 3.5e-05 0 3.5e-05 0 0 0 0 3.5e-05 3e-05 3e-05 0 4e-05 3.5e-05 5e-05 2e-05 2.5e-05 4.5e-05 0 0 3.5e-05 5e-05 0 2.5e-05 4e-05 6e-05 1.5e-05 3.5e-05 4e-05 0 6e-05 0 0 1e-05 2.5e-05 4e-05 1.5e-05 2.5e-05 3e-05 3e-05 0 3.5e-05 0 3e-05 4e-05 1e-05 2e-05 0 2e-05 0 0 2e-05 1e-05 3.5e-05 0 5e-05 3e-05 3.5e-05 0 3.5e-05 2.5e-05 0 0 0 2e-05 3.5e-05 0 0 3.5e-05 4.5e-05 0 4e-05 0 0
0 0 0 3.5e-05 4e-05 4e-05 3.5e-05 4.5e-05 0 4.5e-05 0 2.5e-05 3e-05 0 0 5e-05 4e-05 2.5e-05 4.5e-05 4.5e-05 4e-05 0 0 4.5e-05 2e-05 5e-06 3.5e-05 0 6e-05 4e-05 0 0 1.5e-05 0 3.5e-05 3.5e-05 0 3.5e-05 4.5e-05 1.5e-05 0 0 2.5e-05 0 3.5e-05 4e-05 5e-05 1.5e-05 5.5e-05 1.5e-05 0 0 1.5e-05 0 2e-05 5e-05 3e-05 5.5e-05 0 0 1e-05 2.5e-05 3.5e-05 4e-05 3e-05 2e-05 0 5.5e-05 3e-05 0 0 2.5e-05 4.5e-05 0 2.5e-05 2e-05 0 4e-05 3e-05 3e-05 2.5e-05 1.5e-05 4e-05 7.5e-05 4e-05 3.5e-05 4e-05 5e-05 7.5e-05 0 3e-05 0 0 2e-05 4e-05 0 0 0 2.5e-05 0
5.5e-05 6.5e-05 3.5e-05 6e-05 0 0 2.5e-05 2e-05 0 0 0 4e-05 3.5e-05 3e-05 0 3e-05 2e-05 0 5e-05 0 3e-05 0 2.5e-05 0 0 1.5e-05 4e-05 0 0 4e-05 5e-05 4.5e-05 4.5e-05 0 1.5e-05 0 5.5e-05 0 0 0 0 2.5e-05 2.5e-05 3e-05 1.5e-05 3.5e-05 3.5e-05 3e-05 2e-05 0 0 3.5e-05 3.5e-05 5e-05 1e-05 0 3e-05 0 0 5e-05 3e-05 4e-05 5e-05 0 3e-05 2e-05 5e-05 3.5e-05 1.5e-05 5e-05 4e-05 3e-05 0 1.5e-05 2.5e-05 0 0 0 0 0 2e-05 3.5e-05 3e-05 4e-05 0 3.5e-05 3.5e-05 4e-05 3.5e-05 3e-05 8e-05 0 2.5e-05 0 0 3e-05 0 4e-05 2.5e-05 2.5e-05
2.5e-05 3e-05 4e-05 4e-05 3e-05 3e-05 0 3e-05 1.5e-05 4e-05 3e-05 1e-05 2e-05 3e-05 0 5.5e-05 2e-05 3.5e-05 0 4e-05 5.5e-05 2.5e-05 0 2e-05 1.5e-05 4e-05 0 0 4e-05 1e-05 3e-05 6e-05 0 0 0 4e-05 3e-05 0 0 3e-05 6e-05 0 2.5e-05 0 3.5e-05 0 2e-05 0 0 0 2e-05 0 3e-05 5e-05 4.5e-05 0 6.5e-05 0 0 2.5e-05 3.5e-05 0 1.5e-05 5e-06 6e-05 0 2e-05 3e-05 2e-05 4e-05 3.5e-05 0 1e-05 2e-05 0 0 3e-05 2e-05 0 0 2e-05 3.5e-05 7e-05 3.5e-05 7e-05 4.5e-05 0 0 1e-05 0 0 0 4e-05 0 2.5e-05 5.5e-05 2e-05 0 1e-05 0
0 4.5e-05 0 4e-05 3.5e-05 0 2.5e-05 3e-05 4e-05 3e-05 4.5e-05 4e-05 5.5e-05 2.5e-05 0 4.5e-05 0 3e-05 2.5e-05 4.5e-05 5.5e-05 4e-05 4e-05 0 3.5e-05 0 2.5e-05 0 2e-05 0 3e-05 2e-05 4.5e-05 3e-05 2.5e-05 4.5e-05 6e-05 5e-05 0 4.5e-05 0 3.5e-05 2.5e-05 6e-05 0 0 3e-05 3.5e-05 3e-05 4e-05 4e-05 3.5e-05 0 3e-05 3.5e-05 0 1e-05 5.5e-05 0 1e-05 3e-05 0 0 4.5e-05 4e-05 4e-05 4.5e-05 0 3e-05 0 0 0 2.5e-05 4e-05 3.5e-05 2e-05 4e-05 1e-05 2.5e-05 0 3.5e-05 5.5e-05 4e-05 0 5.5e-05 0 0 4.5e-05 3.5e-05 0 4e-05 0 2.5e-05 0 3e-05 0 0 0 0 4e-05
0 5e-05 0 0 0 4.5e-05 0 0 2e-05 2.5e-05 0 3.5e-05 2.5e-05 0 0 0 3e-05 0 5e-05 4e-05 2e-05 0 4.5e-05 4e-05 4e-05 0 6e-05 5e-06 2.5e-05 0 3.5e-05 4e-05 4e-05 2.5e-05 3e-05 3e-05 4e-05 4.5e-05 0 2.5e-05 2e-05 3e-05 4.5e-05 0 4e-05 2.5e-05 3.5e-05 3.5e-05 0 3e-05 5.5e-05 0 4.5e-05 2e-05 2.5e-05 3e-05 3.5e-05 0 6.5e-05 1e-05 4.5e-05 1e-05 2e-05 2.5e-05 4e-05 3e-05 0 0 3.5e-05 0 4e-05 0 0 1e-05 0 3.5e-05 4e-05 0 4e-05 4e-05 2.5e-05 0 2.5e-05 0 0 4.5e-05 7e-05 0 0 2.5e-05 4e-05 0 3e-05 0 0 3e-05 5e-05 1.5e-05 1.5e-05 3e-05
0 3.5e-05 5.5e-05 2.5e-05 2e-05 0 0 2.5e-05 0 0 4.5e-05 3.5e-05 3e-05 3e-05 2e-05 0 0 5.5e-05 0 5e-05 0 3.5e-05 3e-05 6e-05 5e-05 4e-05 3.5e-05 0 2e-05 0 0 5e-05 4e-05 6e-05 3.5e-05 3.5e-05 2.5e-05 2.5e-05 5.5e-05 2e-05 0 0 0 5.5e-05 4.5e-05 0 6.5e-05 0 2e-05 4.5e-05 0 5e-05 3e-05 0 0 0 0 2.5e-05 4.5e-05 2e-05 5e-05 6e-05 2.5e-05 1.5e-05 3e-05 1.5e-05 3e-05 0 4e-05 2e-05 2.5e-05 4e-05 0 1.5e-05 0 0 3.5e-05 4e-05 5.5e-05 6.5e-05 1e-05 2.5e-05 3e-05 3.5e-05 2e-05 0 0 4e-05 3e-05 2e-05 0 0 1.5e-05 2e-05 3.5e-05 0 3e-05 3.5e-05 2e-05 0
2.5e-05 2e-05 6e-05 0 4.5e-05 5.5e-05 1.5e-05 4e-05 3.5e-05 5.5e-05 3e-05 1.5e-05 0 4e-05 5e-05 2.5e-05 4.5e-05 0 3e-05 0 3.5e-05 0 4.5e-05 0 2.5e-05 4e-05 0 4e-05 3.5e-05 3e-05 4e-05 0 0 1.5e-05 0 0 3.5e-05 4.5e-05 0 2.5e-05 4e-05 3.5e-05 1.5e-05 4.5e-05 2.5e-05 5.5e-05 4.5e-05 0 3e-05 4.5e-05 2.5e-05 1.5e-05 0 3.5e-05 0 5e-05 1e-05 7.5e-05 0 0 0 5e-05 3e-05 1.5e-05 5e-06 2.5e-05 0 2.5e-05 0 3e-05 4e-05 0 5.5e-05 2e-05 1e-05 2e-05 0 3.5e-05 0 1.5e-05 2.5e-05 3e-05 0 4.5e-05 0 3e-05 0 0 4e-05 1e-05 0 2e-05 4.5e-05 2e-05 3.5e-05 4.5e-05 3.5e-05 0 0 0
5.5e-05 2.5e-05 5e-05 5e-06 3.5e-05 0 0 4.5e-05 0 3.5e-05 0 2e-05 4.5e-05 4.5e-05 2.5e-05 3e-05 5.5e-05 3.5e-05 0 5.5e-05 4e-05 4.5e-05 1e-05 6.5e-05 0 0 3.5e-05 5.5e-05 0 1.5e-05 0 5.5e-05 0 0 5e-05 3.5e-05 4.5e-05 2.5e-05 3e-05 5e-05 2.5e-05 5.5e-05 0 1.5e-05 0 3.5e-05 4.5e-05 0 2.5e-05 2.5e-05 3.5e-05 1e-05 1.5e-05 0 3e-05 0 5e-06 3.5e-05 2e-05 0 0 0 0 0 2e-05 0 0 3.5e-05 3.5e-05 0 5.5e-05 4.5e-05 1e-05 0 5e-05 0 3.5e-05 4.5e-05 2e-05 3e-05 4.5e-05 3.5e-05 0 4.5e-05 1e-05 0 0 0 0 0 3.5e-05 1.5e-05 4.5e-05 0 4e-05 3.5e-05 2.5e-05 3.5e-05 0 1.5e-05
2.5e-05 4.5e-05 2.5e-05 0 3.5e-05 3e-05 0 4e-05 3e-05 1e-05 7.5e-05 2.5e-05 0 4.5e-05 5.5e-05 2e-05 3e-05 2.5e-05 0 0 4.5e-05 0 0 2e-05 0 0 0 0 4e-05 0 1.5e-05 0 0 0 0 3e-05 0 0 5e-05 3.5e-05 2.5e-05 5.5e-05 0 0 3e-05 3e-05 2e-05 0 3.5e-05 3e-05 3.5e-05 0 4.5e-05 1e-05 4e-05 5e-05 0 4.5e-05 5e-05 3.5e-05 3e-05 5e-06 0 0 0 6.5e-05 5.5e-05 4e-05 4e-05 3.5e-05 0 0 3.5e-05 0 5e-06 2e-05 4e-05 6e-05 1.5e-05 1.5e-05 0 1.5e-05 3e-05 5e-05 0 3.5e-05 3e-05 1.5e-05 1.5e-05 3.5e-05 3.5e-05 5e-05 5e-05 4e-05 2.5e-05 3.5e-05 3.5e-05 2e-05 2.5e-05 0
3.5e-05 0 2.5e-05 0 7.5e-05 0 5.5e-05 4.5e-05 1e-05 0 4.5e-05 4e-05 4.5e-05 6.5e-05 0 4.5e-05 0 3e-05 2e-05 3.5e-05 4e-05 0 2.5e-05 2.5e-05 5e-05 3.5e-05 3.5e-05 0 0 3.5e-05 2e-05 4.5e-05 0 4e-05 2.5e-05 4e-05 1.5e-05 2.5e-05 2.5e-05 2e-05 0 4e-05 4.5e-05 0 2.5e-05 3e-05 0 5e-05 2e-05 5e-05 0 4e-05 0 0 3e-05 5.5e-05 0 4e-05 5.5e-05 0 5e-05 5e-06 1.5e-05 5.5e-05 6e-05 3.5e-05 3.5e-05 0 3.5e-05 4e-05 0 3e-05 3e-05 1e-05 3.5e-05 3.5e-05 0 8e-05 0 4e-05 3.5e-05 4e-05 0 2.5e-05 5.5e-05 0 0 4e-05 3.5e-05 0 3e-05 0 0 2.5e-05 3.5e-05 3.5e-05 0 0 5e-06 7e-05
0 3.5e-05 6.5e-05 0 3.5e-05 0 0 2e-05 4.5e-05 0 3.5e-05 0 3.5e-05 0 0 1e-05 3.5e-05 3e-05 5.5e-05 5.5e-05 3e-05 0 4.5e-05 0 3e-05 4.5e-05 0 5.5e-05 0 4e-05 5e-06 5e-05 0 0 4.5e-05 4.5e-05 4.5e-05 4e-05 5e-05 2.5e-05 0 2.5e-05 0 0 2.5e-05 0 6e-05 0 3.5e-05 3.5e-05 0 3.5e-05 0 3e-05 6e-05 6e-05 3e-05 2.5e-05 4.5e-05 0 4e-05 1e-05 0 1e-05 1.5e-05 0 2e-05 4.5e-05 0 0 1e-05 0 3e-05 2e-05 0 4e-05 2e-05 4.5e-05 5.5e-05 3e-05 0 3.5e-05 3.5e-05 5.5e-05 3.5e-05 3e-05 2.5e-05 0 3.5e-05 0 4e-05 2e-05 0 0 2e-05 0 2.5e-05 0 3e-05 2e-05
0 3.5e-05 0 2.5e-05 0 0 0 5e-05 4.5e-05 2.5e-05 3.5e-05 4.5e-05 1.5e-05 0 0 6.5e-05 0 4e-05 0 3e-05 3.5e-05 0 0 0 4e-05 0 2e-05 3e-05 4e-05 2.5e-05 0 0 5.5e-05 6.5e-05 0 0 6.5e-05 3.5e-05 2.5e-05 3.5e-05 2.5e-05 4e-05 3e-05 4.5e-05 4.5e-05 0 0 4e-05 3.5e-05 4.5e-05 4.5e-05 0 4.5e-05 5e-05 2.5e-05 1.5e-05 0 0 4.5e-05 3e-05 3e-05 3.5e-05 3.5e-05 0 0 2e-05 2.5e-05 1.5e-05 3e-05 2e-05 0 0 0 3e-05 0 0 0 0 2.5e-05 1.5e-05 1.5e-05 2.5e-05 3.5e-05 4e-05 3.5e-05 1e-05 0 0 5.5e-05 4e-05 2e-05 0 4.5e-05 0 2.5e-05 5.5e-05 2.5e-05 3.5e-05 2e-05 2.5e-05
3e-05 3.5e-05 0 5.5e-05 2.5e-05 5.5e-05 4.5e-05 3e-05 5e-05 0 0 0 2e-05 0 0 3.5e-05 4.5e-05 2.5e-05 3.5e-05 2e-05 2.5e-05 0 1.5e-05 7e-05 4.5e-05 3.5e-05 0 2.5e-05 4e-05 3.5e-05 0 1.5e-05 0 0 0 3.5e-05 6.5e-05 5.5e-05 4e-05 0 2.5e-05 1.5e-05 6.5e-05 3e-05 2e-05 3.5e-05 0 0 5e-05 8e-05 4e-05 4.5e-05 3.5e-05 1e-05 2e-05 1.5e-05 4.5e-05 0 2e-05 0 3e-05 0 2e-05 2e-05 0 0 0 0 5.5e-05 5e-05 0 0 3e-05 0 1e-05 0 4.5e-05 0 3e-05 3e-05 0 4e-05 0 4e-05 3.5e-05 0 2.5e-05 0 2e-05 0 0 0 3.5e-05 3.5e-05 2.5e-05 0 5.5e-05 3.5e-05 4.5e-05 4e-05
5.5e-05 2e-05 3.5e-05 1.5e-05 3e-05 2.5e-05 3e-05 0 0 4e-05 2.5e-05 0 2e-05 7.5e-05 4.5e-05 4e-05 0 3.5e-05 5e-06 3.5e-05 0 4e-05 7e-05 6e-05 2.5e-05 5.5e-05 0 1.5e-05 0 2e-05 3e-05 2.5e-05 3e-05 0 4e-05 1e-05 0 4.5e-05 0 3e-05 4e-05 0 0 0 5e-05 2e-05 3.5e-05 4e-05 0 4e-05 0 3.5e-05 3.5e-05 3.5e-05 3.5e-05 1.5e-05 2e-05 0 4.5e-05 0 3.5e-05 4.5e-05 1.5e-05 2.5e-05 0 0 0 3e-05 0 3e-05 0 5e-05 0 0 3.5e-05 1.5e-05 0 0 3.5e-05 0 2.5e-05 0 1e-05 6e-05 3.5e-05 2e-05 4e-05 3e-05 4e-05 0 3.5e-05 3.5e-05 4e-05 0 0 0 0 4e-05 1.5e-05 2.5e-05
0 0 0 3.5e-05 3.5e-05 2e-05 0 6e-05 2.5e-05 0 0 4e-05 3.5e-05 0 5e-05 4e-05 3.5e-05 4e-05 4e-05 2.5e-05 1.5e-05 0 2.5e-05 3.5e-05 3.5e-05 3.5e-05 3e-05 0 3e-05 0 0 0 0 1e-05 0 5e-05 0 5.5e-05 2e-05 1.5e-05 3e-05 0 1e-05 6e-05 3.5e-05 0 2.5e-05 7e-05 0 5e-05 5e-05 3.5e-05 0 6.5e-05 0 3.5e-05 4e-05 0 0 4e-05 0 0 3e-05 3.5e-05 0 0 4e-05 1.5e-05 4e-05 5.5e-05 0 0 0 2.5e-05 1e-05 4.5e-05 3.5e-05 0 0 4.5e-05 0 2.5e-05 1.5e-05 2.5e-05 4.5e-05 0 6.5e-05 3e-05 0 6e-05 5e-05 4e-05 1.5e-05 4.5e-05 1.5e-05 2.5e-05 0 1.5e-05 0 3.5e-05
4.5e-05 0 4.5e-05 0 0 0 5.5e-05 0 0 0.000135 5e-06 1e-05 0 0 9.5e-05 8.5e-05 3.5e-05 5e-05 0 5e-06 4e-05 1.5e-05 1e-05 0 0 0 2.5e-05 1.5e-05 4e-05 4e-05 5e-06 9.5e-05 0 2e-05 0 0 0 0 2e-05 2e-05 6e-05 0 4e-05 0.000145 2.5e-05 0 0 5e-05 4e-05 0 1.5e-05 0.000105 2e-05 3e-05 3.5e-05 0 5e-05 2.5e-05 8.5e-05 3.5e-05 0 0 4e-05 0.00013 8.5e-05 4e-05 0 0 0 1e-05 2.5e-05 0.00014 6e-05 3e-05 6.5e-05 2.5e-05 1.5e-05 3.5e-05 8e-05 0 4e-05 3.5e-05 0 0 0.0001 3e-05 5e-06 9e-05 2e-05 1e-05 2.5e-05 5e-06 6e-05 2.5e-05 3.5e-05 3.5e-05 0 6e-05 0 2e-05
2.5e-05 3e-05 4e-05 4e-05 0 0 0 2.5e-05 0 7e-05 0 3.5e-05 0 1e-05 2.5e-05 0 1.5e-05 0 3.5e-05 0 0 0 0 4.5e-05 3e-05 0 0 4.5e-05 0 3e-05 0 5e-05 1.5e-05 1e-05 3.5e-05 0 6.5e-05 1.5e-05 3.5e-05 5e-05 0 6.5e-05 0 4.5e-05 3e-05 2e-05 2e-05 4.5e-05 5.5e-05 4.5e-05 0 3e-05 0 2.5e-05 2.5e-05 3e-05 1.5e-05 2.5e-05 6.5e-05 3e-05 3.5e-05 0 3.5e-05 4e-05 0 0 4.5e-05 2e-05 2.5e-05 2.5e-05 3e-05 0 5e-05 3e-05 2.5e-05 0 3.5e-05 3.5e-05 2e-05 3e-05 2e-05 2e-05 3e-05 0 3.5e-05 5e-05 7.5e-05 0 0 2.5e-05 2.5e-05 0 0 5e-05 1.5e-05 0 0 5.5e-05 2.5e-05 3.5e-05
0 5.5e-05 3.5e-05 4e-05 4e-05 0 5.5e-05 4e-05 3e-05 0 7e-05 0 0 5.5e-05 5.5e-05 0 3e-05 4e-05 0 5.5e-05 5e-05 2.5e-05 2e-05 0 2e-05 0 0 4.5e-05 3e-05 0 3e-05 3e-05 4.5e-05 4.5e-05 0 2.5e-05 3.5e-05 2e-05 5.5e-05 2.5e-05 0 0 5e-05 2.5e-05 0 3e-05 2.5e-05 0 4e-05 2.5e-05 4e-05 5.5e-05 5e-05 4.5e-05 0 0 0 5.5e-05 3.5e-05 0 0 0 2e-05 3e-05 3e-05 3e-05 3.5e-05 2e-05 2e-05 2.5e-05 0 4.5e-05 2e-05 0 3e-05 0 0 0 2e-05 3e-05 0 4e-05 6e-05 4e-05 2.5e-05 4e-05 2e-05 0 4e-05 0 3.5e-05 0 1.5e-05 2.5e-05 5e-06 0 0 3e-05 0 0
2e-05 1e-05 0 0 2.5e-05 0 2.5e-05 3e-05 3.5e-05 3e-05 1e-05 0 4e-05 2.5e-05 1.5e-05 0 2e-05 0 3e-05 4e-05 0 4e-05 5e-05 0 5.5e-05 2e-05 0 5.5e-05 1e-05 0 1e-05 0 2e-05 3.5e-05 3e-05 4e-05 3.5e-05 0 2.5e-05 4e-05 5e-05 0 4e-05 3e-05 2e-05 1e-05 0 2.5e-05 5.5e-05 2.5e-05 0 0 1.5e-05 6.5e-05 5.5e-05 3.5e-05 4e-05 0 4.5e-05 6e-05 3e-05 0 2.5e-05 1e-05 0 5e-05 5e-05 0 3.5e-05 0 0 5e-05 0 0 0 2.5e-05 4.5e-05 1.5e-05 3.5e-05 0 3e-05 0 0 0 1.5e-05 0 4e-05 2e-05 1.5e-05 2e-05 3.5e-05 3e-05 3e-05 2.5e-05 2.5e-05 4.5e-05 2e-05 0 6e-05 0
0 3.5e-05 3.5e-05 4e-05 1.5e-05 0 4.5e-05 0 0 0 0 1.5e-05 3e-05 1.5e-05 3.5e-05 4e-05 3e-05 0 2.5e-05 3e-05 2e-05 4e-05 2e-05 3e-05 5e-05 2e-05 3e-05 2e-05 4e-05 5.5e-05 0 0 0 0 4.5e-05 0 3e-05 0 5e-05 4.5e-05 0 3.5e-05 0 0 1e-05 3e-05 3e-05 3e-05 2.5e-05 0 3.5e-05 2.5e-05 1.5e-05 3.5e-05 4.5e-05 4e-05 1e-05 4.5e-05 5e-05 0 4.5e-05 2e-05 6e-05 4.5e-05 3e-05 0 4.5e-05 7e-05 2.5e-05 0 3.5e-05 3e-05 0 3.5e-05 0 5.5e-05 0 0 0 4.5e-05 0 3.5e-05 4.5e-05 0 5e-05 3.5e-05 0 4.5e-05 3.5e-05 0 3e-05 3.5e-05 0 5e-05 3.5e-05 4.5e-05 2e-05 4e-05 0 3.5e-05
3.5e-05 2.5e-05 3e-05 0 0 5.5e-05 5.5e-05 4e-05 0 4e-05 0 4e-05 3.5e-05 5e-05 3e-05 3.5e-05 0 2.5e-05 3e-05 0 0 0 0 6e-05 2.5e-05 3.5e-05 2e-05 0 2e-05 4e-05 4.5e-05 0 0 1.5e-05 0 2.5e-05 0 1e-05 2.5e-05 4e-05 0 0 3e-05 3.5e-05 2.5e-05 3e-05 3e-05 3.5e-05 3.5e-05 3e-05 4e-05 0 0 4e-05 0 6e-05 5e-05 0 6e-05 5e-06 5.5e-05 4e-05 3e-05 0 4.5e-05 2.5e-05 3.5e-05 0 5e-05 1e-05 4e-05 3e-05 4e-05 4e-05 0 0 4e-05 1.5e-05 0 0 6e-05 0 0 4.5e-05 0 4e-05 5e-05 1e-05 0 4.5e-05 3e-05 3.5e-05 5.5e-05 2.5e-05 0 3.5e-05 3.5e-05 0 6e-05 0
0.00011 2.5e-05 2.5e-05 0 0 6.5e-05 0.00012 9e-05 2.5e-05 3.5e-05 1e-05 0.000115 0 2e-05 3.5e-05 1.5e-05 4.5e-05 5e-05 0 4.5e-05 1.5e-05 0 2.5e-05 5.5e-05 0.000125 0 4e-05 5e-06 3.5e-05 0.00012 1.5e-05 8.5e-05 4.5e-05 7.5e-05 0 9e-05 4e-05 1e-05 0 0 4e-05 0 0.000115 0 3.5e-05 2.5e-05 0 0 2e-05 0 4.5e-05 1.5e-05 3e-05 2.5e-05 0 0 0 7.5e-05 3e-05 0 0 0 0 1e-05 2.5e-05 0 2.5e-05 2.5e-05 3e-05 3e-05 0 1e-05 3e-05 1e-05 5.5e-05 3e-05 4.5e-05 6e-05 0 6.5e-05 2.5e-05 6.5e-05 2.5e-05 0 0.000155 4.5e-05 3.5e-05 0 4.5e-05 0 0 1.5e-05 7e-05 0 2e-05 0 0 0 2e-05 0
3e-05 0 2e-05 0 1.5e-05 0 2e-05 0 2e-05 0 1.5e-05 4e-05 0 3.5e-05 2.5e-05 0 0 0 3e-05 3e-05 1.5e-05 3.5e-05 3e-05 4e-05 4e-05 0 4.5e-05 0 0 2e-05 4e-05 0 0 3e-05 0 0 2.5e-05 3.5e-05 0 0 5e-06 2.5e-05 3e-05 4e-05 5e-05 5e-05 1.5e-05 0 0 0 4e-05 3e-05 3e-05 3.5e-05 0 1e-05 0 1.5e-05 3.5e-05 3e-05 3.5e-05 0 0 4e-05 2.5e-05 2e-05 0 0 2.5e-05 0 4e-05 1.5e-05 5.5e-05 0 4e-05 4e-05 4e-05 2.5e-05 0 4e-05 5.5e-05 0 1.5e-05 2e-05 0 3.5e-05 0 5.5e-05 4e-05 6e-05 0 2.5e-05 6e-05 0 5.5e-05 4e-05 3e-05 3e-05 0 0
0 1.5e-05 8e-05 0 5.5e-05 3e-05 0 0 0 0 0 0.00014 1e-05 2.5e-05 0 0.0001 4.5e-05 6e-05 0.00012 5e-05 0 3e-05 0 1.5e-05 2e-05 0 0 3e-05 4e-05 2.5e-05 0 2.5e-05 0.00012 3.5e-05 0 0 2e-05 0 4.5e-05 6.5e-05 0 0 8e-05 9e-05 2e-05 3e-05 3e-05 0 0 0 5e-06 9e-05 4e-05 0 0 3.5e-05 0.00013 2.5e-05 1.5e-05 0 2e-05 0 8.5e-05 3e-05 0 5e-06 2.5e-05 1.5e-05 4e-05 3.5e-05 9.5e-05 4e-05 0 0 1.5e-05 4e-05 0 0 5.5e-05 7e-05 2e-05 0 2.5e-05 7.5e-05 7e-05 4.5e-05 9e-05 0 4e-05 0.00013 2.5e-05 4e-05 6e-05 3e-05 0 5e-05 3e-05 2.5e-05 8.5e-05 0
3.5e-05 0 1.5e-05 0 2e-05 0 1.5e-05 4e-05 4e-05 0 3.5e-05 1e-05 0 0 0 4.5e-05 3.5e-05 8.5e-05 0.000115 0 2e-05 9e-05 0 0 4.5e-05 0 0 4e-05 1.5e-05 3e-05 4e-05 3.5e-05 3.5e-05 3e-05 1.5e-05 0 3e-05 2.5e-05 2e-05 4e-05 0 8.5e-05 1.5e-05 5.5e-05 1e-05 0 1.5e-05 0 4.5e-05 0.000115 0 0 3.5e-05 0 7.5e-05 2e-05 0 0 0 9.5e-05 1e-05 0 0 0 3e-05 6.5e-05 2.5e-05 3.5e-05 9.5e-05 1.5e-05 0 0 2.5e-05 3e-05 9.5e-05 0.00014 0.00014 2.5e-05 0 3e-05 2e-05 0 0.000105 0 3e-05 6.5e-05 2e-05 0.00014 0 0 6.5e-05 0 2.5e-05 9.5e-05 1e-05 2.5e-05 0 8.5e-05 0 4.5e-05
5e-05 3.5e-05 7e-05 2.5e-05 4.5e-05 5.5e-05 0 0 0 4.5e-05 2e-05 0 0 3.5e-05 4e-05 0 2.5e-05 3.5e-05 5.5e-05 0 5e-05 3e-05 1.5e-05 1e-05 3e-05 3.5e-05 5.5e-05 0 0 2.5e-05 0 4.5e-05 2e-05 0 0 3.5e-05 5e-06 2.5e-05 3e-05 3.5e-05 5e-05 4e-05 3e-05 4.5e-05 3e-05 2.5e-05 2.5e-05 4.5e-05 4.5e-05 0 4e-05 1.5e-05 3.5e-05 4e-05 0 4e-05 4.5e-05 6e-05 0 2e-05 4.5e-05 0 3e-05 2e-05 0 5e-05 1e-05 0 0 6e-05 0 0 4e-05 0 4.5e-05 3.5e-05 2.5e-05 0 0 5.5e-05 3e-05 0 5e-06 0 1e-05 4.5e-05 0 6.5e-05 0 3.5e-05 4e-05 0 0 1e-05 3e-05 0 0 2.5e-05 3e-05 4.5e-05
0 3.5e-05 5e-05 3.5e-05 2.5e-05 0 4e-05 4.5e-05 2.5e-05 2.5e-05 5e-05 0 4e-05 0 1.5e-05 2.5e-05 1e-05 5e-05 0 0 3.5e-05 0 0 0 6e-05 2e-05 3.5e-05 5.5e-05 4e-05 5.5e-05 3.5e-05 0 2.5e-05 0 4e-05 2.5e-05 4e-05 0 0 0 3e-05 1e-05 3.5e-05 4e-05 3e-05 4.5e-05 3.5e-05 3e-05 3.5e-05 0 3e-05 7e-05 3e-05 4e-05 0 0 3e-05 4.5e-05 0 5e-05 0 0 5.5e-05 3e-05 4e-05 0 1e-05 0 0 1.5e-05 4e-05 5e-05 3e-05 1.5e-05 3e-05 2.5e-05 0 2e-05 0 5e-05 2.5e-05 3e-05 3.5e-05 3e-05 2e-05 0 7e-05 2.5e-05 0 0 2e-05 2.5e-05 0 3e-05 0 3.5e-05 3.5e-05 0 2.5e-05 0
1e-05 5e-05 1.5e-05 2e-05 0 1e-05 4e-05 0 4e-05 0 3.5e-05 5e-06 0 0 3e-05 0 0 3e-05 0 2.5e-05 3.5e-05 1.5e-05 0 4e-05 0 0 3e-05 0 2e-05 0 2e-05 0 0 0 4.5e-05 3e-05 4.5e-05 4e-05 2e-05 0 1e-05 0 0 3.5e-05 3.5e-05 3e-05 4e-05 0 3.5e-05 2.5e-05 2.5e-05 3.5e-05 4e-05 0 3.5e-05 1.5e-05 3e-05 0 0 3.5e-05 3.5e-05 0 3e-05 2.5e-05 1e-05 0 2.5e-05 2.5e-05 2.5e-05 4e-05 0 0 0 2.5e-05 0 1.5e-05 0 4.5e-05 0 3.5e-05 4e-05 3.5e-05 0 3e-05 2e-05 0 2.5e-05 1.5e-05 5.5e-05 2e-05 3.5e-05 3.5e-05 3.5e-05 5e-05 0 2.5e-05 0 6e-05 0 3e-05
4e-05 0 3e-05 0 3.5e-05 0 4e-05 0 3e-05 0 4e-05 5.5e-05 4e-05 5.5e-05 2.5e-05 3e-05 0 0 4e-05 2e-05 3e-05 4.5e-05 0 2.5e-05 3.5e-05 0 2.5e-05 1.5e-05 0 2.5e-05 2.5e-05 2e-05 0 1.5e-05 4e-05 0 0 4e-05 0 0 4e-05 2e-05 4.5e-05 3e-05 2e-05 0 4e-05 0 3.5e-05 2e-05 3.5e-05 5e-05 1e-05 6e-05 0 4e-05 3e-05 0 5.5e-05 0 0 0 2e-05 6.5e-05 0 0 0 2.5e-05 0 3.5e-05 3.5e-05 2.5e-05 2.5e-05 0 3.5e-05 0 3e-05 3.5e-05 0 0 2.5e-05 2e-05 0 3.5e-05 4.5e-05 7e-05 5.5e-05 3e-05 2.5e-05 0 0 4.5e-05 0 0 3e-05 3.5e-05 0 0 5e-06 2.5e-05
3e-05 2e-05 0 2.5e-05 5.5e-05 1.5e-05 0 0 3e-05 5e-05 3.5e-05 0 5e-05 4.5e-05 2.5e-05 5.5e-05 0 5e-05 0 2e-05 3e-05 2e-05 3e-05 0 2e-05 0 0 5.5e-05 0 2.5e-05 4e-05 0 4e-05 0 8.5e-05 2.5e-05 5.5e-05 0 1.5e-05 3e-05 5e-05 4e-05 4.5e-05 6e-05 0 1e-05 5e-06 2.5e-05 4.5e-05 0 3.5e-05 0 2.5e-05 4e-05 0 1e-05 2.5e-05 2e-05 0 2.5e-05 0 4.5e-05 0 0 0 2e-05 4e-05 3e-05 5.5e-05 2e-05 0 0 2.5e-05 0 0 0 4.5e-05 0 6.5e-05 3e-05 3e-05 4e-05 0 0 3e-05 0 5e-05 2.5e-05 2e-05 1e-05 2.5e-05 1.5e-05 3e-05 2.5e-05 5.5e-05 2e-05 0 3.5e-05 1.5e-05 0
0.000115 0 5e-05 0.000125 0 3e-05 0 2e-05 6.5e-05 4e-05 2e-05 0.0001 0 2.5e-05 2e-05 7.5e-05 0 2.5e-05 0 3e-05 0 0 0 2.5e-05 9e-05 0 0 5e-05 0 0 0 0 0 3.5e-05 0 5e-05 9e-05 0.0001 4.5e-05 0 4e-05 5e-05 3e-05 0 0 1.5e-05 7.5e-05 0 2.5e-05 0.00011 0 0.000135 5e-05 0 0 0 4e-05 0.000155 0 3e-05 0 0 4e-05 2.5e-05 0 5e-05 1.5e-05 0.0001 0 0.000115 3e-05 2.5e-05 3.5e-05 2.5e-05 2e-05 1e-05 0 0 0 2.5e-05 3e-05 2e-05 9.5e-05 0 8e-05 0 1e-05 0.00014 9e-05 1.5e-05 2e-05 4.5e-05 4e-05 8e-05 3.5e-05 9.5e-05 9e-05 0.000135 0 6e-05
0 9.5e-05 8e-05 4.5e-05 4.5e-05 0 9e-05 2.5e-05 0 0 0 0 6.5e-05 3.5e-05 0 0 0 5e-06 2.5e-05 2.5e-05 2.5e-05 3.5e-05 0 0.000115 2e-05 7e-05 4e-05 0.000115 7e-05 2e-05 5e-05 0 0.0001 3e-05 5e-06 3.5e-05 0 0.000145 0 1e-05 0 5e-05 3.5e-05 5.5e-05 0 0 0.000105 3e-05 2.5e-05 3e-05 0 3.5e-05 0 8.5e-05 0 1.5e-05 0.00015 3e-05 0 0.00011 3e-05 0 0 3.5e-05 0 0 0 3e-05 2.5e-05 0 3.5e-05 5e-06 5.5e-05 0 2e-05 2e-05 2.5e-05 3e-05 4e-05 2e-05 0 0.000115 9.5e-05 0 4e-05 1.5e-05 8e-05 3e-05 0.00011 0 7.5e-05 2.5e-05 9.5e-05 3e-05 0 0 4e-05 0 5e-05 3.5e-05
5e-05 3.5e-05 4e-05 2.5e-05 4e-05 5e-05 4.5e-05 0 0 2e-05 0 0 8e-05 0.000115 4.5e-05 8.5e-05 3e-05 0 7.5e-05 2e-05 3.5e-05 1.5e-05 2e-05 1e-05 2.5e-05 0 0.00011 6e-05 0 9.5e-05 5e-05 0.00011 0 0.0001 0 3e-05 7e-05 0 0 0 5.5e-05 8.5e-05 3e-05 0 0 2.5e-05 7.5e-05 5e-05 0 2e-05 5e-06 2e-05 0 0 0 0 2.5e-05 2.5e-05 0.00014 1.5e-05 0.000105 0 2.5e-05 0 4.5e-05 0 0 0 0 4e-05 0 3.5e-05 3e-05 6.5e-05 6.5e-05 2e-05 9.5e-05 3.5e-05 4e-05 0 5e-06 5.5e-05 1.5e-05 3.5e-05 2.5e-05 0 0 4e-05 1.5e-05 0 3e-05 1e-05 2e-05 2.5e-05 5.5e-05 1.5e-05 3.5e-05 4.5e-05 0 2.5e-05
0 3e-05 5e-05 1.5e-05 4.5e-05 0 5.5e-05 0 0.000105 3.5e-05 1e-05 2e-05 0 0 0 6e-05 5.5e-05 0 2.5e-05 6.5e-05 3e-05 0 0 0 0.00011 3e-05 0 1.5e-05 0 0 4e-05 4e-05 4e-05 0 0 9e-05 3e-05 8.5e-05 2.5e-05 1.5e-05 4.5e-05 2.5e-05 3.5e-05 3.5e-05 4e-05 7.5e-05 7.5e-05 0 0.000105 2.5e-05 3.5e-05 0 6.5e-05 3.5e-05 4e-05 4e-05 3.5e-05 0 4.5e-05 5e-06 5e-05 2.5e-05 3e-05 2.5e-05 8e-05 0.0001 5.5e-05 1e-05 0 4.5e-05 0 9.5e-05 2.5e-05 0 2.5e-05 1.5e-05 0.000125 0.0001 0 0 5e-05 4.5e-05 0.0001 0 7.5e-05 2.5e-05 8.5e-05 2.5e-05 0 1e-05 0 0 0 0.000115 0.000145 3e-05 0 2.5e-05 0.000105 0
0 4.5e-05 2.5e-05 4.5e-05 0 2e-05 2e-05 0 7.5e-05 4.5e-05 4e-05 4.5e-05 0 4.5e-05 0 0 5e-05 3e-05 3.5e-05 0 4.5e-05 5.5e-05 4e-05 1.5e-05 4.5e-05 3.5e-05 1e-05 2e-05 0 1.5e-05 3.5e-05 1e-05 0 4.5e-05 3e-05 4e-05 4e-05 5.5e-05 0 4e-05 5e-05 0 0 5e-06 4.5e-05 0 2e-05 0 2e-05 0 0 0 5e-05 3.5e-05 2.5e-05 3.5e-05 2e-05 0 2e-05 0 4.5e-05 0 4.5e-05 3e-05 0 0 2e-05 2e-05 0 5e-05 0 1.5e-05 3.5e-05 0 0 0 3e-05 0 3e-05 3e-05 4.5e-05 5e-06 5e-05 4.5e-05 0 2.5e-05 2.5e-05 2.5e-05 0 3e-05 2e-05 0 3e-05 2e-05 2.5e-05 0 4e-05 3e-05 0 4e-05
0.000145 4e-05 4.5e-05 0 4e-05 0 6e-05 1.5e-05 0 4e-05 3.5e-05 0 4e-05 0 3e-05 3.5e-05 3.5e-05 0 0.000125 0 2.5e-05 0 5.5e-05 2e-05 8.5e-05 0 4e-05 0 4.5e-05 3.5e-05 9e-05 2.5e-05 0 2.5e-05 0 0 3.5e-05 3.5e-05 0.000125 3e-05 2e-05 0.000145 0 0.00012 0 0 0 4e-05 2e-05 0 1.5e-05 2e-05 3e-05 0 1.5e-05 0.000115 3e-05 2.5e-05 6.5e-05 2.5e-05 0 0 6.5e-05 8e-05 0.000105 0.000105 4e-05 4.5e-05 9.5e-05 0 0.00015 5e-05 0 0.000115 2.5e-05 0 7e-05 0 4e-05 0 2.5e-05 3e-05 7e-05 0 4e-05 0.00013 0 0 0 5e-06 0.000125 3e-05 0 2.5e-05 4.5e-05 0 4e-05 0 0 0.00012
0 1e-05 0 3e-05 2.5e-05 3e-05 2e-05 0 0 0 4.5e-05 0 4.5e-05 4e-05 3.5e-05 6e-05 2e-05 3.5e-05 4e-05 4e-05 2e-05 3.5e-05 0 1.5e-05 5.5e-05 0 0 2.5e-05 0 0 0 0 2e-05 3e-05 0 4e-05 4e-05 4.5e-05 0 2.5e-05 1.5e-05 2.5e-05 0 0 0 0 2.5e-05 4.5e-05 3e-05 0 2.5e-05 3.5e-05 5e-05 0 2.5e-05 1.5e-05 2.5e-05 0 1.5e-05 4e-05 0 2.5e-05 7e-05 5e-06 1.5e-05 2e-05 0 0 1.5e-05 0 0 0 3e-05 6e-05 0 3.5e-05 0 3e-05 2.5e-05 5e-05 3.5e-05 0 3e-05 4e-05 2.5e-05 3.5e-05 4e-05 0 1.5e-05 6.5e-05 5e-06 4.5e-05 2e-05 2.5e-05 4.5e-05 2.5e-05 4e-05 5.5e-05 5e-05 4e-05
1.5e-05 3.5e-05 3e-05 0 1.5e-05 4e-05 3.5e-05 0 2e-05 0 2e-05 0 0 6e-05 3.5e-05 0 0 3.5e-05 0 2e-05 0 3.5e-05 0 0 3e-05 4e-05 0 0 6e-05 5e-05 3e-05 5e-06 3.5e-05 0 0 0 3.5e-05 4.5e-05 4.5e-05 3e-05 0 0 2.5e-05 2e-05 2e-05 0 2e-05 3e-05 0 2.5e-05 2.5e-05 0 4.5e-05 0 5e-05 0 0 5.5e-05 0 2e-05 4e-05 5e-05 3.5e-05 2.5e-05 0 0 3e-05 0 0 4e-05 1e-05 4.5e-05 0 4.5e-05 0 3.5e-05 6e-05 0 2.5e-05 0 3e-05 2.5e-05 4.5e-05 4.5e-05 2e-05 0 1.5e-05 6.5e-05 3.5e-05 2e-05 4e-05 3e-05 3.5e-05 0 3.5e-05 0 2.5e-05 0 2.5e-05 4.5e-05
3.5e-05 0 0 3.5e-05 2e-05 1e-05 3.5e-05 3.5e-05 2e-05 0 2e-05 3e-05 3e-05 0 0 0 4.5e-05 5e-06 0 5e-05 4.5e-05 2e-05 4e-05 3.5e-05 2e-05 2.5e-05 0 0 2.5e-05 0 0 5e-06 5e-05 3.5e-05 3e-05 2e-05 2.5e-05 0 3e-05 5.5e-05 0 3.5e-05 4.5e-05 0 4.5e-05 1e-05 5e-05 5.5e-05 3e-05 0 5e-05 0 1.5e-05 0 5.5e-05 3e-05 0 0 2.5e-05 1.5e-05 4e-05 2e-05 3e-05 4e-05 3e-05 1e-05 0 3e-05 3.5e-05 6e-05 0 4.5e-05 2.5e-05 3.5e-05 0 5e-05 0 0 3.5e-05 5.5e-05 2.5e-05 0 0 2e-05 0 2e-05 1.5e-05 4e-05 0 1.5e-05 2.5e-05 0 0 4e-05 1.5e-05 2.5e-05 6e-05 0 0 0
5.5e-05 3.5e-05 3e-05 4.5e-05 0 0 2e-05 5e-06 1.5e-05 3.5e-05 3e-05 0 0 5e-05 3.5e-05 3e-05 1e-05 2e-05 1e-05 0 3.5e-05 0 6.5e-05 3e-05 0 4e-05 3e-05 0 1.5e-05 0 0 3.5e-05 4.5e-05 2.5e-05 3e-05 1e-05 0 0 0 0 0 3.5e-05 5.5e-05 0 3.5e-05 1.5e-05 0 5e-06 0 4e-05 0 0 2.5e-05 3.5e-05 4.5e-05 3.5e-05 3e-05 3.5e-05 0 5e-05 2.5e-05 2.5e-05 0 3e-05 5e-05 3.5e-05 5.5e-05 4.5e-05 3.5e-05 3e-05 3.5e-05 0 4.5e-05 3.5e-05 3e-05 0 0 0 4.5e-05 5.5e-05 1e-05 3.5e-05 0 0 0 1e-05 1.5e-05 0 0 0 0 2.5e-05 3.5e-05 1.5e-05 4e-05 3.5e-05 0 4e-05 3.5e-05 0
0 3e-05 4.5e-05 0 5.5e-05 4e-05 0 0 2.5e-05 0 0 0.00011 3.5e-05 0 0 2.5e-05 0 1.5e-05 2e-05 4e-05 2.5e-05 3.5e-05 6e-05 3.5e-05 0 4.5e-05 0.00012 5e-05 3.5e-05 3e-05 9.5e-05 2e-05 0 1e-05 0 0.000115 0 2.5e-05 0 0 5.5e-05 3.5e-05 0.00013 9e-05 0 0.00014 5.5e-05 2e-05 3.5e-05 2.5e-05 0 3e-05 4e-05 2e-05 9e-05 4e-05 3.5e-05 9e-05 0 9e-05 0 0.000115 0 2e-05 5e-06 1e-05 9e-05 3.5e-05 0.0001 0 3e-05 2.5e-05 0 2e-05 0 9.5e-05 0 0 2.5e-05 0 0 4e-05 0.00012 0 2e-05 4e-05 6.5e-05 3.5e-05 0 0 5.5e-05 0 7e-05 0 3.5e-05 3.5e-05 7e-05 0 5e-05 5e-05
4e-05 3.5e-05 0 0 3e-05 0.00012 6.5e-05 0 3e-05 0 0 3e-05 0 5e-05 0 0 3e-05 0.000125 0 0.000135 0 2.5e-05 2e-05 4.5e-05 0 0 3e-05 0 1.5e-05 3e-05 2.5e-05 5e-05 2e-05 0 2.5e-05 0.00013 7e-05 2e-05 0 3.5e-05 3e-05 2.5e-05 6e-05 0.000105 0.000125 0 0.00015 5e-05 3.5e-05 0 0 2.5e-05 8.5e-05 2e-05 0 5.5e-05 0 0 7.5e-05 0 0 3e-05 0.000115 4.5e-05 3.5e-05 4e-05 1.5e-05 3.5e-05 0.00011 3e-05 1e-05 3e-05 0 8.5e-05 0 2.5e-05 0.000115 0.000105 0 0 0 5e-06 1.5e-05 0 4.5e-05 3.5e-05 3.5e-05 4e-05 6e-05 4e-05 9.5e-05 0.000105 6e-05 0 2.5e-05 5e-06 0 0 0 3.5e-05
4.5e-05 0 5e-06 0 2.5e-05 0 0 2e-05 0 2e-05 5e-05 0.00011 3.5e-05 6.5e-05 0.000115 2.5e-05 1.5e-05 2.5e-05 7.5e-05 0 5.5e-05 4e-05 0 7.5e-05 1.5e-05 3.5e-05 1e-05 0 0.00014 4e-05 2.5e-05 8.5e-05 1.5e-05 0 0 5e-05 3e-05 5.5e-05 1.5e-05 8.5e-05 0.000105 0 0 5e-05 4e-05 6.5e-05 4e-05 4e-05 0 2e-05 6e-05 0 0 2.5e-05 0 1.5e-05 4e-05 5e-05 2.5e-05 0.000105 0 0 0 0.000105 0 0 3e-05 3e-05 0.0001 0 0.0001 4.5e-05 0 2e-05 0 0 5.5e-05 0 0 3.5e-05 3e-05 2.5e-05 2e-05 0 0 3e-05 3.5e-05 0 5e-05 2e-05 0 2.5e-05 3e-05 0.0001 0.0001 0 0 3e-05 3.5e-05 3.5e-05
8.5e-05 7e-05 2e-05 4e-05 5e-05 0 3e-05 5e-05 0 0 0 0 4e-05 8e-05 5e-05 3.5e-05 1e-05 2e-05 7e-05 4e-05 0 0 0.000105 1.5e-05 3.5e-05 3e-05 0 2e-05 0 0 0 0.000115 0.0001 2.5e-05 0 0 0 4e-05 4.5e-05 3e-05 0 0 5e-06 6.5e-05 0 0 5.5e-05 2.5e-05 6e-05 0 0.00013 2e-05 3.5e-05 0 5e-05 3.5e-05 1.5e-05 3.5e-05 2e-05 0 0.0001 3.5e-05 4e-05 3e-05 3e-05 7.5e-05 0 0 1.5e-05 4e-05 2e-05 1.5e-05 0 8.5e-05 2.5e-05 0 3.5e-05 0 0.000125 3e-05 3.5e-05 0 0 0 0 0 1e-05 0 0 0 8e-05 0 4e-05 4.5e-05 3.5e-05 5e-05 2e-05 3.5e-05 0 0.000115
4e-05 2.5e-05 0 3e-05 0 3e-05 2e-05 3e-05 6e-05 4e-05 8e-05 0.000115 8.5e-05 2.5e-05 0 0 0 0 9.5e-05 1.5e-05 7e-05 4e-05 2.5e-05 0 0.000135 1.5e-05 4e-05 1.5e-05 4e-05 2.5e-05 4.5e-05 3e-05 2e-05 4e-05 0 0.00012 4.5e-05 2e-05 5.5e-05 3e-05 5e-05 1.5e-05 6.5e-05 3e-05 0.00012 5e-05 2.5e-05 2.5e-05 4.5e-05 1.5e-05 0 0 0 0 3e-05 9.5e-05 0 0 0 2e-05 0 0 0 3e-05 0 2.5e-05 0 0 9.5e-05 0.00011 0 0 6.5e-05 9.5e-05 4e-05 3e-05 0 5e-06 0.000125 1e-05 0 1e-05 2.5e-05 0 8e-05 6.5e-05 5.5e-05 6.5e-05 0 2.5e-05 0 0 4e-05 6e-05 0 3e-05 4.5e-05 0 0 0
5e-05 0.000135 0 2.5e-05 6e-05 0.000115 5.5e-05 0 5e-05 4e-05 2.5e-05 0 1e-05 0 5e-05 0 2e-05 0 0.000125 0 0 0 3e-05 0.00012 0 2.5e-05 0.00011 1.5e-05 0 4.5e-05 3.5e-05 4e-05 3.5e-05 3e-05 0 1e-05 0 8e-05 0.00012 0 4e-05 0 0 4e-05 0 5e-05 0 4e-05 0 3.5e-05 2e-05 0 5e-05 2e-05 0.00013 3.5e-05 0.00014 0.0001 0 1e-05 0.000105 3.5e-05 2.5e-05 1e-05 4.5e-05 0 3.5e-05 3e-05 4e-05 0 0 0 2e-05 0 4e-05 5e-06 5e-05 0 3.5e-05 0 8.5e-05 5e-05 0 0 7.5e-05 0 0.00016 3.5e-05 5e-06 4e-05 2e-05 0 5.5e-05 0 0 0.00011 3.5e-05 1.5e-05 4e-05 2.5e-05
4e-05 4e-05 2.5e-05 5.5e-05 2e-05 1e-05 4e-05 0 0 0 4e-05 0 0 2e-05 3.5e-05 4.5e-05 0 4.5e-05 1e-05 4e-05 3e-05 3.5e-05 2.5e-05 2e-05 0 3.5e-05 2e-05 0 4e-05 1.5e-05 0 1.5e-05 4.5e-05 0 3.5e-05 5e-05 3.5e-05 2.5e-05 4.5e-05 0 3.5e-05 3e-05 0 1e-05 0 0 0 3.5e-05 0 0 5e-05 3e-05 3.5e-05 0 0 0 4e-05 2.5e-05 0 3.5e-05 2.5e-05 3.5e-05 2.5e-05 0 0 5.5e-05 4.5e-05 0 3e-05 0 3.5e-05 3e-05 0 2.5e-05 4.5e-05 4.5e-05 6.5e-05 4.5e-05 0 3e-05 0 3e-05 4e-05 3.5e-05 0 0 0 3e-05 3.5e-05 0 4.5e-05 1.5e-05 2.5e-05 0 2.5e-05 3e-05 0 4.5e-05 3e-05 1.5e-05
2.5e-05 2.5e-05 2e-05 2e-05 2e-05 2e-05 4e-05 0 2.5e-05 0 2.5e-05 2e-05 0 3e-05 0 3e-05 1.5e-05 2.5e-05 4e-05 0 3.5e-05 5.5e-05 0 0 3.5e-05 2.5e-05 1.5e-05 0 0 0 3e-05 3.5e-05 0 2e-05 4.5e-05 0 0 4.5e-05 2e-05 1e-05 4e-05 3.5e-05 2e-05 2e-05 0 3e-05 0 0 3.5e-05 1.5e-05 0 4.5e-05 3.5e-05 4e-05 3e-05 0 4.5e-05 5e-05 5e-05 2.5e-05 0 4.5e-05 2.5e-05 0 3e-05 5e-06 3.5e-05 2.5e-05 0 0 0 1.5e-05 3e-05 4.5e-05 6.5e-05 0 3e-05 0 3.5e-05 0 3.5e-05 4e-05 3.5e-05 3e-05 2e-05 0 2.5e-05 0 0 5.5e-05 0 0 0 3.5e-05 0 3.5e-05 3.5e-05 0 1.5e-05 5.5e-05
5e-05 3.5e-05 3.5e-05 0 3.5e-05 5.5e-05 2.5e-05 3.5e-05 2.5e-05 2.5e-05 0 0 0 3.5e-05 0 0 3.5e-05 3e-05 1e-05 2e-05 4e-05 5.5e-05 0 5.5e-05 2.5e-05 3.5e-05 0 0 2e-05 0 0 1.5e-05 4.5e-05 3.5e-05 0 5e-06 0 0 4.5e-05 0 2e-05 0 2.5e-05 3.5e-05 1.5e-05 6e-05 0 2.5e-05 2e-05 2.5e-05 3e-05 1.5e-05 0 2.5e-05 3e-05 0 3.5e-05 3e-05 2.5e-05 0 0 3.5e-05 3e-05 1.5e-05 4e-05 5.5e-05 0 2e-05 3e-05 7e-05 1.5e-05 2.5e-05 0 4.5e-05 0 5.5e-05 0 3.5e-05 3e-05 0 0 4e-05 2e-05 1.5e-05 0 0 4e-05 2.5e-05 2e-05 0 2.5e-05 2.5e-05 5e-05 0 2.5e-05 0 0 5e-06 2.5e-05 0
5.5e-05 2e-05 3.5e-05 0 0 3.5e-05 0 0 0 6.5e-05 1e-05 3.5e-05 0 3.5e-05 0 0 4e-05 3.5e-05 2.5e-05 4e-05 3.5e-05 3.5e-05 3.5e-05 3.5e-05 0 4e-05 4e-05 0 3e-05 0 3.5e-05 4e-05 3e-05 0 0 2e-05 1.5e-05 3.5e-05 0 3e-05 4.5e-05 6e-05 4e-05 0 5e-06 5.5e-05 5e-05 0 3e-05 5e-06 0 2e-05 3e-05 0 0 0 0 3.5e-05 4e-05 4e-05 3e-05 1.5e-05 0 5e-05 2e-05 0 4e-05 0 4e-05 0 0 5.5e-05 0 4e-05 5e-05 5e-06 2.5e-05 2.5e-05 2e-05 0 5e-05 1e-05 3.5e-05 3.5e-05 0 4e-05 0 4.5e-05 4.5e-05 0 4e-05 3e-05 5e-05 5e-05 3e-05 0 0 0 0 4e-05
4.5e-05 5.5e-05 4e-05 2e-05 0 1.5e-05 3e-05 3e-05 0 2e-05 0 5e-06 4e-05 2.5e-05 0 2.5e-05 0 3e-05 0 3.5e-05 3.5e-05 2.5e-05 0 3.5e-05 4.5e-05 5e-06 0 4e-05 0 0 4e-05 4e-05 1.5e-05 0 4.5e-05 0 3e-05 3.5e-05 4.5e-05 3.5e-05 0 0 2.5e-05 0 0 3e-05 4e-05 2.5e-05 4e-05 3e-05 5.5e-05 2.5e-05 5.5e-05 4.5e-05 0 2e-05 3e-05 3.5e-05 1e-05 1.5e-05 3e-05 3e-05 4.5e-05 0 4.5e-05 0 1.5e-05 2e-05 5e-05 0 0 5e-05 4.5e-05 3e-05 5.5e-05 0 0 2.5e-05 2e-05 0 0 4.5e-05 6.5e-05 0 0 0 0 5.5e-05 0 3.5e-05 0 4.5e-05 4e-05 0 0 4e-05 3e-05 6e-05 2.5e-05 3e-05
2e-05 0 3e-05 4e-05 0 0 3e-05 3e-05 0 3e-05 4e-05 3e-05 3e-05 0 0 1e-05 3.5e-05 2e-05 4.5e-05 1e-05 0 0 4e-05 1.5e-05 6e-05 2.5e-05 0 1e-05 0 0 2e-05 0 2.5e-05 0 1.5e-05 5.5e-05 3e-05 3e-05 4.5e-05 2.5e-05 0 2.5e-05 2.5e-05 0 4.5e-05 3.5e-05 2e-05 0 0 0 0 0 3e-05 2.5e-05 5e-05 0 0 2.5e-05 5e-05 3.5e-05 3.5e-05 4e-05 4e-05 0 4e-05 4e-05 3.5e-05 2.5e-05 3.5e-05 4e-05 0 0 0 2e-05 3e-05 3.5e-05 0 3e-05 1e-05 4.5e-05 3.5e-05 3e-05 3e-05 3e-05 0 2.5e-05 0 0 3e-05 2e-05 1.5e-05 4.5e-05 0 3e-05 2.5e-05 0 2.5e-05 6e-05 2.5e-05 3.5e-05
0 4e-05 5e-06 3.5e-05 2.5e-05 0 2.5e-05 1e-05 0 0.00013 4.5e-05 0 0 0 0 4e-05 0.000115 8e-05 3e-05 0 7.5e-05 6.5e-05 2e-05 0 5e-05 8e-05 3e-05 7.5e-05 0.00012 4.5e-05 6e-05 4e-05 3e-05 5e-06 0 0.000115 0 0 4e-05 0 9.5e-05 2e-05 0 9e-05 2.5e-05 3e-05 0 0 0 6e-05 3e-05 3.5e-05 2.5e-05 8e-05 0 0.000105 7e-05 0 6.5e-05 0 8e-05 4.5e-05 3.5e-05 0 0 4.5e-05 0 0 1e-05 1e-05 0 5e-06 3e-05 2.5e-05 3e-05 5e-05 3e-05 0 0.000105 2.5e-05 0 5e-05 0 0 0 0.000125 0.00012 0 0 4.5e-05 0 4.5e-05 2.5e-05 8e-05 0 1.5e-05 3e-05 1.5e-05 0.000115 3.5e-05
8e-05 4.5e-05 0.000135 0 3e-05 0 0 2.5e-05 0 0 6.5e-05 4e-05 1.5e-05 3.5e-05 2e-05 5e-06 3.5e-05 0 0.000105 0.00013 0.000105 0.00011 0 5.5e-05 3e-05 2e-05 0.000105 1.5e-05 2e-05 0 0.00012 0 3e-05 0.000115 4.5e-05 6.5e-05 7.5e-05 8.5e-05 0 0 5e-05 0 3.5e-05 2.5e-05 9.5e-05 0 0 0 0 2e-05 9.5e-05 4.5e-05 0 9e-05 2.5e-05 0.000115 4.5e-05 9.5e-05 0.00012 9e-05 3e-05 0 4e-05 3.5e-05 4.5e-05 0 0 4e-05 3.5e-05 0 0 3.5e-05 0 3.5e-05 0 3e-05 4e-05 2.5e-05 3e-05 0 0 0 3e-05 3.5e-05 0 0 0.000105 0 2.5e-05 4e-05 4e-05 0 1.5e-05 2e-05 1.5e-05 0 9e-05 5e-06 0 0
0 3.5e-05 0 0 6.5e-05 2e-05 0 3.5e-05 0 0 2.5e-05 0 2e-05 3e-05 0 3e-05 0 0 0 0 0 0 0 3.5e-05 3.5e-05 5.5e-05 3e-05 1.5e-05 3e-05 4e-05 2.5e-05 5e-05 3.5e-05 6e-05 4.5e-05 2.5e-05 2e-05 2.5e-05 4e-05 0 2e-05 6.5e-05 2e-05 0 0 3.5e-05 2.5e-05 2.5e-05 2.5e-05 1e-05 1e-05 5e-06 3e-05 0 5e-06 2.5e-05 6e-05 0 0 0 2.5e-05 3e-05 3e-05 6.5e-05 2e-05 0 1.5e-05 0 3e-05 0 2e-05 3.5e-05 7e-05 3e-05 3.5e-05 4e-05 2.5e-05 4e-05 4e-05 0 7e-05 0 6e-05 3e-05 0 1.5e-05 0 2e-05 3e-05 2.5e-05 0 0 0 3e-05 4.5e-05 2e-05 5.5e-05 2.5e-05 2e-05 0
2e-05 2e-05 4e-05 4.5e-05 2e-05 5e-05 0 2.5e-05 5.5e-05 1e-05 3.5e-05 0 3e-05 0 3e-05 0 0 3.5e-05 5e-05 0 0 3e-05 0 2e-05 5e-05 0 0 0 0 0 3.5e-05 0 3.5e-05 0 0 0 0 3e-05 4e-05 0 3e-05 5e-06 2e-05 2e-05 0 0 5e-05 6e-05 5e-05 0 2e-05 3.5e-05 2e-05 4e-05 2.5e-05 0 4e-05 0 5e-05 5.5e-05 0 0 3.5e-05 3e-05 0 3.5e-05 5e-05 0 4.5e-05 3.5e-05 0 2e-05 0 4e-05 4e-05 2.5e-05 0 1.5e-05 0 3e-05 2e-05 4.5e-05 3.5e-05 6e-05 0 2.5e-05 0 0 4e-05 2e-05 0 2.5e-05 1.5e-05 3e-05 0 0 1.5e-05 4e-05 2e-05 3e-05
5e-06 4e-05 3e-05 0 3.5e-05 5.5e-05 2e-05 3.5e-05 4e-05 0 5e-05 0 6.5e-05 0 2e-05 0 1.5e-05 2.5e-05 2.5e-05 0 4e-05 4.5e-05 3e-05 4.5e-05 2.5e-05 2.5e-05 0 2e-05 0 0 1.5e-05 6.5e-05 2e-05 4e-05 0 3.5e-05 2e-05 3.5e-05 0 0 2.5e-05 4.5e-05 2e-05 1e-05 4e-05 4e-05 0 0 2.5e-05 0 4.5e-05 0 6e-05 4e-05 1e-05 5e-06 0 0 0 6e-05 2.5e-05 0 3.5e-05 0 1e-05 0 4e-05 4.5e-05 3e-05 4e-05 4e-05 0 0 0 1e-05 0 0 0 3e-05 0 0 0 3e-05 0 4.5e-05 4.5e-05 1e-05 1.5e-05 0 4e-05 0 4.5e-05 3e-05 5e-05 4e-05 5.5e-05 1.5e-05 0 0 2e-05
0 0 5e-05 3.5e-05 5e-05 2.5e-05 3.5e-05 0 2e-05 0 3.5e-05 4e-05 4e-05 4e-05 2e-05 1.5e-05 3e-05 2.5e-05 3.5e-05 0 5e-05 2e-05 2.5e-05 2.5e-05 2e-05 1.5e-05 0 2e-05 5e-05 2.5e-05 3.5e-05 1.5e-05 2.5e-05 0 2e-05 2.5e-05 0 3.5e-05 2.5e-05 3.5e-05 0 0 1.5e-05 0 0 0 1.5e-05 0 4e-05 0 0 0 0 3.5e-05 3e-05 4e-05 3.5e-05 1.5e-05 5e-06 2.5e-05 4e-05 3.5e-05 4e-05 3.5e-05 2e-05 7e-05 3.5e-05 5.5e-05 4e-05 0 6.5e-05 3e-05 5.5e-05 0 0 1.5e-05 0 4e-05 4e-05 4.5e-05 3e-05 0 3e-05 0 3e-05 0 0 4.5e-05 0 4.5e-05 0 5e-05 0 4e-05 4e-05 0 3e-05 1e-05 2.5e-05 5.5e-05
0 4e-05 0 4.5e-05 0 2.5e-05 3.5e-05 3.5e-05 0 0 3.5e-05 1.5e-05 0 3e-05 4e-05 0 3e-05 4e-05 3e-05 2.5e-05 1.5e-05 1e-05 1e-05 5e-05 0 0 5.5e-05 0 0 0 3.5e-05 3e-05 3e-05 0 3.5e-05 3.5e-05 0 3e-05 0 3.5e-05 6.5e-05 0 2.5e-05 3e-05 0 0 0 0 3e-05 4e-05 2.5e-05 7e-05 0 0 5e-05 4.5e-05 4.5e-05 2e-05 4e-05 3e-05 0 1.5e-05 4e-05 5.5e-05 2.5e-05 5e-05 5e-06 2e-05 4e-05 0 3.5e-05 0 4e-05 2.5e-05 3.5e-05 3e-05 1.5e-05 0 0 5.5e-05 0 0 3e-05 3e-05 4.5e-05 1.5e-05 5e-05 1.5e-05 0 0 2.5e-05 1.5e-05 5e-05 0 1.5e-05 0 4.5e-05 3e-05 3.5e-05 0
2e-05 0 7.5e-05 1.5e-05 2e-05 3.5e-05 2.5e-05 3e-05 4e-05 0 3.5e-05 0 5e-06 2e-05 5.5e-05 4e-05 4e-05 4.5e-05 2.5e-05 3.5e-05 5.5e-05 0 0 0 0 3e-05 3e-05 7e-05 1.5e-05 3.5e-05 2.5e-05 3.5e-05 3.5e-05 6e-05 3e-05 2.5e-05 1.5e-05 2.5e-05 2e-05 3e-05 0 2e-05 7e-05 3e-05 0 0 7e-05 4e-05 1.5e-05 0 0 0 0 3.5e-05 0 3e-05 0 3.5e-05 3.5e-05 2.5e-05 3e-05 3e-05 2e-05 0 5e-06 4e-05 0 1.5e-05 3.5e-05 2e-05 2.5e-05 0 2e-05 0 3.5e-05 0 2.5e-05 1e-05 4.5e-05 0 0 0 3e-05 5e-06 0 0 3e-05 0 3e-05 0 3.5e-05 0 0 0 3.5e-05 0 0 2.5e-05 2e-05 2.5e-05
2e-05 0 4e-05 6e-05 5.5e-05 5e-05 3e-05 0 3.5e-05 3e-05 2.5e-05 0 0 3e-05 5.5e-05 5e-05 0 7.5e-05 2.5e-05 4.5e-05 3e-05 6.5e-05 0 3e-05 2.5e-05 0 0 1.5e-05 0 0 2.5e-05 0 4.5e-05 3e-05 3e-05 3e-05 0 2.5e-05 3e-05 0 3.5e-05 2.5e-05 2e-05 4.5e-05 3.5e-05 0 0 0 0 6e-05 0 0 0 3e-05 3e-05 7e-05 0 2e-05 0 3.5e-05 2.5e-05 0 0 2.5e-05 3e-05 5e-05 0 3e-05 1e-05 3e-05 4e-05 4e-05 0 0 2.5e-05 2e-05 2.5e-05 2.5e-05 1.5e-05 2e-05 4.5e-05 0 3.5e-05 4.5e-05 0 0 2.5e-05 0 0 3e-05 1e-05 0 2.5e-05 3.5e-05 1.5e-05 2e-05 3e-05 3e-05 4e-05 3.5e-05
1e-05 0 2.5e-05 1.5e-05 0 0 2.5e-05 5e-05 3e-05 3e-05 4.5e-05 2e-05 1e-05 2e-05 5.5e-05 5.5e-05 4e-05 0 0 3.5e-05 0 0 3e-05 4e-05 0 3e-05 2.5e-05 6.5e-05 9e-05 4e-05 1.5e-05 1e-05 3.5e-05 4e-05 4e-05 3e-05 0 0 0 0 0 0 7e-05 4e-05 7.5e-05 0 3.5e-05 0 3e-05 0 0 2.5e-05 0 2.5e-05 3e-05 0 4e-05 2.5e-05 0 2.5e-05 0 0 0 3.5e-05 3e-05 4e-05 6e-05 2.5e-05 0 0 1.5e-05 5e-05 0 2e-05 3.5e-05 3e-05 0 3.5e-05 2.5e-05 1e-05 3.5e-05 3e-05 4e-05 4e-05 2e-05 0 0 0 2.5e-05 2e-05 4.5e-05 0 2e-05 0 4.5e-05 1e-05 0 0 5e-05 4e-05
