0
0.0101416854
0.02449177286
0
0.007752226851
0
0
0.005243480638
0
0.01308878719
0
0.01177974495
0.005288365295
0.02685380658
0.004935099877
0.03342727152
0
0.03981764963
0.01526491147
0
0.003849744894
0.02982192421
0
0.02838500066
0.05107395753
0
0
0.007110788445
0.00142213139
0
0
0.05075859058
0
0
0.04174552434
0.001727825065
0
0.02643505902
0
0.01342873728
0.05301987532
0.01381793612
0.0169175744
0.02470552983
0
0.03604126967
0.01398471144
0
0.001362355738
0
0.004864097527
0
0
0
0
0.02063611024
0.01668099364
0.009012694751
0
0
0
0.01538558006
0.004320732614
0
0
0.02220146711
0
0
0.006257614113
0
0
0.0157642905
0
0
0
0.02314550742
0.005775112944
0.03127139147
0
0
0.01144479169
0.02006642149
0
0
0.01371059762
0.01738101653
0
0.03219215838
0.02808085119
0
0.02763114361
0
0.013852072
0.003735101669
0.03453521162
0
0.008361703611
0
0
0
0
0.05171307601
0
0
0.01040570085
0.03580143483
0
0
0
0.03831690851
0
0
0
0
0.03798195519
0
0.01251608549
0
0
0
0.0238875975
0
0.004001361843
0.01910256717
0
0
0
0.007611187305
0
0.05571663372
0.04800472754
0
0
0.01044587723
0
0
0
0
0
0
0
0.009600306562
0
0
0
0.03035429736
0.06909349402
0.0459868168
0.02465382642
9.00E-03
0
0.004576945672
0.04837627184
0
0.00348940664
0
0
0.04243647596
0
0
0.03685283913
0
0
0
0.04611168632
0.00156042567
0
0
0
0.002140817217
0
0
0
0
0
0
0.01953163616
0.04598458242
0
0.04027176553
0.03268141757
0
0.01524403415
0
0.0121470115
0
0.05364674396
0
0
0
0.009253125952
0.02413739484
0
0
0
0
0
7.42E-03
0
0.009946772449
0.0272181174
0
0.0126894021
0.03894476324
0.00102122507
0
0.03456391934
0
0.01358424943
0
0.01957635852
0
0.01003200219
0.009435231486
0.01594634505
0
0.04363256209
0
0.03170852093
0.004361205403
0
0
0.01144685769
0.01981915776
0
0.01841099715
0.02557619572
0
0.04241763545
0
0
0
0.006639421188
0.03570682231
0.007636824996
0
0.01661730097
0.02868498419
0.04650834869
0
0
0.02722440035
0
0
0
0
0
0.001888651689
0.001564700712
0
0
0
0.005569717329
0.01002274426
0
0.009853186466
0
0.002353552895
0
0.05393143737
0.01338031903
0.02705615357
0.01606034289
0.008005529613
0.01604657634
0.02488743081
0.00500216034
0
0.01329524806
0
0.01646210339
0
0.04048048939
0.01073964828
0.03679852172
0.01628307551
0.0005013170247
0
0.006385539739
0
0
0.01276300222
0.02574760681
0
0
0
0.002774964495
0.004420178924
0
0.02098414618
0
0
0
0
0
0.01195885235
0.02386807474
0
0.01151187917
0
0.01214813962
0
0.006004752257
0
0
0.03716488532
0.02122682767
0
0
0.03483701659
0
0
0
0
0.04592399526
0
0.01558635876
0
0.00102303684
0
0
0
0.02748460766
0.02643909906
0
0.01671131018
0.003813282578
0
0
0.01962077625
0.04507125988
0
0
0.04425661496
0
1.74E-05
0
0
0.006631741774
0
0
0.02181282798
0
0
0.00E+00
0.002289655042
0.05616925146
0.03329422938
0.01600377012
0
0
0
0.01943911538
0.01773693564
0
0
0.006090255099
0.04695218053
0.02217548037
0
0.03825434855
0.004794483213
0.0294534885
0
0.04348895134
0.01112836621
0.02468707141
0
0
0.004021453802
5.51E-03
0
0
0
0.01233032676
0
0.007895112459
0.0353161958
0
0.004942408714
0
0
0.006019533348
0
0.04176139656
0
0.02471572293
0.01233431503
0.01201753077
0
0.001526388645
0
0
0
0
0.0004733828689
0
0.02578418863
0.0152806638
0.03233982164
0.001860705303
0
0.02271462302
0
0
0.006276074733
0.006392735835
0
0.0129003433
0.05943144329
0
0.04944068941
0
0
0.0160315309
0
0
0.01477419161
0
0
0
0
0
0
0
0
0.01732475152
0.01844004802
0
0.04987670696
0.01185429906
0.01977990075
0.02493698376
0
0
0.01560631763
0
0
0
0
0
0
0
0.01194966555
0.02585929156
0.008022628586
0
0.03092371961
0
0.06035791839
0.02447081375
0.02257744867
0.03058410572
0.02576880165
0
0
0
0
0.02198315285
0
0
0
0.0305772013
0.01724052767
0
0
0.01546483645
0.01222509328
0
0.05207265
0.02393471127
0
0
0.01952655366
0.003513837226
0
0.007921819265
0.01065550892
0
0.01471469133
0.005197313017
0
0
0
0.02551283836
0.009123568028
0.01530017584
0
0
0.002421391242
0
0
0.0135203615
0.02664355759
0
0
0
0.01300106076
0.0142863363
0.05700707555
0
0.01968263096
0
0.009898866346
0.04675354842
0.05554314011
0
0
0.01987656741
0.003213049139
0
0
0.04864249511
0
0.0321544134
0.01221113754
0
0.001027449995
0.01067510913
0
0.01865944928
0
0.004538659633
0.01296896429
0
0.03008286911
0.06774784571
0.01609420583
0.01334166568
0.01574985457
0.03740399267
0
0.01193399052
0.03468483833
0
0
0.03730179371
0.009303915462
0
0
0
0.04154918109
0.002509177839
0
0.006644399663
0
0
0
0
0.02046117895
0.003198328768
0.003959422833
0.03420156906
0.01032950016
0
0
0.00E+00
0.005875517822
0
0.01176246926
0
0.00E+00
0
0.04897015103
0
0
0
0.01237185707
0
0.002709313518
0.03793372795
0
0
0
0
0.01953584588
0
0
0
0
0
0
0.03762935242
0
0
0
0.006426295137
0
0
0
0.0107252948
0.0211025211
0.004918766923
0.03433171713
0
0
0.0042368217
0.02575106813
0.01044623022
0.01292983918
0.003776134122
0
0
5.03E-05
0
0
0.03099278041
0.021325144
0
0
0.01203653183
0.01171131154
0
0.04184548193
0
0
0
0
0
0.0125460549
0
0.04084869301
0.03960988385
0
0.02005415984
0.01199403182
0
0
0.01009645086
0
0
0
0.03232388089
0.007795114972
0
0
0
0
0.04450923786
0
0
0
0
0.02226483504
0.01847572307
0
0.01279455414
0.001552772211
0
0
0
0
0
0
0.006506019038
0.01283055229
0.0472905695
0.01016176997
0.04027222182
0
2.89E-02
0
0.01764654837
0
0.001310057239
0.02335313998
0.04144988238
0.008458527148
0.005808140265
0
0.001568281363
0.04791126335
0.002802292538
0.03562364722
2.42E-03
0
0.006806644753
0
0.05979391533
0
7.22E-03
0.0171467612
0.004827808529
0.006927995706
0.00175162741
0.01287248606
0.008595334576
0
0.04357533979
0.01194715333
0
0
0.01308893553
0
0.002752078998
0.03187178454
0
0.01927274564
0.01962902698
0.001044258005
0.01051764337
0
0.005148542479
0
0
0.02257501054
0
0.0141679625
0
0.06978766991
0
0.04195581698
0
0
0.03013096059
0
0
0.0104521581
0
0
0
0
0
0.005426624958
0
0.01654627262
0.005230108543
0.02246309746
0
0.03323946218
0.04294135112
0.01046730158
0
0.008515311353
0
0.03611893577
0
0
0
0
0.002230170071
0
0
0.002538169362
0.03288841706
0.001883561479
0.0154687567
0.009561170646
0.0147922411
0.02291588299
0.0156422548
0.02744600982
0.03098876334
0.009408316985
0
0
0
0.005367850177
0.03324215918
0
0.003936578405
0
0.01479596292
0.02215238844
0.02635395433
0
0.009258908351
0
0
0.05747228137
0.0175450676
0
0
0
0.002145282506
0
0.009463490614
0.03270901484
0
0.009814847414
0
0
0
0
0.0522788952
0
0.006468239158
0.01148950262
0.000398621813
0
0
0
0.008936902912
0
0.01379145368
3.59E-03
0
0.02770161899
0
0.05964246126
0.004499007992
0.0199385807
0
0
0.01879013228
0
0.01820020555
0
0.02756435254
0
0.01887499718
0
0
0
0.04636664391
0
0.04485011459
0
0.006557404516
0
0.02500531016
0
0
0.02062244672
0
0.002375568301
0.009765327854
0
0
0.0158941549
0
0
0
0.01554173056
0
0.00E+00
0.02385788788
0.006305885114
0
0.004868308348
0
0.02991678869
0
0
0
0
0.02005537313
0.0298146089
0.04418556141
0.003393903221
0
0.03317266915
0.04467962406
0.03916436897
0.005187166158
0
0
0
0.00366763077
0.02052621899
0.02588285005
0.01324600302
0.00214807174
0.007696515228
0.03663269184
0.007707392155
0
0
0
0
0.01708394275
0
0.029911031
0
0.03297974555
0.006591521744
0
0.0303037122
0
0.0295857138
0.009079409547
0
0.008684740318
0.009244074456
0
0
0.03072388614
0
0
0.02235079032
0.02961818679
0.0192619604
0
0
0
0.001875304242
0.003128171921
0
0.0154645607
0.007157751534
0
0.02607629803
0
0
0.05185137494
0.05233642218
0
0
0
0
0
0
0
3.87E-03
0.0176467038
0
0
0
0
0.018873184
0.01664213121
0.007900741849
0.06797861448
0.01469356504
0
0.003350021672
0
0
0
0.003348127849
0.02942639496
0
0
0.03912981563
0.02264329068
0
0.01404658841
0.02321151046
0.01694562571
0
0
0.04896312964
0
0
0
0.03089358606
0.04686594858
0.007524389316
0
0
0
0
0
0.005190329127
0
0
0.0195402109
0.06099446773
0
0.03853177478
0.04027343602
0.01815137311
0
0
0
0.006818775516
0.01752825256
0
0
0
0
0
0
0
0
0
0
0.01698423662
0.03064868786
0
0
0
0.05567314362
0
0
0
0.01503981233
0
0.01338866017
0
0.02257457323
0.0249564416
0
0
0
0
0
0.02335643241
0.02613299207
0
0
0.01443453024
0
0
0.04293485425
0
0.00262924142
0
0
0
0
0
0
0.01404062127
0.00447502989
0
0.001786093593
0.01302926176
0
0.01136930048
0.03012130892
0.042058347
0.02713493456
0
0.0256399096
0
0
0
0
0
0
0.007186193985
0
0
0.0330733782
0
0.02322761521
0.0238878324
0
0.03210586764
0
0.02895666963
0.004419361229
0
0
0.03572724772
0.03355694623
0.008553232891
0.02213871208
0
0
0
0
0.02900248191
0
0.01584019376
0.04608686628
0.01242322424
0.004223378396
0.02368522714
0.0281547015
0.01131399954
0
0
0
0.01918456259
0
0
0
0
0
0
0
0
0
0.01975869884
0
0.03724869418
0.03096812607
0
0.02376460854
0.009539561676
0.01701642898
0.039547564
0
0.01161543757
0.002223663328
0
0.0202503691
0
0.04023296019
0.03831330797
0
0.004425574806
0
0
0
0
0.03269387919
0
0
0
0.01412852465
0
0.01797625998
0.04538098569
0
0
0
0.02599521143
0
0.001187819643
0.002304944053
0.02312488605
0.03209414592
0.01303793768
0
0.01525294873
0.00995314235
0.007357237883
0.002342500828
0.003064693897
0.03825123416
0.03077962094
0.01283422389
0.03028790102
0.01526666354
0
0
0
0.0472264948
0
0
0.04389890882
0
0.022503867
0
0
0.01137027554
0.01351239688
0.006437644846
0.03289393022
0
0.00E+00
0.007974652782
0
0.01533050064
0
0
0
0
0
0
0
0
0
0.0119297386
0.02975075304
0
0.004852145854
0.01613299994
0.02830131448
0.009977303672
0.01691053516
0.004858016557
0
0.02256667809
0
0
0.005311402671
0
0
0
0
0
0
0
0.02070837728
0.009435689567
0
0
0.02985166351
0.01722348985
0
0.0486978126
0
0
0.02826369655
0.03001844079
0
0.02279632275
0
0.01713337339
0
0.02195799644
0.008365356909
0
0.03989621916
0.001440400264
0.01185071901
0
0.02222233389
0.001144284953
0
0.02701653218
0
0
0
0.003121021427
0
0.02387420435
0
0.004115773782
0.002302314945
0
0
0.01948444424
0.01344565425
0
0.0009587772404
0.02219710232
0.03489552808
0
0
0.02292930663
0
0
0
0.00813716271
0.002464469233
0
0.02538658151
0
0
0.04673395117
0
0.02707254714
0.04255917171
0
0.01875247604
0.01343063624
0.01376035598
0.01749603234
0
0
0.03608593935
0.01445467392
0.02299850713
0.01835961166
0.003328275178
0
0
0
0.02220584067
0.01043758
0.04458190669
0.02702322556
0
0
0.02122175383
0
0.0003627418973
0
0
0
0.03339852106
0
0.0004974845471
0
0
0
0
0.0239846102
0
0
0.04376574564
0
0.02202448706
0.007626979414
0.01534137723
0.04517824978
0
0
0.03939379074
0
0.03211442508
0.004934601659
0
0.001064681546
0.005548272086
0.02826805645
0.031704702
0
0.0122757738
0
0
0
0
0.01831752345
0
0.03358045352
0
0.02178682314
0.02564661888
0
0
0.009621577162
0.01745450183
0
0
0.009774569111
0
0
0.03606356516
0.01434604505
0.007938273343
0.03170082389
0.00390773992
0.03427446661
0.008442312863
0
0.02421182416
0.001690865528
0.03058605421
0.01452824881
0.00429529848
0
0.01002549224
0.01969280368
0
0
0.01758206821
0
0.01265778237
0.01720529643
0.02087385979
0
0.01583816412
0.02682144826
0.006428738922
0.01536289565
0.01314585512
0
0.005447161298
0
0
0.008418829551
0
0.01679373327
0
0
0.01150483502
0
0
0
0.005101957904
0.013490713
0
0.01081979988
0.02623979761
0.001001725387
0.03643861469
1.57E-02
0
0.02076592622
0.03370333699
0.001300572376
0
0.02078368708
0
0
0.01278064468
0.004566581345
0.006915456844
0.02118569996
0.005695240208
0.01313459014
0.009184741903
0
0
0
0.03590585251
0
0
0.0173855738
0
0
0.03085096405
0.02237931538
0.004047083106
0.01270462803
0
0
0
0.0215728461
0.02071459877
0.02795319856
0
0
0
0
0.007047342366
0.02341217437
0
0.01624517443
0
0.007461359874
0
0.0400598688
0
0.02996257399
0.000172816068
0.03592676679
0
0.00662651595
0
0.01968294028
0.02072105203
0.004590500064
0
0.006687611302
0
0.00E+00
0.0005729630896
0
0
1.51E-02
0
0.02713163352
0.007924747734
0
0.0205366782
0.006273838871
0
0.02084594259
0
0.03498844536
0.03933259034
0
0.01324782101
0.003236965372
0.01800551646
0.006134296954
0
0
0.005937304696
0.00E+00
0.02049809472
0.006068713389
0.03281042474
0.01414699249
0.0195032691
0.007639663043
0.03547424315
0.008294355679
0.04185224152
0
0
0
0.01173427801
0
0
0.01002215477
0
0
0.005444349466
0
0.0242827402
0
0
0
0
0.03520997439
0.01226636411
0.008557699376
0.05403075376
0
0
0
0.01189459116
0.01853809774
0
0
0.02175249046
0
0.0245982681
0.001284286154
0
0
0.02422960882
0.01699462226
1.46E-02
0
0.02779542512
0
0
0.03103379516
0
0.02162300773
0
0.01401038224
0.0200878453
0
0.00451997602
0.01878417589
0.0007423832787
0
0.007926111814
0.0194653866
0.01084721124
0
0
0
0
0.05026836405
0
0.02971370687
0.009180830977
0.02142839658
0.005320722954
0.03701504424
0
0
0.03648909091
0
0.01252117865
0.005978725117
0.01863137792
0
0
0.01874824489
0.005252567099
0
0.01402450454
0
0.02894195881
0
0
0
0.02230032875
0.00768594955
0.02588135288
0
0
0
0
0.01769586185
0
0.0509232735
0
0.00503224184
0.04794453363
0.03486469285
0.01706168262
0.002311216671
0
0
0
0.008263975132
0.009076845258
0.01864677341
0.03555951639
0
0.01710490115
0.04193859891
0
0
0
0
0.01146377658
0.003403967496
0
0
0
0.02147438645
0.0002990715382
0
0.04371752655
0
0.01772300056
0
0.008305823113
0.001536773949
0.006299257167
0.01203589842
0
0
0.004186346272
0
0.006462729798
0.04433387166
0.01015012204
0
0
0.0142260051
0.01528521629
0.01539046575
0
0
0.01151583088
0.03374387604
0
3.30E-02
0.02799424165
0
0.007239880746
0.01727760564
0.008523989664
0.006623063731
0.02325532632
0
0.009463340382
0.002928016175
0.004248890079
0.0319120629
0
0.007598797479
0.01075565024
0.02723249421
0
0
0
0
0.02494443856
0
0.01995274792
0.0268151781
0.02633852512
0.002355991285
0
0.01989868319
0.01233462709
0.004674206696
0.02171437741
0
3.90E-02
0
0
0.003943703892
0.0003834016019
0.002370616538
0.008115333899
0
0.005352651098
0.01050855608
0
0
0
0.006856017252
4.03E-04
0
0.02669567335
0.01250935768
0.01176217613
0
0
0
0
0.01721932742
0
0
0.006258090613
0.03176130091
0.02528227726
0.01801940771
0
0.01509882592
0
0.01512404669
0.03804566324
0.01555908841
0
0
0.02090118342
0.02333277747
0
0.008982723526
0.006647453518
0
0
0
0.01453630943
0
0
0.04135621166
0
0
0.02766744974
0.0121093151
0.002469085137
0
0
0.01437730748
0
0.01149894597
0.01168615929
0.02601462296
0.01389743136
0
0.04340742229
0
0.0009529981779
0
0
0
0
0.01212604311
0.02008765631
0
0
0.01888564304
0.006505614995
0
0.01458544975
0
0
0
0
0
0.0353758555
0.01174961711
0.04005013724
0.03120665935
0
0.009005134178
0.003382710847
0
0
0
0.01264167999
0
0
0.0118934816
0
0
0
0.01871881298
0
0.01521964546
0.003307140001
0
0
0.01321264762
0
0
0.01645966468
0.03997174347
0.01435658379
0.01581641107
0
0
0
0
0
0.03254174535
0.002687485391
0.04055897406
0.004297245715
0.03866334644
0
0.05941996322
0
0
0
0.01833973302
0.01981928973
0
0.00755009213
0
0
0
0.01915106331
0.01270714439
0
0
0
0
0.001887504365
0.05807232754
0.02418618645
0.04514436008
0
0.02707314298
0.04627109802
0
0.01996830142
0.04313366162
0
0.009338175426
0.01843753855
0
0.03944993173
0
0
0
3.06E-02
0
0
0.01515793989
0
0.02184025657
0.02864725471
0.00556508256
0.008547801285
0.002751633697
0.03897379669
0
0
0
0.02156343779
0
0
0
0
0.04086597584
0.01577835341
0.01106286331
0
0.04565733345
0.0007479023349
0
0
0.01126265249
0.05824954918
0.0002993242688
0
0.01946297199
0.03899179236
0
0.002383290269
0.05172404852
0.01699902964
0
0.01581690071
0.00919320366
0.004144899554
0
0.01138994997
0
0
0.03405337409
0.03001028365
0
0.02009685361
0.007318726681
0.01352405584
0.03940145591
0.008259665893
0
0
0
0.001804783158
0.009952114886
0
0
0
0
0.04602765693
0
0.007166514581
0
0.03026848078
4.77E-05
0
0.02232606165
0.01603553898
0.005608773175
0
0.01510315952
0.01355302804
0
0
0
0
0
0
0.03328487369
0.02487846176
0
0.00142352714
0
0
0.002712236764
0
0.04007867183
0
0
0.05356663344
0
0
0.01255141248
0
0
0
0.004675505083
0
0
0.02435118304
0
0
0.01000073913
0
0
0.01259648548
0
0
0.0007559731103
0.03279048733
0
0.01567980284
0
0.02820250918
0.00711137664
0.02742367888
0.001048348812
2.88E-05
0
0.02257972353
0
0.02158805601
0.01277047909
0.01566100794
0.002904797472
0
0.01517436501
0.0367573474
0
0.002832076583
0
0
0.01525905703
0
0
0.01806158309
0
0.04566010785
0
0
0.004860697891
0.03474248423
0.0005193455601
0
0.007383970991
0
0.01886412695
0
0
0
0.01960507419
0
0.01294077954
0.01819667976
0
0
0
0
0.01420342353
0
0.02892611946
0
0.01839553246
0.02071596602
0
0.03124590986
0.01758947622
0
0
0.01787523866
0
0.02544943303
0.008351661694
0.01612644495
0
0.01029999208
0.001602806561
0
0
0.01060116368
0.01688748507
0
0
0.03992616738
0.001827132866
0.01219534685
0.03086152085
0
0
0.008965387629
0.01818103067
0.002005012923
0.01193532242
0
0.03821610482
0
0.04230960051
0.04218698046
0.0163016424
0.01363826941
0
0.02117983513
0.000134986416
0.02160427596
0.03496702931
0
0.006577135916
0
0
0
0.01863894235
0
0.02573888419
0
0.01740417677
0
0.02390954036
0.01174506918
0.02423395218
0.008220568869
0.02977070845
0
0
0
0
0.02966372102
0
0.00E+00
0.02991281561
0.0206939767
0.02382076114
0.02299652054
0
0.03828126658
0
0
0.02675992698
0
0.0051756981
0.04908581173
0
0
0.02417080934
0.03020874559
0
0.01025306891
0
0.02250472626
0
0.04297635523
0
0.04085667242
0.0007173409542
0.01180619204
0.01233853014
0.02112684978
0
0.02883195233
0
0.004088871108
0
0.007186969612
0
0
0.02138368365
0
0
0.0196432008
0
0
0.01142269892
0
0
0
0.03028309086
0
0.003734439475
0.04863651085
0.01308647815
0.003225791302
0
0.01816044883
0.02249730036
0
0
0
0
0.0191206901
0.00374325489
0.007456623948
0
0
0.009236008172
0
0
0.0178959597
0
0
0.01652071747
0
0.00755025044
0
0.009364163522
0
0.06937962474
0
0
0.004709750702
0.03260139039
0
0
0.03080637431
0
0.01271966716
0
0
0.03908231227
0
0.009153925168
0.01704450819
0.01219766048
0
0
0.0004942192041
0
0.02695600493
0.008153687086
0
0.02415211096
0
0.01593237284
0.01189493616
0
0.04483590191
0
0.004860585154
0
0
0
0.004422071041
0
0
0.006847550677
0.02864613369
0
0.01482187569
0
0.0100348197
0.006207505287
0.04194910768
0
0.02967109589
0
0.002688197365
0
0.04647260124
0
0
0.02117528745
0.02205804102
0.01584307338
0
0
0
0.07319733261
0
0
0.01670446494
0.03999234131
0
0
0.01047943954
0
0
0
0.03214447695
0.006698084464
0
0.0001631749324
2.09E-02
0
0
0
0
0
0
0.03041401479
0
0
0.01855765002
0.03577640688
0
0
0
0.0008035108163
0.002082266992
0
0
0.01272549489
0.002917237455
0.0398138019
0.0314372245
0
0.01712897305
0.001772336848
0
0.05243225682
0.03477119245
0.006696304184
0
0
0.01504244898
0
0.003280892007
0
0
0.02018027941
0
0
0.007396036725
0
0
0.02043834638
0.01253347155
0.04309227803
0
0.008322756778
0
0
0
0
0.02480820841
0.006605271192
0
0
0.01492184647
0.0115872092
0
0.02393081247
0.01279224908
0
0.01601921378
0
0.04412742342
0
0
0
0.04620218923
0.03407325332
0.0223946464
0
0.005050822682
0
0
0
0.04061448841
0
0
0.03514132135
0.03926793362
0
0.007847378643
0.02597381471
0
0.009266052793
0
0
0
0.01101452146
0
0
0
0
0
0
0
0
0.007391668794
0
0.03437694482
0.02320354886
0
0.01362960168
0
0.02316418331
0.02149038522
0
0.01335851155
0.0172383603
0
0.01640193874
0
0.03225360389
0.04139411679
0
0.02605800604
0
0
0
3.36E-03
0.0519555867
0
0.0187293794
0.0009720015831
0
0.002382974971
0
0.002125731574
0
0.03973609456
0
0.01630148549
0.003158307489
0.003246480663
0
2.58E-02
0
0.01775150383
0
0
0
2.44E-02
0
0.01459842819
0.02431413052
0
0.02613954926
0
0
0.01034471233
0
0.007369259892
0.0176223606
0.00365346352
0.002681322121
0
0.00148268416
0
0
0
0.01912106679
0
0.01764996841
0
0.01411753083
0.05637328753
0.05317041235
0.01873142623
0.03371749143
0.002581309299
0
0
0.005208821075
0
0
0
0.02241063582
0
0.001874163536
0.03060391849
0.01607804765
0
0.005723493532
0
0
0
0.01176936789
0.02089088947
0.02770889126
0
0.03533575704
0.01890907392
0
0.06063137385
0
0
0
0.00E+00
0.05285225391
0
0.01657052782
0.01704036862
0.02267101582
0
0
0
0.02432142031
0.01630185681
0.007029803865
0.02942656687
0.01933395379
0
0
0
0
0
0.01855023388
0.003236038605
0
0.03722153527
0
0
0
0.01188846295
0.006251134676
0
0.02528064489
0.02110385731
0.02124932668
0
0
0.006369112861
0
0
0
0
0.05416611242
0
0.03338171699
0
0
0
0.01411892406
0.01027062508
0.02363652649
0.03390002141
0
0.002203894313
0
0
0
0.005527998241
0.0184670355
0.0008719302997
0
0.03686651497
0.00E+00
0
0
0.007509185303
0
0.003579468822
0
0.04905592662
0
0
0
0.01109109633
0.05657230268
0.0309176983
0.03689846391
0
0
0.0008059913419
0.01047027533
0.03866905373
0
0
0.02097954481
0.03326382876
0.01041049726
0.0275079226
0.04367672107
0.0243756199
0.01935222796
0
3.48E-02
0.02425421594
0
0
0
0
0
0
0.001923192314
0.00E+00
0.007287077595
0
0
0.05068631192
0
0.002215934041
0.001664955114
0
0.01799522896
0
0.008519849056
0
0.0191827944
0
0.007157376553
0
0.0377294986
0.007108942154
0
0
0
0
0
0
0.02876139241
0
0.02271479127
0
0.02573754217
0.008816665297
0
0
0
0.01448293196
0
0.003771741535
0
0
0
0.0337757342
0.02405215608
0.0148229158
0.01814816725
0.02005492325
0.03354973737
0.003644333982
0
0.02432070318
0.0002845700362
0.04116242507
0.02844996117
0
0
0.01483767978
0.005475249076
0
0.007852115136
0.03264814566
0
0.004269705287
0.02122020117
0.02319259555
0
0.01474058426
0.006946166127
0.01099821303
0.03330947241
0.01998802511
0
0.009905514641
0
0
0.01735626104
0
0.01755705775
0
0
0.01387806412
0
0
0
0
0.01304665402
0.006035706029
0.007649035959
0.01237801578
0
0.0364742492
0.01370351811
0
0.0146284443
0.02761833104
0
0
0.01267669749
0.005892544724
0
0.00873428418
0
0
0.002758123552
0.005585092631
0.01086390694
0.0279957207
0
0
0
0.03423033726
0
0
0.0293699087
0
0
0.03981913174
0.026649945
0
0.02560190813
0
0.003871676578
0
0.03248221507
0.008738980051
0.02123122302
0
0
0
0
0.04137056691
0
0
0.05633050271
0.01715174871
0
0
0
0
0
0.01466966956
0.02268666047
0
0
0.0103825865
0
0.01261720207
0
0.05121773168
0.06065157646
0
0.01704043676
0
0.006465322711
0.01062365501
0
0
0
0.006769355482
0.007342691632
0
0
0
0.01357403896
0
0.04262984218
0
0
0.03012398834
0
0
0.06554088543
0
0.009498171998
0.02210926548
0
0
0
0
0.03279243014
0
0
0
0.01088035465
0.008829707349
0
0
0
0.001941057346
0.02160972467
0.004282988255
0
0.01084816039
0
0
0
0.03311220351
0
0
0
0
0
0
0
0.01222408934
0
0
0.03096906542
0
0.01218246136
0
0.0473120971
0.05379547912
0
0.0331426101
0.005384579524
0
0
0
0.02077424269
0.07045181654
0.01693411502
0.03695301672
0.01156991852
0.0007053949258
0
0.004508588256
0
0
0
0
0.02732940116
0
0
0.01753539953
0.05925102733
0
0
0.01730989008
0.003583600194
0.006321709932
0
0
0.01360599151
0
0
0
0
0
0
0
0.01989750057
0.00E+00
0
0.005306231876
0.01827802529
0
0.005866784667
0.04020506081
0
0
0.03934330468
0.02807073784
0
0
0.009833166693
0
0.007721132309
0
0
0.0083423608
0
0.00E+00
0
0
0.006142707384
0.0549507296
0
0.04276416372
0
0
0.01233087965
0.05426018777
0
0
0.01970283347
0.0264860932
0.02008993565
0
0.01473157827
0
0.05798358753
0.006124544178
0
0
0.04776875502
0
0
0
0.03502901305
0
0.01654275482
0.03256802643
0.01348103952
0
0
0
0.008312306692
0
0
0
0
0
0.0004400669897
0
0.04411022472
0
0.01247985561
0.008673555262
0
0
0
0.01539272705
0
0
0
0.01557321924
0.06738388262
0.03887600725
0
0.04484304058
0
0
0.01233442508
0.002278719251
0
0
0
0.05356635427
0
0.04418595082
0
0
0
0
0
0.02182659416
0
0
0.03168693791
0
0
0
0.01515178683
0
0
0.003609736574
0
0.06185968135
0.007213169178
0.02587545042
0
0
0
0
0
0
0
0.002440867683
0.0257358169
0
0.0384544613
0.001752458787
0.009982745534
0.05799318093
0.0222752912
0.02742441998
0.01040898318
0.04612429476
0.04574814408
0.01119564163
0.01956973637
0.002239797833
0.01483233559
0
0
0.001024069364
0.002105381021
0
0
0
0
0
0
0
0
0.003956633617
0
0.01870334278
0
0
0
0
0
0
0.00152202
0.04114179505
0
0.0304168499
0.05308415371
0
0
0.02756456412
0
0.04075167977
0.02295902358
0
0
0
0.01249090297
0.04462963922
0.00E+00
0.03489125734
0.004148665366
0
0
0
0
0
0
0
0.0138853758
0
0
0
0
0.01815878691
0.02388231366
0.02425835992
0
0.05842195092
0.02592245871
0
0
0.006575158682
0
0.04649503656
0
0
0.005942691613
0.005578208471
0
0
0.02068756285
0
0
0.003715513292
0
0.005084259087
0
0.02131821051
0.01782183904
0
0
0.02566130921
0.001425310211
0
0
0.03422739725
0.01156510959
0
0.02618644789
0.003095325143
0.01247005885
0.003312705653
0
0
0.005850031734
0.0276041309
0.04523131732
0.02473189821
0.00E+00
0.01374853632
0.008324090615
0.01262571505
0.008170054769
0
0.01962739569
0
0
0
0.002358564231
0.02032655232
0
0
0
4.84E-02
0
0.03086269777
0.00451288902
0.009302956569
0
0.02742180377
0
0.007294560697
0
0.004897063049
0
0.00E+00
0.002822534323
0.008104750724
0
0.02909699649
0.001095349732
0.02772007488
0.00E+00
0
0.005195932784
0.01227664956
0.004712882688
0.009557073577
0.04934843291
0.03535237279
0.02647462523
0.006770120665
0.02350568887
0
0.003198030252
0.01779718413
0.02603485591
0
0
0.025266554
0
0.02270764389
0.001483591403
0.02733669332
0.003591073171
0.0369306544
0
0.01794196737
0
0
0.01516096866
0
0
0
0.003288550152
0.004861778433
0.0001867370518
0
0
0.0003187115499
0
0.04599088524
0.01063665414
0.02704079221
0
0.005627442001
0.04522620865
0
0.01093680806
0.02972749528
0
0.04450338354
0
0
0
0
0
0
0
0
0.04231983254
0
0.0009641470972
0
1.06E-02
0
0.01410035949
0.02328093397
0.0319301387
0
0.002425098149
0
0
0
0.02416503165
0
0.02153812961
0.002663240788
0
0.03861669293
0.03710056243
0
0.004693941248
0.001450130852
0.005952223205
0.050600618
0.03400462329
0.001784750502
0
0
0.01706049377
0
0.0117477945
0.003380441789
0
0.002705165046
0
0.003378596919
0.003340881217
0
0.04447974717
0
0.003830130991
0.01325178619
0
0.002659619404
0
0
0.01087288601
0
0.01639462727
0.0275026967
0
0.03420995832
0
0.05214842233
0.001692340581
0.002114208873
0
0.005566716191
0.02045425094
0.005586626768
0
0.01381613081
0.01817357464
0.01381617928
0
0.01403173327
0.01451952732
0
0.03080186289
0
0.001531093587
0.02042076433
0.00249739213
0.01568342719
0.03749694631
0
0
0.01317862753
0
0.03422694985
0.004243591658
0.006557612974
0
0
0.01970080821
0
0
0.02233713919
0
0.03991121357
0.007222205388
0
0
0.03930189303
0
0.01274954263
0.003804124358
0
0
0
0.00E+00
0
0.03904790912
0
0.01365228981
0.03832739854
0.02134189522
0.01314294012
0
0
0
0
0.01522486526
1.42E-05
0.02439929449
0.02842574066
0
0.03849656127
0.02755007495
0
0
0.0101927434
0
0.01675033171
0.01585595235
0
0
0
0.009167553843
0
0
0.0274624662
0
0
0
0.0233972304
0.01078075916
0.01984380448
0.01658044275
0
0
0
0
0.006499282683
0.03625300104
0.01702925242
0.01528132257
0
0.02582654445
0.03152621382
0.01775517997
0
0
0.01873831441
0.001247785848
0.02945900337
0
0
0
0.04873239498
0
0
0
0
0
0
0
0
0
0.009664851535
0
0
0.003031937838
0.01289986013
0.00E+00
0
0.06024254434
0.004722413713
0
0.00E+00
0
0
0
0.03065683684
0.03994789038
0
0
0.01894698018
0.01034653106
0
0
0.006643866327
0.03826883988
0
0
0
0
0.04140216183
0.026585051
0.02912172628
0.05752601847
0.04001819831
0
0
0
0
0.00E+00
0
0
0
0
0.08476795078
0
0.01494886499
0.01915681281
0
0
0
0.006551743816
0.03034116917
0.0439462345
0
0.01455311045
0
0
0.01709473318
0.00942974944
0
0
0
0.04652890265
0
0.008550337587
0.007521451875
0.02149659198
0
0.03914545764
0
0.006320368664
0.002749391008
0.04483090971
0.02260700213
0
0
0
0
0
0
0
0
0
0.04999432531
0
0
0.01103660957
0.01278073179
0
0.01046768791
0.005813169849
0
0
0.03145825151
0.01671509625
0
0.02906990341
0
0
0.01944706039
0
0
0.02988288822
0
0.0006406704604
0.0448591487
0.0287604568
0.02773556635
0
0
0.00470659692
0.003165256295
0
0
0
0
0
0
0
0.00E+00
0.02171578166
0.001927611003
0.01903235126
0.0110339464
0.01453230414
0.01705949277
0
0
0.02329601167
0
0
0
0.007832195487
0
0.0307982079
0
0.01143648003
0.009948527087
0
0
0.0401442388
0.01950055105
0.007378066023
0
0.009265330959
0.0294856896
0.02530047614
0.02965665991
0
0
0.02411077598
0.0250550376
0
0.01119006416
0.006491912903
0
0
0.01267872908
0.02538908322
0
0.01844612722
0.0108073686
0.005492019071
0.0007912368928
0.01905289003
0.02434254918
0.01768422571
0.01996492648
0.02002201602
0.03325302691
0
0
0.002535995916
0
0
0.02856525865
0.01107928971
0.02005818349
0
0
0.01608728821
0.03184073894
0.009178239751
0
0
0
0
0.0203775289
0
0.008573531134
0.01632504557
0.0578618898
0
0.006037895464
0
0.03504580107
0
0.009171827211
0.007657270111
0
0.002056618477
0.03123003128
0
0.002903327848
0.005939216421
0.02899174078
0.01748927713
0
0.02261281531
0.007639932335
0
0.03625928824
0.02193766208
0.03154490585
0
0.0046429392
0.06670157251
0
0
0.02337605115
0
0.02375131693
0
0
0
0
0.0098678823
0
0.02814664474
0.01387418373
0.0585695405
0
0
0
0.00E+00
0
0.02124993072
0
0.009351025087
0
0
0
0
0.02136876357
0
0
0.003044659521
0.01006495057
0
0.02850182931
0
0
0.00810009989
0
0.007264028607
0.03523937667
0.009335454772
0.01310490043
0
0
0
0
0.001852228487
0
0
0
0
0.0009025304739
0.03011046589
0
0.04040337006
0
0
0.02686842924
0
0
0
0.00602480733
0.02064967734
0.01076076345
0.02109044508
0
0
0.06056661609
0
0.01555991134
0.002178672444
0
0.034840163
0.01666386761
0.01228613039
0.0191662299
0.02789745539
0
0.03070669101
0.007128867509
0
0.000185195869
0.03655500685
0
0.04502376599
0
0.004270773372
0.01242528173
0.01797260392
0
0
0
0
0.01984356859
0
0.01838146923
0.05717624269
0.01228627266
0.02019555923
0.005428466176
0.009386463163
0
0.01571074326
0.02726354274
0
0.01498463908
0.01784293467
0.004606406375
0
0.006783522594
0
0.03757748551
0
0
0
0
0
0.003568997468
0
0.02489710145
0
0.02623097412
0.02939964001
0.04179450859
0
0
0
0
0
0.003987163066
0
0
0.0291353431
0.04277741932
0
0
0.003501587628
0.008942327752
0
0.01303670537
0.03490936212
0
0.006770925562
0.02018135051
0.01759692743
0.01623945348
0
0
0
0
0
0
0
0
0.006831472796
0
0
0
0
0.008283525465
0.01225414436
0
0.00866602277
0.01334337176
0
0
0.03083596231
0
0.02811329024
0.03393440238
0
0.03889853304
0
0
0
0
0
0.008699562739
0
0.02677664904
0.02133457683
0
0
0
0.01453125453
0
0.02364423978
0
0
0
0.0105269723
0.01840137921
0
0.02091247646
0.02597509076
0
0
0.004760838452
0
0.03466201013
0
0.05054482979
0
0
0.02108877694
0
0
0.006070842825
0
0
0.04010855232
0
0.001117627307
0.0122357453
0
0.05443321925
0.06320722933
0.05096809207
0.03065860981
0.01140769891
0.002605279007
8.84E-03
0.005546183159
0.0002060670341
0.01645205584
0
0.004707826133
0.02134365248
0.01343520387
0
0
0
0
0
0.02175666981
0.04321015024
0
0
0
0
0
0.00E+00
0
0
0
0
0.0335483077
0.0580849412
0.00E+00
0.05108341376
0.06113534151
0
0
0.0002258439505
0
0.009822933482
0.01809385676
0.01026260421
0
0
0.01776766373
0.006399462031
0
0
0.004504218829
0
0
0
0
0
0
0
0
0
0.01457529271
0.00E+00
0
0.02265054128
0.02037277723
0.003662356925
0
0.03884925085
0.0236355068
0.01094182582
0
0
0
0.04149292595
0
0.01381335494
0.03355667594
0.02453669518
0
0
0.02420609591
0.0006014298623
0
0
0
0
0
0.01096550589
0
0
0.005361399445
0.02319886824
0.01436801789
0
0
0.05070692055
0.0104663424
0
0.03325002957
0
0
0.001592682756
0
0
0.02892510036
0
0.03495455058
0.02554541092
0
0.01099342236
0.01351820776
0.01377570192
0.01846677777
0
0.01935972894
0
0
0.006675488291
0
0.0154418813
0
0
0
0.03878371687
0
0.005406284072
0
0.001922787883
0
0.004516153138
0
0.01439476158
0
0.0193940481
0.00965772618
0
0.005122029346
0.02516029354
0
0.04746070008
0
0.01328822645
0
0
0.003142193725
0.01341739838
0.02869092942
0.02755919238
0.0365153992
0.01381069841
0.03543813004
0.0240160439
0.02184252098
0
0
0
0.009279199643
0.03531779397
0.007263631995
0.01291530095
0.01941486832
0.005165512907
0
0
0
0
0.0002952147275
0
0.02516216631
0.002821725529
0.007829636115
0.04897665604
0.009932625518
0.009934138636
0.05024343194
0.0128893482
0.008202045707
0
0
0.04266169507
0.01118071669
0
0.02149077242
0.03886176818
0.02466687791
0
0.00474933424
0.022695469
0
0
0.04788426415
0
0
0.05263951777
0
0
0.04599571133
0.02499337324
0.02335484816
0.02456539479
0
0.01357260628
0
0
0
0
0.009980924836
0.002587531123
0
0
0.001380553731
0.02823597088
0
0.009867809435
0.00E+00
0.02657745443
0
0.0290731287
0
0
0
0.01725847245
0
0
0.03552070353
0
0
0.008182502201
0.00547457247
0
0
0.04444120222
0.0233222964
0
0
0
0.0006156033781
0.002123487591
0.0003358889959
0
0
0.008947234821
0
0.04000547854
0
0
0.01622745342
0
0
0
0.007880184867
0
0.01700590025
0
0
0
0.007355655798
0
0.01012820915
0.02050881354
0
0.01508938287
0
0
0
0
0
0
0.01159494035
0.04066377946
0
0.04859519727
0
0
0.02167827841
0.02262454768
0
0.01397048012
0.03857662095
0.01053001189
0.02009322657
0.00643418631
0.007898114198
0.002109613497
0.04000378992
0
0.007698693201
0
0
0.01471383705
0.0298360688
0
0
0.02355857187
0.04464479281
0
0.01261290188
0.006760941999
0.002561321627
0.03310194427
0.01662466067
0
0
0
0
0
0
0
0
0
0
0.02378817831
0.007420217436
0.02397479045
0
0.0269087991
0.00E+00
0.02030410124
0.00232945954
0
0
0.01437884353
0.03119074035
0
0.03092297428
0
0
0.04049259506
0
0.01487044914
0
0.008488784715
0.008904281598
0
0.02694218095
0
0
0.02862044783
0.01875312923
0
0.01276224394
0.003373532885
0
0.03385827459
0.0293053372
0
0
0
1.53E-02
0
0.01157732289
0
0.005257273587
0.03034604296
0
0
0
0.03919611012
0
0.01162448654
0.0369489096
0.05117763767
0
0
0.02148256978
0.01872346701
0
0
0.03075418048
0
0.04434825909
0.006482066863
0
0
0.02637824298
0
0.02672448764
0
0
0.03041050391
0
0.01810890451
0.06084887964
0.04210166324
0
0.0265928138
0.04941746841
0
0
0.0202481948
0
0.008082048444
0.01652946696
0.003239441425
0
0
0
0.03472945997
0.006756616982
0
0.01195919263
0
0
0
0
0.02181365732
0.01827453958
0.02416272728
0.05206048245
0
0
0
0
0.006515054682
0
0
0
0.005159009628
0.00E+00
0.03721980501
0
0
0
0
0
0.02274034437
0.02773341956
0
0
0
0
0.01079905714
0
0
0
0
0
0
0.02274152289
0
0.007679345808
0
0.009511679113
0.005818275171
0
0
0.01636903682
0.01659959824
0
0.01565438213
0
0
0
0.01851773509
0
0.01776525521
0
0.02837723045
0
0
0.007908356379
0.02087247613
0
0.01430955282
0
0.05404652945
0
0.03635601854
0
0
0.005107299568
0
0
0
0
0.0102069146
0.03846189402
0
0
0
0
0.01621687344
0
0
0
0.04797512801
0.03612732228
0.00E+00
0
0
0
0.007953943019
0
0
0
0.008474234426
0
0
0.01911742669
0
0.02497174026
0.02137463508
0.03433557754
0.006337691919
0.02705398762
0.01365096458
0.02767871439
0.01193262188
0.03539148879
0
0.01388251119
0
0
0.002900998583
0.0269021989
0
0.03992522705
0
0
0.0115608378
0.02921465594
0
0
0.0009754712407
0
0.02425104348
0.01505966983
0
0
0
0
0
0
0.03732114756
0
0.02309319743
2.37E-02
0
0.008230571584
0.02772289554
0.01409957368
0
3.66E-02
0
0
0
0.005732487857
0.04664214699
0
0.002283449278
0.007000066235
0.008815307682
0
0.01441669189
0
0.02538050024
0.0003992637833
0
0.04009911863
0
0
0
0
0.004552204896
0
0.03139914596
0
0.02769443175
0.01052366439
0.01622503591
0.01967178871
0.02643413539
0
0.04859473148
0.01836983346
0
0
0.01588712721
0
0.03101974418
0.04207491766
0
0.0005332425477
0.01747526406
0
0
0.001494907219
0.05460811031
0
0
0.01879135374
0.01911860485
0
0.01071136912
0
0.01611388546
0.04796363163
0.01409096716
0.00330009369
0.02265462695
0
0.02479899373
0.001394413457
0
0.003496275111
0.00520701037
0.01016743788
0.01599263435
0
0.004962311923
0
0.005773360318
0.01109743527
0.000872131591
0.003565746399
0
0
0.004899678943
0.02062406197
0
0
0.00674476336
0.002670370427
0
0.006503858066
0.02125299894
0
0.006583473717
0
0.004622762581
0
0.01457786142
0.003591300613
0.03321125095
0
0
0
0.01735780701
0
0
0.02899787759
0.007939232435
0
0.03408347238
0.02754970437
0
0.02505942623
0
0.02507272975
0.007389247386
0.0339540672
0
0.01935318372
0
0
0.0008319204221
0.004598626423
0.05940972848
0
0
0
0
0
0.02119166482
0.007156200399
0.008608011666
3.13E-02
0
0
0
0
0
0.01324734358
0
0
0.01412330848
0.02514434628
0
0
0
0
0
0
0.02823513637
0
0.04519039158
0.002425030858
0.01045951054
0
0
0.007971899181
0
0
0
0
0
0.02446342734
0
0.03487783485
0.01392321735
0.01098251086
0.03406610223
0.03319705804
0.03280849703
0.01279303697
0.02147292664
0.0389634423
0.01129812422
0.03459455214
0
0.05316063385
0
0
0.003108954611
0
0
0
0
0
0
0.02081795099
0.01416276851
0
0
0.01256424785
0.01010890795
0
0
0.01635924512
0
0.0006431205278
0
0.04679880099
0.01552720987
0
0.06381593938
0.06120151803
0
0
0.007644148196
0
0.02183397829
0.03879927932
0
0
0.003624713911
0
0.02736992764
0
0
0
0
0
0
0
0
0.004333893721
0.01733133977
0
0.00E+00
0
0
0
0.02841172959
0
0.04775850594
0.01510968508
0.03712613079
0
0
0
0
0
0
0
0
0
0
0
0
0.00203653191
0
0
0.02292235774
0
0.05648864862
0.00958617075
0.0143920465
0.0133355312
0
0
0
0
0
0
0
0.01238894101
0
0.02114408842
0.0326029503
0.04551831414
0.02825287899
0.01567588391
0.03046238327
0
0.04563218577
0.04484384083
0.006527660345
0.02604352019
0
0.03597249424
0
0
0.0008379668367
0.02001285219
0
0
0
0
0
0.008381583844
0
0
0.006434472117
0.01256653284
0.04531576098
0.003343188894
0.01668279565
0
0
0
0
0.04170666006
0.007376242963
0
0.04623136566
0.04433032511
0.00E+00
0
0
0.00906308732
0.02988132402
0.03203278736
0
0
0.001680326719
0
0.007773259761
0
0.01473282845
0.001076386149
0
0
0.01054323609
0
0.02609930396
0.0251653291
0.03921298005
0
0.02825572064
0.01214625814
0
0
0.01207394545
0.03402161737
0
0.02490945599
0
0.01180465203
0
0.01335272051
0.00125618559
0.03418114154
0
0.03906064981
0.02234238383
0.02814312922
0
0
0.02501003071
0
0
0.01506652738
0.04075612001
0
0
0.003092654621
0
0
0.00E+00
0.01189198609
0.005980320028
0.01349825076
0.02310731009
0
0
0.01332015879
0.006116205183
0.01834072636
0
0
0
0
0
0.01721053018
0
0.02462324635
0.03224843622
0.0372645394
0
0.03513651241
0.001970804492
0.00E+00
0
0
0.02474414898
0
0.02868416581
0
0.002018004857
0.02300602235
0.006594348193
0
0
0.02479490701
0.005589808638
0.004741240266
0
0.0298448651
0
0.02511096661
0.02338591033
0.02426802996
0
0
0.03246945692
0.007029423982
0
0.0134682464
0
0
0
0.007381802283
0.009957796685
0
0.01796188266
0.01288511482
0.008922441024
0
0
0
0
0.0165808888
0
0
0
0
0
0.001740796791
0
0
0.01788412108
0.04430647311
0
0
0.03485458066
0
0.03717894754
0
0
0
0
0
0
0
0
0
0.000838364443
0.0305041673
0
0
0.02651156807
0
0
0
0.03071241877
0.007915711108
0
0.03678556726
0.02853489561
0
0
0.002572043837
0
0.002685750498
0.001611317306
0
0
0
0
0.01372685528
0
0.01167830268
0.0221367334
0
0.02251964038
0
0
3.45E-04
0.03604829747
0
0
0.03461550597
0.01578637138
0.04337661966
0
0.0371503168
0
0.03327928358
0.01767290498
0.002008813575
0
0.04209635077
0.008068079279
0
0.001670753569
0.03302104295
0
0
0.02777514661
0
0
0
0.0009026704307
0.03369846569
0
0
0
0.0005113553876
0.007748752628
0.01564361191
0
0.03298678948
0
0.02444481473
0.002677003449
0
0.007113313733
0.01074890901
0.0154985933
0
0.01489233912
0
0.0303457014
0.05276552493
0.04240910821
0.0191246841
0.03042609839
0
0
0
0
0
0.02121383544
0
0
0.02615352805
0
0
0.01688282631
0
0
0.0371905634
0
0.005603428042
0.03702048022
0.003545726632
0.02381962915
0.02234509149
0.00833315804
0.006616959975
0
0
0
0
0.001430619767
0.004879391037
0
0
0
0.02472906613
0
0
0.007367691343
0.02379711204
0
0.009774199571
0
0
0.01336359538
0
0.01909714135
0.06671264718
0.02589579097
0.01586081232
0
0
0
0
0
0.02945784543
0
0.003558758567
0.03413304315
0.006235535019
0.02388328156
0.03561877711
0.02352792475
0
0
0.04191719671
0.05706592821
0
0
0.009732212223
0
0
0.01700098684
0.02032241728
0
0.01012869029
0
0.04428290229
0.01540798104
0.008256889651
0.04090541588
0.04016907234
0
0.02146334741
0
0
0
0.02837495857
0.01331590856
0
0
0
0
0
0
0
0.004056850818
0
0
0
0
0
0
0.03486769995
0
0
0
0
0.001176848462
0
0.02403646599
0.01094689042
0.02740385944
0
0.0097491974
0
0.0237166967
0
0.02766085337
0
0
0
0.02190689175
0
0.002807693587
0.04526816558
0
0
0.002511180041
0.001318980833
0.01683481658
0
0.06027184771
0
0
0.0263626893
0
0
0.0132522603
0
0
0.04239334486
0
0.004942016853
0.04616243463
0.0003541474541
0.04579320344
0.009781442226
0.03021110227
0
0.03026056835
0.008230537074
0
0
0.0008073950257
0
0.02742825839
0.0183655464
0.0120144463
0.006270722422
0
0
0
0.02798941964
0
0
0.02642840881
0.01799101155
0
0.01451718041
0.007989506344
0
0.0231909677
0
0.01338470265
0
0.01157434331
0.02283785005
0.0165992503
0
0.009619132304
0.03433265403
0
0
0
0.005846221919
0.04173977037
0
0.01997412318
0.02930228782
0
0
0
0.008916205531
0.022443084
0.01062933969
0
0
0
0.001586337268
0
0
0
0.008297288155
0
0
0
0.01024959945
0.02487965039
0
0.04398414897
0.003276690177
0.06170378419
0
0.007828555405
0
0
0
0.02176959653
0
0
0
0.02753083389
0
0
0.02925475964
0
0
0
0
0.02079494832
0
0.02505710739
0.01273510222
0
0
0.01361268752
0
0
0
0.02021970538
0
0
0
0.007628780346
0.01264954317
0.01846134586
0.01346212008
0.01536382605
1.83E-02
0.02152166999
0.01510895308
0.005252079469
0
0.02088635875
0.004682788437
0
0.03801641714
0
0.05760188794
0
0.005798737334
0
0.02174586671
0
0.003981072705
0
0.01238177403
0.01726992515
0
0.02409302259
0
0.01329650637
0
0.021544548
0
0
0
0.02776302342
0.01095072443
0.01371008554
0.02298265212
0.0003085889406
0
0.02352212521
1.75E-02
0.01740877361
0.003727472056
0
0.02963617296
0.007295093149
0
0.002204467342
0.026079105
0.01072274858
0.02087930855
0.01758084622
0
0.00E+00
0.01846164205
0.02905475109
0
0.0002243880478
0.03074261754
0
0.008272203684
0
0.01090412866
0
0
0.03823801335
0
0.01778887803
0
0
0.05652761362
0
0.01881729985
0.02556994056
0
0
0.01111812861
0.01212601097
0
0.03109522038
0.009884124349
0
0
0
0
0.01546290797
0.004699387354
0.03818550523
0
0.001844437447
0
0.01009403472
0
0
0
0.02385776015
0.01096087078
0.03324699663
0
0
0
0.02000274818
0.03507790504
0.03079796711
0.04604962734
0.00766440339
0
0.0313091487
0.01184736216
0.05192344038
0
0
0.02266785003
0.003886086511
0.02898525807
0
0.007322182999
0.003812371719
0.03227048177
0
0.02169457583
0.01002111043
0
0
0
0.002556109626
0
0
0
0
0.003903175427
0
0
0.0671443519
0
0.01056962539
0.008447908634
0
0
0.003880583843
0.02045707729
0
0
0
0.01290809784
0
0.04411809871
0.0007854683541
0
0
4.97E-03
0
0.001720568563
0
0.02538805722
0.01815632099
0
0
0.04204072636
0
0.01055427179
0.005412971311
0.01055969433
0
0
0
0.003659859012
0
0.0223085463
0
0
0.03506166309
0
3.47E-03
0.007639439774
0
0
0.0001310926653
0.01683200784
7.03E-03
0.008064274964
0
0.02523358973
0
0.05621493284
0.004535594075
0
0.02061347155
0.007947425377
0
0.03999011372
0
0.01085881607
0.05546459959
0.01151035007
0
0.007043021123
0.03148994725
0
0.02443438433
0
0.02569838646
0
0.02866320676
0
0.02642468647
0
0
0
0.01582314459
0
0.05090428867
0.009411281953
0.02820289765
0
0.02179838857
0
0
0.03477093025
0
0
0.02056670702
3.29E-02
0
0.006085511028
0
0
0
0.02064695328
0.02391793839
0
0.04635232972
0
0
0.001896189316
0
0.006628109373
0
0
0
0
0.03687722034
0
0.00256983074
0.01734623305
0
0
0
0
0.03730891162
0
0
0.003372656654
0
0.03371563257
0
0.0454540542
0.01115258341
0
0.04619222201
0
0.009180057548
0
0.02173914902
0.004377527327
0
0.008227642115
0
0.002862275655
0
0
3.73E-02
0.007577032922
0
0.05318134878
0.008147165197
0
0
0
0.02844672264
0
8.41E-05
0.02733623547
0.06107332581
0.0106049869
0
0.02514768176
0.005591965012
0
0
0.00366959498
0.01875766404
0
0.007377799855
0.01389941601
0
0.02782593106
0
0.006425077487
0.04202984764
0.03736361222
0
0
0
0
0
0.01813836226
0.01045547272
0.01441430094
0
0.0160848333
0
0
0.006895200402
0
6.69E-05
0
0.0147949349
0
0
0.0087049174
0.004778223
0.002673292941
0
0.06177822285
0.03703732182
0
0.02836636231
0.003078313307
0
0.01414470435
0
0.05246153313
0
0
0.01125776579
0
0
0
0
0.02186435391
0
0
0.05112495372
0
0
0
0
0
0
0.008804927791
0
0.01341076864
0.02048354898
0
0.008121152034
0
0.04637690207
0
0
0.03976213989
0.01626045824
0
0
0
0.01957837135
0
0
0.01334244425
0
0.0363448739
0.01380868583
0
0.03117344139
0.02380842591
0.01448378007
0.04596233045
0
0
0.04443913531
0.01638492473
0
0.004222911359
0.02648759027
0
0
0.02670903152
0.02347924429
0
0
0.02284936199
0.01248126704
0
0.01916565297
0
0.01809972837
0.04435108663
0.03171321064
0.02695462945
0
0
0.02531549704
0.01701408861
0
0.02229764048
0
0.01985628573
0.02702661471
0.008820586729
0
0
0
0
0.002784139044
0
0.001521231199
0
0.03441925096
0
0
0.004167930788
0
0
0
0
0.006275321743
0
0
0
0
0
0.02140458569
0
0.04453087874
0
0
0.00271033499
0.005068579382
0
0.003582893877
0.01149936207
0
0
0.02251760772
0
0
5.18E-02
0.0185937823
0
0
0.02775249432
0
0.00275477401
0
0
0
0
0.0374236406
0
0
0.0116663256
0
0
0
0.01800192004
0
0.03594327384
0
0
0
0.01959633792
0
0.04056044614
0.0002533985858
0.007422226342
0
0.02365116036
0.006220745547
0
0.01837243227
4.75E-05
0
0
0.00339033591
0
0.02139571889
0
0.03168028051
0
0
0.02406678004
0
0.009231225497
0.02838596098
0
0
0.02048461223
0.01266651494
0.003921856102
0
0
0.02733755344
0.02666523682
0.04031625273
0.03585307981
0.01430351284
0.008405408296
0.02507503896
0.02026219094
0.01897340094
0.02399239125
0.01115158869
0
0
0
0.007787407197
0
0.004258254947
0
0
0.01388787438
0.03277576776
0
0
0
0
0
0
0.02921390906
0
0.01193765173
0.02790848109
0.01131414082
0.03682071218
0
0.0468742789
0.04756372813
0
0
0.0171295428
0
0.006122228873
0.01903820599
0
0
0.01259784258
0.0281158276
0.01993578438
0
0
0
0
0
0
0
0
0.01028797868
0.0423030683
0
0.01984070395
0.02391279753
0
0
0.01626467863
0.02945843709
0
0.01074351421
0
0.02816547358
0
0
0.0218432061
0.01293870171
0.005205333962
0.03316123771
0.03471677146
0.03876756422
0
0
0.01915808806
0
0
0.009777753965
0.03866358918
0.0009523216358
0
0.0009607172616
0
0
0
0.02449914457
0.009226645617
0.01593260603
0.02733346812
0
0.003246364855
0.02555520084
0.002882763088
0.04275951845
0
0
0
0
0
0.009044835026
0
0.03918011269
0.02698361415
0.0203738363
0
0.03293777939
0.01549460164
0
0
0
0.02060692975
0
0.03108010906
0
0.003844223237
0.003989039722
0
0
0.01115755924
0.02532270947
0.00521373474
0
0
0.0136756281
0
0.003768995641
0.03357747917
0.01406428432
0
0
0.01697289616
0.004676190354
0.001510123284
0.01490221659
0.01004877531
0
0.002018983264
0
0.01161629305
0
0.007209994677
0.01969183591
0.018451044
0
0
0.01411725932
0
0.01991126761
0
0
0
0.02592167352
0.02498622817
0
0.01759850331
0
0.0020771022
0
0.03729879877
0
1.77E-02
0
0.002457329806
0
0.005227367098
0
0.03285554553
0
1.16E-02
0.03373867486
0.02146749322
0.01057422363
0
0
0.02327576629
0.01706002855
0
0
0.05317824189
0
0
0.02571777032
0.01910245951
0
0
0.009171470986
0.02749938541
0
0
0
0
0.0456468419
0
0.03275681806
0.03389123916
0.03632632919
0.005571583007
0.001486247262
0
0
0
0.03928467064
0.01989927121
0.006763915772
0
0.02148624487
0
0
0
0
0
0
0.01909489726
0
0
0.01010606848
0
0
0
0.0414748221
0.04086432157
0.00E+00
0.02902286506
0
0
0
0
0.04098959866
0.005471735362
0
0.0147043659
0.001246688099
0.005763880485
0
0
0.02501232344
0.0004012523012
0
0.04463677018
0
0
0.0005165879858
0
0.005685623177
0
0.03701652801
0
0.00495830366
0.01146308929
0
0
0
0
0
0
0
0
2.88E-02
0
0
0.02518665838
0.0263778709
0.02461741716
0
0
0.0003258681629
0
0.01390909401
0
0
0
0
0.01702632142
0
0
0
0
0
0
0
0.04681248088
0
0.009933886396
0.007047565826
0
0
0
0.003264494026
0
0
0
0
0
0
0
0
0.02525587436
0.04205164992
0.05964738002
0.03189593199
0.03074487362
0
0
0.01466930376
0.04451810469
0.01105266639
0
0.03340281296
0.003697791677
0.05042402734
0
0.03170169606
0
0.02430576041
0
0.02215967795
0.01637716264
0.001974692641
0
0
0
0.006163333462
0
0.01281987576
0
0.01240829757
0
0
0.03507956695
0.004599362771
0.04052076826
0.04873994463
0
0
0.02610156023
0
0.007389856085
0.05034327743
0
0.004790424954
0.0204682566
0
0.02130589675
0
0
0
0.003599570617
0
0
0.04079624037
0.01770827833
0
0
0.001177101407
0
0.008722477351
0
0.0157942325
0.00880760807
0
0
0
0.009082721893
0
0.04810425065
0
0
0
0.01081169368
0
0.02345547506
0.007457087362
0.05518561092
3.79E-02
0
0.03542169836
0.0110221219
0
0
0
0
0
0.001770411602
0
0.01707990318
0.01558959876
0.001378778389
0
0
0.02110561393
0.03433493466
0
0.004841196299
0
0
0
0.006344170445
0.02794736546
0
0.02085293006
0
0
0
0
0.01048606389
0
0.003621654443
0.05744586613
0.006705480532
0.03267902559
0.01599942772
0.03809250107
0.02153622372
0.007374805295
0
0.007590941125
0.02130164871
0.01015035977
0
0
0
0
0.01252712309
0
0.004478695019
0
0
0
0.02431771354
0.04929446106
0
0
0.04123730691
0.01286648766
0.02432584329
0.007810897407
0
0
0
0.04611198862
0
0.01992289915
0.005390963076
0.01457810937
0
0.02572706009
0.03441293
0
0
0.01979615671
0
0.01168315933
0
0.0190209651
2.02E-02
0
0.04247960723
0
0
0
0.01635879258
0
0
0.002160289809
0.003243395094
0
0.05226986742
0
0
0.0275639728
0
0
0
0.02545429658
0.0160760738
0.001783001838
0
0.03670327522
0.03195040723
0.02286303815
0.00424140358
0.0366912361
0.00208098841
0.01172639763
0.009359259742
0.0007871287139
0
0
0.00403341369
0.0205786996
0
0.01699430075
0.001776702917
0
0.05603176901
0.04737268505
0.004780436959
0
0
0
0.01127280669
0
0
0
0
0
0
0
0.04310249293
0
0
0
0
0.01500032885
0
0
0
0.04916947497
0
0.04116250443
0.02301137295
0
0.03116654323
0
0.01370947388
0
0
0.02988240741
0
0
0
0
0
0
0
0.03468074419
0.009072485673
0
0.04717968732
0.01320436914
0
0
0
0.008265059844
0.01579995129
0
0
0
5.76E-02
0
0.01049987044
0
0.03801696866
0
0
0.03775743464
0.02427022011
0
0
0.02191545883
0.02798454444
0
0.03220973949
0.03380432399
0
8.54E-05
0.00948933961
0
0.02516162154
0
0
0.04082140327
0
0
0
0
0
0.02027416461
0.01509700677
0
0.03836038506
0.01820672931
0
0.005175617928
0
0
0
0.02884095558
0
0
0.01309815742
0.003697771865
0
0.04906052592
0
0.02156849229
0.01838177875
0
0
0
0.03874201278
0.05304258858
0.01395657821
0.02864173668
0
0.004307510679
0
0
0
0
0
0
0
0
0.02803242821
0
0.00E+00
0
0.03684886835
0
0.01971938972
0.0157862355
0
0
0
0
0.01317856434
0
0
0
0
0.00542483587
0
0.006736489471
0.02605513298
0
0.03171737807
0.008550202042
0
0
0
0.01226893371
0.04994969596
0.01971649079
0.05399546049
0
0
0
0.007013004549
0
0.003038387625
0.0187530697
0
0.009788980957
0
0
0
0.03521468576
0
0.009265635377
0
0.03186260959
0
0
0
0.03731400608
0
0.05852367486
0
0.00684174844
0
0
0.009144906424
0
0.01964028985
0
0
0
0
0
0.005038125906
0
0.005857471041
0
0.01779712182
0
0
0.004960536031
0.007036997494
0.006143604573
0
0
0.02294207355
0
0
0
0
0.03724869032
0.0432967526
0.04270978783
0
0
0.01758720441
0.02351047571
0.03999127454
0.001613713333
0
0.01347982201
0.004694131779
0.02288416423
0.02521898009
0.03081923848
0.01244350075
0.02598773707
0
0.04320973136
0.03889309268
0
0
0
0
0.005041077739
0
0.03578811783
0
0.04150531115
0
0.002141648071
0.03057420139
0
0.03240483894
0.0138881186
0
0
0
0
0
0.02851306499
0
0
0.02412343389
0.01591655172
0
0
0
0
0.009791269999
0.0003191730573
0
0.02420242189
0.006076936096
0.01298554509
0.00414291898
0
0.009291407545
0
0
0.02192344863
0.001858292082
0.02640007232
0
0.06111078918
0
0
0
0
0
0.05156497078
0
0.0001048964985
0.006398870179
0
0.01800782404
0
0
0
0
0
0
0.02542231885
0
0
0
0.01198656399
0
0.02502485322
0
0.03169105663
0.03203831145
0.02144354404
0
0
0
0
0
0
0
0.003205897605
0.03100296875
0.01390921104
0.0005126904322
0
0
0.003486416066
0.009842758017
0.03935798825
0.04117908125
0.007772934464
0
0.001125374746
0.03727149346
0.008185100483
0
0
0
0.009292821229
0.04643576003
0
0.004853151461
0.01049973101
0
0.0009005790715
0
0.06519525468
0.00343324606
0.0349815241
0.02638997732
0.01386248065
0
0.01012164041
0.03901624115
0.03618689662
0
0.005458081289
0.01945875564
0
0.01053220312
2.90E-02
0
0
0.0446893547
0
0.007932844243
0
0
0
0.004839259116
0.007994009232
0
0.01071866447
0.00E+00
0.02107026131
0
0.04349386112
0.01347735715
0
0
0.006833504067
0.004703893082
0.02423325884
0
0.02446854294
0.008504721738
0.02527591873
0.007696371716
0.01005033947
0.01521866967
0.02032210153
0.02976239108
0.02810785359
0
0
0.008300816905
0
0.01834183191
0.01366274441
0
0.01352929415
0.01831158205
0.02856147447
0
0
0.03998528698
0.001809739152
0
0.01588659811
0.01466164207
0
0.02442775016
0
0.01008570297
0.0230600864
0.007707468326
0
0.01232882894
0
0
0
0.005484102186
0.005595282087
0.01408037845
0.01055427156
0.02628491496
0
0.0177007642
0.00101346097
0.02944055413
0.002906162951
0
0.001946669452
0
0
0.0002871418047
0.02774619722
0
0
0.01733356217
0
0.0113549855
0.02446142087
0.01239505682
0
0.003122432666
0.01335378503
0.02781319302
0.0167864956
0.03276428059
0.007982528648
0.001520010493
0
0.005635096663
0
0.0128781508
0
0
0
0.005272617696
0
0.01599571801
0.009062895492
0.01589034518
0.008748421309
0
0.01653599753
0.003928385005
0.009950541396
0
0.04515372209
0
0.002042514148
0.003098050277
0
0
0.01570107006
0
0
0.02081701058
0.0005406880223
0
0.002885665607
0.06281386228
0
0.0650344209
0.00622865636
0
0.003756337535
0
0
0.02885031613
0
0
0
0
0
0
0
0.00308462963
0.01648259656
0.002104699219
0
0.04539974792
0.01697999666
0.006348780458
0.02948420701
0
0
0.01323473608
0
0
0
0.005912337252
0
0
0.001696251308
0.007215933948
0.03467797674
0.01411865751
0
0.00835553257
0
0.05633084656
0.02821684763
0.006663206091
0.01405021602
0.02288759479
0
0
0
0
0.01456714584
0
0
0
0.01954996497
0.02855530073
0
0
0.02165329461
0.02909864267
0
0.044034886
0.02372384745
0
0
0.02378931418
0
0
0
0.003847118487
0
0
0
0
0
0.001331464674
0.02436839442
0.02360184677
0.005724785374
0
0.001839482844
0
0
0.006894489541
0.03770677568
0.05032758867
0
0
0
0.02851957691
0.02200613041
0.04898712833
0
0
0.0346519622
0
0.03998760904
0.02126693449
0.009992318532
0
0
0.01555865312
0
0.02671929409
0.03104274103
0
0.01596505778
0.009791053536
0
0.04063788364
0
0
0.003390092052
0.00931413451
0.02080489809
0
0.0188730592
0
0.01369753759
0
0.01641430154
0.006595460582
0
0.01276678889
0
0.003063496421
0.01244507872
0
0.01894570731
0.01899531313
0
0.0300893341
0
0.04114754093
0
0
0
0.02967229462
0
0.001587736947
0
0.01823582892
0
0.00E+00
0
0.04412738292
0
0.01563811828
0.03222263386
0.01268935242
0
0
0
0
0.02593265875
0.004077356815
0
0
0.01826421762
0.007153428126
0
0
0
0
0.00E+00
0.01507696325
0
0.02775217275
0
0.01552522658
0.01452704486
0
0
0.002089411695
0
0.01576202998
0
0.02402222519
0
0
0.02691689451
0
0.02857468351
0.01850244352
0.02801026439
0.04759772881
0
0
0
0.003070514264
0.05081513688
0
0.01423043107
0.0003173481201
0
0.02701649204
0.005792100921
0.01168914017
0
0.009563241146
0
0
0
0
0
0.04103420021
0
0.02325578319
0.01145623512
0
0.01851164674
0.05130281496
0
0.01894057092
0.04615968779
0.008168889725
0.004384853915
0.02221035642
0
0
0.02614623782
0
0.01111038178
0
0
0.03008429239
0.02737478463
0
0
0.01923049987
0.05827312794
0
0
0.004194485535
0.001269128102
0.01031375831
0.00617199124
0
0.01434455319
0
0
0
0
0
0
0
0.0002002962364
0.01101452494
0.006013309238
0.02301840256
0
0.04893614199
0.02711630541
0.04044591666
0
0
0.01114917165
0.02602163856
0.01237684725
0
0.02138992166
0
0
0.03197934217
0.007693390245
0.00E+00
1.48E-04
0
0.01120788844
0
0.03777038073
0
0
0.02968613304
0.04798524534
0
0.001004379182
0
0
0.0214052933
0.01404160562
0
0
0
0
0
0.007061814855
0.01974081816
0
0.02004653659
0
0
0.007798234791
0.01331286575
4.31E-03
0.007323272705
0
0.007636134488
0
0
0
0
0.01907375225
0
0
0.01334825681
0
0.03191520275
0.01935760053
0
0.02327749585
0.004451812716
0
0.004325860049
0.03439553953
0.01265112085
0.002701389279
0
0.002579567735
0
0.0406779494
0
0
0.004407391798
0
0
0.04584956407
0
0
0.04876334386
0.04221252746
0
0.01039255268
0.0099763325
0
0.04191605284
0
0.02007017823
0.02166180112
0.02985548766
0
0
0
0
0
0
0
0.03543624909
0
0.049802219
0
0.03848439768
0
0.00127507747
0.008936660931
0
0
0.05086249407
0.03038808008
0
0.03262276155
0
0
0.02456019924
0.03240660166
0
0
0.0181018457
0.03640961484
0
0.008007030031
0.001711481101
0.01898098407
0
0.01578960358
0
0
0.0177917331
0.01157722374
0.02417221698
0.008625516465
0
0
0
0
0
0
0
0
0.009815439407
0
0
0
0
0.05393542857
0
0.02604632666
0.03683097098
0.01061905308
0
0
0.0065454375
0.00E+00
0
0.03876769216
0
0.04698582459
0.025210697
0
0.02098749525
0.02989482674
0
0
0
0.005537796463
0.04189465658
0
0
0.06183063802
0.009064761863
0.0387041956
0.001686257047
0.0144664169
0.01519044194
0
0.01943734589
0.008685581488
0
0.002152868765
0.03805062078
0
0
0.006943862717
0.06218096036
0
0
0.00E+00
0.004012204951
0
0.009894812332
0
0.02104780337
0
0
0
0.0314908578
0
0.004780883719
0
0.02406136592
0
0.01521587563
0
0
0.03879151087
0.01071507542
0
0
0.02286979608
0
0
0
0
0
0
0.01264404929
0
0.03614204878
0
0
0
0
0
0
0
0
1.15E-02
0
0
0.01751880828
0.005839179595
0
0.01886159254
0
0.003622966397
0.02412700348
0
0
0.02045541107
0.01144927716
0.02875942374
0.004556631936
0
0
0.04469738687
0
0
0
0.02256856675
0
0.03114929469
0.0101288882
0.01452616189
0.03236273576
0.02631478011
0
0.02148193138
0
0.008886112953
0.03900656402
0
0
0
0.005013653818
0
0.002304737217
0.004935155998
0
0.01223213833
0
0.01203683691
0.004346695365
0
3.30E-02
0.009254378616
0
0
0.01190041729
0.009127972011
0.006808449813
0
0.02912155714
0.001982233737
0.01330084737
0
0
0
0
0
0.01567985249
0.01815859958
0.03210837781
0.009589544548
0.031722572
0.003509450901
0.05183458688
0
0.01542468941
0.01593310053
0
0.01679310882
0
0
0
0.03623949356
0.01336808825
0
0
0
0.02383055594
0
0.00865594468
0.004865404427
0
0.006644290393
0.03112438625
0.01190854207
0.02591639002
0
0.01677052742
0
0.001559871516
0.0002302471669
0.002003328475
0
0.01528247404
0
0.007062014547
0
0
0.007215476443
0.02042351829
0.01915470484
0
0.02266351664
0.02039155924
0
0
0.03703842604
0
0.03234156408
0.01802566654
0.007209575063
0.00160208059
0
0.0204712697
0.01273328347
0
0
0.01698924062
0.03937927646
0
0.01715298295
0.0007436452587
0.0403612294
0.005919452476
0
0.01192601352
0.01190777717
0.01998453916
0.01409661221
0.0201601072
0.02325111996
0.005006023796
0
0
0
0.005142101719
0.004379196599
0.01097499458
0.02067148965
0
0
0
0.005995263418
0
0.01530823311
0.01808480518
0.0267829883
0.01907680064
0
0.02866803757
0.004856969034
0
0.02789566591
0
0
0
0
0
0.01400350482
0
0.03018016604
0.02651937096
0.002834525322
0
0.02419594686
0.03033490892
0
0
0
0.01919308786
0
0.01919168456
0
0.01985254546
0.00E+00
0
0
0.03797858342
0.01525285271
0
0.006812272133
0.004492530257
0.01774561106
0.009058967094
0.01351571812
0.03472220069
0
0
0.000430945847
0.002110501393
0
0.02198828271
0.002933709722
0.0274022791
0
0.004545606758
0
0
0
0.02811169549
0.01600730733
0.01234590884
0.021234095
0.005120618704
0.01683616304
0.01793090068
0.04038673441
0
0
0
0
0.04862438388
0
0
0.04582063547
0.0134625093
0
0
0.009718435531
0
0
0.006092654648
0.01536324771
0
0
9.49E-05
0
0
0
0.01605386302
0.03874534406
0
0.003753957869
0
0
0
0
0
0
0.04637157888
0
0
0.01408445413
0
0.008305697062
0
0.05717313364
0.008896250343
0
0
0
0
0.05390515659
0
0.00366392881
0.03521356529
0
0.007104540522
0
0.03602110548
0.03074302918
0
0.01207992407
0
0.01883810009
0.02126821695
0
0
0
0
0.001980058145
0
0
0
0
0
0
0.03317509104
0
0
0.008150849178
0
0.01014122176
0
0
0.0214375584
0
0
0.01310367738
0.002623163626
0.03893826191
0
0.0344744809
0.04459989667
0
0.0573331961
0.04113036044
0
0
0
0
0.0727472617
0
0.05970678018
0
0
0
0
0.00905957022
0
0
0.002564879721
0.02891569912
0.005473370848
0
0.05973477308
0
0
0
0.01437419153
0
0
0.002899061162
0
0.01549443367
0.0369826855
0
0
0.02292172851
0
0
0
0.03210888715
0.02320812809
0.00E+00
0
0.05696675957
0.01803608863
0.02957959204
0.02612014303
0.03776057521
0
0.01068916527
0.02059034357
0
0
0
0.01940848889
0.01444136085
0
0.0005114448414
0.03092663992
0
0.03835017941
0.02274589051
0.01413611468
0
0.02489048902
0
0.03049392168
0.00E+00
0
0
0
0
0
0
0.06145919743
0
0
0
0
0.03057442273
0
0
0
0.05484774973
0
0.01655514802
0.0008210103436
0.001284777581
0
0
0.006918723355
0
0.001294627895
0.01392330256
0
0
0
0
0
0.005376617391
0
0.0207104015
0.007414862566
0.006664182578
0.03024039024
0.002446485556
0
0
0
0
0.02565351744
0
0
0
0.05309858281
0.01184733307
0.008543631725
0
0
0
0
0.01050266205
0
0.003972675553
0.002969563415
0.01056126303
0
0.00592203819
0.01753917094
0.03202785422
0.01957065476
0
0.02247340128
0
0.01588736988
0
0.0194262007
0.004298408067
0.02394444969
0.007769230326
0
0.01749782909
0
0
0
0.03140249414
0
0
0
0.02810244061
0
0.02244819102
0
0.03362984229
0.0142433228
0.01282204112
0.02435100032
0
0
0.03473536004
0.001925440601
0.0003442992302
0
0
0
0
0
0.01606148402
0
0
0
0.01202298332
0.05129641234
0.02257747507
0
0
0.009725763816
0
0
0
0.003796078762
0
0
0.0004954031847
0.04973166231
0.00239366781
0
0
0.02814732702
0.009276831297
0.03000327043
0
0.02680278656
0
0
0.04346777788
0
0.004704532732
0.01722001935
0.01017876594
0.03865874186
0
0.041738099
0
0
0.01062982882
0.01495780895
0
0.02148647153
0.03674384442
0.03701318301
0.006006543454
0.0108315109
0.01245162613
0
0.0132128967
0
0
0.002777383256
0.04034019201
0
0
0.006818257174
0
0
0
0.0224499274
0
0.01618827456
0.01156618073
0.00375493399
0
0.04676446524
0
0.03272971465
0.01324153215
0
0
0.001337861781
0
0.0184234864
0.03648151581
0
0.01137979399
0.01406468613
0.01685494163
0.01110868277
0
0.04954831167
0
0
0.03025670672
0
0
0.02689812601
0
0
0.04498767308
0.01106343649
0.007822174266
0.04665515478
0.006682083516
0.04125786425
0
0.01379910514
0
0.02831864763
0.004274625682
0
0
0
0
0.02654687739
0.0007477571776
0.02287733977
0
0
0
0
0.02359245306
0
0
0.007266123156
0.02416881641
0
0.01761755188
0.007685283046
0
0.01629111165
0
0.0109595205
0
0.02455137446
0.0125137875
0.003730825966
0
0
0.01001105327
0
0
0
0.01240700739
0.0382186838
0
0.03164002122
0.02341182725
0
0
0
0.01597325369
0.03448752355
0.005717829898
0
0.00138028846
0.01035795059
0
0
0
0.01093681683
0
0
0
0
0
0.01229988703
0
0.04795081315
0.01901296239
0.04153647232
0
0
0
0
0
0
0
0
0
0
0
0
0.01189974804
0
0
0.01054059009
0
0.06397647393
0
0.03014079906
0.01656966072
0
0
0
0
0
0
0
0.01592192815
0
0.01420532572
0.04234011792
0.03502469785
0.04426313619
0.01521124933
0.04806307821
0
0.06095500898
0.03492572871
0
0.01133824205
0
0.02502078422
0
0
0.009398087886
0.01739481934
0
0
0
0.00598481944
0
0
0
0.01184772842
0.003835029521
0.008785920787
0.03369601034
0
0.01648152475
0
0
0
0
0.03832449977
0.00674890879
0
0.04179994797
0.05468509119
0
0
0
0.001699531193
0.04762302153
0.03180606985
0
0
0
0
0.002643956632
0
0.03011651793
0
0
0
0.006181806746
0
0.01881318703
0.02744990478
0
0.02433260812
0.02866220431
0
0.001116693682
0
0.01114164025
0.02670091834
0.01973354148
0
0.01512193401
0.02707222
0
0.02194043455
0.01846528945
0
0.02456761903
0.03527047327
0
0
0
0
0.02318188391
0
0.004823094029
0.03631099023
0.04820057573
0.004132691253
0
0.01336038628
0.01716525061
0.006339245306
0
0.00E+00
0.03811367492
0
0
0
0.0005763694234
0.01951069215
0.001733318551
0.0001916076133
0.01284248659
0.01924798765
0
0
0
0
0.01811864904
0.02984418221
0.03811464814
0.02171802709
0
0
0
0
0
0
0
0
0.0008451657693
0.008272190513
0.02756412833
0
0
0
0.01329542978
0.03010598684
0.04820270106
0.01318551771
0
0
0.01398543585
0.01363183626
0.007052641546
0.01423251708
0
0
0
0
0.003050750412
0
0
0.02435127804
0
0
0.02776780504
0
0.004102253347
0.001810109121
0
0.02242656086
0.004848929753
0.01489088841
0
0.03556862306
0.003965323918
0
0.0317426853
0
0
0.01452327668
0
0.008589554995
0.004763805601
0.03708725849
0
0
0
0
0.01664419663
0.02844803512
0.009455475888
0
0.009408495459
0
0.004809534483
0
0
0
0.008103046276
0.03186805065
0
0
0.01625997847
0.009986731531
0
0.04095694763
0
0
0
0.04506451022
0.01652685625
0
0
0.03458177187
0.002546476778
0.02548132443
0.01409871558
0
0.0009171566101
0
0
0
0
0
0
0
0.0114182422
0
0
0
0.02355594777
0
0.03035401201
0.03075088864
0
0
0.008210681999
0.00272703354
0
0.02078685339
0.01982326678
0
0
0.03524494262
0.03786796982
0
0
0.02122698283
0.007521582557
0.004715673727
0.04851894621
0
0.01047417189
0
0
0.04996894038
0
0
0.007651461184
0.01651916053
0.01698284639
0
0.02620170938
0
0
0.02374258351
0.006069466641
0
0.008142182687
0.0355800247
0.04307396623
0
0.004416071399
0.003342981282
0.01535610598
0.04963410405
0
0
0.008127794718
0.01536617035
0
0.05115136121
0.01519296093
0.003092437085
0
0.02649612014
0
0
0.004556428553
0.05543864922
0
0.03478777936
0.003298358185
0
0.03460529649
0.004850633106
0
0.03270646208
0
0
0.01677304098
0
0.01172085841
0.03724118412
0
0.01628644898
0
0.0005638439837
0
0
0.01447295353
0.00261032441
0.008033780942
0.03837753253
0.02322196423
0
0.03815239117
0
0.04668765471
0.006564802956
0
0
0
0
0
0.008049030322
0.004694662383
0.00501188467
0.02218148649
0.01045585294
0.03475764139
0
0.00559505191
0
0
0
0.01873584513
0
0.0133558616
0
0.0371935526
0
0
0
0.02110856214
0
0
0.01208855151
0
0
0
0
0.04070257805
0
0.007377065187
0
0.00E+00
0
0.008669636172
0.01349636258
0.01978257114
0
0
0
0
0
0
0.04372190436
0.02606691683
2.03E-02
0.02567326824
0
0.00E+00
0.02948077519
0
0.02108697105
0
0
0.0185142281
0
0
0.008910072077
4.45E-02
0
0.01076126539
0
0.05413813202
0
0.02038365049
0
0.01231308497
0.01171748277
0.01688977039
0
0.01516330804
0
0.01730620244
0.01430234558
0.001104204802
0.0279931906
0.01868085075
0.03019677896
0.007993025716
0
0.01183405282
0
0.007300094846
0.05817837177
0.008721335421
0
0.008715678986
0
0.01665462807
0
0
0
5.21E-05
0.03093024622
0.0007021124506
0.01472908155
0.01863513223
0.03607619972
0.03028387856
0.03722010794
0
0
0
0.002970217136
0
0
0
0
0
0
0.03727988906
0.002309361883
0
0.009260121876
0.01229980003
0
0
0.006640503143
0
0.01202144422
0
0
0.02443137406
0
0.01242804272
0
0
0
0
0.005284835314
0.03485331481
0
0
0
0.007909526123
0.003723955937
0
0.05259239513
0
0
0.03361007456
0.01917231198
0
0.01314710995
2.38E-05
0.01021785881
0
0.03611405677
0
0
0.04658731158
0
0.006261137649
0.001616484415
0.0309062045
0.01300910743
0.001395893583
0.01995733881
0
0
0
4.44E-03
0
0.003010928662
0
0.02991022144
0.00372520812
0.005821066099
0.04446964346
0.006408420995
0.02597678963
0.03981089615
0.006152718088
0.01318372393
0
0
0.03567781036
0.02138030931
0
0.01250316135
0.03160353091
0.02038455038
0
0
0.0336207871
0
0
0.04851415031
0
0.00E+00
0.04993852065
0
0
0.04946468908
0.02107883781
2.92E-02
0.01981478174
0
0.01947589458
0
0
0
0
0.01951699501
0.01026283862
0
0
0.003316339694
0.03460111176
0
0
0
0.0164822948
0
0.02252627597
0
0
0
0.01504689199
0
0
0.02709042525
0
0
0.006242079559
0.00158856133
0
0
0.04943138556
0.01424118858
0.003885343608
0
0
0.007733061683
0.00555090995
0
0
0
0.01799898202
0
0.03097270137
0
0
0.02393999464
0
0
0.00842928646
0.01555067279
0
0.02311994056
0
0
0
0
0
0
0.005305408909
0.006227470888
0
0.02413769394
0.0008931173409
0.009532530673
0
0
0.01269548759
0.02113274424
0.01445009235
0
0.002761725879
0
0
0
0.02444718511
0.0004303455872
0.01221233587
0.02493347997
0
0
0.03030804523
0
0.00E+00
0.02454274113
0
0
0
0.04403113476
0.01310428493
0
0
0.03985043875
0
0.03015473609
0.01924804945
0
0
0.01738520282
0
0.01128504728
0
0
0
0
0
0.00194560195
0
0
0
0.007541664497
0.0258464602
0.02133314018
0
0.005641261811
0.01172943777
0.02211318764
0
0
0.0245154403
0
0
0.01203723056
0.0490105084
0
0
0.02738862967
0.02124246725
0.009975769506
0.03326030368
0
0.0001303579276
0
0
0.05739263849
0
0
0.01498762226
0.03247725444
0.03398337966
0
0.02079906212
0.005500456634
0
0.007356807031
0.02190724547
0
0.02261807526
0.03211236751
0.026587603
0
0.02809867575
0.001144050122
0.0091724177
0.02308158443
0
0.03772036374
0.007858222432
0.0007695754235
0.01998100609
0
0
0.004891630779
0.02339749916
0.03531326155
0
0.05667741974
0
0
0
0.004945659728
0
0.05427502191
0
0.02402993943
0
0
0.004084983959
0
0.009977089545
0
0
0
0.02049225119
0
0.0003699241505
0
0.02016359525
0
0
0.007491058807
0.003317788362
0.0009025018341
0.0136637359
0
0
0.008040223073
0
0
0
0
0
0.005397502309
0.02676958937
0.03271338692
0.005560182895
0.0130734849
0.0342413623
0.02518965341
0.00569888368
0.0420017946
0.01244361228
0
0
0.01199687369
0.01040617445
0
0.007800381395
0.001198486504
0
0.03039778814
0.03719077962
0
0.00E+00
0.02365704391
0.004517904685
8.83E-06
0
0.04415450824
0
0.04512813991
0.01373869811
0.03283585215
0.007316558469
0
0.05302707176
0.02768956704
0
0
0.003531044141
0
0
0.01355744451
0.0003180571216
0
0.04073157563
0.0005514817999
0
0
0
0
0.006549207198
0.02224433104
0
0
0
0
0.04649869961
0
0.001647130772
0.03118708991
0.03755351296
0
0.003287184587
1.46E-02
0.01530826263
0
0.007975966119
0.02023096977
0
0
0.01538840642
0
0
0
0.03533105563
0.04361807469
0
0
0
0
0.02515150876
0.01812237037
0.02932441917
0
0.02775153365
0.04117246335
0
0.008287128624
0
0
0.005434413654
0.02386195781
0
0
0
0
0
0.05638935311
0
0.04839341095
0.0003928504873
0
0
0
0.01339862788
0.05257061155
0.004123280089
0.03624158844
0
0.02076659397
0
0
0
0
0
0.002058690698
0
0
0.03223059045
0
0
0
0.02897610384
0.0003754772479
0.02480550511
0.02616902212
0
0.00E+00
0
0
0.00E+00
0
0
0
0
0
0
0.03873867951
0.01340768879
0
0.016002934
0.01651352824
0
0
0
0
0.04619615657
0.007644565522
0.03148333093
0.0003540927665
0
0
0.02924814142
0
0.001751637063
0.009489945551
0
0
0.01065026659
0
0
0.02055056124
0.004763678009
0.01505794074
0.01769394144
0.02305341587
0.02217945745
0
0
0
0
0
0.00E+00
0
0
0
0
0
0
0
0.007259348363
0.005667338681
0.004144941812
0
0.04684989517
0
0
0.0619591816
0
0
0
0.002020007559
0
0.0002860052152
0
0
0
0
0.02330465286
0.04514319085
0
0
0.03092527258
0
0.05282519264
0.01747547659
0
0.02740245088
0
0.02388469182
0
0
0
0.01586004851
0
0
0
0.01246842457
0.01113569662
0
0
0.02867467917
0.02678517928
0.01687087287
0.03066574491
0.04514852588
0.01426517265
0.01689455296
0.03022314704
0.01740641051
0
0.02453894619
0
0
0.02395055352
0.01450424038
0
0
0
0
0.02259239753
0.04566905791
0
0
0.0263555498
0
0
0
0.02513299804
0
0
0
0.02364798096
0.01196935645
0.04265361076
0.01984237776
0
0.01187691122
0.004684979613
0
0
0.0100926078
0.03382832876
0.02539501973
0
0.03018277794
0.02254826064
0.001304487268
0.01729070997
0
0
0.02470620261
0.02246789365
0.0004254431066
0
0.005604675432
0.02997031611
0
0
0.01777499209
0
0
0
0
0
0
0.02558472652
0
0
0.001213389861
0.02616126913
0
0
0
0.03090758646
0.008963671743
0
0.001601552552
0
0
0
0
0
0.03909013257
0
0.01871965864
0.03416403245
0
0.01704382421
0.02367482109
0.01188963403
0.02124220062
0
0.0373174557
0
0
0.007327105226
0.008074353832
0.001959829609
0.01794733472
0.01830927346
0
0.02017080895
0.004933464985
0.01159155266
0
0.00657915346
0.009013210362
0.01559794434
0.02538004177
0.005499485826
0.002415526919
0.01969747465
0
0.02346753529
0.0106611894
0.02341493337
0
0.02578839397
0
0
0
0
0.009234307071
0.0328193621
0.01385507041
0
0.01537700064
0
0.02697851881
0.03016259464
0.03142870311
0
0
0.006745891158
0.006451143746
0
4.49E-02
0.01420621682
0
0
0.04303843911
0
0.03400224161
0
0.0120328383
0.00530658269
0.03005760996
0
0.02846084671
0
0.01559052301
0.01134618789
0.00900862037
0
0
0
0
0.005362411555
0
0.004923752477
0.04106165333
0
0.03187220166
0.00198138201
0
0.004009784274
0.0274007621
0.01359345293
0
0.006552511861
0.01913616962
0.008716557563
0
0.007943162412
0
0.02475864687
0
0
0
0
0
0.01681761949
2.69E-05
0.02994330181
0.00E+00
0.02063610085
0.01610903867
0.05134638486
0
0.006385031635
0.000756321729
0
0.001744520125
0.004278984617
0
0
0.0441086257
0.02933179601
0
0
0.009764614838
0.0167572996
0
0.003690971065
0.03042123808
0
0.02252776937
0.03899998349
0.02685199831
0.02035076453
0
0
0
0
0
0
0
0
0
0
0
0
0
0.02457326429
0.001765309772
0
0.01037625585
0.01413190505
0
0
0.03642452172
0
0.04093059608
0.02928387677
0
0.01942398574
0.003891611209
0
0.04346711072
0.0187020386
0
0
0
0.002107261281
0
0.002494433773
0.01183941346
0.02332695823
0
0.02944153163
0
2.95E-02
0
0.01670996485
0.02173396935
0.02920941839
0.03364763606
0.01295709195
0.04170883131
0
0
0
0.004308489209
0
0.003778106969
0.01619818848
0
0
0.0443335386
0
0
0.03043720384
0
0.02133909789
0.02769671658
0.03030528597
0.02309133188
0.0005680687931
0
0.0422463573
0.01807199154
0
0
0
0
0
0
0
0
0.01969833181
0.02689009872
0.02580482658
0
0.01360011877
0
1.64E-02
0
0
0
0.004409324422
0.002568790523
0
0
0
0
0.00128419141
0
0
0
0.02461828348
0
0.0234841508
0.02104073845
0
0.00486910968
0.01743241303
0.01294584747
0.01372810663
0
0.02235476159
0
0.005590195467
0.02715108875
0
0.03425730473
0.01972299519
0.01164860351
0.01927294693
0.01760082783
0
0
0.00527169848
0.005869434937
0
0
0
0.01669872833
0
0
0
0
0.01859971615
0
0.02709206263
0
0.04827787677
0
0.02895223351
0
0.005792113621
0
0.0468420533
0
0
0.007779135856
0.04318557737
0
0
0.0528946403
0
0
0
0
0
0
0.03928157895
0
0
0.01374174925
0.01388175189
0
0
0
0.03840192611
0.02835505021
0
0.01692113097
0.007262340326
0
0.02839651957
0.009477514373
0
0.01738895903
0
0.01354556996
0.004110655485
0
0.01031615268
0
0.00999882275
0.04138617613
0
0.03137586902
0
0
0
0.00851592009
0
0
0.004821633448
0
0.0105355626
0
0.0055351768
0
0.01639491177
0
0.008965563489
0
0
0
0.03646056686
0.01215434278
0.00E+00
0.01345568583
0.02601048925
0
0.02692928511
0.01398547654
0.02050215792
0
0.001812564168
0.03802613515
0
0.02230986533
0.004608164699
0.03598673099
0.01191920314
0.04172810863
0.01005576738
0.004097222728
0
0.005233560743
0
0.008210441356
0
0.05431540197
0.01055699093
0.009281764531
0.004112044387
0.01444093166
0
0.01592595018
0
0.007395432706
0
0.03230320137
0
0.04148316341
0.01527634323
0.02406268366
0.01429488236
0.04110374651
0
0
0
0
0.04225967606
0
0
0.05029330356
0.01749486037
0.04239383379
0
0
0.02794710712
0
0.0008934585231
0.01670710126
0
0.002919930319
0.04668092928
0
0
0.01200363606
0.04978551289
0
9.09E-05
0
0
0
0.02316354143
0
0.02246767498
0
0.01350845215
0.005444707423
0.03244411735
0
0.01901937239
0
0.005385728416
0
0.02162888649
0
0.001569292669
0.03947216723
0
0
0.01138124662
0.006143426636
0
0.008738815005
0
0
0.00E+00
0.0210181931
0.01439682292
0.01087077385
0.04514100516
0
0
0
0
0
0
0
0
0
0
0
0.01678146862
0
0
0.01587172063
0
0
0.008336280507
0
0.00E+00
0.03485019881
0
0.02013290983
0
0.03290862549
0.003694692321
0
0.03800256669
0
0.00571913209
0.003096692962
0.01368670557
0
0
0.02928262396
0
0
0.001665756962
0
0.009168755639
0.01413286479
0
0.01112463223
0.02435495337
0
0
0.02487534158
0
0
0.008083003766
0
0.01378586808
0.01402905435
0.006147973284
0.007565232002
0
0.02936292849
0.008987233913
0
0
0
0
0.05204379897
0
0
0
0
0.03843534019
3.75E-02
0
0.01090006702
0.0148740581
0
0
0
0
0.006580307147
0
0.03226977228
0.003772624036
0
0.02819273767
0
0.01630635423
0.01230892196
0
0
0
0.01513886473
0.02410291697
0.02551121015
0
0.04786053837
0
0.01521902516
0.03994058059
0.03565214912
0
0.02125304033
0
0.05377300742
0
0.01491821595
0.0228609872
0.01072422943
0
0.02981285759
0
0
0.002333977601
0.03573394597
0.01266226409
0
0.01160281165
0
0
0
0
0
0
0
0.028019682
0
0.00E+00
0.02935297065
0
0.00492800041
0.02105067331
0
0
0.02975448395
0.007573933113
0.01814947704
0
0.03706493218
0
0
0.01141988781
0.01609417938
0
0.0573548086
0
0.01794121068
0.004978247047
0
0.01818485275
0
0.01431749337
0
0.003944234415
0.00E+00
0
0.01324154801
0
0
0
0
0.01427624318
0.006837865505
0.001478552464
0.009525070762
0.0158625117
0.02449970015
0.00333483695
0
0.01168873818
0
0
0
0
0.01531064315
0.01481812502
0.03582563202
0
0
0.01740340081
0.01013402297
0.01934138595
0.01474189988
0.00421446149
0.01196875784
0
0.01706458444
0.03834693437
0.02406458234
0.02658682754
0.01210969801
0
0.03668838565
0.04010045522
0
0
0.001064306425
0
0.004706418735
0
0.04001301874
0
0.04425115483
0.007527694936
0.006129210358
0.008779239634
0.0009495168556
0.02437742647
0.002739100765
0.01318024299
0.00557087558
0.002845086103
0
0
0.00928925418
0
0
0.0334576262
0.01104212828
0
0
0
0
0.02489739552
0.01984629085
0
0.007759764266
0
0
0.08009256208
0
0
0.038240419
0.02214544989
0
0
0
0
0.003937330546
0
0
0
0
0.005392576962
0
0
0
0.02571659815
0.03394175147
0
0.007860598777
0.002435192395
0
0
0
0.004796079357
0
0.04510591539
0.01222998498
0
0
0
0.0337530211
0
0.02120330936
0.03252068067
0
0
0.01475318342
0.00624172761
3.83E-02
0.003892312844
0
0.05041655875
0.03602983367
3.05E-02
0.00E+00
0.01343324555
0.008505717802
0
0.01830270072
0
0.0236016685
0.007490763876
0
0.03680817551
0
0.0144835954
0.0009266063
0
0
0
0
0.008880739929
0
0
0
0
0
0
0.01895272559
0
0
0.01817148748
0.01976935099
0.0009491649578
0
0.02963054627
0.05428553939
0
0.0352803748
0.003884713606
0
0.03279476411
0.04450065578
0
0
0
0.0007021857335
0.04672173795
0
0.01243199806
0
0.00E+00
0
0
0
0
0
0
0
0
0.02574818652
0
0.006591578967
0.005208912495
0.01645493552
0
0.007099894688
0.01578788144
0.01925348786
0.01076192361
0
0
0
0.01177404205
0
0.02924605535
0.03230491719
0.02984206897
0.003615188197
0
0.009583458736
0.00539664863
0
0
0.004957835088
0
0
0
0.01092809365
0
0.01414929664
0
0.04538681972
0.004846119687
0
0.04088588865
0
0
0.03237168146
0
0
8.35E-05
0
0
0.01561816123
0
0.01378401686
0
0
0.01197863736
1.86E-02
0.03161861442
0.02857315221
0
0.009704185998
0.01465445882
0.02317495653
0.0001548793266
0
0.007329315855
0
0
0
0.04273333033
0
0
0.003187531431
0.001981606209
0.01131399034
0.006054087135
0
0.01913284246
0
0
0.04289739248
0
0.01467106657
0.01584027936
0.02141947822
0.06027474688
0
0.02436995801
0.003256774144
0
0
0.02295215039
0.01350362058
0.04578276273
0.01983517606
0.01972421932
0.006736957164
0.02533707806
0.003823321493
0
0.01765855954
0
0
0.02286802296
0.01315893024
0
0.02945418003
0
0.01884341642
0
0.01888980833
0
0.01824141716
0
0.002571451346
0
0.04603595275
0
0.0439794443
0
0.0111462742
0
0.01387381687
0
0
0.02778592317
0
0
0.01990337951
0
0.006711195318
0.01694661917
0
0.004533944085
0
0.007948822594
0.009188815823
0
0.02951750505
0.03593192723
0.00E+00
0
0
0.04875841978
0
0
0
0.005895657011
0.01606675123
0.04195634979
0.02459567685
0.01244675048
0
0.01527510482
0.02811940675
0.04599335766
0
0
0
0.006009374866
0
0.03351273193
0.006249717885
0.007202181311
0.01478544116
0
0.009826915517
0.018622853
0
0
0
0
0.001679964511
0
0.0377998491
0
0.01925068609
0.0313995401
0
0.02331392807
0
0.01733173764
0.01376408523
0
0.00599342602
0.001285628576
0
0
0.02631361138
0
0
0.009879164368
0.03102096715
0.01501666918
0
0
0
0
0.003837587657
0
0.02926561832
0
0.01513459554
0
0.02576327055
0
0
0
0.0155975883
0.01143622303
0
0.02089372042
0
0.006633939311
0
0.03053095755
0.02762217656
0
0.01952902936
0.01039274787
0.004074968005
0
0
0.03478141711
0.009844603632
0.02434250415
0.02593485665
0
0
0
0
0
0.005953021673
0.02993514843
0
0.01383163629
0
0.0177535369
0
0
0.00357790405
0.01401561394
0.01176250893
0.01250544788
0
0
0
0.004882869028
0.03959908872
0.01007757507
0.03197955523
0
0
0.008512586921
0
0.01951072358
0
0
0.03707078067
0.01319632901
0.03950046053
0
0.01806458572
0.01872582385
0.03215153729
0
0.02917100309
0.03049619693
0.01123261163
0
0
0.00174825594
0
0
0
0
0.008388114722
0
0.001568696555
0.0448462336
0.001274521417
0.0007149161026
0.00E+00
0.02588866729
0
0
0.03467917295
0
0
0.01897065174
0.03929720867
0
0.02032032612
0
0
0
0.02257149615
0.0197723313
0.001662265496
0
0.009916154181
0.01236184435
0.00536478957
0.004786266161
0.01556590847
0.001534373379
0.02176866995
0.00666515076
0
0.007140656965
0
0.007566929251
0
0
0.01607126201
0.02360351303
0.03453791401
0.01219074205
0.006448267846
0.03250771377
0.02734005619
0.01311851205
0.02307335229
0.01594356322
0
0.04217316648
0.02228231356
0.006532243409
0.004088338883
0.01252435973
0
0
0.01727217868
0.02012678959
0
0.0117505248
0.01674038771
0.03005709002
0
1.31E-02
0
0.03056306721
0.02929086496
0.03204122712
0.0008478183929
0
0
0
0.008570255884
0
0.02536439012
0
0
0.02352477269
0
0.001087862131
0
0
0.006912430337
0
0
0.01463557681
0
0.04437256112
0
0.007127246791
0.01147573498
0.003709829842
0
0
0
0.004334844548
0.00E+00
0
0
0
0
0.01265632231
0
0.03497538298
0
0
0
0.0373403755
0
0
0.02594561454
0
0
0.02810624246
0.01447987338
0
0.04541055063
0
0.01297209072
0
0.03698031393
0.01170053717
0.02368104323
0
0
0
0
0.01277704032
0.03252354047
1.44E-02
0.03487517427
0.01786788774
0
0
0.007239938498
0
0
0
0.04654979638
0
0.02992825168
0.03618195848
0.01380896837
0.01122014525
0.04511479748
0
0
0
0.001386033595
0.04408944195
0
0
0.05027713583
1.55E-02
0.0513306085
0
0
0.007609501961
0
0.01006324027
0.03622734795
0
0.01595605738
0.06169483146
0.0101378076
0
0.01499368089
0.05715281008
0
0
0
0
0
0
0
0
0
0
0
0.007849707719
0
0.0288092174
0
0.01083123
0
0.04569915695
0
0.02402080694
0.009867326201
0.000581452788
0
5.51E-03
0
0
0.01059103623
0
0
0
0.01616213055
0
0
0.05645346599
0
0
0
0
0
0.004307174254
0.0113169113
0
0
0
0
0.02008730928
0
0
0.02380665575
0
0
0.009791925999
0
0
0.03057813568
0
0.00482312901
0
0
0
0.05008501779
0.01032740712
0
0.00486602974
0.04040693043
0
0
0
0.003348071457
0
0.01773936032
0.01265944068
0
0.02194086134
0.0003751656522
0
0.007100601298
0
0
0.002029034682
0.02404849487
0
0
0
0.03034535026
0
0.06078798122
0
0
0.005348878588
0.03033368902
0.01449900729
0.01075393496
0
0.003213589031
0.02805623906
0.03566973112
0
0
0.02095681355
0
0.02015973396
0
0
0
0.01706773508
0
0.01538380366
0
0
0
0.02312194655
0
0.03289653576
0.01999176489
0.01961562926
0
0.01882796878
0
0
5.31E-02
0.00E+00
0
0.01424942027
0.0507263238
0
0.01161946829
0
0.003405592645
0.006991517741
0.01840586405
0.05038265299
0.001020792365
0.01999692501
0
0
0.0165500704
0
0
0.001741555465
0
0
0
0.01105129231
0
0.004158982276
0.03189985478
0
0
0
1.02E-02
0.02072388482
0
0
0.01539905982
0.0127365497
0.04288709072
0.000744613126
0
0.001716367205
0
0
0.03491521846
0.02290678869
0.003059443269
0.00146073571
0
0.01031581061
0
0.01120654759
0.007668066465
0.007284792
0.01878425654
0
0.00E+00
0.01101812365
0
0.03075883619
0.04114753149
0.006667018387
0.0214863853
0
0
0.04491194932
0
0
0
0
0.02686519749
0
0
0.03829265046
0
0.02335484932
0.0164367858
0
0
0.04122913326
0
0.01574481858
0.005736740745
0
0
0
0.007924627934
0
0.02791249651
0
0
0.009225018562
0.004675821847
0.01021308039
0
0
0.01356926946
0
0.01325359983
0.008389130622
0.04708743016
2.74E-02
0
0.03539221285
0.0194786508
0
0
0.006369246839
0
0
0.01382264825
0
0
0
0
0
0
0.02295831999
0.02452819608
0
0
0.02615073215
0.03701398576
0.02759024263
0.01375801472
0
0
0
0.001684402897
0
0.03348616727
0.03112937996
0.01596427998
0
0.02008579793
0.03468558796
0
0.0104736871
0.006225378333
0.006593647186