0.008901827345
0
0
0.01061871147
0
0
0
0
0.03096767151
0.03364432323
0
0
0.03700566576
0
0
0.02525281035
0
0.002657011635
0
0.04531849871
0
0
0.001324974669
0
0.01379899448
0.009885508277
0.004939896529
0.02020677006
0
0.02102974556
0.04063163375
0
0.01790630377
0.007697666396
0
0.001799494467
0
0
0
0
0.0006239457393
0
0.008679271894
0.02832979206
0.02645900686
0.020066988
0.01894583566
0
0
0.04325742258
0
0.03513070099
0.0265183198
0.01906555386
0.02018215508
0
0
0
0.00135119706
0
0
0.04601680144
0.01062060272
0
0.007094099311
0.001781085851
0.01081440588
0
0.02762911331
0.00255856983
0.00644215539
0
0
0
0
0
0.01809709384
0
0
0
0.02243180471
0
0
0.03497411932
0.01239222394
0.01703380011
0.00677602046
0
0
0.04663659646
0.02275956866
0.01491224216
0.02204023731
0.03401971612
0.04821074365
0
0
0.004561301983
0
0
0.01383100849
0
0.03479254043
0
0
0
0.01780566943
0
0
0.03019262965
0.002637590938
0
0.0217104397
0
0
0.0141937222
0.01059705685
0
0.01255737624
0.02765951009
0
0
0
0
0.03238203889
0
0.01353350677
0.03850120794
0
0.01356267783
0.02787427523
0
0
0.01804638972
0
0
0
0.01325700636
0
0
0.003247023744
0
0.003029716897
0.02291486327
0.03948384371
0.004481986614
0.02504859767
0
0
0.03162991861
0
0.02290479014
0
0.01776774031
0.03050451685
0
0
0.00634400225
0.002390329528
0.003543423105
0.00E+00
0.02309135491
0.02312907133
0.01748597965
0.02808062162
0.005353990993
0.00E+00
0
0.0233966111
0.007682216812
0.02084985812
0.03439790399
0
0
0
0.004936980798
0.01878291329
0.02756919967
0.0121487004
0
0.001404303758
0
0
0.01017977571
0.03572672321
0.01006952077
0.01447829192
0.009618890429
0
0.03641811774
0.00168195295
0.01253520168
0.01029344407
0.03868345275
0.006644426136
0
0
0
0
0.008935096754
0
0
0.06517544109
0
0.0026018837
0
0.01759458537
0
0
0.01090270446
0
0.001823491067
0.02512051598
0
0
0
0
0
0.02725115833
0.01457042114
0
0
0
0.02986092179
0.01799877415
0.01082305589
0
0.04172505334
0
0
0.0003918551691
0
0
0.01729001659
0
0.01735429596
0
0.008681511873
0.01927396298
0
0.01016854304
0
0.004975023886
0
0.05397651222
0
0.03275463089
0
0.007467221259
0.01091514674
0
0.006017326952
0
0.0007585596515
0.04289425939
0
0.007640714293
0.00614756446
0
0.02307879116
0.005422994974
0
0.0009693612525
0.04584029147
0.01619786149
0
0
0.002901013154
0.01251942852
0.002045078771
0.03873570009
0.05951018892
0
0.02006349635
0.006509539183
0.02576020541
0.005281006613
0.05758628006
0.003727882298
0.009854469262
0
0
0.009254783165
0.003072468168
0.02666605789
0
0.004184019568
0.02147497572
0.006230298267
0.01201681605
0
0.0276749098
0
0.02072521712
0
0.006131396748
0
0.01441031686
0
0
0.00210402122
0
0.06308920159
0
0.01169502899
0
0.02958509227
0
0
0.004851441136
0.002272716717
0.01330130787
0.01187645357
0
0
0
0
0
0.03957014457
0.003775374141
0
0.002757114265
0
0.02605413056
0.01768256903
6.35E-03
0
0.04184530314
0
0
0
0
0
0.01409361862
0
0.01006475973
0
0.01509617271
0.02585303889
0
3.36E-03
0
0.006446428926
0
0.04602060577
0
0.02558289231
0
0.005087624875
0.0007656710565
0
0.003244300611
0
0
0.03811580166
0
0.01164085008
0.0122369264
0
0.02658160174
0.002407562417
0
0.003403002917
0.04840746056
0.02412801785
0
0
0.001375708206
0.007343938916
0.004201728862
0.03433381209
0.06137191799
0.00261518413
0.01678965833
0.01146139053
0.04019311554
0.006477120131
0.05786252587
0.01579330597
0.01294491781
0
0
0.002883726759
0
0.02746033635
0
0.002705744289
0.02603112508
0
0.003206796154
0
0.01786339231
0
0.01890153094
0
0.01283974443
0
0.005473049571
0.01052661059
0
0.00784967581
0.01820647754
0.004808566923
0.02473313063
0.03274706316
0.002774535069
0.03776450124
0.01385702708
0
0
0.03737897224
0.03268934111
0
0
0
0
0.001674376772
0
0.04373532117
0
0.009895268168
0
0.01754099317
0
0.01009139514
0
0.01892921871
0.03815553176
0
0.01483406294
0
0.003672347816
0
0
0
0
0
0.01565746366
0.01959225309
0
0
0.01918266436
0.02148607287
0.01739577009
0.006442563874
0
0
0
0
0
0.002523145635
0.02511075042
0
0
0.006619685401
0.01505529684
0.01027111313
0.03537823164
0
0.004255535429
0
0.01205646127
0.02021572418
0.0264802705
0.04840754232
0
0
0
0
0
0
0.0340798177
0
0
0.006486781205
0.03000863394
0.03295978005
0.02196574796
0.04323209233
0
0
0
0
0
0.02736985858
0.01791313181
0
0.006675021681
0
0.004600669339
0
0
0.02679733133
0.02158191703
0
0
0
0
0.03472386152
0.01413700438
0.01657378373
0.009339028363
0
0.009383425601
0
0.0005620312504
0
0.04191664775
0
0.007555518757
0
0
0
0.03542384044
0.03271727272
0.007791398514
0.04378508579
0.03561849554
0
0
0
0.01614912634
0
0
0.02115675811
0
0.03322789516
0
0.007742749972
0.008037412413
0.006846548098
0.001039227249
0.01802773167
0.0233754678
0.05485996255
0
0.02189026179
0.008436294981
0
0
0.02153170256
0.02825916933
0
0.01648229243
0
0.005025410192
0
0.01579738532
0
0
0.00304676302
0
0
0.01689792756
0
0.01962446789
0.0001112150113
0
0.01631187649
0
0
0.00E+00
0.01848744418
0
0
0.04388609929
0.02610908618
0
2.71E-05
0.01731211303
0
0
0.04665244868
0
0.006328568079
0.004292588325
0
0
0
0
0.03655871028
0.03788563337
0.001508391854
0
0
0
0.03550821069
0.02350910838
0.01272907235
0
0.0390773139
0
0
0
0
0
0.01153988258
0
0
0.03404402737
0
0.04251234467
0
0.01281802081
0.03569210335
0.04226231414
0
0.005991915329
0.02211959377
0
0.008185781108
0.0002649368757
0
0
0
0
0
0
0.02501164884
0
0.02052117355
0
0.03754187829
0.01794410675
0.004406631209
0
0
0.0201438759
0
0
0
0
0
0
0.005801947493
0
0.009992036837
0
0.03717407929
0.03492655353
0.00657369437
0
0.00313362448
0
0
0
0.00E+00
0
0.03155503261
0.008098546654
0.04289246825
0.003932258309
0
0
0
0.03806751172
0.04502003877
0.0303816918
0
0
0
0.01607337412
0.02710675233
0.02927990454
0.02355506774
0
0
0
0
0
0
0.02570588185
0
0
0.04134773907
2.78E-03
0.03614391363
0.002565068463
0.03209667171
0
0.003384678109
0
0.01771967671
0.01625237338
0.03758454232
0
0
0.02948352188
0
0.00E+00
0
0
0.03050345503
0
0
0.003449522675
0.002678098708
0
0.02932186431
0
0
0.01578442811
0
0.0230278424
0.04285045462
0.01011833346
0.03368051962
0.01956700077
0
0
0.04186754374
0.04325798553
0
0
0
0
0
0
0.04822007303
0
0.03398247593
0.02044724087
0.02549766745
0
0
0
0.002788053052
0.02453266466
0
0.003504018297
0
0.02823719451
0
0
0
0
0.009635548795
0.009759721479
0.03310441914
0.007740635236
0
0.02801681817
0.03019300761
0
0
0
0
0.002561878161
0.0004405502996
0
0.0005782350752
0.01589411367
0
0
0
0.01225163748
0.01471925743
0.0405836934
0
0.01128825582
0
0
0
0.02950073121
0.0373047449
0
0
0.00661897739
0
0
0
0.02661225678
0
0
0.01396947847
0.03632847547
0.02506506116
0.0197077916
3.94E-02
0.004965503735
0
0.01443366214
0
0
0.002856396618
0.01611940862
0
0
0
0
0
0
0.01827876783
0
0
0.02582525696
0
0
0.04586021825
0.003027966236
0.006169056819
0.01733803942
0
0.04599327802
0
0.009712866945
0
0.02796237639
0.05146076254
0.007778098982
0
0
0
0.02968156443
0.02667342656
0.01680733847
0.01171151218
0.03277717564
0
0.004899326295
0
0
0.01295441061
0
0
0
0.022196805
0
0.001818279618
0.02509698293
0.02443495109
0.03116612433
0.03249953759
0
0.05932854082
0
0
0
0
0.001553087792
0
0.005255429948
0
0.03141145583
0
0.01677286829
0
0.001895407677
0
0.01176448663
0.002469555953
0.002223695437
0.03521485566
0.01122069505
0
2.57E-02
0
0
0.004942093334
0
0
0.02873104007
0.007351695505
0
0
0.01692384269
0.03455015856
0
0.00066932336
0.0002023962345
0
0
0
0
0
0
0
0
0
0
0.05928024569
0.007281889376
0
0.01462108804
0
0.006544874233
0.006198570046
0
0
0.01085884045
0.05629393159
0
0.02866544791
0
0.05306229806
0
0.004189325692
0
0
0.01570141423
0.02071505227
0
0.02537721964
0
0.0008382287497
0
0.03062286856
0.001532420908
0
0
0.01418228181
0.02688932231
0
0.01171673483
0
0.01289371926
0
0.01420056655
0.02088079699
0
0.003640811671
0.03135253606
0
0
0
0.02612153387
0
0.005084841895
0.02710002224
0.01110625148
0
0.01485002151
0.00818445622
0.008950966035
0
0.019913199
0.006999751354
0.03107402204
0.002996924836
0
0
0.02147220409
0.01191690988
0
0.01084408487
0.01732245009
0.01527665684
0.03253628377
0
0
0
0
0.008333530747
0.01264936868
0.02441205795
0
0
0.0003811314437
0.02708852574
0.04039115963
0.01452973933
0
0
0.01043942029
0.004425314679
0
0.01375765285
0.025784404
0.01274154447
0.02592650621
0.0260567543
0.01330934719
0.009446868301
0.03026822836
0
0.03508878289
0
0.02644795611
0.00102014198
0.03758863266
0
0.01652950976
0
0
0
0.02129257127
0
0
0.001422384881
0
0
0.01079206859
0
0.009650398689
0
0.02317537954
6.21E-05
0.01329855936
0.006678478478
0.0104183127
0.02501978706
0
0.009959985992
0.002342030409
0
0
0.01295657803
0
0
0.02128858139
0.007842310813
0.009601226188
0.02151752894
0
0
0.0313446359
0
0.01815089911
0
0.03156510382
0
0
0
0
0
0.03056850363
0.0008144817441
0.0136763489
0.02095426447
0.02803066105
0.0083176129
0.0083969112
0.02415415731
0.01040812107
0
0.01749536048
0
0.02388242558
0
0
0
0
0.01769773953
0.01246892772
0.02196238708
0.0321543143
0.02313355969
0.02181245856
0
0.006166034647
0
0.02451164928
0.03296857974
0.0253591913
0.03120762556
0
0
0
0.02568160432
0.02376263262
0
0.01007899426
0
0
0.006248656722
0
0.02408103426
0.01700259544
0.03062567713
0.02455946366
0.02234304496
0.0017824238
0
0.02018429546
0
0
0
0.01405064592
0
0.015974593
0
0
0
0
0
0.03328749537
0.003378944933
0
0.0001641077598
0.01721343926
0
0.01730361522
0
0.0312230794
0.00984760471
0
0
0.01456028568
0
0.00891578272
0
0.001565563925
0.02081041772
0
0.01370489634
0.01012532343
0
0
0.02492946411
0
0
0
0.03918662634
0
0
0
0
0
0.01135121458
0.02704995408
0.007094450566
0
0.02282670024
0.02749420138
0
0.009093166977
0
0.05065525496
0
0
0.01012354584
0
0
0
0
0.003837722014
0
0
0.01931790815
0.01388968001
0
0
0.02982162374
0
4.54E-02
0
0.008211644088
0
0.01915705258
0.02796347353
0.01319898547
0.03802864255
0.008273232125
0
0.02914571783
0
0.009669496051
0.02690332987
0
0
0
0.03427383961
0
0.04418128516
0.01935843179
0
0
0.006075719779
0
0
0.005906803295
0.05027755339
0
0
0.00216615661
0
0.03619899416
0.04272719101
0
0
0
0
0.01201398147
0.04164983142
0.02234862903
0.001328380567
0
0
0
0.02363592513
0
0.01180956436
0.01782103639
0.01491500608
0.02159101814
0
0
0.01574945315
0.00717679948
0
0.005233603334
0.01816686219
0.01635766929
0.008835409399
0.03283531549
0.006753865723
0.04211045655
0.02706353784
0
0
0.03011770597
0.0322453928
0
0
0
0
0.01459754696
0
0.05020168668
0
0.01090797547
0.01913694332
0.005578396361
0
0.01404985382
0
0.01978209058
0.01883304495
0
0
0
0
0
0
0
0
0.01402228494
0.01762685658
0.03083593296
0
0
0.0326746907
0.001710928837
0.002486778856
0
0
0
0.001930591531
0
0
0.007408399214
0
0
0
0
0.0171788183
0.02413955201
0.02374413741
0
0.009214788323
0
0
0.01974738058
0.0268048021
0.03559015663
0
0
0
0
0.0008542433048
0
0.03067750892
0.01897944223
0
0.02565007475
0.05292813319
0.0126891871
0.01897769258
0.04584680348
0.001888220659
0
0.01883888657
0
0
0.02523028765
0
0
0.03202892625
0
0
0
0
0.005039039562
0.001560537851
0
0.01711509838
0
0
0.03511153996
0.01866092188
0
0.005756047377
0.01160884003
0.0002618066415
0.03387199011
0.01173721404
0.008354942267
0
0.01162281943
0
0.01856312658
0.02112431459
0.01492814852
0
0
0
0
0
0.03546265604
0.005908790347
0.02724487732
0
0.03028382961
0.02272135121
0
0.008486365974
0
0.05040329426
0
0.00E+00
0
0.004045603291
0
0
0
0
0
0
0.03441581314
0.01567794526
0
0
0.04151361349
0
0.02837033403
0
0
0
0.01607446279
0.0009289080884
0.007388610655
0.03627891848
0.007854373098
0
0.02134027417
0
0.01396086408
0.0423854209
0
0.006924908309
0
0.01781692704
0
0.0512897912
0.03200969214
0
0
0.01459962153
0
0
0
0.05302753871
0
0
0.008541009609
0.006736814374
0.03800857924
0.04593135964
0.01661192493
0
0
0
0
0.01751309996
0.01242719934
0.01077813894
0
0
0
0
0
0
0.01913781592
0.007471909328
0
0.01590073805
0
0.00579983199
0.03089754393
0
0.02056145052
0
0
0.04465400807
0
0
2.20E-05
0.02025483316
0.02771016899
0.0009461437074
0.02562996744
0.01719935233
0
0.02172477416
0
0.02563257922
0
0.03178011069
0
0.0117838571
0.01316466471
0.004813297904
0.01089869276
0.00E+00
0
0.01869374527
0.0115684505
0
1.80E-02
0.0394149209
0
0.05281578816
0.02957530791
0
0.0216127699
0
0
0.01300654771
0
0
0
0.01962331107
0.02312610254
0.02188300419
0
0.0292276957
0
0.02496315072
0
0
0
0.02505930986
0.05615880538
0.01610630346
0
0
0
0.004299127091
0.02274518831
0.001571546055
0
0.01809766646
0
0
0
0
0.0409472608
0.01720108082
0.009955541666
0.01589614745
0
0
0
0
0
0
0.001711230431
0
0
0.005333542393
0.0227333702
0.006910788045
0
0
0
0.03973452836
0
0
0
0
0.01912777835
0
0.02206246259
0.008355853885
2.68E-02
0
0
0
0.00255757236
0.01630042394
0.02460587885
0
0.01589233181
0
0
0
0.006084998047
0.01616086238
0
0.02402220232
0
0
0
0.01927040042
0.0184868943
0.02024021169
0.03829798402
0.0315669114
0
0
0
0.007436564259
0
0
0.03024358853
0
0.02432443358
0
0.01546374992
0.01042145536
0.01387318164
0
0.02251751915
0.03843520728
0.02101506464
0.008457962047
0.004444227298
0.0194514033
0
0
0.02327489231
0.01379468162
0
0.0142607658
0
0.01683183532
0.02103253391
0.01915851377
0
0.002220517545
0
0
0
0.02788153921
0
0
0
0
0.02403463081
0.004426155197
0
0
0.01307443229
0
0
0.04092017488
0.02308505887
0
0.02023088309
0.02728648808
0.01918533924
0
0.03546688728
0.007229939609
0
0.009836201288
0
0
0
0.008892691164
0.01847670631
0.01566201838
0
0
0.00146412369
0
0.04079998461
0.02145668869
0.02040580707
0.0053607592
0.02470915963
0.01496177974
0
0.004730163409
0
0
0
0
0
0.02913561575
0
0.02709731155
0.03153824377
0
0.0151051047
0.01933294163
0.01686747745
0.01630170154
0
0
0
0
0
0
0
0
0.03347953477
0
0.02886797379
0
0
0
0
0.01527128277
0.04096019229
0
0.02110036905
0.008715287083
0
0
0.004790944328
0
0
0.01510441635
0.006709994832
0
0.01644908483
0.00E+00
0.02659496551
0.009443340381
0.02894322942
0.008762347156
0
0.003417784203
0.00211553587
0
0
0
0.01729843929
0.005865582579
0.03153229602
0
0
0
0
2.71E-02
0.04108067687
0.001695561132
0
0
0
0
0.04100130911
0.02159524441
0.01731648048
0.02275358582
0.00E+00
0
0
0
0
0.02822569152
0.03397555514
0
0.04261010675
0.03580307639
0.005654576527
0.008599033855
0.03393979668
0
0.002582282601
0.007949175187
0.01730076192
0
0.05023707341
0
0.02072764967
0.06381973076
0
0
0.00126611786
0
0
0
0
0
0
0
0.01136486818
0.01171998052
0.00795112813
0
0.02756408198
0
0
0
0.004273984706
0
0.005416169518
0.02393191486
0
0
0.03911140424
0
0
0.01879881583
0
0
0.001476331631
0.0407293379
0
0
0
0.001222120292
0.006760257261
0.02254626096
0
0.03962951433
0.0006650863155
0.01234891063
0.01995411666
0
0.006088506461
0.006912239542
0
0.01351626713
0
0.007270262826
0
0
0
0
0.02133037287
0.009245581019
0.04633324069
0.01634401777
0.027855967
0
0
0.02757841208
0
0.03582930812
0.01970970214
0.01313411983
0.04119072755
0
0
0.008300628276
0.003910699194
0.01241027543
0
0.02759130349
0
0.01911864468
0.0167712298
0
0
0.006808545591
0.0261698154
0.005550554078
0.02452811963
0.03174355962
0
0.01212846641
0
0
0.01718085829
0.03434436586
0.00E+00
0
0
0
0
0.02245283627
0.01145180074
0.02114453384
0
0
0
0.03320896926
0
0.02285750549
0.006507494956
0.03634872555
0.01936036392
0
0
0.01539254395
0
0
0
0.0003466644665
0.04141590428
0
0.002822629338
0.02324536857
0
0
0
0
0
0
0.02287942584
0
0.02296661676
0
0
0
0.00362025884
0
0.003236181661
0
0.003027452253
0.06013763499
0
0
0
0.01369773684
0
0
0
0
0
0
0
0.01805445883
0.02254524351
0
0.03434472586
0.03393469663
0.03702997957
0
0
0
0.03154009848
0
0.01072653803
0
0.04905629938
0.008925826169
0.03058073998
0
0
0
0.009399601727
0
0.03586070226
0
0
0
0.03245796814
0
0
0.0426792839
0
0
0
0.002986480596
0
0
0.01452039808
0.04116386721
0.00761505249
0.01011896734
0.03642304036
0
0
0.03413523761
0
0
0
0
0.05246802384
0.02759322426
0.02008108247
0
0
0.03398506304
0.02788046205
0
0
0.02397133701
0
0
0
0.01916348958
0.02802400611
0.02533823163
0
0
0.01850974393
0.002019794769
0.02614496426
0.002187817428
0
0
0.01540181014
0
0
0.03444116541
0.0001119604307
0
0.01430007553
0
0
0.01764896478
0.02263780248
0.0008929661268
0.0037166458
0.02386321528
0
0
0
0
0.03920617472
0
0.02389125883
0.02475851234
0
0.01764131994
0.0334604563
0
0
0.02389424873
0
0
0
0.01443782345
0
0
0.008933330257
0
0
0.0306191281
0.02759138641
0.00653417062
0.02272387245
0
0
0.03276728054
0
0.01414046766
0
0.02329259219
0.01990085979
0.002017078949
0
0
0.006026682626
0
0
0.02160318836
0.03013005044
0.002232672577
0.02227714337
0.01745363555
0.007095234287
0
0.02455062706
0.01162342528
0.01623772896
0.01822295543
0
0
0
0.001934359681
0.01228907303
0.01094218138
0.01171428733
0
0.01481613568
0
0
0.006247125464
0.03556193642
0.006313691813
0.02427393675
0.0141226467
0
0.03731149632
0.01543005452
0.009273822947
0.01052965473
0.03592317853
0.009787059555
0
0
0
0
0.01838912758
0.02006693808
0.02106005985
0
0.01836308528
0
0.001705578229
0.02168600504
0.04048691004
0
0.013801649
0.009605752332
0.001624437532
0
0
0
0.003687128102
0.04616963728
0.01710604403
0.006498340873
0
0
0.002098167283
0
0
0.03779666521
0
0.04459841215
0
0
0.01473798143
0.01407950942
0
0
0.02033656019
0.03306053084
0
0.003605665859
0.01682192157
0
0
0.01175509383
0.03056444119
0
0.03001232442
0
0
0
5.09E-03
0
0.001932853838
0.00865780602
0
0
0.01731080356
0
0.02768621914
0.009759895908
0
0.009491271877
0
0
0
0.03845082701
0
0.01143867459
0.03511964447
0.01726902048
0
0.001422481935
0.01376183915
0
0
0.03237262711
0
0.01197757261
0.02259233718
0
0
0.02790793217
0
0.03066469183
0.01854730099
0
0
0.02513632979
0
0.03235303552
0.03477484891
0
0.00367987831
0.02912163897
0
0.00612891596
0.004383108894
0
0
0
0
0.001771866845
0.03986967851
0
0
0
0
0
0.002613988143
0
0.03118943157
0
0
0
0
0
0.06758712256
0.04836328339
0
0.01079402479
0.0314993403
0
0
0.01220479669
0.04858609319
0
0.001131770374
0
0
0
0
0.03220852971
0
0
0.02941402391
0.02212868176
0.003855704633
0.04643393209
0.01445265782
0.05205159269
0
0
0.01099784927
0.009935325245
0.02757883117
0
0
0
0.005400661377
0
0.02711809264
0.007560455323
0
0
0
0
0
0
0
0
0
0.01517436875
0.005113125435
0.03859640945
0
0
0
0
0.01871271442
0.01518581776
1.73E-02
0
0.01070494523
0
0
0.04968187846
0.01498471098
0.009522771612
0.008386057469
0
0
0
0.028786946
0.002927279378
0.06096233363
0.01466302554
0
0
0
0.008095230048
0.004024644743
0.02798994926
0
0.007285989848
0
0
0
0
0.03059889426
0.05041626098
0.009975398964
0
0.007828186123
0
0.01563434197
0.01250292471
0.00150225308
0
0.009645590975
0
0
0.02868408877
0.02649794347
0
0
0.0309747863
0
0
0.001222502445
0.004295093331
0
0
0.03042682282
0
0
0.01060865876
0.002521554084
0.0297093197
0
0.005258068501
0.03253199459
0
0
0.0425819543
0
0
0.005818505492
0
0
0
0
0
0.000905003166
0.01855281677
0
0
0.02260194913
0.0322202786
0
0.01245657664
0
0.004829083973
0.05115900164
0.02197034554
0.02548809459
0
0.001777027867
0.01234052375
0.01193025283
0.008352719356
0.005769721544
0
0
0.00E+00
0.04569768915
0.03138008283
0.01152112163
0.01688223552
0.004500113652
0
0
0.01037071838
0
0.0004340256623
0.02320300722
0
0
0.0005114786642
0
0.03067310919
0.008735610293
0.002348514972
0
0.01967230073
0
0.008343419706
0.0412246426
0.0438471706
0
0.00718292501
0.0102973808
0
0.04674545083
0.0180826246
0.008149122434
0.02674039517
0.0247436153
0.03794344641
0
0
0
0
0
0.01106687598
0
0.03650181869
0
0
0.00E+00
0.0176565093
0.002549502323
0
0
0
0.008976472656
0
0.02674626363
0.01118272394
0.002475329856
0.007055958788
0.01387734681
0.01161688752
0
0
0.03849987227
0
0.01628134291
0
0.01499256684
0
0
0.02889436524
0
0
0
0.007829751079
0.02106421583
0
0.02652485408
0.02853361523
0.02085303717
0.007464887163
0
0.006648806573
0.01717627002
0
0
0.005419528617
0.008315494328
0.01875773063
0.02735909135
8.52E-05
0
0
0
0
0.006377790227
0.01334569193
0
0
0
0.02092855502
0.03378430898
0.03051681304
0
0
0.006916730962
0
0.009888814469
0.003051417737
0.0191487619
0.005046781356
0.02145785584
0.03058228612
0.006835992373
0.03599381058
0.03297591094
0.00440320671
0.0379813835
0
0.01884524573
0
0.03877555593
0
0.03051777622
0.006306560547
0
0
0
0.01264500955
0.01569538452
0.0217902836
0
0
0.01927208754
0
0
0
0.02955663161
1.92E-02
0.01746211111
0
0.006280175662
0
0.02941271484
0
0.04508505688
0.0394143574
0.01676139355
0.02397415785
0.02866490934
0.0147382842
0
0.0442172029
0.03528012887
0
0
0
0
0
0
0.03301408663
0
0.02957524504
0.003458496341
0.03500482033
0
0
0
0.01663346714
0.01771065097
0
0.01497455329
0
0.0318924343
0
0
0.007431546057
0
0
0.003459662653
0.01866074136
0.007522454387
0
0.02654784306
0.02713608234
0.01481797313
0
0
0
0
0
0.00E+00
0.007175635831
0.0244171519
0.005847686424
0
0
0.0280764493
0.01127824958
0.03990178611
0
0
0
0.01492703104
0.01197386244
0.009490785328
0.0392240182
0
0.001636121824
0
0
0
0
0.005818420083
0
0
0.007960844268
0.01484133028
3.45E-02
0
0.04111551603
0
0.005018311916
0.006589125042
0
0
0.007616192771
0.01870186325
0
0
0
0
0
0
0.03882721011
0.001906383945
0
0.00533095495
0
0.00E+00
0.04208717694
0.01034900638
0
0
0.02088285577
0
0
0
0
0
0.02430929141
0.02673355245
0
0
0.04791335333
0
0
0.01315242888
0
0
0
0.04542858868
0
0
0.003208491874
0.006959861883
0.01122652845
0.01334426194
0
0.03727058966
0
0.003019094067
0.03315921694
0
0.004973808229
0.005284452798
0
0.01014724682
0
0
0
0
0.006408742238
0
0.01423302486
0.01079248001
0.04696259227
0.009640276049
0.02571625651
0
0
0.04373754638
0.00125853603
0.03582389659
0.01619135911
0.006575068632
0.03355920002
0
0
0.004376433254
0
0
0
0.04148489574
0.005049691398
0.01571050528
0.009408330595
0
0
0
0.02206070257
0
0.01703026945
0.02727079994
0
0.002170459103
0
0
0.02273709425
0.02495712758
0
0
0.001093177137
0
0.003204900017
0.04223819268
0.02065730774
0.008101616998
0
0
0.004144877208
0.04383858667
0.002382444884
0.02465932892
0.01397611326
0.03110558473
0.03872034485
0
0
0.01570861386
0
0
0.01213145613
0.01739226806
0.02703759204
0.007294371353
0.02146078541
0.0006130811671
0.04009506144
0.01872048036
0
0.00688172894
0.0223457798
0.02022008512
0
0
0
0
0.02483997158
0
0.04150297166
0
0
0
0
0
0.03332994312
0
0.02851909308
0.02713527591
0
0.006710215185
0.00327563102
0
0
0.009553080416
0
0
0
0.01962251437
0.01815385843
0
0
0.0216367677
0
0.01767646345
0.009082578146
0
0
0
0
0.002136343196
0.008353558217
0
0
0.005731760406
0.004685631265
0.01664521179
0.01879674241
0.01683637701
0
0.003401376363
0
0
0.03347004537
0.02273567476
0.03924943687
0.008295567593
0
0
0
0.005036455376
0.003202324947
0.03404023494
0.01223826174
0
0.01799114449
0.04281809528
0.01659572401
0.01982132197
0.04302649978
0
0
0
0
0
0.0409370405
0
0.01288793262
0.03608138433
0
0.005351194813
0
0
0.009571202111
0.01839052854
0
0
0
0
0.02253725447
0.02390462096
0
0
0.02252905179
0
0
0.007652053084
0
0
0.000211625543
0
0
0
0.02608817146
0.02095087661
0.02616250217
0
0
0
0
0
0.01955459854
0.01435742226
0.0008709477289
0.05274821864
0
0.02448606735
0
2.09E-05
0.01911430853
0
0
0
0.0003596922629
0
0
0.03836308548
0.02694137161
0
0.02358662185
0.02796757219
0.01249804514
0
0.01017082351
0
2.18E-02
0
0.009146808872
0
0.03793379642
0
0.003466588788
0
0.006160371602
0
0.01538437089
0
0.009488584678
0
0
0.01352554981
0.05243270975
0
0
0.03010494184
0
0
0
0.03878166725
0
0
0.01707778064
0.02100987966
0
0.03346872729
0.01203226406
0
0
0.03082868315
0
0.02207447323
0
0.001430892689
0.03943751579
0.01955592088
0
0
0
0
0.03448057502
0
0
0.02846218754
0
0
0
0.03592532262
0.04305066193
0.04832828277
0
0
0
0.01802848962
0
0
0.03084666597
0.02761286837
0.00692148352
0.02042062028
0
0
0.007426452413
0.01584047895
0
0.01394055969
0.01210240755
0
0
0
0.03150631442
0
0.03198120614
0.0362322567
0.01387217461
0.02794657907
0
0
0
0
0
0
0
0.01044651334
0
0
0.01202504395
0
0.04991919403
0
0.04369695758
0.03172840829
0.002558795893
0.02005938896
0
0
0
0
0
0
0.03169128698
0
0.02121120159
0
0
0.00E+00
0
0.01675598216
0.03863703483
0.01393780797
0
0
0.02281201747
0
0
0.02409122889
0
0
0
0.003403201079
0
0
0
0.01228750235
0.03256283173
0
0.04397471654
0.03655142305
0
0.005032764643
0.02152116855
0.00886854166
0
0.0410371357
0.02052727322
0
0
0
0
0.03146014547
0
0
0
0
0
0
0
0.0429530207
0.03599631316
0
0.02957454294
0
0.02076719648
0
0.04374103243
0
0.003816521571
0
0.03949260962
0.009168222722
0
0.003801756212
0.01047043281
0.02169311144
0
0
0
0.005037834314
0.01623477274
0.007147897525
0.03201064535
0
0
0.02632088468
0
0.003794431369
0.01617648625
0.005301091966
0.01017062924
0.009364776879
0.01125803374
0.004040045294
0
0
0
0.02188228138
0
0.008150002205
0.01051026917
0.03218382435
1.10E-02
0
0
0.02484632163
0
0
0.01457835017
0.003014864935
0.01839210715
0.02287076349
0
0
0
0
0
0.01345120015
0.02026472719
0
3.31E-06
0
0.02079090091
0.03259536104
0.004086278498
0
0.0005446411849
0.01761631207
0.01298260704
0.009012949782
0.005004177651
0.002419581034
0.009937957332
0.0239607606
0.02883534307
0.02581407797
0.02650872615
0.01871005617
0.004396483742
0.05114188008
0
0.02930441685
0.01671132158
0.02685730018
0
0.01710602898
0.00E+00
0
0.006605374252
0.004728902195
0.01588792649
0.02312675662
0
0
0
0.008326948068
0
0.01116058838
0
0.01703459586
0
0
7.91E-03
0.01991435158
0
0.01250653567
0
0.01377408314
0.02025167503
0.03408199703
0
0.01139401436
0.03577124069
0
0.00312038412
0.005667318643
0
0.04636592428
0.03328561666
0
0
0
0
0
5.50E-02
0.03079600992
0.03649063346
0.01604588203
0
0.0018452968
0
0
0.008216754017
0
0
0.05547361683
0
0
0.03133569569
0
0.04475447275
0
0.0210703626
0.0460751515
0
0.003681248873
0.01818235788
0
0
0
0
0
0.03236401389
0
0.0126632748
0
0.0267197537
0
0
0.01210513134
0.01392498006
0.01281336985
0
0
0.03748451651
0
0
0
0
0
0
0.03317524619
0
0
0
0
0
0
0.01706329373
0
0
0
0
0.007044581235
0
0.03822062069
0.01940688937
0.005497323339
0
0
0
0
0.003248383765
0
0
0
0.004711669658
0
0.004532005283
0.04085750529
0.05899468266
0.0148007976
0.01923297928
0
0
0.04302509131
0
0.02802621605
0
0.03638385836
0
0.02489370068
0.04089699932
0
0
0
0
0
0.02597084276
0
0.02419496816
0
0
0
0
0
0.0214425482
0
0.01768920359
0
0.02316124264
0
0.00E+00
0
0.02672134708
0
0
0
0.05288681054
0
0.004125454068
0
0
0.02328721039
0.02474128477
0
0
0.02233329396
0
0
0
0
0.01395797213
0.02255996839
0.0391884825
0
0
0
0
0.04765929041
0.02434227914
0
0
0
0
0.02429273364
0.03745691763
0
0
0.02293765924
0
0
0
0
0
0
0.00895359451
0
0.02237200192
0
0.01157250217
0
0.008197658143
0
0.05169632651
0.00232804566
0.01621400215
0.02030260714
0.02276124713
0
0.01013613764
0.02136612216
0
0.01122355974
0.04683822732
0
0.03075955321
0
0.03310859839
0
0.004509710967
0
0
0.005484730268
0.007242267364
0
0.01049933816
0
0
0
0
0
0.01718532732
0.02735723522
0
0
0.04480931584
0
0.002639891742
0.02776771866
0
0.009544845234
0
0.04504358392
0
0
0
0
0
0.02894987412
0
0.008046818483
0.01779975784
0.01083656526
0.0250267874
0
0.0317510342
0.01365249418
0
0.02770772767
0
0
0
0
0.004726864915
0
7.26E-03
0.005821174301
0.03217325721
0.03032384022
0.03086229354
1.86E-03
0
0.02839116418
0
0.02174746673
0.0334947297
0.01792102258
0.03002660537
0
0
0
0.00985137452
0.005469654374
0.003395927787
0.02442446062
0
0
0
0
0.009913810633
0.01368521424
0.03074565893
0.009325914537
0.02360169816
0
0
0.0196069002
0
0
0
0.00750977575
0
0.00174365054
0.003435104758
0
3.71E-05
0.02984849337
0
0.01439254904
0.005408934678
0
0.02161034064
0.03177498303
0.00866348677
0.03370635996
0
0.02321268721
0.03814709045
0
0
0.03001256784
0
0
0
0
0.06288808983
0
0
0
0.01403000594
0
0
0.01078062728
0
0.001242660367
0.02990955479
0
0
0.0008964903279
0
0
0.02257693694
0.0189813943
0
0
0
0.02995849457
0.01188381057
0.01763142648
0
0.04045087869
0.0027073207
0
0
0
0
0.01587765595
0
0.02281856929
0
0.008320623825
0.01600614064
0
0.00749203876
0
0.008838556181
0
0.05532193022
0.0003766905759
0.03456640971
0
0.0063543068
0.01011398376
0
0.008977278468
0
0.001463786697
0.04587307286
0
0.002089808351
0.004916434837
0
0.02585235752
0.00946555107
0
0
0.04386438414
0.01214828909
0
0
0.009626108475
0.01491739422
0.003271132215
0.04049808708
0.05658035399
0
0.02496506292
0.0008914600218
0.02048512855
0.003340554732
0.05785738806
0
0.0134259832
0
0
0.008687146183
0.00569861745
0.01917487289
0
0.001300596809
0.01300220705
0.009477113055
0.01187841289
0.00E+00
0.03122312034
0
0.02093036296
0
0.007118787344
0
0.02097455003
0
0
0
0
0.01480546109
0
0
0.01806015114
0
0
0.0363300899
0
0
0
0.05033944155
0
0.0261116374
0
0
0
0
0.02523049512
1.41E-05
0
0.01139093053
0.04663433414
0
0.01061063037
0
0.01272719261
0
0
0.01262759162
0
0.00119443705
0
0
0.02628322283
0
0
0.007938440361
0.03029682355
0.02953141206
0
0.004078250188
0
0.03568052219
0
0.01420367096
0
0.03983496852
0.03043407826
0.02234008971
0.008332260729
0.007294329624
0
0.0146931098
0
0.01151859913
0
0
0
0.02763160587
0.02276869965
0
0.0225943475
0
0
0
0.0128435196
0
0
0.00873253613
0.01973340182
0
0.01068664604
0.007629986496
0
0.007638918427
0.01908470115
0
0
0
0
0.04661012338
0.05816204592
0.003672643977
0
0
0
0.0333567413
0.0170287155
0
0.03239924142
0
0
0.03894448953
0
0.02136696759
0.04057837873
0
0
0
0
0
0.01098725455
0
0
0
0
0.0587961902
0
0
0
0.04189956507
0.01798646833
0.01033197828
0.0153951085
0
0.003397789394
0
0.03916501557
0.0180955005
0
0.02113582064
0
0
0.03963158965
0
0
0.02152514513
0.007399670911
0.005279224394
0.03538903432
0.0344864343
0
0
0.02454851935
0
0
0
0.008895728004
0
0
0.03746631719
0
0.003691647254
0.02756384115
0
0
0
0.01189848164
0
0.04002117982
0.07465760711
0
0.009037780122
0
0
0.003184299496
0
0
0.0166794723
0.03768525341
0
0
0
0
0.0073820043
0.04028669859
0.007804991642
0
0
0
0
0.01479359093
0
0
0.008635342912
0
0
0.0003912709973
0.002646929801
0
0
0.04566713281
0
0.02542380335
0
0
0.01326155257
0.01206123067
0.002677796098
0.01325124118
0.01514065265
0
0.060248469
0
0.01305867717
0.04103669878
0
0
0
0
0.03107223887
0
0.01241833519
0
0.01252351451
0
3.30E-03
0.009684701454
0.009384926821
0.0107912561
0.03219920521
0
0
0.003087839545
0
0
0.02301232308
0.02966039779
0
0
9.46E-03
0.01161428078
0.0008774760082
0.01695671441
0
0.05465429915
0
0.003194833589
0.00785757936
0
0
0
0
0.004860401344
0
0.003105970533
0.01185811607
0
0
0
0.03219341847
6.60E-04
0.04828189908
0.0003494599438
0.01725208223
0
0
0.02011560926
0
0.04053972509
0.01090199905
0
0.04057942766
0
0
0.02638076847
0
0.01336987412
0
0.0255878501
0
0.04070712238
0.03103225171
0
0
0.007734633138
0.01226231286
0
0.01786255497
0.05228965252
0
0.006970527247
0
0.001142688815
0.03044615037
0.04920567256
0.006908625489
0
0
0
0
0.02030216217
0.01968710606
0.01888976068
0
0
0
0.02390888976
0
0.01222606143
0.01271639611
0.03160291471
0.006119598766
0
0
0.009777295409
0.01041340618
0
0
0
0.01355914544
0
0.0110018068
0
0.01326720574
0
0
0
0.01099852847
0.02726817448
0.00126642149
0.01996537984
0
0
0
0
0.02020969449
0
0.02689165109
0.03689468939
0
0.01882143283
0
0.03389861488
0
0.006124771653
0.02876228852
0
0
0.02912187739
0.002311300844
0
0
0.0267410942
0.01949741298
0.01153640487
0.01837059432
0.001276820842
0
0.009034104862
0.02793356399
0
0.008324509263
0.008313806416
0.002628032597
0.02343944056
0.003522468372
0
0
0.002270784248
0.02090310611
0
0.0206104902
0
0
0.01132348174
0.01175283076
0.03863624558
0.03397110977
0
0.00E+00
0.02357291574
0
0
0
0.04521704541
0
0.007201807643
0.01615523454
0.01772327023
0
0.03536255575
0
0.02370422966
0
0.03272046802
0
0.04067083012
0
0.01837267397
0
0
0
0.01684375527
0
0
0.005227032408
0
0
0.008886889698
0
0
0
0.04177320886
0.02219382087
0.02940262894
0.01452234782
0
0
0
0.00E+00
0
0.01111314504
0
0
0
0.00233006977
0
0
0.01454267832
0.01393590267
0.02464733339
0.006309817449
0
0
0
0.006154182444
0
0.03803231898
0.02830252283
0.01138135213
0.03276297531
0
0.03684735154
0
0.004056443411
0.02652773938
0
0
0.03274385468
0.002673108637
0
0
0.03178831721
0.02239463113
0
0.02242897236
0.01986077431
0
0
0.03512270546
0
0.007853147192
0.002668053277
0
0.00857327749
0.02071777429
0
0
0.007720187266
0.03264408839
0
0.0150830252
0
0
0.01402142206
0
0.02655351604
0.04577908269
0
0
0.02645110676
0
0
0
0.05413439111
0
0
0.006150440855
0.01425838465
0
0.0344525404
0
0
0
0.02922661806
0
0.03310390173
0
0.01037324175
0.0119998129
0.004708511395
0
0.008650398273
0
0
0.01337572541
0
0
0.01119739766
0
0
0
0.0446696091
0.03754012238
0.04305385708
0.01108417013
0
0.005042892373
0
0.03101639029
0
0
0
0.01257711619
0.008832284691
0
0
0
0.005663768965
0
0.03461684254
0.02124591678
0
0.01010416958
0.0129863971
0.009851017435
0
0.0002582985059
0.04407038587
0
0.02040491702
0
0.007574111093
0
0
0.02715918489
0
0
0
0.004738614596
0.01913457706
0.001801636871
0.02383584738
0.04037193992
0.01482374277
0.01185310483
0
0.01259997275
0.01981321989
0
0
0
0.001392054229
0.01172736247
0.02471979648
0.007614677409
0
0
0
0
3.87E-05
0.001917287226
0
0.00495054738
0
0.0162838499
0.028145261
0.03572342608
0
0
0.00392555519
0
0.01342057566
0
0.01660150276
0
0.01662483257
0.02418970058
0.0001628231291
0.0461258634
0.02948561334
0.01392200723
3.92E-02
0
0.0106154356
0
0.0375135331
0
0.04070366892
0.01401075255
0
0
0
0.01292679026
0.02360913076
0.02490328702
0
0
0.01488822585
0
0
0
0.03476256754
0.02956729414
0.01505063213
0
0.004936341237
0
0
0.03458047362
0
0
0.002656122511
0
0
0.006204290042
0.00980655258
0
0
0.0420988654
0.01160978397
0.04009601521
0
0
0
0
0.01944346439
0
0
0
0.04265349556
0.00469408184
0.01003074554
0
0
0.01146286605
0.00E+00
0.01397466658
0
0.0157301282
0.02063226776
0
0.03752879017
0.006166611176
0
0
0.0147730532
0.04597464141
0
0
0
0.03305601359
0.002227317956
0.03154083903
0
0.03030074134
0.02382991097
0.01261084749
0
0
0
0.01590691388
0
0.005384066914
0
0
0
0.03465007855
0
0
0.006446271578
0
0.01210914781
0
0.007372913411
0.006846503536
0
0.02810066332
0.006803154128
0.005074014017
0.02293951206
0.006362872669
0
0
0.01186310072
0
0
0
0
0.04845555273
0.03648325182
0.001247830388
0
0.01059675926
0.01326684231
0.05099964723
0.01293869574
0
0.04600313424
0
0
0.02134870859
0
0.02389737532
0.04122040419
0
0
0.005145454659
0.03229870503
0
0.05337746279
0.03083825533
0.01526593774
0.01984674961
0.03627130991
0.02078896535
0
0.04192760363
0.02857581535
0
0.00E+00
0
0
0.00301051195
0
0.02054538881
0
0.02137302799
0
0.03176630491
0
0
0
0.0274074328
0.006798056916
0
0.02326785123
0
0.03194578853
0
0
0.02110997542
0
0
0.004758061471
5.38E-03
0.00253084007
0
0.02894168005
0.0185660115
0.02668633292
0
0
0
0
0
0
0.006826020427
0.02202681744
0.008416686441
0
0
0.03361278409
0.005704706572
0.03137814235
0
0
0
0.02044312867
0.01912801075
0
0.03473018801
0
0.01229570593
0
0
0
0
0
0
0
0.002296395819
0.005555655364
0.03093407394
0
0.03845664039
0
0.02144470224
0.006939268293
0
0
0.007350234297
0.01919922095
0
0
0
0.00E+00
0.01111593101
0
0.04291960283
0.00422864113
0.002791526929
0
0
0
0.03413430069
0.01964522866
0
0
0
0.01889748421
0
0.0125367207
0
0.007828214801
0.04878589781
0
0
0
0
0.06616616975
0.04825988033
0.00111266343
0
0.02518328535
0
0
0.03041126205
0.01794644298
0.01689497081
0
0
0.01800289622
0
0
0.03062430653
0
0
0.05835506065
0.03874069063
0
0.04599769944
0.01498081406
0.02370435895
0
0
0.02412787541
0
0
0.007089788418
0
0
0.01748632548
0
0.01126626809
0.008438798515
0
0
0
0.05642781054
0
0
0
0
0
0.0007840418699
0
0.03410927044
0
0
0
0
0
0.01778941677
0.03559754949
0
0
0
0
0
0.00643061769
0
0
0
0
0
0.009126108425
0.01893196901
0.02883151235
0.009854597171
0.01471643029
0
0.002718233234
0
0
0.02262588162
0
0.01904463581
0
0.0003813878515
0
0.03849426563
0.01348271898
0.05079220518
0.02702347306
0
0
0
0.03323333652
0
0.0226369116
0
0.01996862236
0
0.02599313322
0.0224676753
0.01672391944
0
0
0
0
0.01839778722
0
0.03850008378
0.00790676951
0
0
0
0
0.003816587052
0
0.03480891915
0
0.03513945098
0
0
0.004165757849
0.03496306242
0
0
0.01134909328
4.62E-02
0
0
0
0
0.004529767821
0.02746199362
0.001172461159
0
0.03292111877
0
0
0
0
0
0.02725242323
0.02805229877
0
0
0.00675885617
0
0.03930887801
0.0145018454
0
0
0
0
0.01978116176
0.04385432007
0
0
0.03570976377
0.006852402807
0
0
0
0
0
0.01545275907
0
0.01317992132
0
0.003869276777
0
0.009856894589
0
0.05253426211
0
0.006894215993
0.009978195602
0.02914984103
0
0.02731606704
0.02735572851
0
0.02089865393
0.05020112485
0
0.02227304448
0
0.0259158918
0
0
0
0
0.02069355513
0.004646343166
0
0
0
0
0
0
0.001293095713
0
0
0
0
0
0.06147598879
0.04081130089
0.01300987789
0
0.03337284286
0
0
0.003922348067
0.03326595115
0
0.002736846345
0
0.02676338673
0
0
0.04578688458
0
0
0.0265247358
0.04037476405
0.007874517249
0.02035562735
0.03576116465
0.02761856043
0.001957712016
0
0
0.004125006021
0.005213559988
0
0
0
0.02667520917
0.00631958783
0.03034675561
0
0
0.00E+00
0
0.02581644468
0.005676661714
0
0
0
0
2.25E-02
0.01672107412
0.04229697844
0
0
0
0
0.008243491096
0.0196818939
0.03445049791
0.004881669867
0.01705198852
0.01025358448
0
0.02237711576
0.03314052733
0
0
0
0
0
0.03501875997
0
0.03356676188
0.01024122774
0
0
0
0.003683043984
0
0.03799639247
0
0.002063801424
0.0193676802
0
0
0
0.02066279948
0.03987292873
0.03421564982
0
0
0.005569910844
0
0.006156981892
0
0
0
0
0
0.01900675227
0.01680357487
0
0
0.04306482494
0
0
0.02382728604
0
0.001371998841
0
0.04412898025
0
0
0
0
0
0.03651364486
0
0.0234960738
0.0162408395
0.0145386115
0.0128689588
0.004377950651
0.02283177657
0
0
0.02434214873
0
0.002058208697
0
0
0
0
0.02871231732
0.001623181124
0.03448817395
0.02784257987
0.02272339735
0.003983196151
0
0.01914354036
0
0.03771135898
0.04494597592
0.01125613248
0.03604510946
0
0
0.00317361548
0.008530095515
0.01406834657
0.002007619569
0.0274237112
0
0.00444844129
0
0
0.007355043806
0.02496323465
2.56E-02
0.00621281998
0.01891915407
0.009777881599
0
0.0209005434
0
0
0.008713005521
0.02114502929
0
0.006523452245
0
0
0
0.02711679725
0
0.02808072837
0
0
0.00702175503
0.02507247155
0.00E+00
0.02491534622
0.003739451483
0.02665215209
0.03186339747
0
0
0.03010727886
0
0
0
0
0
0
0
0.02319704979
0
0
0.02426915877
0
0
0
0.01227794883
0.05134360388
0.07258151686
0
0
0.001619744727
0
0
0
0.003115016471
0
0.03517726028
0
0
0
0
0.01608252464
0
0
0
0.02219938716
0.003090171198
0.03386245962
0.02748589065
0.03772906974
0
0
0.03622385065
0.0466627619
0
0
0
0
0
0
0
0.04091212055
0.0005630057141
0.02279382557
0
0
0
0
0
0.01297679484
0
0
0
0.04825722904
0
0
0
0
0.01679273619
0
0.009932923945
0
0
0
0
0.02507281496
0.01053324112
0.01796384368
0
0
0
0
0
0.009777416736
0.01719428412
5.74E-02
0.02851518374
0
0
0.003270554875
0.008486999309
0.05539581547
0
0.01690068823
0.02276836111
0
0
0.02517290706
0.009710301184
0.0581551829
0.03457883834
0
0
0
0.003933192754
0.05043461827
0
0.005298546916
0
0.01508868312
0
0
0.02009248833
0
0
0.01963437059
0
0
0
0.00925778109
0
0.02344991522
0.01558398133
0
0
0
0.01585598347
0.03533159156
0
0.004408815417
0.04367654018
0
0
0.02041292645
0
0
0.01666858034
0
0
0
0.002725422292
0.01357630803
0
0.01555871029
0
0
0.008089260024
0.04549960694
0
0.02354995836
0
0.004425118574
0.0291757691
0.01224525786
0.0115960075
0
0.003146995435
0.02887289933
0
0.01508911068
0.009383533776
0
0.000696315352
0
0.01349441717
0.02636963585
0.03626663105
0.02735736289
0.003831327272
0
0
0.0106170187
0
0.02250701775
0.05240946436
0
0
0.01109286991
0.01521311703
0.02004216057
0.0401197684
0.01670750059
0
0
0
0.005671647444
0.01190783094
0.04786871628
0
0.011553085
0.03060701332
0
0.02841151855
0
0.01389969863
0.003376092029
0.02677288994
0
0
0
0
0.001144927744
0
0
0
0.04989983492
0
0
0.00224202834
0
0
0
0.02171302028
0
0
0.02669597011
0
0.02472352504
0
0.01859742912
0
0
0.01148712871
0
0
0
0.03198232284
0.0359482164
0
0
0.001403723067
0
0
0.02470140503
0
0.0001077334256
0.03449434896
0
0.01775964348
0.0006841177288
0
0
0.003945250625
0.05167903486
0
0
0
0.03465781846
0
0.03348891892
0
0.02130662934
0.03089769473
0.01974384372
0
0
0.001477390647
0.01400292314
0
0.01639865311
0
0
0
0.01082714604
0
0.01736613423
0.01051302328
0
0.02872596926
0
0
0.009943939315
0
0.02956504208
0.01936164338
0.01879952187
0.007117169659
0.01711906169
0
0
0.01416445691
0
0
0.0003106509517
0
0.03909056655
0.0214067138
0.0318825577
0
0.02920831554
0.04198679419
0.03542846264
0.02198418227
0.007936049269
0.03609488714
0
0
0.005367436452
0
0.001987940538
0.01377373026
0
0
0
0.01281627013
0
0
0
0.03134056502
0
0
0.06228471282
0.003154217831
0
0
0.042924963
0
0.03632049464
0
0
0
0
0.02433150776
0.00E+00
0
0.02157545592
0.02907934845
0
0
0
0
0
0
0.03198062206
0
0.004519142276
0
0.005406582974
0.007321709067
0
0
0
0.03545645014
0.03697175603
0
0
0
0.0134175162
0
0
0
0.03788675351
0.04551300386
0.03634274255
0.007945701318
0.007679456878
0
0
0.008991245283
0.01454625596
0
0
0
1.03E-02
0.04205770011
0.002757261569
0
0
0
0
0
0
0
0
0
0
0
0.008840082737
0
0.01427788254
0
0
0
0.02064601531
0
0.04661538383
0.06957061076
0.01122441813
0
0
0
0.02808489222
0.02883738691
0.02181041899
0.0178567694
0.01488013195
0
0.06418958921
0.00E+00
0.01726987247
0.0229866861
0
0
0
0.02230606261
0
0.004706674992
0
0.04223772686
0
0.004648957328
0.05637941126
0
0
0
0
0.0471054672
0.06589196944
0
0
0
0
0
0.01825313249
0
0.02338137184
0.01355075497
0
0
0
0
0
0
0.0003265816852
0.01536366682
0.01302018443
0
0.05828900059
0
0.03351861171
0
0
0.04749929752
0.02868319214
0
0
0
0
0
0
0
0.03825808068
0.0003185210103
0.03410233469
0
0.008575615734
0
0.00E+00
0.02613363447
0.01797527152
0
0
0
0.02774459346
0.005992293184
0
0
0
0.006568267513
0
0
0
0
0
0
0.01032300787
0
0.01996471931
0
0
0
0
0
0.03304456097
0.02030701858
0.04404028444
0.03374851518
0
0
0
0
0.0290878811
0
0.032632805
0
0.005445702075
0
0.04275824426
0.001955539762
0.05484566727
0.01101537805
0
0
0.01350801966
0.00E+00
0.03445877715
0
0
0
0.002008106084
0
0
0.03681467352
0
0
0.03096637448
0
0
0.02084412209
0.01312361451
0.0002539289738
0
0.03451571705
0
0
0
0
0.03297183906
0.004331168203
0.008770865653
2.36E-02
0
0.01048542456
0.03462540843
0
0.008651449048
0.02743328094
0
0.007762298227
0
0.00823056891
0
0
0.0157046553
0
0
0.02032753397
0.03954706423
0.01349429377
0.03378589078
0
0
0.03707204291
0
0.01400285087
0
0.02239338031
0.02981035686
0
0
0
0.005595218236
0.0006664883548
0
0.02162234074
0.01796581509
0.003787119771
0.00852066272
0.01532065088
0.002830497348
0
0.02985634928
0.01061460276
0.02696876752
0.01934008302
0
0.003204456875
0
0
0.005262326
0.01736720408
0
0
0.007884228327
0
0
0.0174132722
0.02722390765
0.003626995608
0.02289096471
0.006994837065
7.13E-03
0.04025851313
0.01153030445
0.02545728964
0.0001836500511
0.03425547721
0.01812191596
0
0
0.003056245283
0
0.005592089169
0
0
0
0
0
0.007454157609
0
0
0.03166554743
0
0
0
0.03013153596
0.05100930074
0.06387881469
0.0008160401945
0
0.01073053258
0
0.01189330807
0
0
0
0.02552078457
0
0.0170086849
0
0
0.02876789717
0
0.004408608388
0
0.03929243888
0.003885506395
0.02101891271
0.03926191939
0.01865531587
0
0
0.02299591721
0.03418682913
0
0
0
0
0.01467457753
0.009331796247
0
0.0265813889
0.007067089158
0.005264616963
0
2.31E-02
0
0
0
0
0
0
0
0.04664576399
0
0
0
0
0.009184633115
0
0.02347473421
0
0
0.003284305636
0
0.00487732488
0.02188563058
0
0
0
0
0
0.005026640911
0.008532764244
0.002587891433
0.04457586862
0.03609414291
0
0
0
0
0.05706278867
0
0.01682400473
0.03335212373
0
0
0.04068248959
0.001686838822
0.04806034471
0.0475183258
0
0
0
0
0.03149472304
0
0.02635328251
0
0.02970106602
0
0
0
0.01810278526
0.03236800747
0
0
0
0
0
0
0.04475685452
0
0.02280987914
0.03095707295
0.00092841903
0.02396406382
0
0.01248264909
0
0.02407010555
0.005683521251
0
0
0.00869289434
0
0
0
0.008355833949
0.01990095159
0.01300091323
0.03585803701
0.003868723722
0
0.01426394996
0.02102813552
0
0.01529657436
0
0
0.01014949363
0.009253362148
0
0
0
0
0
0.01933606427
0
0.01139066482
0.02251548295
0.0007705324376
0.03240855215
0.01828304394
0
0
0.04297690325
0.01748473216
0
0
0.02294593375
0
0.0003478488547
0.01452218363
0.04310758083
0.006203064298
0.01981027104
0.01399258042
0.0456811852
0.001833198624
0.04539097827
0.01730766876
0.02765832643
0.00E+00
0.01492468061
0
0
0
0.005780971107
0
0.007214507743
0
0
0
0
0
0
0
0.039312273
0.009120160526
0.008184004452
0.02815530736
0
0.02391110368
0
0.03435410823
0
0.01110282909
0
0.04527563061
0.01204916308
0
0.007156516181
0.0224978627
0.02853522496
0
0
0
0.007619221108
0.0145851762
0.00424230667
0.03722142727
0
0
0.0165094515
0
0
0.01763194931
0.00275890299
0.01760156857
0.02092113091
0.002016034131
0.01452977741
0
0
0
0.01476387234
0
0
0
0.03420164529
0.009382685625
0
0
0.02658139103
0.003275285519
0.007311915904
0.01473390397
0.002512591624
0.01272834136
0.0193149293
0
0
0
0
0
0.01548884595
0.0206745784
0
0
0.008951349749
0.01920271786
0.02804921746
0
0
0.007790513745
0.0185283712
0.02794755205
0.00298157656
0.008579576028
0
0.01134092736
0.02228877615
0.02070821247
0.02886087538
0.01245588626
0.008512839859
0
0.0475843632
0
0.02868639185
0.02671526256
0.01749320132
0
0.007204485962
0
0
0.01334933443
0.01505665014
0.01111887148
0.01554500179
0
0
0
0
0
0.02168596035
0
0.008134636873
0
0
0.01570732669
0.02403075028
0
0.03636305153
0
0.04155131872
0.0265501976
0.02463986515
0
0.009257456947
0.04031018087
0
0.02382331249
0.007406249816
0
0
0
0
0
0
0.01109970901
0.002058205109
0.01326230257
0
0.0390963784
0
0.002324660952
0
0.01457768153
0.02446135352
0
0.009447478287
0.01695991997
0.006836137552
0
0
0.006797137
0
0
0
0.00777058476
0.01231085575
0
0
0.01905918941
0.02503050013
0
0
0
0
0.0007785489573
0.02084558911
0.02237849174
0.03349950483
0.004820749655
0
0
0.03387948318
0.01395526554
0.03288518469
0
0
0
0.04304679141
0.02655750929
0.005821063755
0.03400175725
0
0
0
0
0
0
0.006159202801
0
0
0.006532500849
0
0.04518663356
0
0.0288170096
0
0.0230799212
0
0
0.0212875392
0.026511207
0.007205830677
0
0
0
0.0184477624
0.01325440735
0
0.05062212913
0.009207031682
0.02602272029
0
0
0
0.02420243777
0
0
0.03272866588
0
0.01091921296
0
0.03685596593
0
0.006267936392
0.05091744524
0.001495249426
0
0
0
0.01240091218
0.0461082264
0
0.01547842817
0
0
0
0
0
0.01637982585
0
1.06E-02
0
0.005602136198
0
0
0
0.0307539477
0
0.004707592174
0
0.05194765202
0
0.006652372487
0
0
0.03019312592
3.89E-02
0
0
0.01009138945
0
0
0
0
0.02450657229
0.0296430155
0.04062203213
0
0
0
0
0.03691552798
0.02050269239
0
0
0
0
0.0253288384
0.02528590203
0
0
0.02472667409
0
0
0
0
0
0
0.006909820549
0
0.01896003568
0
0.0009544546528
0
0
0
0.05053046154
0
0.03400177159
0.03733510022
0.01235858654
0
0.01024189727
0.01537786942
1.65E-02
0.01431177113
0.04933665809
0
0.01936882119
0
0.04865493438
0
0.01863639581
0
0
0
0
0
0.02453861083
0
0.008362211285
0.006287777099
0
0
0
0
0
0.006201050848
0
0.02956250478
0.02237058441
0
0
0
0.01650291877
0
0.02105577425
0.04208738771
0
0.04068302312
0
0.007615869794
0
0
0.01805007181
0
0
4.13E-03
0
0
0
0.02291699637
0.04826631582
0
0.03219256881
0.02082788603
0.009066918472
0.005540680693
0
0
0
0
0
0.007824624122
0.02911997434
0
0.001635381633
0
0
0
0
0
0.01934458423
0
0
0.02165416834
0.0465073571
0
0
0.02454984078
0
0
0
0.02661586086
0
0
0.01279969558
0.01500496767
0.03250695482
0.02696831218
0.02666411377
0.03111759168
0
0.02183783222
0
0.03222350137
0
0.03574608123
0.02775715426
0
0
0
0
0.01885748434
0.02207839948
0
0
0.009671710193
0
0
0
0.04858574458
0.04379897917
0.0233175967
0.007552685871
0
0.009488982033
0
0
0.0417799584
0.02126132222
0
1.42E-02
0.01614797057
0.01919567241
0
0.04207866471
0.0399892779
0
0.01251085546
0
0.008358742098
0
0.01157001417
0.01006882549
0
0.03727605676
0.0194150938
0.02505516689
0
0
0.02387275194
0
0.001980952128
0.01370274042
0.02883462284
0
0.06457729615
0.00759707217
0
0.000803850426
0
0
0.01274676575
0
0
0
0.02490644105
0.04563579301
0.002939613439
0
0.01491284049
0
0.0231178706
0
0
0
0.03378912171
0.05449306311
0
0
0
0
0.02915140497
0.01400395269
0.01498409536
0
0.008909950685
0
0
0.01571578915
0
0.0239878946
0.03223698906
0
0.005856430847
0
0
0
0.001903554088
0
0
0.01450623853
0
0.007660469722
0.01524368233
0
0.01191208623
0
0
0
0.04448152819
0
0
0
0
0
0
0.02294081697
0.002624195054
0.003896646423
0.0157622169
0.0006260714653
0
0.02818937871
0.003086639391
0.003674980357
0.004218786245
0.02616503028
0
0
0.002356266662
0
0.01000285698
0
0.02033798362
0
0
0
0.01272991226
0.03604047922
0.0001891080705
0.04619892113
0.01317239254
0
0
0
0
0
0.007440807469
0.04425167272
0
0.01967405719
0
0
0
0.02103753993
0
0.007069305956
0.04186495947
0.02813592084
0.002951855497
0.01653951453
0
0
0
0.05172337118
0
0
0.005634647705
0
0
0.01886965548
0
0.008157954205
0.01427924088
1.76E-02
0
0
0.01235423383
0
0.01022720839
0.01552395087
0
0.001219226573
0
3.44E-03
0
0.02889012186
0
0
0.05120451032
0
0
0.006020133975
0.007504790623
0.01487273154
0
0.04828771879
0
0.02043027838
0.004936396361
0
0
0
0
0.02286231131
0.01280535217
0.02800841282
0
0.02416214837
0
0.04646269558
0.05232990131
0.03066433148
0.007478521872
0.02965885851
0.01722599618
0
0
0
0
0.006694716778
0
0
0.016436793
0.01676642277
0.005707538589
0
0.02063347232
0
0
0
0.02193110517
0.02037172664
0.02372006454
0
0
0
0.02425000718
0.02737264935
0.02324289381
0.03055246858
0.03627671419
0
0.007795308696
0
0
0
0
0.01686681234
0
0.02815898815
0
0.006585523937
0.02104047773
0.03049953329
0.001767294833
0.03346488977
0.0184109831
0.04732971988
0.00E+00
0
0
0
0
0.01621227084
0.004614057956
0
0.03088994226
0
0.02000939216
0
0.007166775596
0
0.01702312775
0
0
0.009998449004
0.02409852925
0
0.01459509364
0
0
0.01413598674
0
0
0.01250668897
0.01633264587
0
0
0.03620996579
0.03279713088
0
0.01465834144
0.01382682465
0
0
0.01201744547
0
0
0
0
0
0
0
0.05111673391
0.005844617659
0
0.004017786813
0
0
0.0297734099
0
0.01280331108
0.01746485022
0.05307805524
0
0.006486515579
0
0.03471895944
0
0
0
0
0.02485849703
0.01161525995
0
0.03091250995
0
0.008717679715
0
0.03329621841
0.018089031
0
0
0.00972870975
0.02499453129
0
0.01925202566
0
0
0.01014202957
0.008481371337
0.03142871981
0
0.006835871787
0.04623933934
0
0.01156853564
0
0.004666602489
0.001100718395
0
0.01853306381
0
0
0.005926458217
0
0.01206588891
0
0.0108731525
0.03418061282
0.02566090018
0.01998353109
0
0
0.03307868413
0
0
0
0
0.004944123694
0.02726418707
0
0
0
0
0
0.001084163328
0.005074358329
0
0.006664170735
0
0.01820497179
0.03354862718
0.02165594446
0
0
0.01443383354
0
0.004828227441
0.001410210924
0.01325328821
0
0.01888263551
0.01958588885
0.01362955201
0.03976206396
0.02244903897
0.01427633494
0.05560668568
0
0.02012487962
0.01313831866
0.0364692077
0
0.0399080718
0
0
0
0
0.007080127703
0.02301850929
0.004137662975
0
0
0.001539425573
0
0
0
0.0364961098
0.01579704618
0.001198569447
0.01326693519
0.0138953837
0
0.03677183968
0
0.01554789588
0.01280333186
0.02722980288
0.00542001863
0.04524586012
0
0
0.00412531163
0
0
0.006730391609
0.01718750617
0
0.03742899113
0.0008894828888
0.008687110794
0
0.0006730532191
0.01131765406
0.005221414208
0
0.02317290498
0
0.03133517696
0
0
0
0
0
0
0.002120139697
0.0473410848
0
0.0300686516
0
1.24E-02
0.01550378882
0.01941996642
0.02799928894
0
0.009939122103
0
0
0
0
0.01099833206
0
0.02975395859
0
0
0
0
0.04237696258
0.0338535935
0
0
0
0
0
0.03529130549
0
0.001206527191
0.02755255765
0
0
0
0
0
0
0.04250022512
0.00E+00
0.03764041666
0.02083283027
0
0
0.0298831716
0
0.02662301057
0.03464512798
0.009678125561
0
0.02292519219
0
0.01740203643
0.04656373806
0
0
0.02292315758
0
0.006934701967
0
0
0.0008162322784
0.01030747665
0
0.01211941099
0.02261952541
0
0
0.04368475239
0
0
0
0
0
0
0.003404902667
0
0
0.008644309195
0.02806057167
0.04360490706
0
0.01625382454
0.004140472038
0
0
0
0.01407441392
0
0.0364091238
0.01556290196
0
0
0
0.0186862791
0
0
0
0.01118350763
0.03408075828
0.003178460532
0.03228671238
0.03139755776
0
0.00187244285
0.006857455415
0.04762733098
0
0
0
0.01271717703
0
0.0279380969
0.0004917567199
0.02346647374
0
0.007217650115
0
0
0
0.003841580136
0
0.01219998307
0
0.0001503807966
0.006098067736
0.03825678981
0
0
0
0
0.02987763197
0
0.001220026779
0.002191966768
0.003602068677
0.03187413265
0
0.04397583848
0.02560162834
0.01918791338
0.007441619206
0
0.00534489585
0
0.01709117319
0
0.01643396133
0.04229601233
0
0
0
0.02716694423
0.03828228014
0.0490518229
0
0
0.03652549436
0
0
0
0.01289902504
0.03082417734
0.02572274684
0
0
0.02694694312
0
0
0.02490231779
0.004540537696
0
0.02651000491
0.009591318697
0
0.003826933819
0.03191473518
0.03215375649
0
0.002645814535
0
0.02435727683
0
0.02063541548
0.009784531181
0.01295961695
0.008960278901
0.0123418322
0
0
0
0.02604962067
0.008119589351
0.008833244577
0.01843887062
0.03585193404
0
0.03661057229
0.01532818479
0
0
0.002262318388
0
0.02956221069
0
0
0
0.02280008043
0.02944738333
0.01372769214
0
0.02603059485
0
0.02994334884
0
0
0
0.02716815411
0.03910485346
0.01889447449
0.01517742869
0
0
0.01320481279
0.02769480514
0.02538065023
0
0.004138033844
0
0
0.01762795357
0
0.03096973564
0.0211397192
0.01679332319
0.02388207315
0.002507064576
0
0
0.01126827406
0
0.008451697049
0.003739004483
0.00431327035
0.005724842017
0.01955148416
0
0.001642745923
0
0
0
0.04362352708
0
0
0
0
0
0
0.00828530486
0.0230456533
0
0.001856256516
0
0.0004501294135
0.01197162504
0.01731614486
0
0
0.01364788252
0
0
0.00102115558
0
0
0.0006615017322
0.02527659763
0
0
0.01352256003
0.0197483701
0.04632158078
0.008103857236
0.03201720485
0.01573924265
0
0.007136591186
0
0
0
0.008174292487
0.03216684917
0
0.005927579679
0
0.005553349468
0
0.03077217351
0
0.02391169443
0.03779643223
0.02700488864
0.01487947564
0.005707946197
0
0
0.0001675482598
0.05327927485
0
0
3.97E-03
0.0007360882344
0.006345244246
0.02344225558
0
0.009634424505
0.02649034291
0.01454410788
0
0
0.0124975679
0
0.00166820414
0.002804394798
0
0
0
0.009905300404
0
0.01672450873
0
0
0.04591380085
0.0003786243464
0
0.0125543463
3.03E-03
0.01442564535
0
0.03011625443
0.0009729264831
0.005742074032
0
0
0
0
0
0.02902825713
0
0.03351744215
0.01579615727
0.0106376469
0
0.0403731164
0.02978513315
0.04276979685
0.01838028161
0.03725765549
0.02845442548
0
0
0.02150624857
0
0.01112339476
0.008707635411
0
0.002227189505
0
0
0.00767518846
0
0.005841012754
0
0
0
0
0
0
0.01451286913
0.00679613573
0.03252830482
0.01138077356
0
0
0
0.006712759205
0
0.03158372623
0.03745219114
0
0.03147421959
0
0.03513813239
0
0
0.03246073181
0
0
0.02907751481
0.006186426766
0
0
0.03483298857
0.0297201321
0
0.02004635615
0.01433355939
0
0
0.02403206211
0
0.00453548503
0.005255271849
2.13E-05
0.01679494669
0.01741009937
0
0
0
0.02316730377
0
0.0139235931
0
0
0.004640449361
0.003154855256
0.03195066873
0.04901752361
0
0
0.02118016871
0
0
0
0.05175896292
0
0
0.01295931706
0.00982350052
0
0.03890535272
0
0.00961778812
0.00E+00
0.0266520711
0
0.04033535059
0
0.021063776
0.01231567764
0
0
0.004946483807
0
0
0.01890655355
0
0
0.0143620262
0
0
0
0.04729330671
0.03976141472
0.0414209491
0.007040670174
0
0.02344653461
0
0
0.01782209818
0
0
0.005751428883
0.03798079775
0
0
0.008165361297
0.008421532967
0
0.04643340993
0.01972545846
0.01708484707
0.01850195852
0.04296604547
0
0
0.0010443023
0.03196246665
0
0
0
0.003858415721
0.01963645536
0
0.02734593112
0.02129726148
0
0.03476724969
0.02871291561
0.007436652544
0.04076135032
0.001931852654
0.01882340738
1.96E-02
0
0
0
0.03636806416
0
0.008018901734
0
0.0211309421
0
0.03517631173
0
0
0
0
0.01471315376
0.01793948251
0
0.001171907252
0
0
0.02980994718
0.007438025814
0.007035794899
0
0
0
0
0.01929315604
0.03816289378
0.007647678629
0.003921931227
0.02599783635
0
0
0.02835218886
0.005586612726
0
0.005479155448
0
0
0
0.02050227878
0.0187604588
0.04202240883
0
0
0
0.01036502795
0.0143084424
0
0.006258613774
0
0.02041858216
0
0
0
0
0.00608744916
0.01520831433
0
0
0.02930148422
0
0.03025015252
0
0.01179638747
0.0410848203
0.04198982395
0
0
0.03042988521
0
0.01252146437
0.01078526146
0
0
0
0
0
0
0.02252778689
0
0.04522721371
0.002327219363
0.04698379481
0.02627103036
0
0.00E+00
0
0.0141550076
0
0
0
0.01861487438
0
0
5.90E-05
0
0.021899244
0
0.04312707985
0.04492696587
0
0
0.02486409204
0
0
0
0
0
0.03770971412
0
0.03154403929
0.01030458052
0
0
0
0.02397470084
0.03628400235
0.03786296113
0
0
0.008291538603
0.008375302024
0
0.03254764485
0.01182572714
0
0
0.006075707284
0
0
0
0.01942992526
0
0
0.03378064337
0
0.03192574233
0.006465028938
0.0176359716
0
0
0.004529133194
0.01812376744
0.01705975725
0.003830601482
0
0
0.000489174138
0
0
0
0
0.02467339667
0
0
2.65E-02
0.0248254657
0
0.0360506191
0
0.006923139292
0
0
0.03659191196
0
0
0
0
0.04007311086
0
0.02209199492
0.01771353515
0.008898891962
2.36E-02
0
0.0205249446
0
0.02004361497
0
0.02010155593
0.02752455067
0.004414924035
0.0208404309
0
0
0.03524678758
0
0
0.02430267927
0.02978875795
0
0.06192203793
0.03044401207
0
0.004573824253
0.007691353031
0
0.001574873937
0
0
0
0.003412035076
0.0424051704
0.004086346273
0
0.03026412445
0
0.02044530294
0
0
0
0.03808006706
0.07505096162
0.003353802729
0
0
0
0.01314875756
0.01497553894
0.007195176922
0.003245986073
0.02312767516
0
0
0
0
0.02950021586
0.03854669627
0.005620775338
0.005452918767
0
0
0
0.00852711776
0
0
0.007236791915
0
0
0.01149035661
0.005460684538
0
0
0.01013858332
0
0.04415321461
0
0
0
0
0.001960008764
0
0.0209264181
0.003387017328
0.0347494791
0.001665377587
0.004943332292
0.01789325627
0.004648644673
0
0
0
0.0166077578
0
0
0
0
0
0.02084852293
0.008966651303
0
0
0.05146946129
0.01401057333
0.0281488597
0.008125927817
0
0
0
0.0344671839
0
0
0
0.03025788977
0
0.03006332749
0
0
0.02191860194
0
0.01097497688
0
0.02770907639
0.007109292633
0
0.04262017714
0
0
0
0.008143622355
0.02185563827
0
0.001653269323
0
0.03350494408
0.01778657155
0.02877756109
0
0.01769746691
2.10E-02
0
0.004352779681
0.02525885048
0
0.0246541938
0
0
0
0
0.00155396279
0.03311893231
0.01068430888
0
0.001767587777
0
0
0
0.02606892089
0.01406172228
0
0.02464857127
0.0003348242236
0
0.02961477095
0
0
0
0.01281482067
0
0.006487734511
0
0
0.03115766968
0.04171268205
0
0
0
0
0.04332134308
0.01546632466
0
0.04426132751
0
0
0.03548293707
0
0.01887190036
0.05057082069
0
0
0.02027430423
0
0.01511471463
0
0
0
0.0119447008
0.02867724976
0
0.01290824863
0
0
0
0.02296392463
0.02174979143
0.008389204252
0.04398014693
0.02789066027
0
0
0
0.01916109711
0
0
0.03100946325
0
0.02778164444
0
0.01036969055
0.002584789509
0.003179048573
0
0.01109827383
0.03542702854
0.02948132275
0.0007810470235
0.02027604131
0.01857391596
0
0
0.02547460653
0.0249065236
0
0.008614622911
0
0.004678771969
0.01102254022
0.01830650393
0
0
0
0
0
0.02007753129
0
0.00530591158
0.002392988127
0
0.01981267899
0.002772282805
0.001901356208
0
0.01735069166
0
0
0.04298181404
0.01736624971
0
0.007884909483
0.02344547397
0.01244000027
0
0.05034715002
0.002054373548
0.009145880244
0.02488326058
0
0
0.002440761635
0.009904818142
0.01559426125
0.03119809173
0.003796476074
0
0.00493133994
0
0.04032463308
0.0362047475
0.01654340049
0
0.02067982454
0.00498129667
0
0
0
0
0.004509423627
0
0
0.03210849523
0.004439885451
0.005317239507
0.03756537086
0
0
0
0
0
0
0.03424029196
0
0
0.01553876626
0
0.008562912262
0.006360826527
0.0351401403
0
0
0.014076362
0
0
0
0.005417590659
0.05135143546
0
0.01822789421
0.005037978535
0
0
0.03842452573
0
0.00E+00
0.03752403605
0.0001218474769
0
0
0
0
0
0.0423085242
0
0
0.0185366629
0.02555131019
0
0.02824493663
0
0.001968696767
0.03869121383
0.01732443791
0
0
0.01571240433
0.008179860763
0.006744640296
0.0107158568
0
0
0
0
0.009225660839
0.03700891767
0
0
0.03712793802
0
0
0.01732878615
0.002533484531
0.02030045594
0.01120599985
0.0152036727
0
0.0095470876
0
0
0.001076938838
0
0
0.02026668886
0
0.01771020683
1.36E-02
0.04380977765
0
0.03877247984
0.04164081262
0.01595603011
0.0345945238
0.02477560003
0.02120401668
0
0.01601160983
0.0099497538
0
0
0
0
0.009847504303
0.0004469126861
0.003094451422
0
0.01097957874
0.0008859204923
0.009116679871
0
0.04636780349
0
0
0.005551503684
0.01074637237
0
0.06427813357
0.03812324785
0
0.009040517696
0.02991013537
0
0
0.02510103096
0.05344895777
0
0
0
0
0.004437659182
0
0.02444407403
0
0
0.04590095013
0.0128752029
0
0.05379405952
0
0.05359177261
0.002022921481
0.0003918602372
0.01395104306
0
0.04150495751
0
0
0
0
0
0.02797984284
0.003978850802
0
0
0
0.000680133126
0
0
0.01113966215
0.00270897578
0
0.01339620715
0.00182690472
0.02897789979
0
0
0
0
0.01050685161
0.01861465639
0.01511684376
0
0.00759368617
0
0
0.04589585046
0.003411898358
0.01227752061
0.01467146897
0
0
0
0.02480657196
0.00644522206
0.06825331432
0.003065896099
0
0
0
0
0
0.009967396569
0
0.006659493076
0
0
0
0
0.03415303194
0.04777772501
0
0.006168543893
0.01391980577
0.02125587334
0.01582316624
0.001749324239
0.01901512656
0
0
0.01414782281
0.01836062454
0
0.03065483589
0.004938518743
0
0
0
0
0.01526537262
0.03728526884
0.01156324643
0
0.00850976444
0
0
0
0
0.04237392889
0
0.04008435833
0.003311409908
0
0.0225416092
0.03425772707
0
0
0.02198980523
0.01490408917
0
0
0.01358018506
0
0
0.0104853735
0.008970871404
0
0.04044013597
0
0.002432378208
0.006690352603
0
0
0.02682888544
0.005764606314
0.001928164278
0
0.02423228898
0
0.01986162782
0
0
0.007074310306
0
0
0.0184614905
0.04051164215
0
0.01834323728
0.02918566735
0.01690617394
0
0.01640975152
0.01207692971
0
0
0.005115053879
0
0
0.00112946482
0.007981196044
0
0.01918774062
0
0.03451983939
0
0
0
0.03351787212
0.001113934206
0.03070794499
0.01993427023
0
0.03019672444
0.03321534492
0
0.01752373907
0.02513952537
0.01041042465
0
0
0
0
0.03209098046
0
0.003010339264
0.02934043044
0
0.0278101365
0.01929347356
0
0
0
0
0
0.006173021361
0.01483015099
0
0
0
0
0
0.03139221299
0
0.02462102329
0
0.02093788939
0.0470084944
0
0.002974522118
0
0.0380167711
0
0
0
0
0
0
0
0.006008966313
0.0119967453
0
0.04500909287
0.02846190085
0.0001242306683
0
0.02322766865
0
0.03065012495
0
0
0
0.03618071151
0
0.01836927244
0.01033625095
0
0
0.01729730647
0
0.02910085417
0.0286160262
0
0.005699726994
0.01944522222
0
0
0.05792125433
0.01242660616
0
0
0.01499175634
0
0
0.004664716931
0.05680064687
0
0.00708966444
0.02705687945
0.01198998347
0.02196128183
0.04960395482
0.006329640964
0.0004194942898
0
0
0.02472391923
0.01749992821
0.01424730262
0
0
0.01112000283
0
0
0
0.004540293868
0
0
0
0.02843649736
0.01402775471
0.01636539485
0.02185046049
0
0.0217934979
0
0.01325304593
0
0
0
0.01586191626
0.02485812333
0
0.002707243019
0
0.003251715881
0
0.03515320763
0.01911058927
0.01081491123
0.02780459091
0.03160998196
0
0
0
0.03491881556
0
0
0.01013821
0.001351381232
0.01479722118
0
0.02589651761
0.004400975169
0
0.002460012082
0.01724188306
0.02734307837
0.02017127782
0.0128726706
0.02609681467
0.02436169094
0
0
0.01035276965
0.02973763547
0
0
0
0.01288691457
0.01059723911
0.03139537988
0
0
0
0
0
0.01784487056
0
0
0
0
0.02772804239
0.01935443267
0.01586486123
0
0
0
0
0.02866207316
0.02112559736
0.002301650032
0.007817706839
0.02842103478
0.01695026197
0
0.04573175702
0.01764368762
0.0005717689752
0.02983989372
0
0
0
0.0281335587
0
0.03915034668
0
0
0
0
0.02760449931
0.01801435704
0.01822608114
0
0.00460926297
0.007718958587
0
0
0
0.01334165873
0.01389619409
2.61E-05
0
0.0261819867
0
0.01233954625
0
0.04965836605
0.02399358255
0.01334447346
0
0
0.06074014753
0
0.03199106678
0.02079117815
0.007084065429
0
0
0
0
0
0
0.0147945247
0.04065876272
0
0.04910655151
0
0
0.01601512972
0
0.01525096505
0
0.01917580137
0
0.05553095799
0.0005417387281
0
0
0
0
0
0
0.01410776532
0
0
0.05438573637
0.006756245828
0
0.004030631679
0
0
0
0
0
0.05475562134
0.06375181039
0
0
0.008532067973
0
0.039326842
0
0
0
0.04484333251
0
0
0.01717284972
0
0.006412314959
0.02369568044
0
0
0
0
0
0
0
0
0.03948567712
0
0.0008209534034
0
0.007015445983
0
0
0.02719019065
0
0.03671684542
0
0
0
0.001574078217
0
0
0.04824811224
0.002015056574
0.04159810539
0
0
0.001332900924
0.02521487756
0
0
0.01691534438
0
0.05266896273
0
0.01505144449
0
0.01987841131
0.0685531122
0
0.004142581683
0
0
0.03122918992
0.02356681722
0.01201163668
0
0.02504644559
0
0.008131730329
0.01508215467
0
0.02837390368
0
0
0
0.007193495774
0
0.003129294026
0.0230787152
0.01591912175
0.04847311495
0.03154914003
0
0.05324760918
0
0
0
0
0.0109642502
0
0
0.007906332442
0.02283906807
0
0.01622660455
0
0
0
0.007305439324
0.001160198171
0.01706787627
0.05536614888
2.99E-05
0
0.02282391412
0.00E+00
0
0
0
0
0.03753097717
0
0
0
0
0.02980788768
0.002494944509
0
0
0
0
0
0
0
0
0.005915779426
0
0.00E+00
0
0.05197367112
0.003077196466
0
0.02499624493
0
0.01472000177
0
0
0
0.005736324967
0.04684892953
0
0.03733746885
0
0.06250946836
0
0.01130446701
0
0
0.0008146614903
0
0.009786998694
0
0.04769992635
0.005035651588
0.007728371051
0
0
0.06541119946
0
0.01813691766
0.003074483255
0.01560605595
0
0
0.01140935736
0
0.001901395319
0
0.02672053865
0.02117333355
0
0.03767496826
0
0
0.01350793065
0
0.004850532188
0
0.0252003119
0.01398540474
0.04218997257
0.01525253742
0
0.008639386683
0
0
0
0
0.005641054729
0
0
0.03867727445
0.01943399426
0
0.01413016254
0
0
0
0.01552749033
0
0.04998104552
0.06331401805
0
0
0.008623289803
0
0.02172474114
0
0
0
0.05251699862
0.00E+00
0
0.006575886726
0
0.01585314009
0.01280859406
0
0
0
0
0
0
0
0
0.03140897676
0
0
0
0.02511841871
0
0
0.03473945866
0
0.03265066803
0
0
0
0.01791449305
0.01805081359
0
0.0463665085
0.008769793809
0.05804628386
0
0
0.001490064112
0.005651557288
0
0
0
0
0.01195296992
0
0
0
0
0.05522803709
0
0
0
4.23E-02
0.01284302767
0.004298978586
0.01778034203
0
0.00344301497
0
0.04135653477
0.01589796293
0
0.01973317106
0
0
0.04021549305
0
0.002406689549
0.02048537419
0.01097846773
0.006780551981
0.03357239485
0.03315630907
0
0
0.02338326476
0
0
0
4.68E-03
0
0
0.03907491897
0
0.00771914444
0.02866825673
0
0
0
0.01327141553
0
0.0431521493
0.07374756478
0
0.01329378865
0
0
0.005234121826
0
0
0.01259888298
0.0387877831
0
0
0
0
0.008935510163
0.03875974954
0.0109375872
0
0
0
0
0.01484680618
0
0
0.01081558306
0
0
0.0007215759646
0.001574710059
0
0
0.04352141228
0
0.02889570404
0
0
0.009922620632
0.01492580313
0.001434106299
1.34E-02
0.01622847969
0.005115068984
0.05796238187
0
0.007145066149
0.0387628783
0
0
0
0.01009411849
0.02220067747
0
0
0.02131233504
0
0
0.02209802969
0.01463157962
0
0
0.03143174583
0
0.03125283295
0
0.007217551059
0
0
0.01380373747
0
0
0
0.03269591389
0.02598468664
0
0
0.0005361434471
0
0
0.03277168492
0
0
0.01580919138
0.0004356198168
0.006716890898
0
0
0
0.02147821403
0.05233469144
0
0
0
0.0247314622
0
0.01662272738
0
0.03297354918
0.04277230669
0.03585456048
0
0
0
0
0.007847965585
0.02379983573
0
0
0
0.005922571835
0.01878748271
0.02072574838
0.006397627963
0
0.01951627851
0
0
0
0
0.006811421904
0.009782440711
0.001592116372
0
0.02129490343
0
0.001582237119
0
0
0
0.01417636615
0
0.04712780188
0.04522134274
0.03373248653
0
0.01518079655
3.24E-02
0.03068350054
0.02818057527
0.01835578074
0.02526677112
0
0
0.03178703792
0
0.006924861735
0.01112354529
0
0
0
0
0.05204717187
0
0.01186441661
0
0.02685904846
0
0
0
0.0001119501052
0.01667875564
0
0
0
0
0.000430929071
0
0.0370962337
0
0.004027614729
0.0305167204
0
0.03071271896
0.003815574127
0.005005970505
0
0.013491929
0.008026320896
0
0
0
0
0.01142341277
0
0.01498440878
0.02625349731
0.01448915597
0.0311309458
0
0.005249089323
0.01122558002
0
0
0.02078786144
0
0.0142903789
0.009847618079
0.01235511119
0
0
0
0
0
0.01994316263
0
0.01629752727
0.002876946318
0.003612319695
0.03101577555
0.02274546176
0
0
0.03784938228
0.005336650415
0
0
0.01142786317
0
0.006314050977
0.0283190575
0.04147578811
0.02747896812
0.02366038023
0.02128009176
0.05105155363
0
0.04316155221
0.01132304233
0.02838073796
0
0.01853961469
0.01054990833
0
0.006373554158
0
0.001689887607
0.03058885702
0.006951252164
0
0
0.01232425353
0
0
0
0.0341804068
0.01117228082
0.0089613593
1.24E-02
0
0
0.008917245415
0
0
0
2.45E-02
0
0.02352272944
0.001049466011
0
0
0
0.00E+00
0.05912994671
0.06424326945
0
0.01442159443
0.01401153238
0
0
0.008402015824
0.02980968806
0
0.01630972089
0
0
0
0
0.01264409301
0
0
0.007481853412
0.0104787193
0.001862572204
0.05592928756
0.006093719487
0.05593532684
0
0.001517777879
0.03065792655
0.0338151685
0.0072356969
0
0
0
0
0
0
0.02936887647
0
0.02032417257
0
0
0
0
0.01567667409
0.02061110381
0
0
0
0.03760977537
0
0
0
0
0.02543159318
0
0
0
0.00E+00
0
0
0.05153076344
0
0.02931391358
0
0
0
0
0.005407163408
0.01462780139
0.05117976991
0.03913203943
0
0
0
0.009752955083
0.02395419656
0.0348752946
0
0.01837738792
0
0
0
0
0.02159270572
0.05738174234
0.005849503933
0
0
0
0
0.03348045552
0
0
0.006780359164
0
0
0.01223517949
0.01834142895
0
0
0.04157497246
0
0.03287664461
0
0.0008403253875
0
0
0.02285295802
0
0
0
0.03550754603
0.0190450262
0
0
0
0
0
0.02765971373
0
0.00917025124
0.02288488449
0
0.02483937167
0
0
0
0.01264079669
0.04937873921
0
0
0
0.0348757009
0
0.03020181025
0
0.02729404853
0.03736914074
0.02052618237
0
0
0
0.0132250254
0
0.009971234427
0
0
0
0.01803974391
0.01037493238
0.004726121487
0.005790471145
0
0.017720757
0
0
0.008491065659
0
0.0228994177
0.01009206614
0.0009619972734
0.00916405805
0.00880189981
0
0
0.008236566955
0
0
0.002794548975
0
0.04513790951
0.04170511905
0.01880958464
0
0.01641953666
0.02116634601
4.20E-02
0.0260963186
0.01028939701
0.0401968623
0
0
0.02864907042
0
0.0100625777
0.02777800796
0
0
0.01183263607
0.01390704745
0.001553422002
0
0
0.005072825206
0.01105208428
0.0417717584
0
0.001770980461
0
0
0
0.02242312713
0.02469331577
0
0.0475492745
0.02121303397
0
0
0
0.02186061684
0
0
0.03044617286
0
0.0328387918
0
0
0
0
0
0
0.02573042939
0.0431791471
0
0.0307109318
0.01063607837
0
0
0.0263669817
0.03184246601
0
0.008526947773
0
0
0
0.0101705387
0
0
0.01096424502
0
0
0.009410277925
0
0.02202788252
0.01684797233
0
0.009479766901
0
0
0
0.02605044047
0
0
0.042659508
0.01093139162
0
0
0.01303268528
0
0
0.05688069198
0
0.02386451021
0.02845790283
0
0
0.0144767267
0.0005972693314
0.02163651034
0.04083165782
0.00746665371
0
0.01110023876
0
0.03591541073
0.04636408226
0.007821542869
0
0.02376491013
0
0
0
0
0.0009467904525
0.01047117316
0
0
0.03285115109
0
0.0008521267069
0.0433699139
0
0
0.006953802183
0
0
0
0.01988413279
0
0
0.01338549306
0
0.03465480488
0
0.03125922746
0
0
0
0
0
0
0.02820642869
0.04198876176
0
0.0009052616297
0
0
0
0.02418566259
0
0
0.03864885934
0.006961228106
0.01174620164
0.01098874727
0.00E+00
0
0.006212858272
0.05904815812
0
0
0
0.01968611772
0
0.02758666373
0
0.02246633134
0.02635195628
0.02502848542
0
0
0.001959157014
0
0.002424516814
0.02215747962
0
0
0
0.01043813073
0
0.02464820699
0
0
0.04037407038
0
0
0.004945033265
0
0.02335352564
0.006319432334
0.03454541415
0.0008424780943
0.02481630567
0
0
0
0
0
0.009662295618
0
0.0422718876
1.32E-02
0.03308745453
0
0.03757582881
0.05351186361
0.03730000822
0.01580099078
0.01735510189
0.02996938084
0
0
0.0002588807691
0
0.007702901622
0.005106251566
0
0
0.02472651931
0
0.02485009406
0
0
0
0.008390963801
0
0
0.01998034886
0
0
0.01296566963
0.01786890996
0.004440524794
0.02780863063
0.008302431414
0.02712532599
0
0.01686857106
0
0.0111663361
0
0
0.005914624031
0.02516550758
0.0006044126364
0
0.03153299676
0.01401021733
0.001970827373
0
0.0298619172
0.02819258958
0
0.02855360414
0
0.02431525305
0
0
0.002863653426
0.003584324693
0
0.0003676031863
0.01541563255
0.03064669853
0.03105946494
0.02809516053
0
0
0
0
0.01111163369
0.02653416076
0.02393156069
0
0
0
0.03018181212
0.02679782032
0.01198624284
0.00E+00
0
0
0
0.01482516978
0.0221895617
0.01473820789
0.02869045804
0.03050777533
0.03327686193
0
0.01044586319
0.02986498097
0
0.006489047511
0
0.007205472244
0
0.02693283977
0
0.002938922538
0
0
0
0.01265895124
0.02060256647
0
2.18E-02
0.0040571596
0
0.02816476389
0
0.01490534716
0
0
0
0.01999803111
0
0.01254820072
0
0
0.05259126311
0
0
0.002125707776
0
0
0
0.01255510009
0
0
0.04037765549
0
0
0
0
0
0.005697800967
0.02377010448
0
0
0
0.03809675404
0.01684093147
0.004057072307
0
0.0388842909
0
0
0.01578873254
0
0
0.01119305004
0
0.01626020426
0
0
0.01527509689
0.006665418571
0.02483103353
0
0.0009691481726
0
0.05532634608
0
0.02932291258
0
0.02199473266
0.03106398182
0.0144606782
0.01010948552
0
0
0.03456453015
0
1.41E-02
0.002372590964
0
0.0002451320599
0.005978045271
0.01355000642
0.005271608476
0.04126190471
0.004361216603
0
0
0
0.007251252082
0
0.02830233012
0.05219645176
0
0.00993551669
0.01029642461
0
0.01315386808
0.04592727883
0
0
0
0
0.02691227342
0.03232379489
0.03250437481
0
0.0001169571836
0.01935619411
0.01514312818
0.02513889623
0
0.0312720179
0
0.01316306574
0.007087667946
0
0
0.01994201259
0
0
0.0132687713
0.006614686938
0.0415561549
0
0.01785037911
0
0.04189642711
0.009074627531
0
0.008164896605
0.01799721858
0.02058201625
0
0
0
0
0.02014202612
0
0.04336599614
0
0
0.002719787581
0.00E+00
0.001378164305
0.03134149397
0
0.02048977087
0.0315194904
0
0.003773579207
0
0
0
0.01433986084
0
0
0
0.02315251264
0.01958526853
0
0
0.01758421233
0
0.009978044391
0.02083013677
0
0.009964929347
0.0004352326557
0
0
0.002080325555
0
0
0.007251856418
0.01663525719
0.004748779965
0.01509044985
0.01424460466
0.003238183941
0.01390088157
0
0
0.02519449017
0.03003209624
0.03616706122
0.005967934435
0
0
0.003830549587
0.008997883826
0.01566619594
0.04298136806
0.01244426201
0
0.01496224158
0.04723586663
0.01123857116
0.03265576301
3.67E-02
0.0003837894325
0
0
0
0
0.03721670919
0.0007845018606
0.0129758995
0.03483930024
0
0.004190263171
0
0
0
0.0209391986
0
0.001361199304
0
0
0.01901087316
0.01944501381
0
0.02945345264
0.03020397906
0
0.01332686187
0.02252429242
0.008496510282
0.007445041426
0
0.00382533895
0
0
0
0
0
0
0.0294990365
0
0.02314808365
0
0
0
0.001335111591
0.01713504782
0.0423236454
0.00E+00
0.0178612873
0.01487509066
0
0
0.01356453432
0
0
0.01308981827
0.003204266201
0
0.007931386969
0
0.02448189573
0.01207203196
0.03194541394
0
0
0.006045123582
0.008785947269
0
0
0
0.02009709127
0.01737437169
0.03616984218
0
0
0
0
0.02831501257
0.04139385987
0.003282806666
0
0
0
0
0.04380043287
0.02329800125
0.01798619742
0.02049035072
0
0
0
0
0
0.03106108067
0.02364412574
0.00E+00
0.04090324988
0.02341453671
0.01288461326
0.009384070876
0.03020575884
0
0.006545187968
0
0.02066664137
0
0.05564831329
0
0.01857314079
0.06072391271
0
0.008817314484
0.004866423887
0
0.004826295317
0
0
0
0
0
0.00782521736
0.005228952526
0.02300561437
0.008961425214
0
0.02955551438
0.00304599293
0
0.0221757879
0.01026658863
0.006068333765
0.02449760773
0.02231207536
0.01126226211
0.0007130027059
0
0
0.01938370239
0.01462063656
0.007102006359
0.007960178253
0.01871904352
0
0
0.003017437826
0.00E+00
0.02216184303
0
0.03008720629
0.02171302236
0
0.03282544729
0.02518102333
0
0
0.005145157965
0
0
0
0.01884211778
0
0
0
0.009331402592
0.008228151628
0.03834624184
0.006582979546
0.00928300155
0.002977122319
0.001734220682
0
0.02104440438
0
0.02768277525
0.007453387611
0.02205183412
0.008276601745
0.009908027812
0
0.01146197703
0.01019281915
0
0
0.02849864156
0.02470199559
0
0.03204450177
0.004585332546
0.01985025623
0
0.01845798522
0.01235504104
0
0.003543169391
0
0
0
0
0.02172868803
0
0.02132761513
0
0.02100143534
0
0
0
0.02106557279
0.02420337875
0.009990203722
0
0
0.02914473744
0.01720994157
0
0.02762545344
0.03528597136
0.0134070408
0
0
0
0.005721443167
0.02507361984
0
0.00824895655
0
0.04928588812
0.0008128238913
0.01420049392
0
0.0128234198
0.06605360175
0.00E+00
0.01367055744
0.002068114193
0
0.03714001836
0.017058475
0.005244787592
0
0.01763936652
0
0.003850015992
3.60E-02
0.000208327774
0.03654790879
0
0
0.01409402986
0
0
0.01227983594
0.01788535032
0
0.0679399935
0.02738030254
0
0.0382427589
0
0
0
0
0.01755946868
0
0.0007722221586
0.02921884981
0.003925886022
0
0.01562583637
0
0.004821451607
0
0
0
0.0249914255
0.06977430967
0
0
0.01113003948
0
0.008714212393
0
0
0.004115727312
0.02892472139
0
0
0
0
0.02352906006
0.02637751116
0
0
0
0
0
0
0
0
0.008230160374
0
0.00E+00
0
0.02822296352
0.009348715679
0
0.02102654191
0
0.02434797342
0
0
0
0
0.02220869825
0.00E+00
0.03288529384
0
0.05109044838
0
0.02325356592
0.007873204014
0.003307508329
0
0.001500796992
0
0
0.04917392764
0.007434127171
0.0001490560451
0
0.008927367067
0.05066229023
0
0.02806201955
0.01964063991
0
0.02310992877
0
0.013171296
0.00E+00
0.01675234359
0
0.01169712096
0.03536465931
0.003356221208
0.03226052586
0
0
0.02531402416
0
0
0.01534361117
0.02916533636
0
0.06925482649
0.02374851184
0
0.01613910847
0
0
0
0
0.003444179903
0
0.007680333261
0.04335847585
0.007345903719
0
0.02202129778
0
0.01451461078
0
0
0
0.03887142028
0.07403389893
0
0
0
0
0.01951267869
0.00783999738
0
0
0.02803500027
0
0
0
0
0.02793333669
0.03271274964
0
0
0
0
0
0
0
0
0.01445013658
0
0
0.002498181889
0.01360880585
0.002335213383
0
0.01132116361
0
0.0416112949
0
0
0
0
0.007297440683
0
0.03225855776
0
0.0382351474
0.001234032106
0.007388616294
0.007901796673
0.01232799092
0
0
0.01590529447
0.04256298266
0
0.0231228001
0.01265086372
0.02605845776
0.006488122866
0
0
0.004163710714
0.009478664455
0
0
0
0
0.01686456227
0
0.04288513845
0
0
0.007741105864
0
0.0240447758
0.02674966127
0
0.007492215324
0.02241807519
0
0
0.00E+00
0
0
0.008022767453
0
0
0.01778531432
0.002985125438
0.03679638645
0.008342293561
0.01544046269
0.009288304696
0
0
0.01405376817
0
0.0006177049254
0
0.01785174356
0
0.02130305121
0
0
0
0.002517188044
0.01296771308
0.03706355771
0.01233772063
0
0.002825058824
0
0
0.02468331031
0.03913930729
0.02332109598
0.005774185231
0
0
0
0
0.008200521786
0.04590125858
0.02578555649
0
0.03870018406
0.0467705441
0.007860164105
0.03092226379
0.03386981915
0
0
0.007389110504
0.01296269491
0
0.0409019679
0
0.007424849508
0.05321257748
0
0
0
0
0
0
0
0.01460362759
0
0
0.02048420151
0.003268168053
0
0
0
0.02335576272
0.01799426159
0.009215230246
0
0
0.04296846762
0
0.01910112372
0.02137118528
0.004766139129
0.02892961213
0.001524680741
0
0
0
0
0.0006141709584
0.05355689392
0.01802401413
0.03730248859
0.001281800875
0
0.0336432713
0
0
0.01976605143
0.000622519708
0
0.06833854752
0.01075114461
0
0
0.01067191708
0.008548995912
0
0.006602123822
0.02325552601
0
0
0.05213609182
0
0
0.008309971161
0
0.007631426195
0.007915936376
0
0
0.03116456951
0.06728317579
0
0
0
0
0.02683455108
0
0.006667434083
0.02634454569
0.01036254677
0
0
0
0
0.001323318424
0.05297530487
0
0
0
0
0
0.01193937264
0
0
0.01159980763
0
0
0.01594450185
0
0.008715673215
0
0.01474089068
0
0.02834553778
0
0
0
0.00E+00
0
0
0.01547498171
0
0.02080149383
0.03035513744
0.03227680177
0.02857959406
0.02007140658
0
0.01865516027
0.007751983423
0
0.04436286547
0
0
0
3.01E-02
0.03358002143
0.01076531427
0.008822936937
0
0
0.02696044443
0.01324112827
0.0243160259
0.01278189343
0.03811302792
0
0.006438877769
0
0
0.004706693167
0
0
0
0.02586926555
0
0.009311163961
0.03436633585
0.01775251063
0.034832931
0.03324217493
0
0.04741589734
0
0
0.003504615095
0
0
0.00E+00
0.01628922574
0
0.03259729357
0
0.02394318439
0
0.01518734834
0
0.003504768972
0
0.005554166296
0.03688347934
0.01982248688
0
0.01588034916
0
0
0.01743023124
0
0
0.02010542784
0.003092627735
0
0
0.01458812954
0.0419860066
0
0.008768189469
0.01297859463
0
0
0
0
0
0
0
0
0
0
0.04818687176
0.01017213637
0
0.0001704871839
0
0.01884311916
0.008212367983
0
0
0.007998261542
0.04583249642
0
0.02231568871
0.0003544404191
0.03781908263
0
0
0
0
0.02454299805
0
0
0
0
0.003127606693
0.03281157466
0
0
0.02914378784
0
0
0
0.02458077963
0.01774176652
0.03955918294
0
0
0
0
0
0.02738740036
0
0.02105716715
0.05929870699
0
0.006003035491
0
0
0.0001890192252
0
0
0
0
0
0
2.42E-02
0.03136863636
0
0.0297911946
0.05060868934
0.02329141101
0
0.005757342909
0
0.008405717419
0
0
0
0.05661906098
0
2.79E-02
0
0.0006721373871
0
0
0
0.02708044203
0.0007133762139
0
0
0.04943828599
0
0
0.02736785743
0
0
0
0.02651907363
0
0
0
0.01231769882
0
0.01278278873
0.02758680018
0
0
0.01296075489
0
0
0
0
0.05591492823
0.04061228448
0
0
0
0.00E+00
0.03284650694
0
0
0.01641941468
0
0
0.01402269359
0.02980054769
0.05284705459
0.04120399913
0
0
2.13E-02
0.009474184729
0.02583248451
0.001664350086
0.008838925403
0
0.04023139638
0.03077844699
0
0.008270636559
0.01571318346
0.01676060858
0
0
0
0
0.03764131321
0.007369602838
0.03105167584
0
0
0.01473605113
0
0
0.035191939
0
0.03435388245
0.002377095128
0
8.78E-03
0
0
0
0.02213456164
0.006407901944
0
0.008268413336
0.02768597145
0.008258916917
0
0.005089330931
0.03361579956
0
0.01568108267
0
0
0.003589544143
0.01131992509
0
0
0.0006939144149
0
0
1.44E-02
0
0.0127336401
0.01267140433
0
0.01281696178
0.008981994497
0
0
0.02889652094
0.004235082739
0.02221173041
0.02393596
0.007723623067
0
0.002529516026
0.01800087945
0.008444788348
0.01287720764
0.03410022683
0
0.01591444584
0.04872851819
0
0.00493304205
0.03470801692
0.00335802844
0.001933229377
0.01929942652
0
0
0.02737325871
0
0.02650306473
0.04054049951
0
0
0.00153486533
0
0
0.009846560042
0
0.0003693629714
0
0
0.01212843091
0.03509745301
0.01532505713
0
0.01635854004
0
0
0
0.01156455089
0
0
0.007220308734
0.007408177681
1.55E-02
0.02397761601
0.001732827491
0
0.02225883075
0
0.009079318836
0.002745995523
0.02635744401
0.001585277463
0.0066006387
0
0
0
0.03963940931
0
0.01802006853
0.02679152216
0.01626311127
0
0.01485574396
0.01911734768
0.001398584675
0
0.02691647745
0
0.01955136985
0
0
0
0
0.02770645614
0
0.02685883754
0.02792871858
0.02155119443
0.02239357846
0
0
0
0.02385303639
0.03585623074
0.01355351449
0.03673266182
0
0
0.004023462195
0.02138122289
0.03335731643
0.01036572084
3.50E-05
0
0.00924411988
0.002876816377
0
0.01308363407
0.03301022806
0.02265567235
0.01877038869
0.02583643828
0.01356721666
0
0.0312559876
0
0.001338567727
0
0.02892749514
0
0.02711075836
0
0
0
0
0
0.03199691216
0
0
0.0039786201
0.003467474578
0
0.0206710887
0
0.02186954494
0
0.007175635817
0
0.02726434702
0
0