0
0
0.003297791736
0
0.01399048939
0.00705092374
0.005848047897
0.002239981006
0
0
0
0.01659925975
0
0.02400315697
0.02575200283
0
0.005699356819
0.006299166201
0
0.03456691953
0
0
0.006545416983
0
0.02355439274
0.01338776802
0.01623827345
0
0
0
0.02032954087
0
0
0.007402040212
0
0
0.01990483006
0.03308442519
0
0.01205239843
0
0
0
0
0
0
0.01542869018
0.009310971818
0
0.02664528009
0.001737200607
0.01636514312
0.02800264277
0.0002292878359
0.02168689403
0
0.005574636888
0.006591498185
0.01742127839
0.009571698579
0.01723093716
0
0.02311101663
0.01823008376
0.0338021466
0
0.02183695628
0
0.02345804577
0
9.68E-06
0.02564054138
0
0
0
0.0307753591
0.04827761839
0.02367309184
0
0.03161894926
0.03058303507
0
0
0
0.02877283103
0.006250347421
0
0
0
0.06093888789
0.03692030637
0
0
0.03028001389
0
0
0
0
0.05069811601
0.00148063308
0.04765165703
0.02643124802
0.0003582674889
0.008041632757
0.01127070203
0.04041079855
0.0195267147
0
0.02376567231
0.02050404084
0.01208670269
0
0
0
0.01148363387
0.04326290939
0
0.002479121778
0.02141823984
0.00503846711
0
1.11E-05
0
0.01440743784
0
0
0.001860398197
0
0.01230208049
0
0
0.003791963083
0.01747317706
0.009409508679
0
2.16E-03
0
0
0.0302072977
0
0
0.003997879652
0.00E+00
0
0.02268374331
0
0.02551228907
0.01699903797
0.01020824979
7.13E-03
0
0.0315647871
0
0
0
0.03685269139
0
0.004897179277
0
0.04562931856
0.01319700657
0
0
0.01301320334
0.0363120583
0.02743971907
0
0
0.02182393756
0
0.001831153558
0
0.03369077086
0.03272841229
0
0.03013670804
0
0.01151613374
0
0.03031441544
0
0
0
0.009918501215
0
0
0.0006021860033
0.03217720057
0.007898352817
0.01257861898
0.004658601169
0
0
0.006327383883
0
0
0.01773114063
0
0.03157180237
0.03370460197
0
0
0
0.02160724114
0.01318093352
0.02021533117
0.01658522923
0
0
0.02055098078
0
0
0.04590779384
0
0
0.0004169593615
0.0001634162973
0.01036626088
0.009067058985
0
0.01187635942
0.03673870256
0
0
0
0.00332995569
0
0
0.02190093672
0
0.01458400306
0.0205939411
0.009258803436
0
0.02812951556
0.02375584675
0
0
0.03687350471
0.01564141842
0.02051300603
0.02201565536
0
0.01370637636
0.00745500374
0.05044173911
0
0.01452822876
0.01330636683
0.009543889846
0.02083182891
0
0.00812977599
0
0.001397415707
0.003645141646
0.002024509147
0
0
0.008560632648
0
0.02542842143
0
0.02733617118
0.008027618529
0.003252033579
0.001845114888
0.01444779311
0
0.01429723125
0
0
0.04218738056
0.004192911058
0.0005962544797
0
0.004367795327
0.01064370847
0.03568123144
0.005921484971
0
0.04398074875
0.009592120129
0
0.008577922855
0.0157564952
0.01445105609
0.01353424388
0
0
0
0.02640047011
0.01174678821
0
0
0.02269222144
0.04446125093
0
0.003425554038
0.01031221535
0.01756794144
0
0.0009960465352
0
0
0
0
0.02398056583
0.0195819196
0.03533510714
0.02355511516
0
0
0.01108103515
3.90E-02
0.02701201206
0.00541399183
0
0.002546523663
0.04622772024
0
0
0.03137119709
0.04252998604
0.02049686571
0
0
0
0.01961816356
0
0
0.01432460546
0.01027071689
0.009729387856
0.01689867582
0.02814583994
0
0.006599741468
0.002693476006
0.04863078908
0
0.006980828243
0
0
0.0209381102
0
0
0
0
0
0.0309594999
0
0
0.004697300295
0
0
0
0.003019513645
0.003345633786
0.02105089716
0
0.02701420309
0
0.01296594806
0.04649365196
0
0.03064306894
0.01486231567
0.0005091951432
0.02849340647
0.00678396906
0
0
0.02350062716
0.01065527105
0.01263490318
0
0.03226239295
0.02506709664
0.007892425265
0
0
0
1.18E-03
0.05241703559
0.0349101221
0.0001259835209
0.00E+00
0
0
0.00E+00
0.0152046186
0.007104983258
0
0.002220904942
0
0.006331177191
0.006102936058
0
0
0
0
0
0.0001782831482
0.03760503713
0.001748910719
0.01060095701
0.03302506258
0.01226071401
0.03552284774
0.01117447282
0
0.01469924026
0
0
0.01757994415
0
0.02401733117
0.009079624181
0.03304659863
0.01745138544
0
0.0140745126
0
0.02175170906
0.01489203859
0
0
0.01216254168
0
0
0.02744750459
0
0
0.0001880894811
0.03236965283
0
0.003638067853
0
0.04501731076
0
0
0
0.003579736623
0.02230724615
0.02009369543
0
0
0
0.01254507423
0.01292602893
0.00402407775
0
0.02653563947
0
0
0
0
1.18E-02
0.02239755899
0
0.005404246697
0.007648329999
0.05470084264
0.03574998371
0.00485445829
0
0.03877282138
0
0.006339989831
0.01695803898
0
0.006807257014
0.003772536616
0.03490921913
0.001667504476
0.02325385496
0.003654435883
0.02709992207
0.01614973074
0.01085714427
0.04284362347
0
0.0005595821025
0.02049394518
0.0120194281
0
0
0
0.004736657128
0
0.0005597091653
0.01664036948
0
0
0.008317034548
0.006493753932
0.003804202661
0.01922896291
0
0.02666540492
0
0.003057182655
1.18E-02
0
0.04869302975
0
0
0
0.02606230107
0
0
0.01490094258
0.04710838209
0.01783454419
0.02383172329
0
0
0
0
0
0.008155622368
0
0
0
0
0
0
2.89E-02
0
0
0
0
0.02259915687
0
0.00715261612
0
0
0
0
0
0.06180274371
0
0.01641870827
0.02213027654
0.01095547203
0.06787011613
0.07384441419
0.0303813826
0
0
0
0.01243673232
0
0
0.008427130393
0
0.005956503222
0
0
0.02498409719
0.03667826503
0
0
0.03693731821
0
0.004808121454
0
0.006628554992
0
0
0.02708510894
0.01541015753
0
0
0.005107144856
0.01519290344
0.01905979856
0
0.01824754492
0
0
0
0.02748568398
0.01845919665
0
0
0
0.01218709015
0.01120116923
0.01093439072
0
0
0
0.032030827
0
0.01942069404
0.003027144114
0.05805778533
0
0
0
0.007341001365
0
0.02763333764
0
0
0
0.02523552208
0
0
0
0.01633409988
0.05199564114
0.03229338987
0.05384257078
0
0.04604395255
0
0.002940545674
0
0
4.92E-03
0.009655320679
0.02437783996
0.005468237763
0
0.01294432424
0
0
0
0.03368045872
0
0.02566510919
0.01181106691
0.01266227598
0.009430254053
0.02853629226
0
0
0
0
0.007506701553
0.02281651494
0
0
0.0201019284
0.0008429390664
0.01160730829
0.007650928424
0.02905430552
0
0
0.00646550795
0
0.0009074717754
0
2.97E-02
0.01269025972
0
0
0
0
0.01006605575
0.01204681701
0
0.01923661893
0.01869702885
0
0
0.011589106
0.02522360523
0.008936885226
0
0.04045170415
0
0.001332185333
0
0.001858739029
0
0
1.23E-02
0.0490268032
0.05758092919
0.02473698401
0
0
0
0
0
0
0.04206582552
0.01479469381
0.00E+00
0
0
0
0.01659973481
0.03697817279
0.004374362798
0.03402426958
0
0.01975665199
0
0
0
0
0
0.04166321802
0
0.01948656217
0
0.003633461975
0.02876388516
0.00158701872
0
0
0
0.03500735347
0
0
0
0.04031158216
0.05490889177
0
0.01400890677
0.03721780191
0.01044141932
0
0
0
0
0.01500375493
0.0007410662212
0.04027022833
0
0
0.00507376503
0
0
0
0
0.01179306035
0
0
0
0
0
0
0
0
0.03597627895
0
0.003556663759
0
0
0.04641753918
0.02774897582
0.05335647898
0
0.03249459072
0.004325614016
0
0
0
0.00E+00
0.0470856811
0
0.01836557141
0
0
0.02363654711
0
0.02385322989
0
0
0
0.01645717928
0
0
0
0
0.02137401768
0
0.005262361464
0.03459338177
0.03528797266
0
0.04004815188
0
0.06484380668
0.03512968471
0
0
0
0.01649337506
0
0
0
0
0
0.02641642122
0.01620137264
0.01432117306
0.03175398968
0
0
0
0.02296688919
0
0.004850666741
0.01304705543
0.007578164192
0
0.00E+00
0
0.001610662503
0.02254607448
0.0425679704
0.004048390551
0.01279374038
0.01371538303
0.0008956715717
0
0.01929519327
0.0002214596137
0
0.01086173422
0
0
0.0334995659
0.02072494328
0.0389392023
0.01998477527
1.26E-02
0.001054593696
0
0
0.005025269349
0.01302927149
0.0002912134507
0
0.01617612557
0
0
0.003761719463
0
0
0
0.007587494057
0
0.01459744879
0
0.01602045291
0.001750915932
0.01954548707
0
0.00885465188
0.007659455255
0.004734337881
0
0
0.01351963141
0.03647132379
0
0.01260029779
0.000106183521
0.02654860342
0
0.009356780932
0
0
0
0.01151727471
0.02270094181
0
0
0
0.01075023765
0
0.03329622028
0.04167936764
0.0390123589
0.0138590588
0
0.009044843584
0
0.001077064426
0.02043795919
0
0.01090516789
0.03570212115
0.03847050573
0.01073796897
0
0.03530048586
0.01227604079
0
0
0.04308427199
0
0
0
0.04614490376
0
0.02732965796
0
0.02377001578
0.01611845004
0
0
0
0
0.02371805278
0
0.01326898009
0.01553009523
0
0
0.002912401371
0
0
0
0
0.003474406308
0
0
0
0.01226646715
0
0
0.05261604339
0
0
0.02003547132
0.0502539539
0.0006524845159
0
0.006060564099
1.50E-02
0
0.03159521573
0
0.04391434531
0.006994202137
0.01725676836
0
0.005703563576
0.02812889949
0
0
0
0.04025074329
0
0
0
0
0
0.007097802648
0.05636373788
0.02027193481
0.01106339438
0.0009307236222
0.01214344862
0.005470024412
0
0.04996900536
0
0
0.03320918028
0.008037210077
0
0.006231366709
0.006583632761
0
0.0145492356
0.05840251061
0.03407623255
0
0
0.00888181805
0
0.01025217624
0.01048700771
0.01686345715
0.02733728174
0.01266876948
0.04968743629
0.006375163288
0
0
0
0.01304001882
0
0
0
0.003887610306
0
0
0.01316026346
0.05665588489
0.01795919462
0.007824158967
0
0
0.04390951235
0.06509542747
0
0.01119920793
0.02962185686
0
0.04304117505
0
0
0.01392241305
0
0.009303491449
0
0
0
0
0.03517849599
0.04090771577
0.01617084105
0
0
0.00528853228
0
0.04574437886
0
0
0.001303040517
0.02803993834
0.004980762785
0
0
0
0
0.02994512805
0
0.002138078289
0
0
0
0.01628774417
0
0
0
0.02520580441
0
0.03048081146
0
0
0.0308560624
0
0
0.02927617382
0
0
0
0.01095978588
0
0.01924418392
0.007243157917
0
0.01338119296
0
0.004463140927
0.02657877183
0
0
0
0.02434469729
0
0.01588679131
0.06228868041
0
0.008430390097
0
0.05440192165
0.0002566131729
0
0
0.004287901701
0
0
0
0.005969565917
0
0.0128226786
0.01644008545
0.006347726682
0.02427927213
0.01634213304
0.02486417551
0
0
0
0.0008313027598
0
0
0
0
0.06618974102
0
0.03135317704
0
0.00E+00
0.01304114387
0
0
0.01866148817
0.007091674154
0.0480102076
0
0
0.007472996416
0.003621930559
0
0
0.003814785854
0
0
0
0.04512810409
0.01398301103
0
0.01111490333
0.03429533169
0
0
0.05687964237
0.03784719242
0.04859930563
0
0.01627767511
0
0
0.02097346753
0
0.008578686633
0.01415169466
0
0.009996311336
0
0.01156481764
0
0.02603937489
0.01248813054
0
0.0007306035083
0
0.004734573286
0
0
0
0
0
0
0
0
0.04728810781
0
0
0
0
0.02700269238
0.02631362102
0
0.03076959952
0.0158089479
0
0.02801790993
0
0.0130314807
0.03057004653
0.01304071816
0.009656220442
0
0
0.02281330789
0
0.03997906262
0.01643984033
0.04273571731
0.001675671321
0.01046827868
0
0
0
0
0
0.004063659859
0.01425310839
0.03196136033
0
0.001470678505
0
0
0
0.01953089986
0.01662379782
0.003666828492
0.01510088479
0
0.05803723912
0.02736585123
0
0.01281056106
0.006528117007
0
0
0.03369313867
0
0
0.01319222837
0.01563909372
0
0.03338237855
0
0
0.03950491493
0.01807574639
0.01003828037
0
0.01371045529
0.0004703893564
0
0.007136905122
0
0
0.007051699342
0.009209805409
0
0.04188486245
0.02683742391
0
0.02465946425
0.05489550462
0
0
0.006394243303
0.0115039271
0
0.01736165841
0.01451358626
0
0.002828862319
0
0
0.02362017525
0
0
0
0.0105468991
0
0.01790790988
0
0.02688740022
0
0.0008134462194
0.01353739914
0
0
0.01998700976
0.00E+00
0.002875368279
0
0.03126504388
0
0
0
0.03303753089
0.01010686855
0
0.03711583203
0.00486112986
0.002663138083
0.01058743
0.01446685576
0
0
0
0
0
0.05494839299
0.0113588039
0.01452016459
0
0
0
0.04023089331
0
0
0
0.01886350149
0.02726687367
0
0
0.01088318561
0.01278788058
0.01830914477
0.03263265979
0
0.01617454712
0
0.009075472327
0
0
0
0.009947001799
0.002508450501
0
0
0
0
0.00235567092
0
0.008191074623
0.03317674766
0
0.03009434793
0.01581362351
0.01592202164
0.0003466087217
0
0.0129472043
0
0.01326081261
0.02206083596
0.03618163143
0
0.04668856874
0.009399841106
0
0
0
0
0.02320988795
0.02456777752
0.05276227419
0.007002242354
0
0
0
0
0
0.001401610697
0
0
0
0.02994653661
0
0
0.02396744072
0
0.05939917941
0.0003758412957
0
0.02752755374
0.03447492536
0
0
0.01967674685
0
0.01358655432
0
0
0.02560913265
0.00802767551
0
0
0.00E+00
0
0
0.01160493214
0
0.02839866745
0.01501010667
0.0288733362
1.07E-02
0.02255201284
0
0
0
0.00834905896
0.02098305165
0.02425975306
0
7.39E-05
0.01861768761
0.007221554233
0.03579439903
0.005301231628
0
0.01729699692
0.02033990319
0.008057911678
0
0.01711749163
0
0
0.01373451799
0
0.04924848396
0
0.00E+00
0
0
0.000351196177
0
0.01027065191
0.007755428887
0
0.0007081989679
0
0.003619496725
0.01893457707
0.00E+00
0.04233118151
0.01207894543
0
0.009246076244
0
0.0371125838
0
0
0.01414129314
0.01103966867
0.006502398547
0.04280039545
0.01358533409
0.01879084599
0.02996240746
0
0
0.01311001352
0
0
0.02032788556
0.02627971358
0
0
0
0
0.008283485063
0.00E+00
0.0003051499065
0.01521766036
0.01776562012
0.0112761277
0
1.17E-03
0.003459923688
0
0.007214004474
0.006506998648
0.0164184797
0.00E+00
0
0
0
0.0112137526
0.04094671146
0
0.02855080193
0
0.0367018906
0
0.01100704791
0.01674285565
0
0.01156054676
0
0.05490804479
0
0
0.004662139284
0.02163655219
0
0.03162138367
0.04525804059
0.01544684696
0.02434143099
0.02358415637
0
0
0
0
0.001287675022
0.002463426816
0.00778654372
0.04519834203
0.02851291704
0
0.00192318623
0
0.03310562454
0.01093975843
0.001050330602
0
0.02219849797
0
0
0.03083527988
0
0
0.01137926999
0.01277608543
0
0.02689488336
0
0.01428770677
0
0
0.002202800954
0
0.02500395224
0.02852136448
0
0.02302942462
0.02295078085
0
0.003023797779
0
0
0.03196080898
0.02667910349
0
0.03008253161
0.02218099436
0
0
0
0.0140145013
0
0.02304902739
0
0
0
0
0
0.0201337567
0.02220964776
0
0.02300200328
0.01692772182
0.01130463226
0
0.04023958747
0
0.03679591036
0
0.009875072864
0.007173727217
0.02879503902
0.01121371318
0.03129393764
0.03035327419
0.0007518546909
0.01182101935
0
0
0.01676489979
0
0.005006014771
0
0.02039047997
0
0
0
0.02957588467
0
0.01128460084
0
0
0.007613640728
0
0
0
0
0.03652668888
0.01767880203
0.02617420054
0
0
0.008578397364
0.005061843042
0.04072248476
0
0.01160807469
0.006273115577
0
0.009458563633
0
0.02140321783
0.002617037882
0.004392358466
0.00685671067
0.03905127465
0.009227707289
0
0
0
0.01598409348
0.0007358812914
0.001916367304
0.01215870225
6.02E-03
0.05864037504
0.01479128671
0
0.02514022074
0.007168686947
1.91E-03
0
0
0.01140829406
0
0.03838727026
0.0133326031
0
0.0109492303
0
0.01362112868
0.001348999771
0.008727447779
0
0.0002407690689
0
0
0.005266607067
0
0
0
0.01504145497
0
0
0
0.0105448641
0
0
0.00E+00
0.01567933468
0.0128690357
0.01928304637
6.84E-05
0.0223409401
0.006879818802
0.02171923096
0.02866508016
0.001330133827
0
0.003190498063
0
0
0.002660314145
0.03397861074
0.0093445691
0.0006324215263
0.01098678112
0.03178123154
0
0.02678512764
0.05609812186
0
0.01870659814
0.03745004239
0
0.01498141203
0
0.01861916401
0
0
0.02072710325
0.00E+00
0.03791804557
0.01845743867
0.02179160378
0.03381482215
0
0.02658574317
0
0.02335101191
0.04945043455
0
0
0
0
0.01128524577
0.01636268803
0
0
0
0
0
0.004175788082
0.003926198608
0.05554333445
0
0
0.0008786105986
0.001575226437
0.03648365324
0.002745856284
0.01296985452
0
0
0
0
0
0.001887721156
0.03834013926
0.02648750716
0
0
0.0364530572
0.005376922416
0.0001168143555
0
0
0.01512766408
0
0
0.01082609321
0.04662165587
0.01113734228
0
0
0
0.02339682523
0.003126100045
0
0
0.01682084848
0.0009242617207
0
0.02385927713
0
0.008494549131
0
0.01407973401
0.04551131688
0
0
0
0.01852452642
0.01564263305
0
0.02593761961
0
0.02453680085
0.04741880528
0
0.04610139448
0
0
0
0.02764190672
0.01532848557
0.02972776275
0.004188492213
0
0
0
0.00E+00
0.04916914061
0
0
0
0.009631924944
0
0.000612697964
0
0
0.010379431
0.01863743632
0.04577983821
0.01342127706
0
0
0
0
0
0.01878431437
0.06282799872
0
0.02193306322
0.03135868043
0
0.00230255403
0.01341637679
0
0
0
0
0.03184822304
0
0
0.03160758569
0.01349428303
0
0
0
0
0.02848538856
0.0102509841
0
0.004307818573
0.03477079959
0
0
0
0.03793889293
0.02726785024
0
0
0
0
0.03077449533
0
0
0.04090185769
0.01002528712
0.01976221072
0.03321741645
0.03721934664
0
0.0007145085871
0
0.001881169662
0.0009722810642
0
0.01412413824
0
0
0
0.002060372182
0
0
0.0109577444
0
0
0
0
0
0.004065606603
0.003485987046
0
0.0262119875
0
0.006748377067
0
0.01182588516
0
0
0.02468734233
0.02823293076
0.009008452139
0.0002214012507
0.04187234088
0.005564955686
0.01265937318
0
0.02936969688
0
0.01445614315
0
0.02409128174
0
0.01604254233
0.03355657655
0
0
0.00374628723
0.02997073318
0.01560718058
0.02289811964
0
0.0585759238
0.00E+00
0
0
0
0.0371779559
0
0
0
0
0.04345897168
0.06816949305
0
0
0.03166733183
0.001128277429
0
0
0
0.03637200031
0
0
0.01050617421
0
0.001382198459
0
0.03627576264
0.03062430367
0
0
0
0
0.04584089114
0.0105498734
0.04282050229
0.007145730472
0.0105815692
0.03943385053
0.003366444315
0
0
0
0.001933113678
0.006314009635
0
0.0121024757
0.02186225984
0.01593852736
0.01741323336
0.01741298405
0
0
0.04150579428
0
0
0
0
0.01555383651
0.01624854652
0
0
0
0
0.0178657347
0.03854678016
0
0
0
0.00E+00
0.06460276238
0.02524669917
0.03960706487
0
0.03820390152
0.003504635629
0.007336163537
0
0
0
0
0
0
0
0.01774393768
0
0
0.001492086792
0.01393037978
0
0
0
0.02949280027
0.005622582442
0.04072296483
0
0.003068229072
0.04428525236
0.02644408278
0.0175719236
0
0.009450338995
0
0
0.01655294652
0.01653156419
0.03360665727
0.006439291011
0
0
0
0.01318536912
0
0.01240464685
0.01206662077
0.01510981764
0
0
0
0
0.02455268484
0
0.0343876355
0
0.03386071554
0.02175203025
0
0.03084220247
0.04984951117
0
0
0.01887316714
0
0.03310239588
0.045615733
0
0
0
0.00316785139
0.02206940267
0
0
0
0.02587076191
0.0170517388
0
0
0
0
0.0270543384
0.001192502793
0
0.01005617448
0
0.002618654235
0
0
0
0.0005795057527
0.0320859272
0.01893761874
0
0.01238402595
0
0
0
0
0.01751553128
0
0.03318281228
0.02205887368
0.005237210469
0.05261657416
0
0.003073335837
0
0
0.03249934545
0.01310226953
0
0
0
0
0.01683368038
0
0.002676931736
0.01326786448
0.006714390023
0
0
0.02760546401
0.01405856384
0
0
0.04545632593
0
0
0.04452447538
0.02009492792
0
0.01550246716
0.02832810531
0.008757807742
0.01848488374
0
0
0.01443200183
0
0
0
0
0.02689530301
0.007960950264
0.005430867246
0
0
1.26E-02
0
0
0
0.04837792931
0.001386694858
0.008360741233
0.03396339815
0
0
0
0.03615263318
0.01881019976
0.02506943541
0.06157329519
0.02382545414
0
0
0.006788299687
0.01820514909
0
0.02250929691
0.001583406842
0
0.01100772647
0.00E+00
0
0.01248402263
0.02661883784
0.01300655324
0
0.02114921417
0.05096192266
0
0
0
0
0.04034621381
0.005210928954
0
0.02608628866
0
0
0
0
0
0
0
0.007327628713
0.03335590395
0
0
0
0
0.01615451293
0.03506851677
0.01566461926
0.007715443833
0
0.01875004456
0
0
0.01276923807
0.008393236623
0.01731807924
8.50E-03
0.021395938
0
0
0
0.0001267041465
0
0.02608902942
0.0127435251
0
0
0.02123056974
6.61E-05
0.00739109985
0.01270623145
0
0.004107395601
0.004045704672
0.009481339362
0
0.02253100168
0
0
0.04038447381
0.01797341838
0.01648307357
0.02033966026
0.03331910569
0.008443972228
0
0
0.01937617079
0.02431951943
0.009715602377
0
0
0.01056316151
0.008607359548
0
0
0.003829571855
0
0.02099425388
0
0.02288660094
0
0.01839422784
0.02521152704
0.017587306
0
0
0
0.005096584536
0
0
0.003835708652
0.00292598051
0.0293065724
0
0.01018842632
0.009650014055
0.01588497707
0.0009270629138
0
0
0.02092797096
0.002051720832
0
0
0.03636363017
0.01496883605
0
0.02297455235
0.02254977257
0.001498916253
0
0.03353294111
0
0
0.06289496354
0.0493306687
0.01485287321
0.01526076626
6.67E-05
0
0.02435464424
0.01470201676
0
0
0
0.00E+00
0
0
0.02752595911
0.01229917744
0.02332783985
0
0
0
0
0.03863216764
0
0.001226504611
0.0225896698
0.01910773206
0
0.03395772089
0
0
0
0.01594211469
0.0240342212
0
0.02336522518
0.009222748595
0.005815648758
0.04533058063
0.001706671134
0
0
0.006376728617
0.03358280525
0
0
0
0
0.0320377564
0
0.03474428667
0
0.01485237029
0
0
0.02713853238
0
0.01206537052
0.01216267969
0.001524665566
0.002210616901
0
0
0.009557873606
0
0.0414400874
0
0.01725361539
0
0.001802297783
0.001122186745
0
0
0.02229864597
8.83E-03
0
0
0.03392031394
0
0.01478906712
0
0.01158943873
0.04491580851
0
0
0.05783009057
0.01176249824
0.02802831073
0.00744282586
0
0
0.008091518913
0
0.01071992539
0
0.03799718078
0.04056228403
0
0
0
0.03189346927
0.0264107409
4.72E-02
0.01598725462
0
0
0
0
0
0
0
0
0
0
0.009126900344
0
0.01493419961
0.006415023593
0
0.01338193345
0.01017625291
0
0
0.00E+00
0
0.01542732013
0.01070557958
0
0.01347856742
0
0.003203932061
0.03581733257
0.007244265278
0.001562950183
0
0
0.01224836126
0.03547212119
0.03206026896
0
0
0.0412592505
0.01391362943
0.03008884121
0.005641072843
0
0
8.56E-05
2.12E-02
0
0
0
0.01302927797
0.03080309497
0
0.0105802097
0.02178833256
0.02038891891
0.007560398744
0
0.03089270889
0
0
0
0
0
0
0
0
0
0.02353295809
0.01048686925
0.03210233578
0.007344422777
0
0
0.01587761715
0.006960138796
0
0
0
0
0.007635839794
0.0002315197445
0
0.0006518893068
0
0
0
0
0.03149689059
0
0.02968098966
3.01E-02
0
0
0.008944603681
0.009267850923
0
0.03524367365
0
0
0
0.04546764702
0.008374306915
0
0.03111973614
0
0.008285689705
0.01080856263
0.01225105661
0
0
0
0.00E+00
0
0
0
0.0281396868
0
0.07284325345
0
0
0
0.05575339798
0.009723490954
0.00E+00
0
0.01382263279
0.004289676777
0.01364753351
0.009228481622
0.05715848379
0.007072253885
0.05014757362
0
0.02670696429
0.003906261287
0
0.002143273319
0
0.01865719177
0.0002890687965
0
0
0.02419649262
0
0.01903486595
0
0.05001759331
0
0.0006083554958
0.01479147031
0.01910907746
0
0
0.02586572424
0.02466008128
0.03983373615
0.009236074647
0.03329248267
0
0
0.02313227909
0.0120159308
0
0
0
0
0.02290754805
0
0
0.007570598438
0.01505319444
0
0
0
0.03280924187
0.01037593579
0.01074449543
0
0
0.005695132102
0
0
0
1.91E-02
0
0
0
0
0.02439821459
0.03875804332
0
0
0
0
0
0.005210236336
0.0406896227
0
0.02982204165
0.0154833026
0.03271322508
0.06195869662
0
0.02157587169
0.05553042689
0.01002867004
0.03216804185
0
0.04490562937
0
0
0
0.04712392111
0
0.03749113556
0
0.008608781702
0
0
0.03325671066
0.005335922538
0.004039545756
0.005090104863
0
0.01256749397
0.03524065535
0
0
0.03345415724
0.01874451627
0.002963305746
0
0.01564744063
0
0
0.02934177788
0.004261998903
0.006374335534
0
0.02214612969
0
0
0
0
0
0
0.008309604348
0.03395442109
0
0.02145490053
0
0
0.01257095863
0
0.01547358145
0
0
0.01393691048
0
0
0
0.01228868692
0
0.01945600067
0.006113089423
0.03765990237
0.01622519248
0
0
0
0
0.0004017299159
0.01844866601
0
0
0
0.01907914457
0.01128260199
0
0
0
0.0140206532
0
0
0.0161908691
0.01587547277
0
0
0.0158338047
0
0.02896297111
0.0161262101
0
0
0.00E+00
0
0
0.02212426936
0.03582463596
0.001345331122
0.02628871879
0.02380480292
0.01943657607
0
0
0.003283987626
0.01991967309
0.02553801497
0.01914345767
0.01613699389
0
0
0.05184498284
0
0.04355662688
0.01053866637
0
0
0
0.01820802067
0.0009485205563
0.004289628252
0
0.002792116596
0.01003414622
0.01696772331
0.009717655876
0
0.01341935197
0
0.02188397124
0
0.05180705868
0
0
0.05168968144
0.01974201293
0.02347623466
0.004438117388
0.01603471025
0.003504404247
0.0007581096411
0
0
0.01655213595
0.02480671057
0
0.004516410184
0
0.03494499317
0
0
0
0
0
0
0.04151400744
0
0.02695767415
0.01424487172
0.005596533754
0.05100150732
0
0.01578287704
0
0.02624602129
0
0.00E+00
0.03637113206
0
0
0.004230959211
0
0.01264227275
0.02072918107
0.04117981605
0.022656962
0
0.0557623687
0
0
0
0.01574173978
0.04030215177
0
0.01638008806
0.00E+00
0
0.01295762487
0
0
0.02078781211
0.04194351399
0.01292217842
0.01102694564
0.01892332609
0
0.001577410754
0.06470784228
0.002919646106
0
0.009448959369
0.04313421722
0
0.005138563364
0
0
0
0
0
0
0.009407753872
0
0.007572702788
0.01620135122
0
0
0
0.01650853901
0.02566822829
0
0
0
0
0
0
0
0
0.006196927518
0
0.01141889768
0
0.01181260251
0.04438943336
0
0.02779184579
0
0
0
0
0
0
0.01747882737
0
0
0.05991000427
0.01419593746
0.03728356897
0.01328523287
0
0
0.02301362538
0.01058235019
0
0
0.01029895344
0.01513055249
0
0
0.01174101446
0
0.004150972057
0.002317362469
0
0
0.00652858079
0.004098141412
0
0
0
0
0
0.01710381983
0.009647651499
0
0
0.02667972351
0
0
0
0
0.02988336042
0.05118456633
0.02367041267
0.002191872357
0.0579130475
0.05212671784
0.0203236206
0
0
0.03374340057
0
0
0
0.02215431274
0
0
0.02721719135
0
0
0.01067037398
0
0.03241967445
0
0
0
0
0
0
0.02750525023
0
0.01530131295
0.009167841818
0.009513310558
0.04076110336
0
0.05027169442
0
0.02795456701
0
0.04342404293
0.008969779964
0.01721387856
0
0.001452780838
0
0.01603054052
0
0.02199722554
0
0.006393247358
0.009289325723
0
0
0
0.01128045129
0
0.02409989895
0.02988796974
0.02942569035
0
0
0
0
0.01571018515
0.04510999639
0
0
0
1.81E-02
0.05441960314
0.01884620479
0
0
0
0.01380412166
0
0
0
0
0
0.02139637673
0
0.05149974816
0.001178331132
0
0
0.01128864181
0.02564292226
0
0
0.008649461609
0.00789682882
0.05695131598
0
0.06100212667
0.03599536352
0.04106242902
0
0
0.00E+00
0
0
0
0.00E+00
0.0227955085
0
0.0133677987
0
0
0
0.0490054552
0
0.0002572704915
0.007572131355
0.009060527165
0.002401701068
9.85E-03
0.01238749828
0
0
0.01233325682
0.05610791116
0.0586017062
0
0
0.01337159802
0
0.02644327107
0.01239774214
0.00435089615
0
0.01018258324
0
0
0.01037506914
0
0
0.002532204812
0
0
0
0
0
0
0.00809964748
0.0210948602
0
0
0
0.0571239348
0
0.0503590129
0.02786937775
0
0
0.001674517195
0
0
0
0
0
0.06452599741
0.01424601625
0.01485488124
0.01611062398
0.002791532704
0.01140659592
0.02299772699
0
0
0.01083785009
0
0
0.003267910483
0
0.004845588114
0.004645741425
0
7.29E-03
0.003431337583
0
0
0.02514856913
0.0374094573
0.008701980465
0
0
0.01610248275
0
0
0
0.0328896511
0.03213377927
0
0.04909821904
0
0.009575736683
0
0.02333453083
0
0.001465931873
0.02396873296
0.04258894282
0.007224410618
0.02392238353
0.003890616804
0
0.05257911291
0.003939717236
0
0.01188832877
0.0111912541
0.03233574899
0
3.33E-03
0
0
0.01185304852
0
0
0.01998090236
0.01134415557
0
0.01541969389
0
0.01716840726
0
0
0.01387722929
0.004890564582
0.01127194846
0
0
0
0
0
0
0
0.02661166741
0.02443529237
0
0
0.003283114806
0.005038478162
0
0
0.01558169692
0
0
0.04213297678
0
0.02614008589
0.005228064108
0.03147304402
0
0
0.04411032008
0
0
0
0
0.01621635368
0.03876911343
0.02562438409
0
0
0.0381120413
0.01123201191
0
0
0.008026187034
0.00432876144
0
0.02658006982
0
0.006665760961
0.02726605902
0
0.01118860128
0
0
0.01744123605
0.002028547323
0.03417052075
0
0.007845632582
0.01714445261
0
0
0
0.006008921385
0.0305346433
0
0.01337154518
0.0230922176
0.04075029386
0.04607527373
0.009689567856
0.001932123578
0.004368705235
0
0.05164967659
0.008784352234
0.01450015777
0.04490972682
7.56E-05
0.005926277158
0.0006956741227
0
0
0
0
0
0
0.01084775012
0
0.07642558101
0.01061192356
0.04378072427
0
0
0.01522172207
0
0.0189532953
0
0.00E+00
0
0
0.000985347596
0.0210189158
0.002431086703
0
0.02222453786
0.02635797956
0
0
0
0.03101033052
0
0
0
0.00640049523
0.02102152309
0.03283401435
0
0
2.86E-03
0.01268655243
0
0.01568728697
0
0.01886160492
0.001803564632
0.02313824493
0.0279826661
0
0
0.04793069845
0
0.005609408159
0.01233712521
0
0
0.01102001552
0.05151870458
0
0
0
0.008540898041
0
1.82E-02
0
0
0.003585143402
0
0
0.003582607909
0.01352751844
0
0
2.51E-05
0
0.02575547262
0
0.03358600643
0.003943436123
0
0
0.002323164602
0
0
0
0.001413636251
0.008319429425
0
0
0
0
0.03860856616
0
0
0
0
2.25E-02
0.003720163557
0
0
0.006201615004
0
0.0186097475
0
0.01613375344
0.01883021864
0
0.00654981734
0
0
0.0290860573
0.01343711886
0.03557275801
0.02613355824
0
0
0.002480569927
0
0.04409368713
0.05003481797
0
0
0
0.02113437019
0.02768882342
0
0.01554517839
0.02438417913
0
0
0
0.03943991914
0.02486875994
0.02246356138
0
0
0.02766691874
0.01110858818
0.003662095958
0
0.01817302059
0.01493505804
0.006086765631
0
0.001740103282
0.004475621554
0
0.04381254949
0.02704453223
0.01194052369
0
0.03733112465
0.0255938092
0
0
0
0.004009202471
0
0
0.006367846568
0.01515409901
0.0608371986
0.01536380487
0
0
0.008667893198
3.17E-03
0
0.04157024716
0
2.60E-02
0.002321413899
0.001204016457
0
0
0.01120616676
0.0401613544
0
0.04612719824
0.03209937156
0.005674391483
0.02362981817
0
0.001311714609
0.02846601071
0
0
0.00E+00
0.0226300645
0
0
0.0278909629
0.004623743313
0.02483676684
0.02964828802
0
0
0.007621035105
0.02532774231
0
0.01759960161
0.001391771416
0.008449828593
0.004713244354
0.009489372012
0
0
0
0
0
0.009825081784
0.03093284553
0.0185251948
0
0
0
0
0.003718103545
0
0
0.01073365911
0.03518555961
0.02369536884
0.01950527226
0
0.01041718059
0
0
0.01196368669
0
0
0.02089296125
0.02074146944
0.002364369742
0
0.04048921313
0
0.005131582721
0.004307003096
0.0436906646
0
0
0.021332032
0
0.01394922255
0
0.01500235045
0.01879067489
0
0.03458606993
0.0195245281
0.04079641676
0
0.02691104703
0
0
0.03416746225
0.01788393123
0.01959106703
0.02642035259
0.00E+00
0
0
0
0.01706113581
0
0.007612249662
0
0
0
0
0.0001497796153
0.004668054823
0.0104772511
0.01583733821
0
0
0
0.02777831841
0
0
0.006315161489
0
0.01529845734
0.02870489599
0
0
0
0.02750612358
0
0
0
0
0.02181884264
0.04089473006
0
0
0.008092044332
0.03500427009
0.07151275607
0
0
0.03360857501
0
0
0
0.03250660721
0.00E+00
0.01861654048
0.02499372814
0.006040310191
0
0.03300847062
0.001406409179
0.03417387362
0.02884519968
0
0.008406301872
0
0
0.02566844854
0.009861674746
0.04133528018
0
0
0
0
0.008384817574
0.04778951751
0.0108743707
0
0
0
0.0269278585
0
0
0
0.004911386432
0
0
0.02116259098
0
0
0.01489175652
0.0244443422
0
0
0
0
0
0.03401686563
0
0
0
0.03314629331
0
0.01032745433
0
0.03656581335
0
0
0
0.01217792283
0.03917022769
0
0.00205708114
0.0304047157
0.01799178934
0
0.01237553267
0
0
0
0.01072956131
0
0
0
0
0
0
0
0
0
0
0
0.0184271777
0.02030118449
0.05422542439
0.0114847274
0.006161119066
0
0
0.01390028936
0
0
0.02144865819
0
0
0
0
0.01930523644
0.02047397456
0
0.005770194446
0
0
0.0321841595
0.03279163695
0.04114001953
0.001621108448
0
0
0
0.07030491229
0.03409567956
0.06079722652
0.0423104257
0.03295774503
0.05208669729
0.006922155111
0.05564857964
0
0.009075945176
0
0.05927984582
0
0.03839469788
0
0
0
0
0.01184567513
0
0
0
0
0
0.004109433704
0.004591428059
0
0
0
0.0112044701
0.00215490081
0.02581448171
0
0
0
0.01066150264
0.005686806875
0
0
0
0
0.01677324799
0.03456591732
0
0
0
0.02363652117
0.007437079255
0
0
0.01936116997
0.0148689491
0
0
0
0.002149737421
0.02097690876
0
0.01232338818
0
0
0
0
6.89E-03
0
0.03129298995
0.05712790063
0
0.01905398841
0.01337701038
0
0
0
0
0
0.01857327494
0
0.001283010723
0.02190592873
0
0
0
0
0
0.006759631131
0.0405461272
0
0
0.01284144602
0.02705701117
0
0
0
0.009084356101
0
0.02215181943
0
0
0.02175911969
0.02402360183
0
0
0.0202137647
0.007797343366
0.001390434947
0
0
0
0.03375021988
0
0.04162502568
0.01681757114
0.01125270001
0.01977565957
0
0.005849622966
0.008899275098
0.023952848
0.02846140304
0.02609601837
0.007168512879
0.02175915194
0.01881395976
0.02643583569
0.00246497565
0.02102201819
0.007395207432
0.002586383544
0.01561988632
0.01084097655
0.001938087444
0
0.01133996331
0
0.004597609447
0.04489694296
8.99E-03
0.003305294392
0.0423761807
0
0.01762945274
0
0
1.52E-02
0.02448068727
0.02403895527
0.01302109167
0.001909717755
0.04028948737
0.008190116902
0
0
0.001953563216
0
0.02213645606
0
0
0
0
0.01436714701
0
0.02427533087
0
0.01987951793
0
0.008124257095
0.003395146997
0
0.03031121335
0.02808393724
0
0.01230207114
0
0.02487945152
0.0394115518
0
0.01199202066
0.01356104225
0.007135835341
0
0
0.0109132797
0.03945809137
0
0
0.02459744726
0
0
0
0
0
0
0
0
0.00482993802
0.01122367637
0.05351091214
0
0.01498211981
0
0.00505772806
0
0.001856406404
0.06029193533
0
0.02577634582
0
0.003669057653
0.001872883077
0.02771716812
0.02715536646
0
0
0.03766076631
0.002001288438
0.02051453991
0.005947499083
0.01636227146
0.01339237596
0
0
0
0.01431568204
0.0774443671
0.006117962571
0
0
0.0572583255
0
0
0.001692279315
0.007668933559
0.01466744048
0
0
0.01176878327
0.003997015286
0.02212197712
0.02227925472
0
0.02413723212
0
0
0
0
0.00E+00
0
0
0.02390566252
0
0
0
0
0
0
0.01413609325
0.00246034516
0.04698819448
0.002530831569
0.02775624083
0
0.0331967127
0.01955549975
0.03661859682
0
0
0.008506788636
0
0
0.06851884205
0.02824087512
0.005340775445
0
0
0.005705200061
0
0.01005836632
0.01531439588
0.03537985717
0.03516945317
0
0
0.04263926184
0
0
0.002590287022
0
0
0
0
0
0
0.01332052568
0
0
0.01380643769
0
0
0.02934530435
0
0
0
0
0.01577163336
0
0.02622884132
0
0
0.01078954643
0
0.06736266203
0
3.25E-03
0
0
0
0
0.03365496499
0.03747887903
0.02580275468
0
0
0.02789585066
0.01341574493
0
0.004084245361
0.008439188344
0
0
0
0
0
0.01723809759
0
0
0.0031253978
0.03220400266
0
0
0.01104183034
0.0008711949756
0
0.01611778131
0
0
0
0.05831899128
0.06496098545
0
0
0
0
0.029241432
0.009327898175
0
0
0.002247262426
0
0.05007144084
0
0
0.001764284872
0.001731785695
0.001141796155
0.02597366019
0.01245972564
0.0001023160915
0
0.01011885027
0.001597883225
0
0
0
0.0168854476
0
0
0.03527404594
0.01853759263
0.008033942469
0.00863310168
0.0008361416694
0.00E+00
0
0.02171022111
0.007982672589
0
0
0
0
0.02576957529
0.003953287793
0
0
0
0.02150679005
0.007244568834
0.03444028275
0.003153188178
0.01603101314
0.008571146526
0
0
0
0.008874300723
0.01128447671
0.01195228018
0.02708944242
0
0.001861319642
0
0.006414743127
0.01546961432
0.007248548596
0.01668578046
0.03736159934
0
0.01377346599
0.02156063358
0.003767895976
0
0
0.02027799294
0.02321888015
0.03485888348
0.02184133236
0
0
0.03627948793
0.01366352586
0
0.02500667029
0
0
0.00475928542
0.02789861515
0.04292165555
0
0.00635834424
0.02233766276
0.04301116169
0.02337410473
0
0
0
0
0
0
0
7.38E-02
0.0218685356
0
0
0.0113709447
0
0.009417979939
0.009573881067
0
0.04444966181
0.006910958671
0
0
0.06599683895
0
0.02694422677
0
0
0
0
0
0.02518902402
0
0.05996237138
0
0
0
0
0.02565788247
0.01408731996
0
0.02962786348
0.02793734708
0.01575470114
0.03107445145
0
0.002621760092
0.009530514655
0.03679309765
0
0
0.011031992
0
0
0
0.02929173445
0
0
0.03514583236
0
0.006537080085
0
0
0.00434247106
0
0.002646905858
0.01187399728
0.009604738416
0.02297622692
0
0.01040082147
0.03172382663
0.01566005364
0
0
0.004934286114
0
0.04333052451
0.005339901202
0.0310228085
0
0.004792500871
0
0
0.01413560184
0.01728479074
0
0.004880320271
0.01276613657
0.01204145332
0
0
0.01461717205
0
0
0.004848180047
0
0
0.01345949968
0.04752370814
0
0.00E+00
0.04074329296
0
0.01534280623
0
0
0
0
0.01600899392
0
0.01814634237
0.05296986194
0
0
0
0.001776563351
0.001937485798
0.004748621452
0.02988234371
0.02505372515
3.04E-02
0
0
0.008976507639
0
0
0.03006621316
0.04696596149
0.00528815546
0
0
0.06549466138
0
0.04721130354
0.03553528762
0.02214320797
6.74E-02
0
0
0.0005781399043
0.00E+00
0
0.00046839794
0.007674943096
9.21E-05
0
0
0.003982074185
0.01072933913
0
0
0.01459216541
0
0.02862423252
0
0
0.04976508318
0.01155794797
0
0.004090335431
0
0
0
0.03655707188
0.003699801501
0
0
0
0.04299609661
0
0.03059580022
0
0.009880532068
0.0281972733
0
0
0
0
0
0
0
0
0.03949333423
0
0
0.008397506374
0.003483196584
0.003423691119
0
0
0.03901551247
0
0.01071208959
0
0.006494845082
0.05266932118
0.01375756991
0.006818075978
0
0
0.00706842048
0
0
0.01272324616
0.03196513438
0.01145135192
0
0.008892560011
0
0
0
0
0
4.93E-02
0.0470084539
0
0
0.003824920764
0
0
0.02354940058
0
0.03757867803
0
0
0.01944421888
0.004661092559
0
0.008652568997
0.03039243275
0.02113288211
0
0.02251920046
0
0.006254684994
0
0
0.0134568455
0.02408711917
0
0.02163540068
0.03292559867
0.03377685406
0
0.01632178929
0.009375489711
0
0.02015296349
0.00291892155
0
0.01006447893
0
0.02407847294
0.006880661151
0.001661534313
0.01238033867
0
0.01501499027
0
0.007107868491
0.001733276052
0
0
0
0
0.01947856416
0
0.0264658067
0
0
0.004465710736
0
0
0.02389000254
0
0.008723004848
0.02586995584
0.02711801859
0.024400362
0
0.001828634645
0.01550383793
0.008696451057
0.01319586169
0.01712228023
0
0
0.02315399638
0.03070031492
0.0106392435
0
0.0297846254
0
0
0.01635044412
0
0
0
0.03509875556
0.02169417031
0.02343038654
0.02341768894
0
0
0
0
0
0
0
0.01734339013
0.04959653239
0.01641370484
0
0
0.005190487918
0.02369989924
0
0
0.02897010658
0
0
0.008670654551
0.05184871544
0
0
0
0
0
0
0
0.02192764204
0.019303189
0
0
0.03897045189
0.04653941362
0.01997619887
0.0568401637
0.04062194187
0
0.01958154089
0
0
0.007299565181
0
0
0
0.02425363359
0
0
0
0
0
0.005420726858
0.00535306788
0.02247145781
0.03011001953
0.08599545528
0.02677513199
0.01039429362
0
0
0.05204667355
0
0.02536400967
0
0.02514419277
0
0
0
4.96E-05
0
0.005331791013
2.22E-07
0.03514883821
0.02694546537
0
0
0.02146494786
0
0
0
0.008630425051
0
0.004773989067
0.02477872332
0
0
0.04322222047
0
0
0.001538049261
0.02414129963
0.02553588968
0.005041419714
0
0
0
0.02111218616
0
0.01520798005
0.01248085304
0
0
0
0.008640424921
0
0
0.01364810333
0.001797887634
0
0.02477284407
0
0
0.001002937991
4.95E-03
0
0.01088219647
0
0.01398964468
0
0
0.05099417752
0.01590804211
0
0
0
0
0
0
0.01576757918
0.02458219966
0.02133109726
0
0
0
0.01515562907
0.01388274062
0.01821449119
0
0.05543818192
0.02465255881
0
0.001132692545
0.02260678553
0.01004367916
0
0.0580443925
0.01196346793
0
0.01864257751
0
0.01773824083
0.02151487083
0.0486178051
0.02357931613
0.002015540965
0.01426837566
0.00282554772
0.01614241867
0
0.001999994457
0.02178502103
0
0
0.03315357318
0
0.01175954063
0
0
0
0
0.001369523715
0.01708554593
0
0
0.007771367561
0
0.02213042201
0
0
0.02407788545
0.02209036226
0
0
0
0
0.01780470073
0
0.02442835392
0
0.01182416406
0
0
0.003063153195
0
0
0
4.13E-02
0
0.03797378563
1.22E-02
0.01138483646
0.001545596475
0
0.01273223943
0
0
0.01849921691
0
0
0.05215937503
0
0
0.02104772787
0.03965701656
0
0.006125436324
0
0
0.03519781863
0.01472928394
0
0.04245416438
0
0.02899666247
0.02687031514
0
0.02674053077
0.008799932388
0.0184057001
0.01247679941
0.01218504285
0
0
0.00E+00
0
0
0.007812395359
0
0.02503157186
0.05437671016
0
0
0
0
0.008191166
0.0207655948
0.00E+00
0.009304275162
0
0
0.02654547651
0
0
0
0
0
0
0
0.00750283887
0
0
0
0
0.01829322748
0
0.03500071312
0
0.02172662676
0
0.02729086105
0
0.008940445534
0
0.01106270304
0.01325111201
0.006416323606
0.02172178676
0
0.05584347329
0.01951661693
0
0
0
0
0.006850855066
0.03052714288
0
0.004318317621
0
0.01024513944
0
0
0
0
0.01039354185
0.010069961
0
0.03306566389
0.002637777492
0
0.001986952744
0.01169819471
0
0
0.04870774247
0.03159366364
0.04673614689
0.00141180718
0.04444873282
0
0
0.03003137536
0.02663311911
0.00576148611
0
0
0
0.01743221133
0.02854871564
0.01757699063
0
0.02889699499
0
0.01228255165
0.01219339679
0
0.002366113114
0.006768556702
0.03771112812
0
0
0
0
0
0
0
0.01668347863
0
0.03754716257
0.02830812463
0
0
0.00E+00
0
0
0
0.004407668664
0.03635853474
0
0
0.01266944247
0
0.01211378931
0.02958654098
0.01295262098
0
0.01848029949
0
0.02159262213
0.0444567403
0
0.02467416215
0.01585376625
0.04963150897
0.00982305992
0.03868923303
0.01102439577
0
0
0.009463853434
0.01691628544
0
0
0.0202364993
0
0
0
0.02386434991
0.02768726437
0.02410492399
0
0
0
0.0009633258107
0
0
0
0.04333444524
0
0.009567032943
0
0.01774884972
0
0
0.01931568948
0
0
0.006818429467
0.004548759759
0.0007028230644
0
0.01145850765
0
0
0.05070757005
0.04862470031
0.03762584225
0
0
0
0
0
0.01510253954
0.02002117344
0.003547090516
0
0
0.01644244567
0.02856775182
0.006415239529
0
0
0
0.006829037373
0
0.0003195641851
0
0.01184912651
0.01642190592
0
0
0.03581833569
0.07378299808
0.02475174637
0.003484129543
0
0
0.01214128347
0
0
0.02488717105
0.05851090067
0.003451231297
0.02262603775
0.007660920532
0
0.01086861618
0.02540385789
0
0
0
0.02043059414
0
0
0.0051887334
0.02419523426
0
0.0004564033554
0
0.01152154463
0.01870993791
0
0.05158907443
0
0.02414382583
0
0
0
0
0
0
0.02165231299
0.0250999098
0
0.002926174921
0.004088796424
0.01513627363
0
0.02132524919
0.005700274148
0.03221520388
0
0.02826159465
0
0
0
0.04938737269
0
0.01803828568
0.02582864586
0
0
0
0.03891179762
0
0
0
0.03053511492
0
0
0
0
0
0.01254894779
0
0
0
0.03343727312
0.02844475908
0
0
0.01889245217
0.03840640351
0
0
0.01913795613
0
0
0
1.60E-05
0
0.000943183833
0.03925299325
0
0
0.01335216948
0.007733260636
0.01056501872
0.03836324398
0
0.001898767119
0.003401404571
0.004618313662
0.04895966302
0
0.05848143598
0.03479092868
0.0129260623
0.03326619649
0
0.007283161239
0.01326241213
0
0.02598965379
0.001885698574
0.001558661664
0
0.01548983024
0
0
0
0
0
0.02726668575
0
0.02628363348
0
0.01339103594
0
0
0.01660416939
0
0.0452706896
0
0.02448092248
0
0
0.01516719584
0
0.0299303948
0
0.03333989562
0.00647532483
0.01762707698
0
0.008540992145
0.04535375707
0.009053434805
0
0
0
0.02241854276
0.04371578234
0.008148106361
0
0.01399109667
0
0
0.01576960355
0
0
0.02106367159
0.03156723381
0
0.007433995348
0
0.005600941781
0
0
0.008415812584
0
0
0
0
0
0
0.0212706703
0.02417195176
0.007275126535
0
0
0.008124914885
0.01154055939
0
0
0.02105158282
0.02337240322
0.01224477196
0
0.003562778901
0.00829606634
0
0
0
0
0
0.01273315547
0.01518356299
0.01952933409
0
0
0
0
0
0
0
0.03469432164
0
0.005207080325
0
0
0
0
0
0
0.002845027416
0
0.03439183504
0.02503555371
0
0.01991049465
0
0.03302959752
5.24E-04
0
0
0.01070812765
0
0.04131483989
0.03947119368
0
0.01416029921
0
0.02853047914
0.02085647878
0.03804797403
0
0.00E+00
0
0.006414373786
0
0
0
0.03308075271
0.01771481525
0.05046633906
0
0
0
0.03491682625
0
0
0
0.004671188962
0.01095291403
0
0.00903672352
0.05005020673
0
0.02319269927
0
0.04416877671
0
0
0
0
0.02485356191
0
0
0.02485177798
0.03939150669
0.006903704424
0
0
0.05737711242
0
0.02274918733
0
0
0.01062880663
0.00E+00
0
0
0.0508340575
0.05451681356
0.01519561915
0
0
0
0
0.01204471919
0.02186579677
0.03617451373
0
0.01669157854
0.003927891339
0
0
0
0.04847942722
0.0208308495
0
0
0
0.07348765132
0
0
0.006923217475
0
0
0
0
0
0
0.01217926022
0.02603594356
0.001381454796
0
0.02912854048
0
0
0.00912248783
0
0
0.03290768359
0.004740950021
0.005320222795
0.003449768774
0.01566328322
0.007201795822
0.02131476631
0.016348936
0
0
0
0
0.04690477059
0.02463729024
0.0341818627
0
0.04094128224
0
0.01885513528
0
0.004557204197
0
0
0
0
0
0
0
0
0.02466759325
0.02206113603
0
0
0
0.03516218584
0
0.04568303526
0
0.0009349236994
0.01439047918
0
0.03826966989
0.0003437852745
0.00E+00
0
0.0065606449
0.02369228263
0
0.03850471577
0.01345423398
0.006650320942
0.03061889749
0.009658198123
0
0
0.006774651574
0.01712249851
0.02122031858
0.01088483884
0
0
0.02329789523
0
0.01474941126
0
0.02759989513
0
0
0
0
0
0.05582050816
0.02619629619
0
0
0
0
0.01447235954
0
0.01570294084
0.04468533421
0.001903144783
0.0209823828
0
0
0
0.02518433695
0
0
0.03457764007
2.33E-02
0.003943728543
0
0.02231848299
0.01892401858
0.01966161017
0
0
0.02002760201
0
0.008213475576
0.01922714377
0.02548728766
0
0.01868111359
0
0.04419787829
0.0257725438
0
0
0
0
0
0
0
0
0.00E+00
0.01943663444
0.02073543708
0.008543948587
0
0.01636981747
0.005233130372
0.00E+00
0
0.01071857967
0.02289652241
0
0
0.0292185
0.002639990798
0
0
0.01066527055
0.06167662462
0
0.001052937753
0.05278672722
0
0.0008780515534
0
0
0.01447052987
0
0
0
0.02910111371
0
0.002729388879
0.04409053127
0.04227316054
0
0
0
0
0
0
0.00109619332
0
0.04695581857
0.01631128645
0.02325347087
0
0
0.01477571349
0
0.02415873471
0
0
0
0.02839416104
0.0227035779
0
0
0.0321923834
0.04446079238
0
0.00E+00
0.002213263142
0
0.0477305192
0
0
0.03448519188
0.03809293343
0
0
0
0
0
0
0.04025879756
0
0.01415732537
0.01834734428
0
0
0.0117438453
0
0
0.07907543558
0.003668482231
0
0.02902502772
0.01580149703
0.005138063
0
0.01116605422
0.004583817985
0
0.01388152129
0.00E+00
0.02452379213
0
0.009437161931
0
0.04357214621
0
0.006274882222
0
0.01162421024
0
0
0
0.001257683212
0.01679176975
0.03095900155
0
0
0.003220633283
0
0
0
0.01972251405
0
0.004283905838
0
0
0
0.009308822144
0.009417075889
0.01623278178
0
0.01313095438
0.02946395477
0
0
0
1.65E-02
0
0
0.01028910631
0.01426491399
0.02648645316
0
0.00E+00
0
0.05271750344
5.55E-02
0
0
0.03900755986
0
0
0.007264356154
0
0
0
0
0.01664443711
0
0.02608644824
0.03196105174
0.04021102557
0.01473222529
0
0.003226805608
0
0
0
0
0
0.02353226701
0
0.00963447559
0.01093116038
0.02953565902
0.02782086365
0.006664022808
0.02948910092
0
0
0.01458930866
0.005104614606
0
0.01107634909
0.01745551091
0
0.05768212439
0.03878700661
0
0
0.009888517533
0.02374501263
0.001575661154
0.002561112185
0
0.005236340411
0.01828914067
0.02367357814
0
0
0
0
0.002607541776
0
0
0.03607686185
0
0
0.01176746529
0.001102221882
0.03499192861
0
0.01769830755
0.05215186023
0.01746247624
0
0.01527012598
0
0.009848553683
0.02918231037
0
0.02890826165
0
0.0009158972846
0
0.005295035422
0
0
0.0007879401977
0
0.03390946831
0.01693845856
0
0
0
0
0.005648358883
0.04118162659
0.02791270527
0
0
0
1.01E-02
0.02925473348
0
0
0.0106676897
0.05038913956
0.00257656409
0
0
0
0.01241863582
0.01151695475
0.002699252441
0.009604867628
0.03933288022
0.02029684699
0.03755711159
0
0.01547099808
0.031474625
0
0.004627281976
0.0312871209
0
0
0.01025786442
0
0.04120201569
0
0
0.02335838229
0.04130270132
0.04188068532
0
0.002420469038
0.0264507627
0.006113295846
0.03195084215
0.02957257761
0.01210844594
0
0
0.01028554892
0.01369445374
0
0
0
0
0.01209346437
0
0
0
0.003829434868
0
0.006220217041
1.19E-02
0
0.0007262605049
0
0.0287837757
0.001192269483
0.00E+00
0
0.02927953438
0
0.02155459112
0
0.005220409262
0
0
0
0
0
0.01153272133
0
0.01672173557
0
0.04383783205
0
0
0.01650110705
0
0.02065944249
0
0.05531595612
0.00327308011
0
0
0.012079042
0.02382501198
0
4.44E-04
0
0.0205501045
0
0
0
0
0
0.006785607033
0.02838188595
0
0
0.02922964983
0.04354981501
0
0
0.02149993807
0.01816783389
0
0.01953027269
0
0.04001261624
0.004444780593
0
0
0.02255068385
0
0
0.00346707827
0.02396959302
0.01519917579
0.0358098324
0
0
0.004641428188
0.02531520373
0.0007870934226
0
0
0.05568677297
0.03670450286
0.02275806375
0.03492267847
0
0.01358979314
0
0.04231633639
0.05293148151
0.0006400484697
0
0
0
0
0.02507265337
0.01863427095
0
0.01437310143
0.03349706013
0.02453497653
0
0.01892588466
0.009320136645
0
0.04335181395
0.03090687842
0
0
0
0
0.02828005985
0
0
0.02027699519
0
0
0.007194471732
0
0.0008182445838
0
0
0.03633723457
0
0
0
0
0
0.01792049956
0
0
0
0
0.01041837601
0
0.01021145498
0
0
0
0.04664967573
0
0
0
0
0
0
0.009697369016
0
0.01163231659
0
0
0
0.03356320288
0
0
0.07216802492
0
0
0.02093786259
0
0
0.06100891061
0
0.02004895713
0.04616452926
0
0.01378702045
0.04637931157
0.001488042379
0.02153438279
0
2.16E-02
0.0649943274
0.02330411624
0
0
0
0.003264196798
0
0
0
0.03410448462
0.04388287006
0
0
0
0
0
0.03210782486
0.01473387857
0
0
0
0.02873279344
0.005469879814
0
0
0.0091392928
0
0.003456136064
0
0
0
0
0.002116708724
0
0.02396084194
0
0.01722560617
0.02621783187
0
0.03289504177
0
0.00E+00
0.01191758194
0
0.01469078693
0.0122193353
0
0
0
0.00740313258
0
0.003149900791
0.009678356621
0
0
0
0.04137059788
0
0.01928700817
0
0
0.003520025949
0
0
0.007740731828
0.006076816397
0.01110303632
0
0.009249103147
0.02243935769
0.00398680126
0.01258029062
0.03403594699
0
0
0.02408893996
3.47E-02
0.01853099413
0.00E+00
0.0003999480926
0.003716191704
0.0009547054217
0.03269063258
0.02834261013
0
0
0
0
0.02855402717
0.05049859646
0
0.01090585626
0.02931724184
0
0.007290815258
0.004077222203
0
0.03767980245
0.008825201817
0
0.02666588162
0
0.01688009551
0.009956325454
0
0
0
0
0.000396062107
0
0
0.02593264109
0
0.0125328492
0
0
0.01236008163
0.01388684595
0
0
0.01234685083
0.07564227373
0.06837002484
0
0
0
0
0.03661406222
0
0.02879123591
0
0
0
0
0
0
0.01091696235
0.00E+00
0
0.0004292467657
0
0
0
0
0.02016073333
0
0.0333041627
0
0
0
0.0239679498
0
0
0
0.008333484249
0
0.02020195851
0
0.03881838887
0
0.0001810578473
0.01039985514
0.02262924343
0.01441964678
0.02845528992
0
0
0
0.004462475196
0.008852348824
0
0.04302514396
0.01915825179
0.01687955452
0
0.04903156774
0
0
0
0.02976293464
0
0.00915539732
0.04730568028
0.0471258924
0
0
0.004052807261
0
0
0
0
0
0
0
0.02803828146
0.002467207931
0
0
0.01532403847
0
0
0.004023379379
0.008688340694
0.01222260495
0
0.0001318208484
0
0.00E+00
0.03075404233
0.0143228171
0.03833205454
0.02189927599
0.03573267347
0.0377249712
0.05212109748
0.00298227155
0
0.06137823993
0.02308613395
0
0
0.008685777784
0.006756054896
0
0.01734525435
0
0
0.001374197763
0.03565114306
0
0.02283547816
0.0006687585202
0
0.03763018073
9.53E-03
0
0
0
0
0
0
0.01545572978
0.01782766367
0.02504796582
0
0.01819744669
0
0.00791647413
0.01649119577
0.06476857714
0.02586212495
0.01225415266
0
0.008511832486
0
0
0.003107500168
0
0
0.01662091843
0
0
0
0.007986689293
0.01931099969
0
0.03889659905
0.01889532985
0.03672746687
0.007078658072
0
0
0
0.006789259064
0.02672251889
0
0.01271507929
0
0.002776204288
0.01732285397
0.00E+00
0.002939985121
0
0.02427751577
0
0
0.0157890736
0
0
0
0.03164275861
0.02855326832
0.06160077954
0
0
0
0
0
0
0.008134307522
0.04811177382
0.02021135337
0
0
0
0.02491465442
0.02273448478
0.03299393638
0
0.0387711031
0.02144267618
0
0
0
0
0
0.02348288679
0.001374429402
0
0
0.006261996922
0.01537980735
0.01100306165
0.0253438767
0.02607221585
0.006506861688
0
0.02384738705
0
0
0.01095767928
0.0391566935
0
0
0.01976112169
0.001736721894
0.01609569889
0
0.00E+00
0
0.0008206398721
0.02790630583
0
0
0.0172119716
0
0
0.01213977687
0
0
0
0
0.003993440904
0
0
0.003580570486
0
0
0.009610642408
0
0
0.01807057421
0.0104428046
0
0
0
0.00E+00
0
0
0.02678897664
1.45E-02
0.04034245185
0.01366054071
0
0.01124207324
0
0.04954882043
0.05942262494
0
0
0.03497102601
0.006753873777
0
0
0.004231582833
0
0
0
0.06867506303
0.02609602901
0.02703705729
0
0.002845864288
0
0.04922481592
0.04501732524
0
0.0155208926
0.02343624122
0
0.02154858192
0.03416065692
0
0
0.02465594698
0
0.01019282709
0
0
0
0.03398144124
0.003020185387
0
0
0
0.005819159945
0.01400442143
0.01583301637
0
0
0.0278721424
0
0
0.01187550202
0
0
0.005498524392
0.02770507794
0
6.90E-03
0.005283521828
0.004985022536
0.03868785301
0
0.03307173832
0
0.01323048415
0.06585856437
0.01118692215
0.05596494824
0
0.004568996541
0
0
0.02845083768
0.01434964034
0
0
0
0
0.00E+00
0
0
0
0.02390548811
0
0
0.01349645637
0
0
0.002250065648
0.07137812789
0
0
0.02453507151
0.001061458964
0
0
0.01154947833
0
0
0.03330751509
0.02018251684
0
0
0.003228753391
0
0
0
0
0.03452875497
0.01068298747
0
0
0
0.005503098268
0
0.02874414313
0.007758030413
0.004914122948
0.02190804661
0
0
0
0.03355852582
0
0.02339897623
0.0469889225
0.01479869363
0
0.00173011025
0
0.04095698226
0.04399984675
0.0502914464
0
0.004225518382
0.01723579571
0
0
0
0.002591541126
0.00800229782
0.01366097702
0.007301153652
0.0122855311
0
0
0
0
0.0543471322
0
0
0
0.02317971164
0.005137308501
0.0150573607
0
0
0
0
0
0.01570136959
0.008898119649
0
0
0
0.01150632948
0.004406477719
0.0005861580565
0
0
0.03442953406
0.005562139496
0.005473472236
0
0.02453932565
0.0289630926
0.02091134166
0
0
0.0355999341
0.01671534689
0.02663785817
0.0116356812
0.01227207742
0
0.01933103301
0
0.0148331617
0.03552261765
0
0.00223859747
0.0061863296
0.01818958994
0.03503025296
0
0
0.006003891826
0.004460059617
0
0.011061819
0.02155619482
0
0.007736407093
0
0
0
0.02464392872
0.01569577666
0.002916018616
0.02591676533
0.008747781462
0
0
0
0
0.0270018375
0.00351967783
7.95E-03
0.01725681833
0.006184604738
0
0.00208775218
0.01628635685
0
0.01273336119
0.03829384028
0.007743168511
0.02918668592
0
0
0
0.01429260802
0.02331217074
0
0.007240422133
0.06767168416
0
3.42E-03
0.003794782937
0.003802818808
0.01022967575
0.008349518626
0
0
0
0
0
0
0.02465755613
0.03659544497
0
0.01757457123
0.0411370242
0
0.002896328506
0.03123743382
0.02981834836
0
0
0
0
0.01052429241
0.0110623958
0
0
0
0
0
0.010389461
0
0.02902192628
0
0.01583866505
0
0.0106900626
0.0231454321
0.02206130465
0
0
0.01672985907
0.04047032229
0.007807242613
0.01520070772
0
0.00754971167
0.01999679734
0.0232281593
0
0
0
0.03312886549
0.009814817514
0
0
0
0.006523435358
0
0.02152327494
0.03659453033
0.002956926499
0
0
0.01906309935
0
0.002546447028
0
0
0
0.0268711993
0.03178134672
0
0
0.04210827634
0.01687471763
0
0
0.02274474381
0.0578606158
0
0.05974530101
0
0
0
0
0
0
0
0.06578222428
0.008855065841
0.01888026497
0
0
0
0
0
4.17E-03
0.00460646825
0.03242901039
0.02581332788
0
0.04441303622
0
0
0.004066117008
0.007034168148
0
0.01051960134
0
0
0
0
0
0
0.020379304
0
0
0
0
0.0262206617
0
0
0.01793012412
0.001230743451
0.04010213663
0.04447862012
0.002422760873
0
0.01237428378
0.04671985226
0.001828603989
0
0
0.0003611337943
0.04842831678
0.007791474443
0.01144345997
0.01150392586
0.04500529659
0
0
0
0.01575821609
0
0.008717915836
0
0.009430265083
0.001064873152
0
0.01884007452
0
0
0.00E+00
0
0
0.03523226994
0
0.001368779154
0
0.005863835808
0
0.03017770935
0
0
0.01051254442
0.04510209968
0.05915457408
0
0.006444690417
0
0
0.005583590867
0.01023559039
0
0
0
0.01319365248
0.04092382269
0.02761993706
0.00550754821
0.002491854109
0.05874603364
0
0.01418411825
0.01800876039
0
0.01346162572
0
0
0.02917424122
0.003829899565
0.03542207462
0
0
0
0.01951154687
0
0
0.01169409033
0.004400961693
0.02142448275
0
0
0.01958096585
0
0.07148884226
0
0
0
0
0.01839305002
0.04415744881
0
0
0
0
0.01261257424
0
0
0
0.02029235131
0
0
0
0.009063812137
0.03585890486
0
0.003074196846
0
0
0
0
0
0.04394881307
0
0.02401652214
0
0
0
0.04103592312
0
0
0
0
0
0.01132126734
0
0
0
0.01443356839
0
0.01179844377
0
0.01274190106
0
0
0
0.002999841546
0
0
0.01893199652
0
0
0
0.04086131331
0
0.05219136498
0.01548182521
0.05845893212
0
0
0.06869604678
0.07899066095
0
0
0.004092258922
0
0
0.006177403696
0
0.03882391606
0
0
0.02856198799
0
0
0
0
0
0.03659916131
0
0.03369204394
0.06294604517
0
0.00213247018
0
0
0.01132703315
0
0
0
0
0.06676663248
0
0
0
0.04828167068
0
0.01019488344
0.01621049688
0.0305059668
0.06138427169
0
0.0175111681
0.0008570366864
0.008049268492
0
0.01201344432
0.005006133678
0.02424334494
0
0
0
0.001300236552
0.01882442339
0.03538602967
0.01201491995
0
0.00144380374
0
0.04162410508
0
0.01191191551
0
0.01691005375
0
0
0
0.006631521989
0
0.02229222609
0
0
0
0.01093603855
0
0.01754474494
0.01195041039
0
0.0270254628
0
0.00E+00
0.009912316565
0.03278754207
0.006324038449
2.69E-02
0
0
0.05464715677
0
0
0.01712610794
0.00331999909
0.0001839371079
0
0
0
0.007874645618
0.005079346447
0.01790117523
0.03271652458
0.005769393282
0
0
0
0
0.02233069947
0
0
0
0
0.02196685371
0
0.01407023541
0
0.01983093991
0
0.009278719701
0
0
0.005205056449
0.009077661715
0
0
0.01482763155
0.02452948491
0.01055431067
0
0.01278297186
0.004043547883
0.01832803343
0
0.02489530814
0.06944066589
0
0.01336107831
0
0.0006159522711
0.03717296506
0.01638282113
0
0
0.01716407675
0.02313841153
0
0.02073054638
0.01999312126
0.01810116597
0.01697018554
0.0006075115541
0.02351894002
0.002775521142
0.002845804023
0.02505146879
0
0
0
0.006180688074
0
0.00E+00
0.0123892379
0.01305140215
0.01975025336
0
0
0.00E+00
0.02807640276
0
0
0.05773636831
0.01206381053
0
0.01270097283
0
0
0.005035370845
0
0.01074426588
0.03191914874
0
0
0.003371404244
0
0.008617184317
0.02184386524
0
0.05107242677
0.005542144864
0.007053527722
0
0
0
0.007277626867
0.04454132954
0.007226703069
0
0
0.02958619292
0.007861698548
0
0
0
0.009943863325
4.54E-02
0.03294706995
0.01084362971
0
0
0
0
0
0.04044917101
0.02061915986
0
0.01450388991
0.05353093102
4.11E-02
0
0.0079939606
0
0
0
0
0.0320215193
0.03848417204
0.01765034385
0.04081089861
0.006340840002
0
0
0.02507551848
0
0
0.01255720335
0
0
0
0
0
0.03157263402
0.01072719786
0
0
0.01581268707
0
0.01174391368
0.04976256024
0.0363574804
0
0
0
0
0
0
0
0
0
0
0
0.0273113327
0
0.01805271925
0
0.007577966523
0
0
0.01401207159
0.03394544619
0
0
0
0.02555362843
0.006423935708
0.02072070603
0.004362912218
0.01457011845
0
0.002995961525
0.03665999744
0
0.03130018867
0.06676251913
0.002690431154
0.02866913246
0
0
0.003286946832
0
0
0.002805051596
0.006315252234
0
0.006900874567
0.05680398775
0.01844331119
0.03221495899
0
0
0
0
0.002004373691
0
0
0.003074172609
0.01139437199
0
0
0.008021690887
0.0131962592
0
0.02184967335
0.02415373248
0
0
0
0
0.00212988755
0
0.005330203014
0
0.04289071652
0.03264164977
0
0
0.01825804421
0
0
0.0385838525
0
0
0.02731339548
0.04151940156
0
0.008437428551
0.02321244211
0
0
0
0
0
0
0.01151126407
0.01794550534
0
0
0
0
0.01437815571
0
0.008312587741
0
0
0
0
0.0001628294878
0.0005336046868
0
0.01302389431
0.03425979817
0.03662644612
0
0
0
0
0.02264460463
0
0.01560100119
0.01305342444
0.03610910919
0.02319281895
0
0
0.02143477597
0
0.08080056422
0.008762229578
0
0.002346621702
0
0
0
0.00720987945
0
0
1.69E-05
8.22E-02
0.01551652689
0
0
0
0.007434914361
1.35E-03
0.07710126686
0.04075312756
0.01444061115
0.02488822416
0.0247301533
0
0.01593743801
0.01896496926
0.00E+00
0
0.001512649127
0.00E+00
0.007708807951
0
0
0
0
0.07635004195
0
0
0
0.0081219499
0.0005649305182
0
0
0
0
0.02555859081
0
0.006641849018
0.01566540556
0.01058574101
4.00E-02
0
0.01672727191
0
0
0.02400849536
0.01561150603
0.02071827067
0.00341135792
0.04586789413
0.01382517612
0.02784176229
0.004508185222
0.02838521874
0.01815797867
0
0
0
0.02330102874
0
0.005501346829
0.02295862116
0.01850964091
0
0
0
0.0854975928
0
0.01267284254
0
0
0
0
0
0
0
0.01815342733
0.04409851106
0.05974815146
0
0.008523766215
0
0.01846276965
0
8.50E-06
0
0.05737090675
0
0
0.01013820505
0
0
0.01721060728
0
0.0215823768
0.01651427766
0
0
0
0.005316451447
0
0
0
0
0.004737882887
0
0
0
0
0.0316491843
0
0
0
0.009096904068
0.009942045733
0.02522919421
0.01498697397
0.009069935095
0.002872527967
0.03584803639
0
0.008479487126
0
0
0
0.02007576244
0
0
0
0.003651696764
0
0
0
0
0
0
0
0
0.009842335258
0
0
0
0
0
0.04022349804
0.01510114055
0
0
0.02228210135
0.01104472077
0
0.01721764711
0.02567914114
0.04770298931
0.02956864539
0
0
0.004395353845
0.008105075977
0.02547453816
0.02274739327
0
0.02047612474
0.00401856602
0.03003841322
0.06373324247
0.03302046733
0.01444315623
0.03175355444
0.05244008707
0.04028720089
0.02719961202
0.0008834159119
0
0
0
0.05447701396
0
0.03259557418
0
0
0
0
0
0.004661187267
0.04647845907
0.01817914749
0.00E+00
0
0.006001431183
0
0
0
0.01784905895
0.005775795041
0.02096435034
0
0
0
0
0.002929959764
0
0.008933053857
0
0.02244965397
0
0
0
0
0
0.0003179025505
0
0.00942886747
0.02350753686
0
0
0
0
0.03367750046
0.02652378628
0.007135586813
0.03670825475
0
0
0
0.05387669948
0
0.03288778612
0.01226530286
0.040183073
0.01023506758
0
0.02266755492
0
0
0
0
0
0
0.01994323948
0
0.04929893267
0.05239711586
0
0.01182794121
0.02569372358
0.0009472994788
0
0.01081530997
0.02858894649
0
0
0
0.0009518453082
0.004812377416
0.02930241876
0.02301330557
0.002643941025
0
0.02676439213
0
0.005135925638
0.04607246044
0
0
0
0.03519999734
0
0
0.01492917175
0.00E+00
7.71E-03
0
0.006595245486
0
0.005673621889
0
0.02502925084
0.007582450393
0.04882671554
0
0
0.02099591587
0.005846588969
0
0
0.006076039095
0.01660286971
0
0.03471112266
0
0.0007775058257
0
0
0.01010936433
0
0.01977372222
0.02248318182
0.01863786788
0.01333308394
0
0
0
0
0.02197326068
0.007863328744
0.002861276991
0
0
0.003202630045
0
0
0.01358198943
0.02969358356
0.01078869639
0
0
0.00797689124
0
0.02089672681
0.02030044689
0
0
0.02964631347
0
0
0
0.01658733263
0.02536948752
0
0.0474574682
0.03871949542
0
0.03914851576
0.02129883152
0
0.02338368915
0
0
0
0.007249590297
0.0270562462
0
0.01536715573
0.03338869608
0
0.01240857647
0
0
0
0.005211411558
0.01365491047
0
0.01071036496
0
0
0
0
0
0
0.01219651008
0.007891876743
0.01409432659
0.02276724395
0.003665068796
0
0
0.02427123259
0.02677687871
1.71E-02
0
0
0.009034920579
0.01519602832
0.02019428702
0.006337234248
0
0
0
0.01295766653
0
0
0
0
0
0.03742540506
0
0.008218551042
0.03338595306
0.02075753276
0
0.02884535853
0.00E+00
0.005957124281
0.02406896352
0
0.02324188441
0.02524138267
0.01601859252
0.003753889845
0.007627832791
0
0.03822738549
0.02672517128
0
0.0225351701
0
0
0.02508536545
0
0.02293957109
0.005380483779
0
0.01100216266
0
0
0
0
0.04697399742
0
0
0.03012617431
0.006955359207
0
0
0
0
0.01265344678
0
0.01811550304
0.01931859166
0.02403097253
0
0.005430062211
0
0.009122143612
0.01849343479
0.004912703826
0
0
0.03295070456
0
0
0
0.02414252477
0.0328715032
0
0
0.01661213831
0.03912077327
0.004199153836
0.02389187312
0.009697247353
0
0.02661077552
0.01916929413
0
0
0.04516996076
0.02410754824
0.005343615926
0
0
0.01633566477
0.002487517803
0
0
0.02762894083
0.0008101091783
0.04419892438
0
0
0.005636485445
0.01256266161
0.005770889787
0
0.03664672996
0.0294784368
0.004649591416
0
0.001467172803
0
0.02991394801
0
0.02138777279
0.03484789153
0.03923876602
0.003730229064
0
0
0.01725603841
0.02780348517
0
0.009578498004
0
0.007184780867
0
0
0
0.004112775208
0.04412465163
0.01009015621
0.01557345184
0.01304725992
0.02061202308
0.003078712247
0
0
0.01122777933
0.03495472073
0
0
0
0.008937831171
0
0.01244482889
0
0
0.000400528057
0.02681677557
0
0
0
0
0.0158149807
0
0.02963504497
0.02244864416
0.05124323158
0
0.02100549026
0.005788560815
0.004092829763
0
0.02356369597
0.04953999006
0.0182849256
0
0
0.009596196711
0.02322359768
0.04259561489
0
0.006915736004
0.02789699338
0
0.04442033139
0.01053756905
0
0.01316281031
0
0.04100976972
0.01538219902
0
0
0
0
0.03863946077
0
0
0
0.02135921166
0.006640976272
0.01097177059
0
0
0.01992575711
0
0
0
0
0
0
0.008896604683
0.01119149508
0.009728213815
0
0.03058034188
0
0.001503173403
0
0
0
0
0
0
0
0.008036026286
0
0.01318287736
0
0.03778333266
0
0
0.02140731554
0
0.01478567113
0.008110975355
0.05099852435
0.007927257461
0
0
4.77E-03
0
0.004378380632
0
0
0.008430517551
0
0
0
0.01169738051
0.02027239065
0
0.006367657994
0
0
0.05023444061
0.05530274001
0
0
0.03378978307
0
0.00693151334
0.06223690721
0
0.037235508
0.06746468766
0
0
0.0206420327
0.007082937375
0.004897566922
0.00E+00
0.06442320035
0.0408627442
0.0206727867
0
0
0
0
0.003923523239
2.51E-02
0
0.03630572247
0.001367269196
0
0.005953241962
0
0
0
0
0
0
0
0
0
0
0
0.01550070082
0
0
0.00693470128
0.01571724572
0
0
0
0
0
0
0
0.01838133779
0
0
0.009911725136
0.05623936766
0
0
0
0.02011579139
0
0
0.03617709678
0.01981226281
0.009039122539
0
0
0.00774229912
0.01752943395
0
0.0114035894
0
0
0.01213536534
0
0
0
0.03866687598
0
0.01120492246
0.02433822755
0.02305801079
0
0
0.01260321089
0
0
0.00E+00
0
0.003238221385
0.01129424498
0.06544455864
0.06782763347
0
0
0
0
0.01268644267
0.02477148215
0
0
0
0
0.05003178235
0
0.01113537929
0.003292850835
0.008391996192
0.01389449939
0.01663696841
0.02048759627
0
0
0
0.007943577815
0.03401283757
0.007231483853
0
0
0.006891734162
0.001580932751
0.03220716869
0
0
0.05552394928
0.04112107087
0
0
0.0130341268
0.01001930118
0
0.02460421334
0.02992967703
0.003103132764
0.00E+00
0
0
0
0
0.03464614703
0.02691616361
0.003851693939
0
0.01310722034
0
0
0.01778748347
0.008489092005
0.04031792212
0.04422619225
0.01032766355
0.008724081191
2.34E-02
0.004096665845
0
0
0.04935341124
0.02803669293
0.02143467603
0
0
0
0.02205971547
0
0.01135274916
0
0.03190051327
0.02152727121
0
0
0
0.005367692287
0
0
0
0.01078146346
0
0
0.01363472047
0
0.03219838544
0
0
0
0.03737559284
0.008493274408
0
0.01394426843
0
0
0
0.01339437006
0.006918330375
0.02938767221
0
0
0
0.01262656692
0.01518609354
0
0
0
0.01513881349
0.02300035608
0.03736970947
0
0.04179518092
0.03288474275
0
0.01026502886
0
0
0
0.00E+00
0.01967312457
0.01580540322
0.02313242752
0
0
0
0.01038005541
0
0.0228673259
0.02098965629
0
0.007830930994
0.008622559593
0.03598256704
0
0
0
0
0.02471987241
0
0
0
0.04251693917
0.01853457856
0
0.003368484012
0
0
0.03496120544
0.03568476832
0
0.009333684443
0
0
0
0
0
0.006346595834
0
0
0.009338012974
0.04359303594
0
0
0
0
0.01898403027
0
0
0.04499054515
0.03347850544
0.00E+00
0
0.01619680124
0.00472855674
0
0.03083590373
0
0
0.002041471409
0
0
0.006142646478
0.02008163788
0
0.03104005494
0
0.06369201355
0
0.004826373482
0.00201575781
0
0
0
0.008607453042
0.04321745171
0.005193309693
0.06101391292
0.02193865678
0
0
0.01139316215
0
0
0
0
0.01548996651
0
0
0.03809589945
0
0.003592636037
0
0.01523714857
0.04674909767
0
0
0
0
0
0
0
0.009578085654
0.001989074344
0
0
0
0.01282493133
0
0.05976302412
0.002295631839
0.003533871757
0.005418130153
0
0.02876575072
0.0133770303
0
0
0.02046591661
0.0260559122
0.02201842589
0.007852588668
0.0271273964
0.03042186349
0
0
0
0.00E+00
0.01423250469
0.01668205375
0.02352204243
0.01881914901
0.000581042912
0
0
0
0.03019713102
0.01842768024
0
0.02598981589
0
0.02388959403
0
0
0.008239203863
8.09E-03
0
0.004203797384
0
0.03861679147
0.02086072465
0.0003354483276
0
0.02478527733
0
1.62E-02
0.002008316111
0.01001638799
0
0
0.04135065112
0
0.01160239759
0.008403627987
0.03494634071
0
0
0.02256315869
0.01736730102
0.004781669149
0.002985490319
0.01679760769
0.00789027559
0.001496178203
0.0220040067
0
0.003771517241
0.01201961473
0.01208263482
0.00E+00
0.006081352208
0
0.02039552285
0.008790201222
0
0
0.04440321848
0.04265761955
0.002685957045
0.01218978299
0
0.04093323836
0
0
0
0.03222069056
0.00E+00
0
0.01703926364
0.03366708524
0
0
0.00340076251
0.0107699763
0.006341838203
0.05318684474
0
0.00775605138
0.01722431037
0
0
0.02990306198
0.003378412069
0.02586457373
0
0.03134150501
0.02831282903
2.25E-03
0.006036503261
0.03935671686
0
0.01234338581
0
0
0.02976805979
0.02154258529
0
0.00200470456
0
0
0
0.02071322731
0.03658447114
0.03736499586
0.04567026011
0.03809247666
0.0110409269
0.0008063564957
0.014100856
0.01053603518
0
0
0
0.02028062072
0.02433578682
0
0.01184384944
0.01356742145
0.02306519629
0
0.01331149246
0.003526544424
0.002476040571
0
0.02259645435
0
0
0
0.01549761126
0
0.01372400294
0.035971115
0
0
0.003875269394
0
0
0
0.001866506268
0.003361007716
0
0
0.01093112621
0.02316539801
0
0
0.00E+00
0
0
0
0.003813684313
0.02508155228
0
0
0
0.02350019386
0.01662921006
0.00327402681
0.01475483283
0
0.03282069642
0.00E+00
0.032577299
0
0
0.01683500532
0
0
0.01195715089
0.00E+00
0
0.01813149001
0
0.0237317742
0.06749654055
0.002746299812
0.008734559076
0
0.002217847055
0
0
0
0.001260552947
1.21E-02
0.03385380612
0
0
0
0.009301525619
0
0
0.02984097439
0.05135942223
0.04545815944
0.02683182152
0.01198788506
0
0.0156758026
0.01715549686
0.004091296516
0.01546613583
0.01455818358
0
0
0
0
0
0.01235548074
0
0
0.02793927535
0
0
0
0
0
0.02186613054
0.009689759588
0
0
0
0
0.006019516931
0
0
0
0.04108863589
0
0.03990010943
0.05237135106
0
0.01747439447
0.0127313319
0
0
0.0344004045
0
0.01750270705
0
0
0.02176804139
0
0.02633934243
0.006930274293
0.01989254441
0.02591020911
0
0
0
0
0
0.04195520604
0.03632566269
0
0
0.003651097098
0.01189556443
0
0.00579931642
0
0
0.005068649397
0.02230710587
0.005223408046
0.0523358766
0
0.002449500645
0
0
0.00631850249
0
0
0.03010511359
0
0
0.02579266601
0
0.04358260722
0.02043087609
0.01659862342
0
0
0.05491351211
0.0034115513
0.00E+00
1.94E-02
0.009708503156
0.005855807983
0.006464441027
0.01264168849
0
0
0.01203619857
0.01389530945
0
0
0
0.02627206613
0.0481086679
0.0009180302702
0
0
0.02711321014
0
0.002043563629
0
0.01605091662
0
0
0.01349716653
0
0.01907865981
0
0
0.003608427029
0.0287283302
0
0.004857980333
0
0
0
0
0
0
0.007875699225
0.03308469707
0
0.003417766667
0.007899038515
0
0.04107034559
0
0.04477105263
0.04663290654
0.0447457899
0
0
0
0.0491680357
0
0
0.01019106073
0.005106033395
0
0.003867476568
0
0.01132279435
0
0.00415062455
0
0.001697447631
0
0
0
0.02999526887
0
0.04244585235
0.05375228155
0
0
0
0.01696646353
0
0
0
0.03238758245
0
0
0
0.01919954737
0
0
0.01063109517
0.01023889268
0.01042700942
0.03236366287
0
0.009353591162
0.01750748482
0
0.01846128231
0.032873638
0
0.01766639106
0.02635103714
0.04559478976
0
0
0.04085793141
0.04031412652
0
0.003828089763
0
0
0.01147732517
0.0407098549
0
0
0.01943934977
0.000440565828
0
0.05420767295
0.03033478596
0
0.04763621919
0.04250140004
0.03326838866
0.02690541695
0
0
0
0
0.007184661714
0
0.02762062797
0
0
0
0.009807500272
0.003929601191
0.02759898512
0.03638431863
0
0
0.0214141625
0
0
0
0
0
0.01691309594
0.002635182998
0
0
0.01223976601
0
0
0
0.03047106609
0
0
0
0
0
0
0
0
0.00E+00
0
0
0
0.005071981092
0
0
0.00964120295
0.01946194264
0.04371078198
0.02967214761
0.004299380455
0.00E+00
0
0.02654169271
0.002603076714
0
0.05966794263
0
0.02317446766
0
0
0.00E+00
0
0.008768215604
2.03E-04
0
0
0
0.001430642519
0.006130309069
0
0.04007412783
0
0.009432556194
0.02390528557
0
0.005874912437
0.001236380065
0.02314942672
0
0.02036160915
0.02273108754
0.01349265445
0
0.01604429774
0.0237603241
0
0
0
0
0.01615553059
0.002333930974
0.02057290202
0
0.0127614124
0
0
0
0.01449682282
0
0.01680496607
0.03499186392
0
0.02071916703
0
0
0.02196577056
0.01339299003
0.00809926528
0
0
0.02735680104
1.16E-02
0
0
0.02371055869
0
0.04536494264
0
0.0004910602728
0
0
0.04807396671
0
0.03059950101
0.00E+00
0.04055264258
0.02258815466
0
0.01913891812
0
0.02377606516
0
0.005696922107
0
0.002262302891
0.01191052222
0
0
0.01632401026
0
0.0136114595
0.008120411817
0
0.03143647769
0.03629887001
0.007272359587
0
0.008159093243
0.03680255282
0.002274925669
0.01574799069
0
0
0.003601513811
0.01944847982
0
0.01634690568
0
0
0.02210639928
0
0
0
0.005575952626
0.01901133997
0.00185771938
0
0
0.001230122334
0.0226840526
0.001084071234
0
0
0
0
0.01088545865
0
0
0
0
0
0.03851248248
0.03188455292
0.02794625948
0.008337692007
0.01611149082
0
0
0.01159070418
0
0
0.02959016181
0
0
0
0
0
0.002122087985
0.04142539029
0
0.01137946793
0.001753570646
0.01301856077
0.00E+00
0
0
0.03561811666
0.007608003429
0.03596073486
0.008155661332
0.005357920542
0
0.0032768328
0
0.004130245152
0.00590752164
0
0.06079585784
0
0.02003113318
0.04709284776
0
0.02332261365
0.00168898366
0.02092887344
0
0.006776595544
0.03025238779
0.006153478566
0
0
0.01445762017
0.01718418975
0.03933067498
0
0.02731249549
0.01982213666
0.01298091202
0
0.008752046518
0.01270533664
0.03160353426
0.01289748132
0.0005810834738
0
0
0.02296111515
0.04735819107
0
0.02932202366
0.0221689143
0
0.04577562512
0
0.008833949436
0
0.0270812974
0
0
0.03016518209
0.008051013539
0
0
0
0.007502987857
0
0
0
0
0.01649392306
0
0
0.02716455063
0.001582285349
0
0.02648516581
0.01972864377
0
0
0.02422978075
0.04073303015
0.02510455065
0.04095540362
0.05513574756
0.01900961876
0.009620227683
0.005040166209
0
0
0.02891558806
0
0.03795055491
0.01866573249
0.0127744109
0
0
0.02815708927
0
0.01205148844
0
0.001682928608
0
0
0
0.01048893624
0
0.006875596004
0
0.01523678892
0
0.006599796286
0.01630287744
0.01278191461
0.001932501901
0
0
0.01136482481
0
0.02198569025
0
0.005830442989
0.02280672256
0.004728762866
0.002081365472
0.0003020256138
0.02183841368
0
0
0
0
0
0.00213415015
0
0.04658656668
0.02366952189
0
0
0.0315083593
0
0
0
0.01354896622
0.0114251704
0.04129681206
0.001915078232
0
0.04136436366
0.03303273578
0.01347067387
0
0
0
0.05367894107
0
0.007337865976
0
0.009965012782
0.001327781785
0.02728290771
4.03E-02
0
0.001869846324
0.04285591796
0
0.01549578165
0.01124348422
0
0.02162253514
0
0.03170047916
0.000689519464
0
0
0
0
0.01407856074
0.003468039883
0
0
0
6.91E-05
0.00817632657
0.03351008634
0.0376045606
0.02642590702
0
0.00E+00
0.004630729486
0
0.007252607258
0.003518635456
0
0
0.0185634736
0
0
0
0
0
0
0
0
0.01596539793
0
0.04375723063
0.004636263569
0.01528422971
0
0.008214942982
0.01692025963
0.02145359888
0.0001749820417
0
0.05618713178
0.01377216409
0
0.02599407724
0
0.003848292178
0.00E+00
0.002109466775
0.008042949697
0.01237630859
0
0.01223455687
0.000976723058
0.0235677421
0
0
0
0
0.04491154117
0
0.01507816271
0
0
0.02316069563
0
0.008857675943
0.01709262784
0.02117143367
0.02868531255
0
0.03602659011
0.05345335944
0
0.02000308641
0
0
0
0.02339329562
0
0
0
0.00E+00
0
0
0.001993640632
0.024766097
0.007663493182
0.0186760263
0
0.01173253146
0
0.032239527
0.03136310623
0
0.01472933496
0.009100187167
0
0.02518343376
0
0
0.04704131861
0
0.03737360332
0.02488255141
0
0.03319328279
0
0
0.008248988939
0.005652262242
0.008549718413
0.04281043368
0
0
0.01355771706
0.02317282771
0
0.006533422681
0.008391036515
0
0
0
0
0
0
0
0
0
0
0
0.00E+00
0.03219809295
0
0
0
0.0360566232
0
0
0
0.03260699585
0.03449371136
0
0
6.06E-05
0
0.03135976251
0.00286622217
0.02252978706
0.02054875099
0.02023324399
0
0
0.03897439671
0.0225725067
0
0
0.02289496959
0.00798730206
0.02573342601
0
0
0
0.03479689493
0
0
0
0
0.01993033931
0.03633253803
0
0
0.04651229543
0.0403115644
0.004175188249
0
0.02997019898
0
0
0.01890699857
0
0
0
0
0.003753376947
0.01312607871
0.04287371485
0.02758977455
0
0.02932251223
0.03379963382
0
0
0.006642254621
0.00514634282
0.01435315108
0.001680639665
0.01515562641
0
0.01933118198
0
0
0
0.0001106892851
0
0
0
0
0
0
0.02755711765
0
0
0.02687343785
0.03859173799
0.04050126075
0.00E+00
0
0.01985766702
0
0
0
0.02399139604
0.006526486786
0.02316376878
0
0
0.01772860612
0
0.01900840552
0
0.0118669756
0.04540619033
0
0.002398905273
0
0.001314397765
0.03338881098
0.00604180411
0
0
0.05596626233
0.039140038
0
0.005459693517
0.002968862272
0.0233723708
0
0.0304644501
0
0.02817423896
0
0
0
0
0.04823145291
0
0
0
0.04104333737
0.0280561294
0
0.0230376999
0
0.004968793493
0
0.00351557684
0
0.01021973449
0
0.01132928845
0.02377085885
0.007141717538
0
0.01776648355
0
0
0.001011649187
0.0183524179
0.02831875079
0.02517222471
0
0
0
0
0.03393530893
3.68E-02
0
0.01820381498
0.03654204159
0
0
0
0.002267904191
0.009175089699
0.01411940142
0
0.004094954842
0
0
0.0003107834541
0
0.03922961206
0
0
0.03333190129
0
0
0.0477396439
0
0
0
0
0.01763405314
0
0.04542469661
0
0.001395702456
0.006423374317
0.02461889846
0.01346121786
0
0.03206551103
0.04306687526
0.003691552112
0
0
0.03627696271
0
0.01411901278
0.02114143991
0.01097073378
0.004377646628
0.03415528641
0
0.03894954763
0.00636617741
0
0.02697459701
0.01023724321
0
0.019039764
0.004826070002
0.009506633952
3.60E-02
0
0
0.03544851719
0.004823416171
0
0.008494959853
0
0.01738267863
0
0.00E+00
0
0
0
0.02640545968
0
0.01332031053
0
0
0.00E+00
0
0.02775484004
0.0333744564
0
0.007664947697
0
0
0.01969718233
0
0
0.01450169244
0
8.23E-06
0
0.001149775826
0.00E+00
0
0.01919033906
0
0.005275043468
0
0
0
0
0.003765279978
0.009429644783
0
0
0
0.01897886007
0
0.0123076944
0
0
0.04797486899
0.03341520441
0
0.004192137332
0.02253800933
0.03129479292
0.007647187611
0
0.006159968785
0.04557387997
0.04841776659
0.01129606284
0
0.003123912232
0.02611101861
0.008459993285
0
0.0005458828955
0
0.01717256468
0.04338272408
0.02569996638
0.06114186608
0
0
0.02451764348
0.01365063348
0.02296070318
0
0
0
0
0
0.00666549906
0
0.01510977043
0
0.003274972362
0
0
0
0
0.05050267151
0
0
0
0
0
4.82E-03
0
0.01569795239
0.03222304453
0
0
0
0.03525998508
0
0
0.009253851745
0.05796457263
0
0
0.001328345546
0
0.00E+00
0.02002568062
0
0.007484507236
0
0
0
0
0.0006673725963
0.0104231887
0
0.04868462763
0.008718651753
0.0137702559
0.0839000005
0
0
0
0
0.02864751582
0.01880723976
0
0
0.01968205239
0
0
0.0052406407
0.0104520213
0
0.01399701082
0
0
0
0.007149013595
0.02967551722
0
0.006520582711
0.04390985311
0
0
0
0.0002304129019
0
0
0.02064454013
0.002276409712
0
0.02391657419
0
0
0
0
0.00648340128
0.02978781019
0.02892996179
0.02593812621
0.02844073275
0.02391896387
0.02889150064
0
0.001154172569
0.01845059198
0.03323274676
0.02420069017
0.02875492207
0.003733733958
0
0.004243075373
0
0.03183907427
0
0.005839143695
0.02274371669
0
0
0.00E+00
0
0
0.04801875954
0
0
0.02084529896
0.02190871601
0
0
0.01245205899
0.03750193408
0
0
0.02614363537
0.002972804691
0.001299376621
0.0118052884
0.01503699397
0
0.04457866327
0.001386547712
0.01782958404
0.02985702227
0
0
0.001800656509
0
0
0
0
0.03033802166
0
0
0
0
0.03804270872
0
0.01413165676
0.0282875817
0.0180309421
0
0.005159726851
0
0.03054110935
0.02823813784
0
0
0
0.01584210775
0
0
0.018847588
0
0
0
0
0
0.02576867118
0.0122447307
0.03159222287
0
0
0
0
0.00E+00
0
0
0.003307179522
0.02130497909
0
0
0.01261268858
0
0
0
0.01554640071
0.00E+00
0.03467759789
0.05996826919
0.006923836962
0
0.001980491497
0
0.01980561941
0.00338567315
0
0
0.02762064371
0.01465863113
0
0
0.004520636179
0.03860991449
0
0
0
0.05091318524
0
0.02368934294
0.02408533401
0
0
0.01633850013
0
0
0.01644446428
0.00E+00
0.04211124044
0
0.03710890311
0.0499118958
0
0
0
0.07595261722
0
0
0.01228228439
0
0.01397185611
0
0
0
1.11E-02
0
0.003482331022
0.02741696031
0.04349002278
0
0.06131900767
0.006907611809
0
0
0
0
0
0.01191944249
0.02831339642
0
0
0.01003628556
0.04192825829
0
0.03273747236
0
0
0
0.01376846714
0.00480630722
0.004255958956
0.02284924197
0.01360116824
0.009920368796
0
0
0.04258919771
0.006537068529
0.004789194133
0
0.004225696211
0.006119427751
0
0
0.008728725469
0.01133940012
0
0
0
0
0.000431121794
0
0.002139133359
0.00238769647
0.02690019692
0.002018240608
0.008448234011
0
2.03E-02
0.01978023108
2.16E-02
0.01673171293
0.03406372594
0
0
0
0.002519074964
0
0
0
0.02827444264
0
0.0470714503
0
0
0
0.003492251229
0.01398857609
0.03839467294
0.02162697134
0
0.007679293323
0
0
0.009916057744
0.02750079517
0.01092834586
0.04197343964
0
0
0.05875673475
0.03833139901
0
0.009284529295
0.0316628644
0.01226333675
0.01088355415
0.02710779962
0
0
0.00120735517
0.01522177411
0.0071133075
0.03674131609
0
0.004006519336
0.002014405757
0
0
0
0
0.001065412667
0
0.02797071202
0.0501354549
0
0
0.009229820542
0.00502560268
0
0.01558048453
0
0
0
0.01495925378
0.009107702336
0.0241775803
0
0
0
0
0
0
0.006234709062
0
0.002015354886
0.01447511193
0
0.0302537453
0
0
0.04967983313
0.00756506484
0
0
0
0.03927064687
0
0
0
0.007236365507
0
0.03704505673
0.01359582405
0.00301909565
0.02142152111
0.006104939508
0.007406604602
0.02046171868
0.002591003424
0
0.04858593533
0.01657888852
0.02101513432
0
0
0
0
0.02169963031
0.009547758647
0.009791159965
0
0
0.003656465729
0.05067457328
0
0.03229480813
0
0
0
0
0.03742322131
0
0
0.005016875371
0.03669371365
0
0.005820996992
0.0365425814
0
0
0.03271521543
0.007600462928
0
0.006770446277
0
0.00568517171
0.0009265571908
0.01899749806
0.03644862365
0.008315252424
0
0.04250297234
0.03758659481
0
0
0.02430398668
0.02106365045
0
0.01419412022
0.001147079765
0
0
0.002943101269
0.03613702475
0
0
0
1.60E-02
0.01444793214
0.00011463765
0.02012359302
0
0
0
0.04192896116
0.00195195995
0.006180674844
0.0120872033
0
0
0
0
0.00825976869
0.04985685591
0.009631361601
0
0
0.01501837356
0.007984694717
0
0
0.04054596857
0.0493158974
0
0
0.003421126379
0.03108899615
0.007679364862
0.04312714007
0.01114105229
0
0.03586264765
0
0
0
0.0139566203
0.000655845863
0.005649055854
0
0
0
0.002020006583
0.01844261873
0.009603382579
0.02710655862
0
0.0457099017
0.006402914683
0.03595136466
0.01731985587
0.0427783749
0
0
0.05685131712
0
0.002854839449
0
0
0
0.01061095756
0
0.03888554755
0.03974955369
0
0
0
0
0.02543399923
0.01886864193
0
0
0
0
0
0
0
0
0.04073108095
0.03460064638
0.01231475825
0.004613933068
0.007359817445
0.002214419496
0
0
0.02276309749
0.001932359187
0
0.01483832738
0.02519673138
0.00625785747
0
0
0
0.00E+00
0.01757642944
0
0
0
0.00747017414
0.008196963959
0.01104889697
0.03559041846
0
0.007149803374
0.01539561134
0.01841871018
0.05195639227
0.02169122104
0.004406822874
0
0
0.03127963545
0.007235345272
0
0
0
0.01561942809
0
0.001178986343
0
0
4.92E-02
0
0
0
0
0.0305985791
0.001063121451
0
4.80E-05
0.02395477524
0
0
0
0
0
0.01288316289
0
0
0
0.01646155592
0
0
0.00596328831
0
0.01598360413
0
0
0.02408531501
0.04150418475
0.002637452753
0.03155740259
0.02628963922
0.01114845758
0.01441320304
0.01770420585
0.02292251025
0
0.007464413127
0.02238285843
0.03210588204
0
0.01837664435
0.03050992692
0
0.01720334466
0
0.007311596335
0
0
0
0
0
0
0
0.01421365378
0.02565300475
0.01304181889
0
0.03435214719
0.009359479335
0.02103702347
0
0
0
0.004645377701
0.01216416107
3.70E-02
0.009876256928
0.02815811826
0.007296424456
0
0.01079638316
0.01849531411
0
0.004920755134
0
0
0
0.04424797162
0
0.006958333315
0
0
0
0.02247501525
0.004214350656
0.03785359679
0.0157504509
0.001372929055
0
0
0
0.01932498844
0
0
0.0217719642
0
0.005179335333
0
0
0
0
0
0
1.27E-02
0.01725432525
0
0
0
0.03216455284
0.02317850324
0
0
0.03738322452
0.007135000344
0.01491329921
0
0
0
0.03407999895
0
0
0.01895725556
0
0
0
0
0
0.001978742088
0
0.008018747834
0.02623538764
0.01073735603
0.008890624105
0
0.006302867697
0.01383321363
0.03349073798
0.01193360522
0.0248365602
2.13E-02
0.0440489464
0
0.002133431085
0
0.0490575127
0
0.01059130098
0.04285100804
0
0.03633640729
0
0
0
0.02082733205
0.05671365448
0.0009851095948
0
0.0268363708
0.01801606685
0.00E+00
0
0
0.009145100064
0.04451983084
0.02719788956
0
7.79E-05
0.03819000441
0.02681325339
0
0
0.002227069754
0
0.04287938322
0.0003298315675
0
0
0
0
0.02933694915
1.66E-02
0
0
0
0
0
0
0
0
0
0.01669998685
0
0
0.02160719455
0.01775432176
0.01185632807
0.02694680452
0
0
0
0
0
0
0
0.01814530337
0
0
0
0.01879258232
0
0
0
0.02146520431
0
0.002096211523
0.0503907932
0.03257782005
0
0.01360547982
0.02448936676
0.04838263112
0.008952329125
0
0
0.03009615315
0.01260308205
0.004292549751
0.004170994327
0.0126665752
0.0163364562
0.01606357491
0
0.04420201434
0.03927973032
0.01284212983
0
0
0
0
0
0
0
0.0107453831
0.02164739705
0.02217022404
0
0.04341226271
0
0
0
0.04781122674
0.04229807181
0
0.001003780172
0
0
0.009182945478
0
0.00E+00
0.007074155785
0.02814929438
0
0
0.02542824575
1.54E-02
0.002947498826
1.67E-02
0.00E+00
0
0.02610996051
0
0
0
0.007469452229
0.05974069228
0
0.008464482956
0.03197963109
0.03585081748
0
0
5.73E-02
0.01547997519
0
0.004015799036
0.01365145867
0.02863843682
0.01271669193
0.04326519391
0.003843627648
0.01060523247
0.02699552409
0
0.0114255969
0
0.03548507563
0
0.02952802879
0.02907210605
0
0
0
0
0
0
0.01076014752
0
0
0
0
0
0.03152512896
0
0
0
0
0
0
0
0
0
0.002399032175
0
0
0.02243729649
0.01702345179
0
0.01897474043
0.00136119273
0.03021889823
0
0
0
0.03289298325
0
0.02612102652
0.009179575982
0.004593654952
0
0.006581725756
0
0
0.02323189409
0
0.005019167332
0.04065680763
0
0.00E+00
0.004064613176
0
0
0.04030212113
0.01494562903
0
0.0133771411
0.002193841899
0
0.00E+00
0
0
0.002973544511
0.02880595005
0.02721118244
0
0.0158167157
0.01485557893
0.0501566719
0
0.0114864314
0
0
0.04881129314
0.04700890055
0
0
0.01138678445
0.02158488379
0.004159118372