0
0.01927260969
0
0
0.01335708953
0.016012117
0
0
0
0
0.01450470706
0
0.009004451271
0
0.03069617163
0.03606067507
0.03029063189
0.005473247779
0.03435983374
0
0.03589867015
0.01428089464
0
0
0
0
0.01876853333
0.02243662999
0
0.001293176735
0.02761666847
0
0.0287536729
0
0
0
0.001196775671
0
0
0
0
0
0.01543636252
0.008582401637
0.003313510751
0
0.009147867163
0.02961954623
0.001893883833
0
0
0
0
0
0
0.03981706884
0
0.02775420092
0
0.01279573205
0
0.006151609249
0.004285413134
0.01762762649
0.02747727743
0.001008931317
0
0.02602738329
0.02526152372
0
0.02248841148
0
0.01825171057
0
0
0.01815267163
0.03745269237
0.03093989168
0
0
0
0.02150631354
0.01171652518
0.02942149033
0.008926399163
0
0.01600193243
0.04373729473
0
0.009292696618
0.01670383237
0
0
0.03807405763
0
0.02746152651
0
0.007363811581
0.02703184709
0
0.02066319305
0.004996613824
0.03210910742
0.03729689306
0.00842931328
0.02045884082
0
0
0.03286088321
0.04115283382
0
0
0.01695885883
0.005211344371
0
0
0
0
1.67E-05
0.003414638036
0
0
0.03512033386
0.002006182831
0.03482950558
0.009487050252
0.004499259137
0
0.02210560987
0.00E+00
0
0.01017259946
0
0.02979832302
0.0159186945
0.0398947666
0
0.001292251374
0.00216921857
0.01836851159
0.01980376071
0.009457128066
0
0
0.01417654117
0.02112080654
0.02165255778
0
0
0
0.02769096506
0.007141085297
0.02877933319
0.02183551795
0.02929503851
0
0
0
0
0
0.0442449651
0.01751411779
0
0
0
0
0
0.007706649423
0
0.02718675927
0.01181883736
0
0.003342622677
0.03970979882
0.01029330627
0
0
0
0.007117973701
0.03701713517
0.00383165806
0.01082634416
0.002942353421
0
0
0.00780670314
0
0
0.0258809714
0
0
0.03220585412
0.0303836047
0
0.02431375076
0.003362627194
0
0
0
0.002309697884
0.0105311897
0
0.01219166963
0.008553505824
0.0138062633
0.0162132513
0.01343209904
0
0.02213772912
0.02330114382
0
0
0.02444865819
0
0
0
0
0
0
0.002061133943
0
0
0.04032951453
0
0.05081234057
0
0
0
0
0
0
0.002813797439
0
0.05198556396
0
0.04023698414
0.0001954174239
0.009973180506
0.02316678509
0.0419415832
0
0
0
0.01671516851
0.01388570115
0
0
0.006141940055
0
0
0.0500127235
0
0.005730411929
0.01886697051
0
0
0.03956859144
0.01916302511
0
0
0.0186782117
0
0
0
0.006913556363
0.003242917328
0
0
0
0.02882439636
0
0.002128365675
0
0.009324786987
0
0
0
0
0
0.02626256962
0.02966595222
0
0.04300797542
0.02210099079
0.02779712466
0.02754163017
0
0
0
0
0.001053329197
0.04826127274
0
0
0.03328658281
0.02164261573
0.04260517343
0.02944620586
0
0
0.00E+00
0.02282065092
0
0
2.75E-02
0
0
0.01710770097
0
0
0.001172334691
0.03131468319
0.003412109974
0.007553612119
0.005991055417
0
0
0.009117690204
0
0.05456049531
0
0
0.01877664169
0
0.04378526785
0
0.001408079253
0.002266851156
0
0.003138313389
0.02373933879
0
0.02349307886
0.03824803805
0.003684619251
0.01563962766
0.04503778563
0.0002809429424
0.03900274483
0.05255960442
0
0
0
0
0
0.01292829609
0
0
0.03021129592
0.02259895451
0
0
0.004680848641
0
0.01304660974
0
0
0
0
0.02462361452
0
0.006687212316
0.02948819681
0
0
0
0
0
0
0.05389201074
0
0.01403850348
0
0.008600995113
0.01009340076
0.02246627227
0
0.0130745427
0
0.03596303159
0.01101612839
0
0
0
0.005435255964
0
0.01616208786
0
0
0.01316952906
0.008816988897
0.03816656431
0.03579813473
0
0.01153281724
0
0.01928635957
0.01772058203
0.02051203778
0.008353631081
0.001437419936
0
0
0
0
0
0.02761412523
0.04899227681
0
0
0
0.02433278572
0
0.01317815321
0.003224233704
0
0.01074495374
0.03521623
0
0.02829011733
0
0
0
0
0.03276623381
0
0
0
0
0
0.01143700271
0
0.01722166338
0.03977560028
0
0
0.03634229102
0.02708145834
0.04600020742
0.04878436974
0
0
0
0
0
0
0
0.01167073832
0.009195109976
0.03927776543
0
0
0.004846395229
0
0
0
0.02856690112
0.002485276714
0
0.04078098502
0
0
0.02194585145
0.02445224716
0
0
0
0
0
0.02957593402
0
0.04320867936
0
0
0
0
0.0009980854415
0.02378129708
0
0.01993609038
0.04350830391
0
0.0001567361486
0
0
0
0.009287297859
0
0
0.03443165701
0.04125524289
0.02631180502
0.003886730387
0
0
0
0.03447964765
0.0270945183
0.02642758175
0
0
0.02237619585
0.01101604046
0.01857130652
0.01080717719
0.02013349852
0
0
0.01757110265
0.002765515942
0.01046376074
0
0.00517866129
0.001555545951
0.01296460107
0.03073574638
0.001233734727
0
0.027352907
0
0.03945458234
0.01598050758
0.002560927234
0
0
3.21E-03
0.03261886349
0.03127101104
0.01837756032
0.02895184733
0.008285844271
0
0.001216096064
0
0.01320658367
0
0
0
0
0
0.01620587811
0.02790105128
0.02294940429
0
0.01095282966
0.02692879881
0.02497703722
0
0.01670250793
0
0
0
0
0
0.009366892703
0.02141239005
0
0
0.02875354917
0
0.01883775285
0.02176078918
0.004817281447
0
0.004540334244
0
0.003746453956
0.02417271759
0.02473934287
0
0.0374673328
0
0.01998568029
0.007502213998
0
0.03128257349
0.01861618914
0
0.00945199103
0
0
0.03594463167
0
0.0009320154685
0
0
0.01278885443
0.03311464269
0.02567203958
0
0
0
0.01629958134
0.01445694501
0
0.007331930118
0
0
0.002237485771
0.0302878317
0
0
0
0
0
0
0.02613150577
0.04755458414
0
0
0
0.04333278874
0
0.02922013516
0.01294560321
0
0.002974238167
0.02573741485
0
0.03490283967
0
0
0
0
0.02790397704
0
0
0
0
0.003743882334
0
0
0.004674527061
0.03375248527
0.01377160613
0
0.02831005003
0.01374461122
0.03154211098
0.04673851366
0
0
0
0
0
0
0
0
0.02714624188
0.04373185293
0
0.007164207287
0.01648023082
0
0.01339455137
0
0.009587831037
0
0
0.0436878228
0
0
0.03787413871
1.30E-02
0
0
0.01964922
0.00E+00
0.002294046769
0.02788233976
0
0.04609697737
0
0.003507191004
0.02209407646
0
0
0.02315647021
0.005385327726
0.0180973768
0.03535182448
0
0
0
0
0
2.49E-02
0
0
0.01941014612
0.02667786021
0.01449981651
0.009656921092
0
0.0008091715647
0
0.02689620839
0.004335887302
0.02492146842
0.005383112217
0.01147336488
0
0
0
0
0
0.02564805062
0.04119934304
0
0
0
0
0
0.005270872762
0.02079992908
0.007605743032
0.0606591192
0.04603603457
0
0
0.0009000387223
0.01455234742
0
0.02438484397
0
0.0115643896
0.002746277744
0.01941109177
0
0.007894536248
0.008109325066
0.02198898508
0.01230506077
0
0
0
0.002818922298
0.03141642994
0.007866052177
0.00E+00
0
0
0.01665194777
0
0
0
0
0.04500694049
0
0.02002044259
0
0
0
0
0
0
0.02367439499
0.01363624744
0.0005649532647
0.03173497004
0
0
0.004950745942
0.05977636517
0.02740768805
0.02009749198
0.0187162128
0.008482466122
0.01997937632
0
0
0.02396364571
0
0
0
0
0.04435119653
0.03461890471
0.01587088065
0
0.0192006192
0
0
0.00307667113
0
0
0.0121972923
0.01879070282
0
0.04021437898
0.04587759702
0
0
0
0
0
0
0.0129268569
0.03356025312
0
0
0.006511529583
0
0
0.004000767333
0.02355373073
0.01155638949
0
0.007995756349
0
0.03075392059
0
0
0
0.03200512018
0.02156159191
0.01926277272
0
0.04394582144
0
0.03444086434
0.03191335996
0
0
0
0
0.0003965686597
0.005620137602
0.005963581547
0
0.01001991841
0
0.01372233684
0
0
0
0
0
0
0
0.006853593037
0.006655744576
0.02948790453
0.03218484385
0.02334978871
0
0.00260295637
0.02975670019
0
0
0
0
0
0.004363162287
0
0.04702248764
0
0.03443798211
0.003430641585
0.006791839441
0
0
0.002625117627
0.007446585877
0.0166735273
0.01796954869
0.008874783667
0.01695713249
0.02944643436
0
0.01495869572
0
0.03589441589
0
0
0.009751423273
0.02455837668
0.02508532419
0
0
0
0.0297685686
0.01497431935
0.03398846855
0.02245266171
0.01217732905
0.01619228842
0.03379333258
0.004483645649
0.00E+00
0.005620047532
0
0
0.04664368572
0
0.02602040344
0
0
0.01348207161
0
0.03100363955
0.01799745678
0
0
0.01057308453
0.01905299478
0
0
0.01680256476
0.01867868912
0
0
0.04137717188
0
0
0.03209951256
0.01789112132
0.02233239691
0.01263951032
0
0.004587510109
0
0
0.003876528799
0.002163440451
0.001969993343
0.03861267889
0.02576307873
0
0.01136765493
0.0187336042
0.02155220861
0.01190963225
0.0006793321078
0
0
0.01588236106
0.03042004624
0.02012277703
0
0
0
0.0009344353072
0
0
0
0.04192687406
0.005187935339
0
0.00482145243
0.02406544231
0
0
0
0
0.01040724894
0.004572603729
0
0
0
0.02778787093
0.04433397175
0
0.01536916187
0.04112080766
0
0
0.04370460854
0
0.005738829798
0.03803693436
0
0
0.006702765314
0
0.003641570917
0.01518593416
0
0.01391319813
0.01991035984
0.003731835944
0.01787535923
0.002903196595
0.0141271097
0
0
0
0.03102470163
0
0.02840122275
0.004345123967
0.01758801344
0.01673550255
0
0
0.01978908207
0
0.02730111446
0
0.0007267430338
0.01348998804
0
0
0
0
0
0.05714343947
0.04941104141
0
0
0
0.02007162854
0
0.03018735155
0
0
0.02077712277
0.0236786798
0
0
0
0.01093495885
0
0.04247973937
0
0.03138886045
0
0
0
0
0
0.02515927501
0
0.01546497835
0.01120784943
0
0
0.02458145664
0.001928730281
0.01323954316
0.002802238769
0
0.006008810862
0.01610344669
0
0
0
0.0241781875
0
0.03566033721
0
0.04205417502
0.02214814406
0.01410574144
0.00262017112
0
0.03389153409
0.002000569705
0
0.02871118099
0
0
0.008772562037
0.03748428152
0
0.03557525956
0.03907642034
0
0
0
0
0.05578075969
0
0
0.02138068434
0
0
0.009433638858
0.01961227843
0
0.05049796001
0
0
0
0
0.02675529179
0.003575125894
0
0
0.01049172254
0.03083152116
0
0
0
0
0
0.02878191796
0
0.0005213953312
0
0
0.01554096381
0.003802932837
0.01351787534
0.02905022045
0
0
0
0.004077333555
0.01635441582
0.00237088372
0.005624086064
0.01896384716
0
0
0
0
0
0
0.03759232772
0
0
0.04564056215
0
0.06277908945
0
0
0
0
0
0.006261259241
0
0.006226567043
0.05748761784
0
0.04478237727
0.02553910301
0.001322295544
0.03422103396
0.05879435054
0
0
0
0
0.007943433328
0.00629317272
0
0
0
4.16E-03
0.03300249381
0
0.01256734892
0
0.01572929551
0
0.01256754115
0
0
0
0.02182176247
0.006814380659
0
0
0
0
0
0
0
0.05637196514
0
0.004703024776
0
0.02112493935
0.009666341019
0.0002894021378
0
0
0
0.04521197976
0.01928421169
0
0.02278838546
0
0.02035225379
0.004376133429
0
0
0
0
0
0.05700082003
0.0311468085
0
0.03444988867
0.006319454381
0.03231396482
0.02375210657
0
0
0.01058524531
0
0.0391175283
0.02862602845
0
0.006077703213
0.02516895595
0
0.01947562016
0.02863270923
0.004423810333
0
0
0.007931589359
0
0
0
0
0
0
0
0.01670528329
0.01829853368
0.02404749555
0.02060592287
0.02419206684
0
0
0.02983828299
0
0
0.01893508694
0
0.02650513254
0.01586586899
0.03324117929
0
0
0
0.01587618613
0.03115956498
0.008618846243
0.007599683464
0.033298646
0.02248393125
0.002713685728
0
0
0
0
0.01181531167
0.03977139707
0.0281274006
0.04327524336
0.02438437296
0
0.01684869233
0
0
0
0.008222995709
0
0
0
0
0.03272949914
0.007934529037
0
0
0
0
0.01416112035
0.006580509876
0.02253097773
0.03220478664
0
0
0
0.001821350999
0.004217080582
0.02262319515
0
0.009001388418
0
0.01460494849
0.04744193707
0
0
0.02242873914
0
0
0.006678175593
0
0
0.03805471514
0
0.02451704587
0
0
0
0
0
0
0
0
0.01275852143
0.02688741576
0.006484773074
0
0
0.003353089202
0
0.002730264613
0
0.02185035811
0.01735463094
0.04365332788
0.01449622069
0.03132945788
0
0.01344648259
0.02785566071
0
0.005875200082
0
0
0
0.00372626166
0
0
0.01246802526
0.009333128696
0.01858139189
0
0
0
0
0.003466435038
0
0
0
0
0.02385531499
0.02612456795
0
0
0.00472053059
0.05516523266
0
0
0
0
0
0.0007833326825
0
0.03734863117
0.02628851697
0.04193866986
0
0.01562518337
0
0
0
0.03995843659
0.03731114828
0.02772787347
0.003161031119
0.02231649025
0.01550245085
0
0.007787726056
0
0.007941970262
0
0
0
0.03258862125
0.0306098311
0
0
0
0.01470106498
0.02056929254
0.03810254005
0.009173397504
5.47E-03
0.002880320066
0.03156948407
0
0.01587007555
0.03446395506
0
0
0.03154847025
0
0.02487213975
0.005550270253
0.01219645831
0.02062487824
0
0
0.02715167488
0.003863428552
0.01053713191
0.03866318176
0.01628685386
0.006646849879
0
0.007704547239
0
0.05189899785
0.0193559078
0
0
0.01670095208
0.003411639797
0
0
0.01829092723
0.03062248705
0.01374939809
0
0.0427659981
0
0.009678488998
0
0
0
0
0
0.0169388477
0
2.15E-02
0.00E+00
0
0.03570470761
0.00219762498
0
0
0.01468709551
0
0
0
0.02597616271
0.04473681271
0.01001196183
0
0
0.01200596294
0
0.01425203636
0
0
0
0
0.02697538281
0
0.03329349403
0
0.004323375424
0
0
0.01165552263
0
0
0
0
0
0
0.01444051098
0
0.00E+00
0.04403500988
0
0.01519217958
0.02265797607
0
0.01139701106
0
0
0
0
0.03459175219
0.0239102776
0.05397942012
0.02155475224
0.01010570318
0
0.001182574924
0
0
0.006666220998
0
0.0438465929
0.04322210937
0.02887782856
0.03156603099
0.0005639969017
0.0006444823888
0
0
0
0
0
0
0
0.05134627828
0.04876987933
0
0
0
0.02126311915
0
0.002185121991
0
0
0.007584016958
0.02769612883
0
0.01614096825
0
0
0
0.0002437023881
0.0321112845
0
0
0
0
0
0.0002557075598
0
0.01113240636
0.04350929463
0
0
0.02154078907
0.02479096841
0.04019833739
0.05034274187
0
0
0
0.0004776782012
0
0
0
0.02927686205
0
0.02928158405
0
0.0007769342659
0
0
0
0
0.04913860433
0.02169292083
0
0.04051666242
0
0
0.01184932404
0.02856893079
0
0
0.0002396465471
0
0
0.01746628552
0
0.04492358595
0
0
0.002936170959
0
0
0.02234873049
0
0.005850698577
0.05300123246
0
0.01695184106
0
0.01148491883
0.01066122038
0
0
0
0.02738332393
0.04918913384
0.0227733923
0
0
0.00281945885
0
0.05573397953
0.02876063745
0.01678549736
0
0.01702485622
0
0.0253141296
0.02339830861
0
0
0.002107899229
0.01138706005
0
0.02338327886
0
0.01861391502
0
0.0419238104
0
0
0
0
0
0
0
0.01394618774
0
0.03108102185
0.002479718982
0.03663111612
0
0
0.02682354686
2.19E-02
0
0.01865520093
0
0.006745616339
0.04283308731
0.004624613701
0.00E+00
0.003321992629
0
0.002775631342
0.02752278274
0.03117251888
0.017340429
0
0
0.02550134503
0
0
0.01218233778
0.02656562606
0
0.03929533285
0.04112474439
0.0184205265
0.03985891716
0
0
0
0.03229074037
0
0.006367151853
0
0.0104135983
0
0
0.01443334863
0.03355368116
0
0.01005411906
0
0
0.02791388258
0
0.03413524196
0.03410710949
0
0
0
0.03418424012
0.01144429538
0.01301883976
0
0
0
0
0.009798058128
0.006994418002
0
0.02430890128
0.00E+00
0
0
0.01086370425
0
0.006767690864
0
0
0
0
0.02540250993
0.01762538841
0.01603559644
0.01129270573
0.02434142502
0.009156613621
0
0
0
0.005921751052
0.02672921002
0
0.003934947164
0.009349432771
0.02513980664
0
0.007745496724
0
0.0007383639659
0
0.02114049085
0.005448611921
0
0.01317467558
0
0.02390613817
0.007858436244
0.02600488221
0.02083406231
0.008020682861
0.03043729401
0.0008931677219
0.0001291805427
0
0.01719403812
0.02859742654
0.01602145091
0.01709516148
0.005784405197
0.01106864563
1.51E-02
0.005230500528
0.01516701494
0
0
0
0.03334532605
0.01484515768
0
0.01863520195
0.02022142998
0
0
0.02993418805
0
0.03376667326
0
0
0
0.02009348367
0
0.03473925256
0.02871877132
0.00549614249
0
0
0
0
0.002885407494
0
0.03305374481
0.01635770019
0.005164930998
0
0.03945174764
0.008664598919
0.0212399779
0
0
0.02276356454
0.0409482945
0
0.002494646769
0
0
0
0
0.0001173732742
0
0.01656747484
0
0
0.02255413353
0.04748937947
0
0.0003156406319
0
0
0
0
0.03298232698
0.03097933518
0
0.01540891685
0.01219987857
0
0.0005139408823
0
0.005285089294
0.008553891594
0.0259073472
0
0
0
0.02981536973
0
0
0.01487500495
0.0114520792
0.0006776670657
0
0.003303650104
0.02528976399
0
0.03432523687
0
0.03756911459
0.01527437006
0.0192346511
0.02526580971
0.02992400231
0
0.03385448021
0
0
0.02589632426
0
0
0.01753243281
0
0
0.02590645352
0.03555430719
0.03125574305
0
0
0.01128072404
0.02461049354
0
0
0.01904993321
0
0.02183743688
0.0281145409
0.01697146964
0.01800006545
0
0
0
0.03168599041
0
0.01687127939
0.01210864317
0
0.01075120972
0.004686285642
0.01909368371
0.01907909119
0.01337426817
0.01075310912
0
0.02048391554
0.01433258374
0
0.02519250975
0.0009071901853
0
0.009538026723
0
0.04024890897
0.006284940477
0.004328615491
0.02070869588
0
0
0
0
0
0.00625885887
0.02124554896
0.002931531343
0
0
0.008544019885
0
0
0
0
0
0
0.02487156974
0
0
0.03224500345
0.03391707854
0
0
0.01831263931
0
0
0
0.03633790907
0.04272434995
0
0.01286599139
0.007502374117
0
0
0
0
0.02183863474
0
0.001647203161
0.0250615812
0
0.01353351661
0.003028490099
0
0
0.02176443143
0
0
0
0
0.0113564335
0.03143672388
0.03868012262
0
0
0
0.02097765249
0.02117269908
0.01013026672
0
0.02501908636
0.03635280272
0.03413897659
0
0
0.02282246795
0
0
0.03270384098
0.01667878235
0.01598443811
0.0385818505
0
0
0
0.01258006633
0.002886152945
0
0
0.02347837598
0
0
0.001953057979
0.02594218254
0
0.008038976172
0.007991549527
0
0.00149059413
0.02619957376
0.01509095982
0.0568948016
0
0
0
0
0
0
0
0
0
0.02755707641
0.03785956625
0.01701099685
0
0.02569143616
0
0
0
0
0.002673291738
0.05137824058
0
0.02186481577
0
0
0.006602938543
0.002552720721
0.003573376301
0
0.008662041543
0
0
0
0.01947461274
0
0.003994332781
0
0.03359835683
0
0.03831948725
0.01211321734
0
0
0.01175397128
0
0.03227441265
0.005652269286
0
0
0
0.01492630527
0.006881655601
0.009990477247
0.02132388182
0
0.03581350953
0
0
0
0.01220667898
0.03574475124
0
0.02169288666
0.001788712379
0.01135951323
0.02096843831
0
0.01090636779
0
0
0
0.03259085607
0
0
0.03961404321
0.03521839102
0
0.006830223914
0.02747880829
0
0.03444147717
0
0
0
0.02732082257
0.01702589958
0.003757517117
0.005398821303
0.03489457541
0
0
0.00E+00
0.02045003797
0
0.01803891654
0.02727122099
0
0.02301768195
0
0.02705365795
0.02345210461
0.02099904915
0.007417460956
0.005061024897
0.02357968199
0.02726898589
0.003407975392
0
0
0
0
0
0.02785207627
0
0.003170169311
0.004543103397
0
0.006443630592
0.03663782335
0
0
0
0
0
0.01481104531
0.03938094104
0
0.02143285561
0.01158717701
0.01785151551
0.03412588309
0.01457509146
0.008483511521
0
0.009318424405
0
0.05290989889
0.02317931834
0
0
0.01275480682
0
0
0
0.01429953393
0.03101562147
0.008603105451
0
0.04589175077
0
0.01401264201
0
0
0
0
0
0.008500635852
0
0.01316217568
0.004711291166
0
0.04224569972
0
0
0
0.01859639255
0
0
0
0.02861922006
0.04814287661
0.01538030145
0
0
0.01253138344
0
0.0127603186
0
0
0
0.002237439312
0.02131598667
0
0.02866311832
0
0.001230166218
0
0
0.01179307693
0
0
0
0
0
0.00E+00
0.01607253836
0
0
0.04467994543
0
0.02415413099
0.01893745574
0
0.005253534114
0
0
0
0
0.03162484251
0.01860143633
0.05431846493
0.02776268741
0.008771499264
0
0.007031826484
0
0
0.007586898773
0
0.03893061016
0.05030579621
0.02286087272
0.0331762417
0
0
0
0
0.02202816493
0.02162988765
0.03296443384
0.01593899408
0.01372822463
0
0
0.01652320974
0.006976827896
0.02146660305
0.01154904114
0
0.005909241258
0.008526726159
0.01470675482
0
0
1.46E-02
0.01687217003
0.02983533673
0.003794062714
0.02112997367
0
0
0
0.01883390918
0.01608915041
0.02079716569
0.02257785056
0.0009498716223
0
0
0
0.02406932566
0.02209787832
0
0
0
0
0.01774148738
0.02378215993
0.009044082484
0
0.0228567068
0.04117375233
0.009750146574
0
0.02531005709
0
0
0.0005603310153
0.006775513212
0.0008340648113
0.02719118796
0.008936049661
0
0
0.02642055925
0
0.02246320028
0.01160084617
0.01225180983
0
0
0
0.004176275675
0.004055999275
0.01753566061
0.01025509132
0.02120106576
0
0.02532472405
0.01919549907
0.0186392213
0.03300796804
0
0
0.002488897168
0.007367169019
0
0.02347589782
0
0
0.001669111475
0
0.01418200568
0.01153001943
0.03150375669
0
0
0
0.0266303181
0.01029884952
0.01622017302
0
0
0
0
0.03091036885
0.01256405762
0.02048091544
0.01556537209
0.02904815577
0.02232041678
3.75E-03
0
0
0.01477631137
3.02E-02
0
0.0001247331047
0.01879895555
0.009731037555
0
0
0
0
0
0.0289389495
0
0
0.03614720961
0
0.04548540579
0
0.01409243269
0
0.003336506933
0.007384062221
0.001973552148
0
0
0.03720029622
0.01724209769
0.03739961143
0.01925393662
0.001375521617
0.01925052402
0.03442410077
0
0
0
0
0.00409524174
0.02798068022
0.01011962226
0
0.007151370369
0.009274928026
0.02030359085
0
0.02611001219
0
0.03146507937
0
0
0
0
0
0.0402464393
0.02532266436
0
0
0
0
0
0
0
0.04793781706
0.006756367272
0
0
0.03905580047
0.01000020871
0.01526609429
0
0
0.004068435988
0.04917582993
0.002608840528
0
0
0
0
0
0
0
0.01277039172
0
0
0.04276956543
0.04761727402
0
0.02008000337
0
0
0.005561867842
0
0.01340418689
0
0
0.01085805278
0
0
0
0.06471786109
0.01783437304
0
0
0.02786244484
0.03938471631
0
0.007284077205
0.02563863222
0
0.001258290917
0
0
0
0
0.02676051976
0
0.01944567733
0
0.01374131709
0
0
0.01152965162
0
0
0
0
0
0.009788503664
0
0
0
0
0
0.01558935934
0.00349075354
0.01813182266
0.04982043463
0.02001524972
0
0
0.02318884438
0.004878147153
0
0
0.04472883265
0
0.02095142677
0.002576456604
0
0.01708441618
0.02515912107
0.004407666082
0.03042637558
0
0
0.02332072025
0.00922531724
0
0.03785228522
0.04865166403
0
0.02206075721
0
0
0.01936274741
0.01527342044
0
0.04343553016
0
0
2.10E-02
0
0
0.01078661454
0
4.28E-05
0.00E+00
0.02717765096
0.05227725953
0.02373454557
0
0.001181470061
0
0.01332125049
0
0
0.01006579791
0.02659004966
0
0.03805550945
0
0
0
0.04579774471
0
0.01748638829
0.003102400243
0
0
0.01829951213
0.01785433942
0.01052391813
0.0391238683
0
0
0
0.02062836103
0
0
0.003617153174
0.01379227392
0
0
0
0.01690683222
0
0.0465951449
0.01455728804
0.04001336076
0
0
0.01736956873
0
0
0.04913525722
0
0.0269640209
0.007838334842
0
0
0.03866261851
0.005680362573
0.006437823259
0.02020321244
0.008801067006
0.01236579767
0.007522216204
0
0
0.01313415141
0.008697035865
0
0.0236747481
0.01259796536
0.03186274559
0.03580666027
0.03525129965
0.008224375646
0
0.03052981012
0
0
0
0.01203409216
0
0
0.02064163965
0.01033122778
0.03831546461
0.003431593606
0
0
0
0
0.03683370325
0
0.02454204157
0
0
0
0
0.02938933051
0.01530369766
0.04635093385
0
0
0
0
0.01918216225
0
0
0.003430774205
0.008321911054
0.003792683265
0.01022965102
0
0
0
0
0.005652350464
0.003159086481
0
0
0
0
0
0
0
0
0.03168449136
0.03180513081
0
0
0.02263179406
0.06564113583
0
0.02682098159
0.04916796271
0
0.005590425121
0.003179984964
0
0.03235342469
0.007996209702
0
0
0
0
0
0
0
0
0.01407560453
0
0
0.001160776626
0
0.0256899321
0
0.005381179797
0
0
0.01436662457
0
0
0
0.0004257678783
0
0.0188199049
0
0
0.05075570287
0.02111892529
0
0.01972627721
0.0003771111062
0
0.01739903776
0
0
0
0.02203646976
0.05351273117
0
0
0.06151361474
0.002290911112
0
0
0.04927798088
0
0.04341836779
0
0
0.02373415695
0
0
0.0432694056
0.01150035666
0.01457504255
0.04163253719
0
0
0
0
0
0
0.006968977384
0.00561427574
0.05728159245
0
0
0
0.01268092672
0
0
0.001384963653
0.01055080909
0
0.0162777751
0
0.03421803368
0.02209268632
0
0.002739506158
0.03588036888
0.03462311082
0.003712080935
0.03620789234
0
0
0.03809217473
0.01521157035
0.02365751458
0
0
0
0
0.001410473547
0
0
0.03405468727
0
0.01206625648
0.02752737962
0.0245354893
0.0004360230885
0
0.007623401879
0
0
0.03472736001
0
0
0.003870968928
0
0
0.008009878442
0.02727021355
0
0
0
0
0.03342483125
0.02303856855
0.02458427421
0.02638540577
0.03690956198
0.01901510151
0.018959985
0
0
0.00E+00
0.01258495208
0.01253229085
0.0008839964714
0.03078389949
0.01265348984
0.02688437588
0
0.001948442183
0.01002484289
0
0.02136032668
0
0
0
0
0.0170645178
0
0.01391433377
0
0
0.01951443112
0
0.03549974654
0.009778995142
0.01283610047
0.003061117767
0
0
0
0
0
0.03610302575
0.008180060337
0.0179275408
0.01627053144
0.02402449946
0
0.005933710778
0.0367261503
0
0
0
0
0.01796590157
0.02528096037
0.01603711178
0
0
0
0.0002505692478
0.0193501358
0
0
0
0
0
4.02E-02
0.02152490387
0
0.01080666314
0
0
0.01429422733
0
0
0
0
0.01300689496
0
0
0
0
0.005568930334
0.01114553574
0.03739413457
0
0
0
0
0
0
0.01734899596
0
0.04851023197
0
0.006892599055
0.001398253672
0.03305328447
0.03278856739
0.038007618
0
0
0
0.01631185577
0
0
0
0.03422111165
0
0.008544611124
0.03532534971
0.0020932049
0.00279567408
0.01303825884
0
0
0.06222804208
0.0274146621
0
0
0
0
0
0.02088533423
0.01547153766
0.01798723639
0
0
0
0.01002835095
0
0.02863638644
0
0
0
0
0
0
0
0.01204239234
0.05419533644
0
0.0380172397
0.01760904676
0.01456996257
0.02494785191
0
0
0
0.01852060998
0.03333031981
0.03497569186
0
0
0.008631078877
0.008223274226
0.0509345015
0.03777841205
0
0
0
0.008153983235
0.01755075207
0.01821913859
0.02595109951
0.01726909338
0.02096996801
0
0.0145642897
0
0.04849619193
0.01576534882
0
0
0
0
0
0
0.01180143027
0.0207749483
0
0
0.04838173904
0
0.02144974058
0
0
0
0.001286856385
0
0
0
0.004106768673
0.01582372785
0
0.04751441215
0
0
0
0.02445959486
0.0001012511943
0
0
0.03972502237
0.04978304574
0.004535013084
0
0.0007136185553
0
0
0.02248949647
0
0
0.01097027213
0.0002430140877
0.01842434979
0.01131660317
0.03504640109
0
0
0
0
0.00E+00
0
0
0
0
0
0
0.01307429653
0
0
0.04134999105
0
0.02504537364
4.04E-05
0
0
0
0
0
0
0.04118931471
0.02440085975
0.05889446667
0.04188930462
0
0.00E+00
0.00574650359
0
0
0.0129996632
0
0.03310577707
0.05677551954
0.02391349321
0.04568783996
0
0
0
0
0.04219310389
0
0
0.04535635007
0
0
0
0
0
0.01559670053
0.01045515512
0.02206916599
0
0.01584033574
0.02623765924
0
0.002271102449
0
0.04156681942
0.01500439321
0
0.02202520627
0
0.01981039779
0
0.01628419928
0.01074233802
0
0
0.04354399357
0
0.04339934672
0.01070416087
0
0.007806730181
0.04087795717
0
0.02863845908
0.02498344667
0
0
0
0
0.001255252708
0
0
0
0.018689106
0
0.01285461977
0
0
0
0
0.00802044372
0
0.01568372439
0
0.01829038685
0
0.01681784646
0.01692202504
0
0.001856949346
0
0
0.0006137090973
0
0.03512751598
0
0
0.005372724367
0
0
0.03338403468
0.009475681866
0.02327163723
0
0.01154701476
0
0
0.0199868387
0.008958959184
0.02050388996
0
0.01263951517
0.01424334016
0
0.01322879598
0.0135557967
0.02589129836
1.85E-02
0.0214207005
0.003630462768
0.02270084633
0.0146932761
0.02835253313
0.02705955702
0
0.02748826025
0
0
0.004991874953
0
0
0
0.02455977754
0
0.02698950051
0
0.009219536227
0.004436585345
0.03154912393
0
0
0
0.0188737599
0
0.02322106188
0
0
0.004966462952
0.007559544272
0.0470162521
0.008977689798
0
0
0
0.01089448819
0
0.00625745314
0.00E+00
0.04866778465
0.02073630572
0.01165459699
0.02558315404
0.02854286492
0.03575135567
0.04547204308
0
0
0
0
0
0.009490021869
0
0
0.006086873004
0.04222281588
0.002621403755
0.004643507853
0.03867002465
0
0.02812919005
0
0.002148999943
0
0
0.0006407305307
0.01855578563
0.01258576132
0.003632029584
0
0
0
0
0
0
0.04312707152
0
0.03754556786
0
0.03725022212
0.009683981233
0
0
0
0.02191334354
0.05083356447
0.03615254064
0
0
0
0
0
0
0
0
0.01690789882
0
0.03986984148
0.03787182028
0
0.0006250907443
0
0.00376980108
0.01090281678
0
0.01070981929
0.03666893144
0.001319065098
0.01439070398
0.01536687747
0.006051654082
0.01732950274
0
0
0.02745571315
0.04267268653
0
0
0.03393654654
0
0
0
0
0.0004821395965
0
0
0
0
0.02368314625
0.008027724734
0.04071995163
0.008007046318
0.007567136274
0
0.005433634353
0
0
0.02293408588
0
0.04040133091
0
0.0243165742
0.005467877969
0.02726165664
0.02341390046
0.02354277026
0.004340467919
0
0
0
0
0
0.02840473379
0
0
0.007499484193
0.04031687001
0
0.02467114651
0.01650868988
0.009308871188
0
0.01592403894
0
0
0
4.13E-02
0.02702042128
0
0
0.01725011687
0.00E+00
0
0.01847094326
0
0.02790272919
0.01136497733
0.007317643979
0
0.03171037887
0
0
0
0
0.008873229072
0.04251331847
0.02487145784
0.0006859036399
0.01298713249
0.005497557907
0
0
0
0
0.004056587339
0.006883858913
0
0.04400579993
0.02416062529
0
0.005465103215
0.01012885051
0.00128836807
0.02279594605
0
0
0.03174298594
0.008440495546
0
0
0.002549375953
0
0
0.02441797305
0
0.01528854412
0
0
0.02528889904
0.01613301423
0
0.0130786359
0.01723928238
0.03700637151
0
0.006761387682
0
0
0
5.68E-03
0.02060004569
0.003112021628
0.02703664831
0.02383300054
0
0.0188855082
0.01589623446
0.01372832605
0.01074088392
0.02198677674
0
0
0.03239990083
0.03937431037
0.03804183126
0.01649727905
0
0
0
0
0
0
0.01571062242
0
0
0.03390215574
0.006673549732
0
0.01540733577
0
0
0
0.005128335077
0
0
0.002342262679
0.01579491861
0.03416487877
0
0.01997790586
0.0167125357
0
0
0.01344760331
0
0.02482160679
0.01059493947
0.02331070366
0
0.01586889878
0
0.001371477154
0.01344527603
0
0.02246176681
0.03571259193
0.02431449091
0
0
0
0
0
0
0.006066005554
0
0.03845905587
0.01475361242
0.02746170208
0.02850568014
0
0
0
0
0.02656995765
0.01165575501
0.009606307094
0.003606239008
0
0.03240107544
0.01255286127
0
0.01719672652
0.03936025873
0
0.02105415227
0.01080284774
0.009760196303
0
0
0
0
0
0
0
0.0174794852
0
0
0.04508562957
0
0.03340759649
0
0.02853043134
0
0
0.033711936
0
0
0.02841457055
0
0
0.0004405169348
0.007573834739
0
0
0
0
0.03693748027
0.01581505904
0.03457016549
0.05329227295
0.02457174848
0
0
0.02268582297
0
0
0.00374923186
0.04121265674
0.005525291334
0.0502327842
0
0.01193869685
0.02439794197
0.02058908391
0
0
0
0
0
0.004069042911
0
0.05624697093
0.01867083225
0
0
0
0
0.00320071026
0.01731248629
0
0.01805636118
0
0
0
0
0
0.01130020438
0.01451164373
0.01439059337
0.01917748033
0.01730247873
0.05380467521
0
0
0.02028845304
0
0
0
0
0.00407197456
0.0214072561
0
0.01929224259
0
0
0
0.01749255465
0.02484842066
0
0
0.01249115229
0.01981453439
0
0
0.01537656594
0.009137988935
0
0
0.02991204783
0
0
0.04093626368
0.01910649314
0.01421306214
0.02184469952
0
0.02695634945
0.005438493452
0
0
0
0.001666159209
0.04551137643
0.03850356523
0.001127528468
0.02576667296
0.02079194043
0.01184490082
0.01267612858
0
0
0
0.01162666889
0.01308267234
0.00394589232
0
0
0.01296051339
0.0126482361
0
0
0.002376677731
0.03982353286
0
0
0
0.007947668601
0
0
0
0
0.01819486567
0
0
0.01174437733
0
0.02404035234
0.04186715286
0
0.007551601862
0.03154459045
0
0
0.04237856224
0.006420547994
0
0.04542020414
0
0
0.004298548313
0
0.02095912045
0.026902582
0
0.01502953289
0.008357588365
0
0.02928258533
0
0.009021862995
0
0
0
0.04190174532
0.004633296032
0.01764922947
0
0
0.01848104976
0.002269362491
0
0.01621023176
0
0.01032074723
0.007539299544
0.01811220275
0
0.02424650054
0.02159755511
0.03457262605
0.01931805537
0.0141862275
0
0
0.02023534425
0.01901097229
0.01026784283
0.003535592371
0.007817739155
0.007941846655
0
0.01376420607
0
0
0.007327183044
0.01939743569
0.0191673721
0
0.02715340658
0
0.01314500495
0
0.02300755275
0.01452183424
0.01758366835
0.02110549635
0.001901837563
0
0
0.002535300167
0.02316946161
0.02778103411
0.004580525183
0.00E+00
0
0.002895468133
0.01410749304
0.01851933951
0
0
0.01602970715
0.03914470489
0.01635619076
0
0.01835723552
0
4.12E-03
0
0.01520348178
0.0005865366652
0.0301606243
0.001061550739
0
0
0.01945161785
0.00E+00
0.03442851132
0.02212902508
0.003317978424
0
0
0
0
0.007870188486
0.002528827482
0.02369012648
0.02290198074
0
0.01513046112
0.02956262387
0.01326987168
0.02932192421
0
0
0.006125297314
0.02452262631
0
0.01863441391
0
0
0
0
0.001929338661
0.006859383192
0.02847635052
0
0
0.01254923343
0.03785668136
0
0.01536964507
0.0005061494224
0
0
0
0.02815148018
0.04411776359
0.00126336908
0.003648737653
0.001272134238
0
0.02142190922
0
0
0.02609986607
0.03677839028
0
0
0.03890960999
0
0
0.01224252034
0.006187801965
0.01648687432
0.006426228052
0
0
0.002205587775
0.0006011522276
0.01799102478
0.01483310273
0.01533651497
0.02384011664
0.00691461193
0.004846672638
0.000914104171
0
0.035818287
0
0.01669598202
0
0
0.003427004287
0.03734809047
0.01878607921
0
0.004658706652
0.002213022047
0.002774989606
0
0
0
0.04343106538
0.002375328059
0
0.00850309474
0.03284077031
0
0.01566076324
0.01372022992
0
0.0008031142378
0.0148573905
0.00E+00
0
0
0.03605371639
0.03697768907
0
0.01175863615
0.0375985281
0.008936722376
0
0.03807136507
0
0.006591966487
0.02944665421
0.005090053488
0
0.02037278119
0
0
0
0
0.01972131117
0.02821005938
0.01944543258
0.01528836508
0.005778098356
0.0123258783
0
0
0
0.01158817126
0.0004183521931
0.02122162133
0
0.02573886959
0.01443238146
0
0
0.01400737242
0
0.02467396402
0
0
0.03857341324
0
0.006068517863
0
0
0.0009302431038
0.03604854172
0.02155518915
0.007384720875
0.02480699275
0
0
0.003020904861
0.003180419058
0
0.00E+00
0.01462470437
0.01756387774
0
0
0
0.02012522155
0
0.04398533877
0.006101502408
0.0310409056
0
0
0.006952816058
0
0
0.0483565999
0
0.02165592486
0
0
0
0.04030323288
0.007293444183
0.001715857219
0.01109478981
0
0.01139205278
0.02153096216
0
0
0.008168877866
0.03432742424
0
0.01338179308
0.01899083894
0.02539344111
0.01691838228
0.03480118767
0
0
0.05052446514
0.0116572528
0
0
0
0
0
0.03457598969
0.0236252296
0.04721627323
0
0.002759654094
0
0
0
0.033406447
0
0.001787484098
0
0
0
0
0.01487125568
0
0.05014768228
0
0.0147120373
0.01262973341
0
0.02689288465
0
0
0
0.0147270617
0.02221556194
0.004893023951
0
0
0
0
0.02106789688
0.01500194851
0
0
0.03662513556
0
0.0044617754
0
0
0.01055949774
0.03045707086
0.01338932143
0.01462461562
0.024541943
0
0
0.01434730382
0
0
0
0.010975908
0.01416023917
0
0
0
0.01634554407
0
0.03538525528
0.009562290515
0.02238036635
0
0
0.003710432058
0
0
0.04457605403
0
0.02284582503
0
0
0
0.03867049256
0.01066481722
0.002299440118
0.007230885065
0
0.006703885918
0.02196273776
0
0
0.01444393827
0.03653154786
0
0.004767851614
0.03017216282
0.01537081299
0.009512846008
0.0331650751
0
0
0.05288213419
0.01783612353
0
0
0.00123273951
0
0
0.03051775062
0.03176514548
0.04268942481
0
0.01167704046
0
0
0
0.02360606787
0
0
0
0
0
0
0.006607269767
0
0.04547294085
0
0.02467604332
0.02297390881
0
0.0249937842
0.00E+00
0
0
0.01527015937
0.0217026449
0.01181461554
0
0
0
0.00797898032
0.02266928229
0.02318887292
0
0
0
0.02423705919
0.0173233338
0.02999354344
0.03359413729
0.004806225869
0
0
0.007213896041
0
0.04177789052
0.0295093141
0
0
0.004698587763
0
0
0
0
0.04345122585
0.005898262243
0
0.04946532206
0
0.03004202564
0
0
0
0.001609041118
0
0.004886071539
0
0.005357160993
0.01868828112
0.009353731352
0.04958970869
0.007037170569
0
0
0.03153030847
0
0
0
0.007982461203
0.03927914543
0.03343300984
0
0
0.02405800003
0
0.00829427296
0
0
0
0.0242743211
0.001164995602
0
0.002918426397
0
0
0.009104132605
0
0.01757473575
0
0
0
0
0
0
0.03547380357
0
0
0.03267493259
0.008834755984
0.03285224764
0.02626903928
0
0
0
0.01277589816
0
0
0.01368808614
0
0.0380531106
1.55E-02
0.01006217231
0
0.01427105175
0
0
0.02060291547
0.0213247497
0.01877712845
0.05020206893
0.007009684337
0.02092435025
0
0
0.00254673173
0
0.009390541312
0.009359491012
0.0169991717
0
0
0
0
0
0
0.01050963667
0.01929999603
0
0.0213468762
0.02595969329
0.01539238442
4.47E-03
0
0.007544465893
0.007629046683
0.03690207185
0.0138239163
0
0.001067226124
0
0.01106534115
0.02108057788
0.03169783499
0.01768500744
0.03933583033
0
0
0
0
0.03021995426
0
0
0
0
0
0.0162624845
0.03326988953
0.02283062853
0
0.004363919236
0.03586865674
0.004282631217
0
0.03460821857
0.003226710163
0
0.008169625439
0.00748921317
0
0.02253836659
0.001441783767
0
0
0.04203316634
0.003256485315
0.004094049805
0.005743984425
0.02637250042
0
0
0
0.0265314135
8.52E-05
0.03951794867
0
0.01878086691
0
0.0123342548
0.0113107173
0.0165718978
3.04E-02
0.02222885169
0.007222215519
0.01895263098
0
0
0.02058956117
0
0
0
0
0.03177547535
0.01777448285
0.02458469285
0
0
0
0.0165178329
0.004189701597
0
0
0
0
0.01127620513
0.04275546889
0.0119672432
0
0.03155726677
0.02694380698
0
0.03848297464
0
0
0.04090410185
0.02430872309
0.005160320717
0
0.01007565039
0
0
0.00517546066
0
0
0.03424761024
0
0.005607066958
0.03195774626
0.01335174797
0.01288214925
0
0.01694484272
0.006062677566
0
0.03387030371
0
0
0.0212329431
0
0
0.003139103393
0.0153300616
0
0
0
0
0.03331364683
0.02448888307
0.02967946096
0.02034371153
0.02250177513
0.006884739357
0.03274063914
0
0
0
0.01820288622
0.01151056347
0.005152352906
0.03415041359
0.005331626055
0.02548994943
0
0
0.007957563375
0
0.02657231575
0.00791904126
0
0
0.01569608007
0.02498841978
0
0.02706886307
0
0
0.0280802366
0
0.0216723521
0.01203747567
0
0
0
0
0.004881384733
0
0
0.03954507176
0.006789043886
0.02096503211
0.002160231036
0.01698013411
0
0.01178010279
0.03194078822
0
0
0
0
0.007749142388
0.009076600306
0.01714767222
0
0
0
0
0
0
0
0
0.01601381511
0
0.05227730408
0.004354345052
0
0
0.0357243041
0.0168483492
0
0.00E+00
0.02047616358
0
0
0
0.002221151828
0.01187330323
0
0
0.01187377067
0
0.001816809612
0
0
0
0
0
0.0145604122
0
0.02820856488
0.004935758118
0
0.004726706683
0.001332641308
0
0.005353193876
0.01915611896
0
0
0
0.0397166698
0.02188611396
0
0
0.04501741985
0
0
0.01042589246
0
0
0
0
0.01860850156
0.0414144119
0.0616556037
0
0.03215716023
0
0
0.008424174085
0.005817867619
0
0.00121178323
0
0
0
0
0
0
0.02049267574
0
0.0005413507861
0
0
0.03432236112
0
0
0.004056002338
0
0.04914690195
0.03306154237
0.05635822171
0.03226450066
0.006288884852
0
0
0
0.0370868416
0
0
0.03909029714
0.02562565426
0.02479936077
0.06242408706
0.02048702103
0.01586598571
0
0
0.02783160229
0.01931457463
0.03389603287
0.02480613487
0.01106074173
0
0
0.01585112107
0.01168497099
0.01847584466
0.01171890676
0.004319508104
0.004504501593
0
0.01241097675
0
0
0.005315203757
0.02808999138
0.02080238884
0
0.03192160372
0
0.015688365
0
0.01871221069
0.0113448368
0.01318474166
0.01754471939
0.005412790796
0
0
0.003859236866
0.02176509401
0.03183210057
0.007769670624
0
0
0.008458971058
0.009459203884
0.01301542986
0
0
0.02083522196
0.04128690242
0.00743601616
0
0.02434818617
0
0.002462353238
0
0.01039019652
0
0.0300659806
0.001237689687
0
0
0.01650212385
0
0.02911681705
0.01697069191
0.01024407352
0
0
0
0
0.0007555476589
0.004525880471
0.02786712538
0.01644440564
0
0.019789046
0.02519620629
0.01792674241
0.03380221373
0
0
0
2.25E-02
0
0.01315403069
0
0
0.004293347575
0
0.007734664454
0.003913492236
0.02581310696
0
0
0.01345525998
0.03743725467
0.004428341109
2.19E-02
0.001279755773
0
0
0
0.02686594619
0
0.01962017734
0.02290001841
0.03673151317
0.01673642779
0.003536797685
0
0
0.01183557274
0.01607307518
0.01470435329
0.01721321092
0
0.01425951907
0
0.003041212798
0
0
0
0.02835286802
0.01455961874
0
0.02877000672
0.00E+00
0.01894381681
0
0.01314284303
0.008450042139
0.01636400409
0.02042578309
0
0
0
0.008758474207
0.03027458113
0.03248820223
0.005456914674
0
0
0.01285099367
0.0129669056
0.01678294411
0
0
0.01783160816
0.04470024835
0.002760450591
0
0.02662002257
0
0
0.002714378921
0.01990351255
0
0.03822151285
0
0
0
0.021095636
0
0.02838868926
0.01199045932
0.01326742152
0
0
0
0.0001218982695
0
0.00484622985
0.02892541289
0.009667251452
0
0.01452050411
0.03212189628
0.02573116613
0.02886412397
0.00E+00
0
0.004978338283
0.02613297381
0
0.007977280105
0
0
0
0
0.009020419267
0
0.02797541117
0
0
0.01318988553
0.03920917085
0
0.02361068614
0
0
0
0
0.03037353513
0
0.03295064576
0
0
0.02120782214
0.0150456222
0
0
0.00529016359
0
0.003877517957
0
0.018404493
0
0.02041174565
0.0448110537
0.01824988948
0.006424244871
0.02552671808
0.003382767137
0.04183775931
0.00260632712
0
0
0
0
0.04108998703
0.04010374167
0
0.02497602824
0.0296303557
0
0.02378337656
0
0
0
0.01409014138
0
0
0
0
0.008689742759
0.009870162161
0
0
0.008243789977
0.02341812989
0
0.01480781652
0
0
0
0
0
0
0.02585838745
0
0
0.01385180291
0
0.007965173196
0.03032406364
0.006732598876
0.001767256636
0.02026908888
0
0
0.03171718156
0.02308017611
0
0.03816878734
0
0.0101939615
0
0
0.03509256753
0.03486920536
0.01482646144
0.0005275154695
0
0
0.02607789821
0
0.009948549345
0
0
0.0151054764
4.57E-02
0.002020340265
0.00994489702
0
0
0.01220627993
0.02056568743
0
0.01804520624
0
0.003578233479
0.02156643157
0.02122744054
0.03440670967
0
0
0
0
0
0.02964276807
0.03028175291
0
0.005731566295
0
0
0.01891891796
0
0
0
0.03952957428
0.0379715233
0
0
0
0.01085578176
0
0.03153280877
0
0.01472856764
0
0
0
0
0
0.04119082314
0.0004655496036
0.008299068666
0
0
0
0.04888799012
0.02142872797
0
0
0
0.005113305993
0.007239967721
0
0
0.01386194327
0.05131072095
0
0.01331827506
0.01879094932
0
0
0.01106075661
0
0
0.05390245588
0.02208645536
0
0.001561073603
0
0.0008785342688
0
0.05362667629
0.04466041163
0.03371260277
0
0.01953648386
0
0
0
0.02670094319
0
0
0
0
0.007477756627
0.0006351917836
0.009095670769
0
0.04386714772
0
0.01893154081
0.02282319771
0
0.002526923848
0
0.0006018207919
0
0.0389491801
0.04309965895
0.002680051335
0
0
0
0.008980286043
0.01471704649
0.0343808411
0
0
0.002682815672
0.01543166509
0
0
0.00763877154
0
0
0.02564938007
0
0
0
0.02104132192
0
0.02341570054
0.01615732272
0.01230688895
0.01268118487
0.02748475022
0
0.03083653971
0.01014070655
0
0
0
0.01071452383
0
0.02213879594
0.03127797785
0
0.03143580116
0.02068990486
0
0.01691625328
0.008231853551
0.0131290432
0
0.03648611658
0.01277126406
0.02623813122
0.01767243312
0
0
0
0
0
0.01292787251
0
0
0.03260724854
0.03285489922
0
0
0.008972512157
0
0.00987844371
0
0
0
0.01263908278
0.0247673589
0
0.01793281764
0.0303156157
0.007488872467
0
0
0.005737639029
0
0.01473996254
0.02671837832
0
0.01847157983
0
0.009101038488
0
0.02425666292
0.02363307392
0.01857192027
0.01529407785
0.02357670074
0.004716828554
0
0
0
0
0
0.02529299843
0.003795942031
0
0.02503742767
0.009648104035
0.01077325684
0.0315008499
0
0
0
0
0.006209200537
0.03020432773
0.02916616024
0
0
0
0
0
0
0.04276137733
0.0269671859
0
0
0.02423102735
0.06089117309
0
0.01364125284
0.0212248351
0
0
0
0.00E+00
0.04322057308
0
0
0.008421851663
0
0.02821378072
0
0
0
0
0
0
0
0
0.03123514476
0.01393832019
0.01796735351
0.01031280377
0
0.009959903991
0.0511408761
0
0
0
0.009078268905
0.007995422941
0.008967267366
0
0
0.03147298739
0.01708415806
0
0.01695279392
0.005516417883
0
0.01925849541
0
0.008119232349
0.007554165781
0
0.04297755298
0
0
0.04420305289
0
0
0
0.02458326825
0
0.00451573043
0.02398805177
0
0.02832462422
0
0
0.04760954115
0
0
0.02334674121
0
0
0.0197139828
0
0
0
0.0283356202
0.02387343314
0.03070118301
0
0
0
0.01407377777
6.79E-03
0.00E+00
0
0.03759592825
0
0.04973657798
0
0.01350525103
0
0
0
0
0
0
0.01737219875
0.04980274002
0
0.00548907781
0
0.01907551967
0
0
0
0.01181070215
0
0.02140271751
0
0.03170989309
0
0
0.04026763076
0
0.01377257789
0
0.002053867732
0
0
0.006164582101
0
0
0.01140705828
0
0
0
0
0
0
0
0
0.01013814571
0
0.02914788297
0.05632620874
0.01910543159
0
0
0.05576542505
0
0
0.001893552307
0.01366435591
0
0.02614367032
0
0.03598822764
0.03658983863
0.05183691714
0
0.007223203914
0
0.00E+00
0
0.02592441716
0.02040654141
0.04834345936
0.01140825522
0.002605600965
0.005311556172
0
0
0
0.02263959979
0
0
0
0.002561887506
0.01686855387
0
0
0
0.01192549946
0.03159327169
0.04207983109
0.02994719184
0.04158684385
0
0.003644608216
0
0
0.02447204263
0
0
0.03342636987
0.002456218535
0.02101251021
0.02763431549
0
0
0
0
0.02996435557
0
0.002615910242
0.01708846685
0.004179340322
0
0.00E+00
0
0
0.0109024685
0.00826979914
0.00250725847
0.002249013485
2.96E-02
0.03714653461
0.01202931683
0.001230615198
0.01687945879
0.01352783588
0.04605162691
0.001730185688
0
0
0
0
0.03624162859
0.04139686753
0
0.03436327513
0.02340166236
0
0.01747912886
0
0.008512907429
0
0.01264547616
0
0
0
0
0.01665467348
0.01088524504
0
0.0004624314433
0.02382276288
0.01168306333
0
0.03127394592
0
0
0
0
0
0.001962157824
0.01592365671
0
0
0.02685992674
0.006456087552
0.004266520252
0.02155989756
0.02245919495
0
0.0008825747987
0
0.006528186838
0.0164123961
0.03487402932
0
3.01E-02
0
0.01309322307
0
0
0.04170689124
0.03386188729
0.01756725395
0.004981764432
0
0
0.02155384911
0
0
0
0
0.02931272215
0.03704727534
0.009368874329
0.0008577094811
0
0
0.01814360413
0.01750503604
0
0.003470229828
0
0
0.02390123223
0.03459275221
0
0
0
0
0.001354223975
0
0.02501244984
0.03959767575
0
0
0
0.04111779264
0
0.01842583434
0.005279355342
0
0
0.0175852827
0
0.04342247955
0
0
0.001540789839
0
0.0425743767
0
0.00E+00
0
0
0
0.004269747377
0
0.009848187671
0.04607099723
0.006228832611
0.006026980443
0.03329158695
0.009800001953
0.03833771759
0.05951079234
0
0
0
0
0
0
0
0
0.02256488072
0.03613153857
0
0
0.01268227994
0
0.01206168715
0
0.01523048048
0
0
0.03866895636
0
0
0.03232044869
0.002408637665
0
0
0.005555986083
0
0
0.04065060422
0
0.03958897475
0
0.003590174682
0.02146595273
0
0
0.01800009603
0
0.02548749383
0.03574560723
0
0
0
0.005104674902
0
0.01649975035
0
0
0.01574237342
0.02491605453
0.02924593012
0.01374589766
0
0.01276359371
0
0.03827685833
0.01310546504
0.01915049797
0
0
0.007645679056
0
0
0.003188258634
0.02095035722
0.008341455908
0
0.005439857205
0
0.02695036911
0
0
0
0.0336663515
0.02462070101
0.02341704144
0
0.04214238753
0
0.03689051351
0.03107223765
0
0
0
0
0.005085480592
0.01151893807
0.004659097729
0
0.01197162474
0
0.01484178731
0
0
0
0
0
0
0
0.005510132558
0.008431423155
0.0301216221
0.02680232627
0.01850795949
0
0.004374135944
0.02839729267
0.001461105744
0
0
0
0
0.001170600636
0
0.04488894017
0
0.03049254006
0.006747853502
0.008504626862
0
0
0.00478348298
0.01034346006
0.01763991666
0.01585570154
0.01029149805
0.01857341932
0.0323096572
0
0.01759492961
0
0.03216458895
0
0
0.0121406995
0.02947274343
0.02677326193
0
0
0
0.02983710941
0.01037637492
0.03062456942
0.01696586614
0.006579708628
0.01861180131
0.03673454699
0.003478029941
0
6.57E-03
0
0
0.04401419125
0
0.02351795834
0
0
0.01692924288
0
0
0
0.04124763111
0.03939581531
0
0.001028110821
0.007148225209
0
0.01288535241
0.01715396097
0.02034468508
0.02142575363
0
0.01894405415
0
0
0
0
0
0
0
0.01936597855
0.01592191977
0.01366729592
0.003775815458
0.02194778676
0
0
0.03646606392
0
0
0.001685115864
0
0.003381822527
0.03543898056
0.03088934041
0
0
0
0.002541255759
0.03620929819
0.02710290151
0.0170719676
0.02272355201
0.02946207344
0.03207391661
0
0
0.0086526312
0
0
0.03897331518
0.02661394863
0.03032680086
0.03941655366
0
0
0
0.02227021615
0
0.007211398866
0
0.005586053724
0
0
0.01711465863
0.02547681112
0
0.005499284199
0
0
0.002041847852
0.02055847337
0.02560098699
0.04604379348
0
0
0
0.007307281606
0
0
0.00694085847
0
0
0.009657427264
0.03393035295
0.003196267445
0
0.03694418878
0
0
0
0.0006814037888
0
0.03725800837
0
0.002014248284
0
0
0.01138451557
0.01654651788
0
0
0
0
0
0.03139674304
0.0558982711
0
0
0
0.0014149161
0
0.0115767365
0.005812313338
0
0.04429785458
0.05272861434
0
0
0
0
0
0.0166186818
0.0008917276195
0.002143174594
0
0.004099979756
0
0
0.009757515078
0.01338555655
0.01531752469
0.01354797104
0
0
0.02336845134
0.04347640522
0.03665545682
0.01462167085
0
0
0
0
0
0
0
0.03626350923
0
0.03858129071
0
0
0
0
0
0
0.0371362356
0.008434097333
0
0.03861903474
0
0
0.008019135984
0.05443118282
0.0138172765
0.002255971914
0.00672189763
0
0
0
0
0.04411666389
0
0
0
0
0.02450314356
0.0293135552
0.01126458796
0
0.04459459495
0
0
0
0
0
0.00427115101
0
0
0.04929008197
0.05397565031
0.002754669211
0
0
0
0
0.01745784439
0.02907260701
0.03154973585
0
0
0
0
0
0.00E+00
0
0.01358000625
0.0218858791
0
0
0
0
0
0
0.03190854459
0.02362637424
0.05603663243
0.03152991711
0.01588979783
0
0.02341690834
0.02214109587
0
0.01209383847
0
0.003515763504
0.01333003062
0.02808236523
0
0.01239989045
0.01579185379
0.01118994435
0.01827572532
0
0
0
0
0.01238965391
0
0
0
3.41E-03
0.02540715355
0.001044488677
0
0
0.004822085941
0.04008775715
0
0.001272827299
0
0
0
0
0
0.01956432338
0.008009486162
0.01770619232
0.008030110546
0.02616779196
0
0
0.008168479042
0.04679608706
0.02882894719
0.01578708578
0.01711097626
0.01870782051
0.03225781215
0
1.26E-02
0.0008641979902
0
0
0
0
0.05052565192
0.03750087098
0.007174696521
0
0
0.01031244574
0
0.01284306209
0
0
0.02000340186
0.0360909528
0
0.02773939511
0.03353752704
0
0
0.01573761953
0
0.00412314738
0
0.004907341584
0.03515612991
0.0006081508835
0
0
0.03654525744
0.04285590588
0.006668168894
0.005047768465
0
0
0.0171480841
0.0210618109
0.02234563882
0.01912619021
0
0.008712184925
0
0
0
0
0
0.02106014376
0
0
0.03947077602
0
0.03055344299
0.002223540963
0
0
0.02343485785
0
0
0
0
0.02460320711
0.02755696717
0.0490867508
0
0
0
0.02568568349
0.02125672907
0.009393216215
0
0.01001106702
0.0319503721
0.03584437352
0
0
0.01007649532
0
0.006148369126
0.01944996441
0.02435948128
0.0180672696
0.04067901417
0
0
0
0.006188552776
0
0.02189311007
0
0.002518627917
0
0
0
0.001055772381
0
0
0.02531856532
0
0
0.02006663776
0.03167236444
0.04033909209
0.004033650762
0
0
0
0.0209798425
0
0
0
0
1.82E-02
0.02455803171
0
0
0.02994547098
0
0
0.01737705536
0.02152466302
0
0.04688298192
0
0.009877998043
0
0
0.007119045818
0
0.01782428455
0.00734734937
0.004816420199
0.0262144551
0.04199799909
0
0
0.03421546165
0.0006073097196
0.01853237197
0
0.02943258723
0
0
0.01413376895
0
0
0.03623046294
0
2.27E-05
0.004628714236
0.03127538407
0
0.004286189382
0
0
0
0.001545187892
0
0.01092407525
0
0.01218432248
0
0
0.02164719933
0
0
0
0
0.0006025227122
0
0
0.02580700735
0.02804840566
0
0.01879956893
0.01809044138
0
0
0.04146732265
0
0
0.01417170375
0
0.03940489186
0.0185365017
0.03341420673
0
0
0.01297052701
0.007352299173
0
0
0.0276443732
0.006233524043
0
0.02699334348
0
0
0.0158486763
0
0.02743545159
0
0
0
0
0
0
0
0
0.02036463544
0.04366732395
0.04648134146
0.03254587566
0.01711143218
0
0.01469255539
0.001892111859
0
0
0.01307986719
0
0.03029757344
0.0172642966
0.0459634283
0.01604450895
0.01990804762
0
0
0
0
0.02022317991
0.02172081313
0
0.00555910324
0
0
0.006893263432
0
0.01503834374
0.01304892128
0
0.01667173313
0.02097071077
0.006741663028
0.002543538717
0
1.75E-02
0
0.03168771879
0.02976919856
0
0.01027377247
0
0.01898080505
0.009515722802
0.01914331904
0.02935397594
0.02901031986
0
0.002029993439
0
0
0.02850897835
0
0
0
0
0
0.02880130505
0.03894023342
0.03541076355
0.005370036992
0.01411197957
0.0307284015
0.006481329725
0
0.02232560977
0
0
0.01929022974
0.006841036954
0.01046616574
0.02037064875
0.009506050047
0
0
0.04085921922
0
0.001986984359
0
0.01608299445
0
0
0.009787254883
0.03036614455
0.00130631214
0.03690665294
0
0.01718085178
0
0.0205595884
0.008370218424
0.02007071099
0.01743940314
0.01416952194
0.0006093808307
0.01713015269
0
0
0.029024148
0
0
0
0.0015964177
0.02383008763
0.01393287807
0.03233076947
0
0
0
0.001153640049
0.008510314437
1.40E-05
0
0
0
0
0.03296923255
0.02599001479
0
0
0
0
0
0.04822304212
0.04968950252
0
0
0
0
0
0.01424388991
0
0
0.03943378712
0.0400698701
0
0
0
0.009805119483
0
0.04068440146
0
0.02467741009
0
0.00E+00
0
0
0
0.03544693799
0
0.01092474923
0
0
0
0.04300850867
0.01572192625
0.002702397165
0
0
0.005120065464
0.00830261962
0
0
0
0.04326146136
0
0.0314324464
0
0.02075215076
0.007856540782
0.008150177656
0
0
0.0476289039
0.01224533761
0
0.0228394847
0
0
0
0.05536107716
0.01365975387
0.03543694759
0.01772228303
0
0
0
0
0.04855003138
0
0
0
0
0.006582424064
0.01152930393
0.01785463423
0
0.05282890337
0
0
0
0
0.01079190714
0
0
0
0.03260959949
0.04547885507
0
0
0
0
0
0.02223589801
0.01446214226
0.006685494247
0
0
0.03062410468
0
0
0.0322477088
0.009476543638
0
0.00022630881
0
0
0.0004128519773
0
0.03324693961
0
0.007782295267
0.03248932503
0.01610494178
0.01522538328
0.01242854228
0.009228240225
0.01033652155
0
0.003714603926
0
0.00108691647
0
0.01894346259
0.01133885133
0
0
0.04124312391
0
0.04223761275
0
0
0
0.0288654928
0.007075421428
0.02587730914
0.002448768113
0
0
0
0
0
0
0.006140800476
0.0273820966
0
0
0.02200303231
0
0
0
0
0.02312143859
0.01858492731
0.02905749514
0
0.01142863661
0
0.02070977809
0
0.0142697782
0.03217233984
0
0
0.02318212764
0
0.009078311027
0.01148001632
0
0
0
0
0.01372622379
0.01975058066
0.02245478513
0
0
0
0
0.02920333378
0.02956683045
0.01283441846
0
0
0.0287942558
0
0.02668153456
0.02815886117
0.01490802822
0
0.02328008024
0
0.03503385694
0.01085895728
0.03910438538
0.02437182061
0
0.04122342091
0
0.01385065541
0
0
0
0.02937064402
0.01904471148
0.009152319324
0.03468992734
0
0
0.002199729852
0.01087247091
0
0
0
0.01189422809
0
0
0
0.01111181371
0
0.04163311392
0.02199824729
0.0319866791
0
0
0.01010688408
0
0
0.04499419849
0
0.03559219351
0
0.0018765368
0
0.03871868658
0.01136842924
0.01570816894
0.01334823187
0
0.002976541306
0.01520615069
0
0
0.005680650912
0.01815906141
0
0.01909598061
0.02104178127
0.02874635706
0.02931773703
0.03541776347
0.0003263700128
0
0.0441860939
0.0003910960696
0
0
0.005985338666
0
0
0.02156091458
0.01185273701
0.03921016164
0
0
0
0
0
0.0372433525
0
0.01676113926
0
0.00E+00
0
0
0.01761170967
0.0133407984
5.31E-02
0
0.01043138761
0.002055992196
0
0.0271903483
0
0
0
0.008965391044
0.0119157077
0.01701414981
0
0
0.0007732441553
0
0.02182135582
0.0119027207
0
0
0
0
0
0
0
0
0.0319503205
0.0322365223
0
0
0.02321161523
0.05855776432
0
0.01433229355
0.05556886241
0
0.01673296264
0.009550164017
0
0.03034076237
0.01520526075
0
0
0
0
0
0
0.0054911908
0
0.0105124038
0.007944462075
0
0.0154210762
0
0.0103854936
0
0.01168573333
0
0
0.00772963486
0
0
0
0.0001182523805
0
0.007239289725
0
0.005940332301
0.04737141232
0.01453954664
0
0.006216813045
0
0
0.0002418630549
0
0
0.008085672013
0.01398070367
0.05865776134
0
0
0.05971766412
0.01131849497
0
0
0.04150387956
0
0.04507573269
0
0
0.01614620604
0.001066797039
0
0.02815980106
0.01557468367
0.02632890749
0.05232461403
0
0
0
0
0
0
0.01021467447
0
0.05812652814
0
0
0.0008466022939
0.0238688471
0
0
0.01226457434
0.0008654718444
0
0.01722516503
0
0.0446148077
0.01550837917
0
0
0.005300780744
0
0
0.003645101357
0.06066598719
0
0
0
0.04443535574
0.01904504692
0
0
0.0200820791
0
0
0
0.01509892695
0
0
0.02019345728
0.005719925992
0
0
0
0
0
0.001036483913
0
0
0
0
0
0
0.008554775606
0
0
0
0
0.003966001365
0
0.006210966945
0.06335359634
0.03855829679
0
0
0.03986832025
0
0
0
0.01760476754
0
0.01914254411
0
0.02349186891
0.03130469518
0.05541973951
0
0.01910727016
0
0
0.004312699516
0
0
0.03127157248
0.01531569458
0
0.004247056828
0
0
0
0.0357305023
0
0.02195365448
0
0
0.02116920278
0
0
0
0
0.03702180554
0.03015113269
0.05514893861
0.05675812468
0.007017379307
0
0
0
0.0172264129
0
0
0.03916761296
0.03619662354
0.01281395548
0.05269164344
0
0
0
0
0.0300789062
0
0.0003642501859
0.04044291376
0.02911322507
0
0
0.02024782217
0
0.02519195407
0
0.0286922028
0
0
0.01550678067
0
0
0.02289073225
0.01378780211
0.001841873543
0
0.03923819816
0
0.01776580915
0
0
0
0
0
0.02395779514
0
0.02578613678
0.01023337697
0
0.02712386361
0.009703450874
0
0.008968864299
0.01305020109
0
0
0
0.01510308923
2.68E-02
0
0.003206217296
0.01107340178
0
0
3.85E-02
0
0
0
0
0.0307152645
0.01491678387
0.03356061269
0
0
0.007549760057
0.007370070795
0
0
0.01549201906
0
0
0.01398600846
0
0.01736544572
0.005007144209
0
0.02571748792
0
0
0.01048241989
0
0
0
0
0
0.003197115169
0.04466677991
0.03808105103
0.03944733964
0.008893537958
0
0.009521576954
0
0
0.0007421565205
0.02447707971
0
0.03223533117
0.02320764528
0.04355605344
0.02530628404
0.02590661396
0
0
0
0.01564796862
0.005248162307
0.01864485897
0.01381092687
0
0
0
0
0
0.03276403859
0.04973642747
0
0.01509888877
0.03315707869
0
0
0
0
0.04339286531
0.0247955932
0
0.0139817662
0
0.003150942897
0
0
0.008673647439
0.0007992013746
0.02035557963
0.004428823222
0
0.003781424035
0
0.02922329861
0.01776970697
0.01014926176
0
0
0.01398810707
0
0.007773362474
0
0
0.0184170889
0.0432169935
0
0
0.05108172988
0.001541112414
0
0.003851899814
0.002873445625
0
0.03081409121
0
0
0
0.02448262181
0.02087226513
0
0
0.04670767287
0
0
0
0.02275304849
0
0.03161122755
0.01971924037
0
0
0.01963322793
0.007221706229
0.03914203468
0.03665215359
0.001579883494
0.01659210121
0
0.001355752951
0
0
0
0.00E+00
0.01193742003
0
0.04285068672
0
0.01303869799
0
0
0
0.02190711029
0.01010586344
0.02474322039
0
0
0
0.01592453382
0.0330012392
0
0.03687573235
0.007581343364
0.02352821028
0.03566323007
0.0135246685
0
0
0.01644394223
0.01374780217
0.008177308077
0
0.02354701851
0
0
0.02025316623
0
0
0.00250032898
0.0311333165
0.01331558036
0
0.03610980393
0
0.0285230685
0
0.02623500501
0.01225365776
0
0.01034092196
0.01813243663
0
0.01098343113
0.01641934319
0.006833939733
0.03070614156
2.22E-02
0
0.01221494696
0.01873385961
0
0
0
0
0.01130962546
0.02827163246
0.01402481776
0
0.01429862103
0
0.01845135972
0
0.00537775362
0
0.01831558366
0.001503682253
0
0
0
0
0.03467570346
0.0305337236
0.0003011196807
0
0
0
0
0.01060415239
0
0.03998852509
0.01985707896
0
0.009663232724
0.02238055258
0.0006816908769
0.03235361524
0
0
0
0.03403216171
0
0.006484621589
0.001629703984
0
0.003625715045
0
0
0.008085723403
0.01160406556
0
0
0.03139414996
0.0427617728
0.001666811965
0.0148822639
0.01252172304
0
0.006510525497
0
0.01619771971
1.79E-02
0
0.03270261324
0.01745366619
0
0.004456564544
0.0212028092
0.0006448268384
0.01331932782
0.02060137279
0
0
0
0.0211921784
0
0
0.004250501368
0
0.006534210396
0
0
0.04639029461
0
0.04548486972
0
0.04500718388
0
0
0.03977014535
0.0003312454809
0
0.03741029098
0
0
0.02323873642
0
0
0.002118201591
0
0
0.04252748941
0.03556866833
0.04350503407
0.02942629952
0.007214948898
0.001126791029
0.005105708666
0.003506003303
0
0.002441479492
0
0.04736370174
0.02452820876
0.0435567784
0.01612407054
0
0.002674526874
0
0.02311447496
0
0
0
0
0.008290483911
0
0.04969537235
0.03328010749
0
0.00691443568
0
0
0.0155702031
0.002688029817
0.01326325674
0.02150795033
0
0
0
0.02618387443
0
0.01058313814
0.01829219526
0
0
0
0.03314622124
0
0
0.02841317591
0
0
0.00E+00
0
0
0.004204701579
0
0
0
0
0.0001310570743
0.02248684733
0.006690800191
0
0
0.008727234269
0
0
0.03230008793
0
0.003222955341
0
0
0.02732402566
0.002443679626
0
0.004162520569
1.52E-02
0.03927370722
0
0.01355246904
0
0
0
0
0.03222817065
0
0.01074487771
0.0065483917
0
0
0.02228255073
0.003813899517
0.02192763883
0.03579105091
0
0
0.03979122324
0.04107407919
0.05125464956
0.03370739723
0
0
0
0
0
0
0
0.01120518085
0
0.03099113868
0.01580347461
0
0.00339779732
0
0
0
0.02687249804
0
0
0.01397272184
0.001236591696
0.02277235081
0
0.02525805876
0.01754639889
0
0
0.002739013341
0
0.03113262039
0
0.02731531021
0
0.000633829943
0
0
0.005994871801
0.006135012496
0.00378794118
0.03261001838
0.03648682327
0
0.006557854499
0
0
0
0
0
0
0.04437219454
0.0328771361
0.03798366797
0.01661619563
0
0
0
0.01230236701
0.04240501832
0.01644407098
0
0.007619009001
0.01181787114
0.01656423766
0.01392476159
0.01850029195
0.04300497038
0
0
0.04120027183
0.01884691331
0.005569646362
0
0.03271714382
0
0
0.00946982012
0
0
0.03108931145
0
0
0.007189651961
0.03108971288
0
0.01183499992
0
0.003755665877
0
0.010665841
0
0.001123099207
0.008778522899
0
0.008289952404
0
0.02512197675
0
0
0
0
0.009592100018
0
0.0004240632124
0.01886050594
0.02210259237
0
0.02934777182
0.007954344504
0
0
0.0445605687
0
0
0.02269318142
0
0.02978105569
0.01601212546
0.01850312919
0
0
0.02735677355
0.01511170447
0
0
0.02817868531
0.01041270499
0
0.03071093143
0
0.001860070479
0.02113465698
0
0.0183354385
0.0005505111482
0
0
0
0
0
0.004689548729
0
0.02368293441
3.52E-02
0.03848482271
0.01947747452
0.01515303146
0
0.009417661758
0.009932082763
0
0
0.01986318776
0
0.01431674141
0.01502655305
0.03851583587
0.007071308206
0.01751255184
0
0
0
0.01859046182
0.01772093677
0.02683510011
0.0316829495
0.01207303717
0
0
0.01806250098
0.0139284696
0.02068371291
0.005684134763
0.01346047007
0
0
0
0
0
0
0.03192331646
0
0
0.05387260181
0
0.04909185287
0
0
0
0
0
0.001444790336
0
0.001262633282
0.04088485698
0
0.05335494595
0.009738199984
0
0.01275828
0.04286345064
0
0
0
0.004555077724
0.02846138625
0.01612008215
0
0
0
0
0.03227646513
0
0.005654749924
0.00317376403
0.01823581896
0
0.001966877428
0.003377075751
0
0
0.02392335382
0.0009638472316
0
0
0
0
0
0
0
0.04396213262
0
0
0.01625662195
0.01777063391
0.01720415401
0.006675409361
0
0
0
0.03055712353
0
0
0.02594757372
0.004953068717
0.03179223528
0.01603077283
0
0
0.006864780196
0
0
0.0430758786
0.02396440697
0.002895497124
0.0457359432
0.01460783767
0.02745585733
0.009624872595
0
0
0.03039670419
0
0.02828239699
0.01230159454
0
0.02724850128
0.01468789304
0
0.03367063464
0.03276072031
0
0
0.006829491104
0
0
0
0
0
0.0168550975
0
0
0.03414619792
0.0001295247402
0.03545875257
0
0.03053849846
0
0
0.02904499238
0
0
0.04315964876
0
0.006368288615
0
0.007279065054
0
0.01695974418
0
0
0.03119601144
0.01284075485
0.02633593844
0.03025725765
0.007410953791
0
0.02501584306
0.0167296935
0
0
0.02516858585
0.02578980807
0.01503051646
0.04718214996
0.00E+00
0.009027323468
0.02748358725
0.007288484459
0
0
0.01557777355
0
0
0.007852967504
0.02217485728
0.04708841603
0
0.01705586975
0
0
0.005301387597
0.005039775765
0
1.04E-02
0
0
0
0
0.01052251718
0
0.02078929188
0.02025014782
0.01539555884
0.02213172979
0
0.03240909614
0
0
0.01655737212
0
0
0
0
0
0.005223591135
0.008567817968
0.004778220839
0
0
0
0
0.03439704513
0
0.00464333018
0.0316847583
0
0
0.00222293168
0
0.001554015051
0
0.0161343091
0.01570015937
0.008797554141
0.002224423275
0.01670247104
0
0.006745179742
0
0.0458518976
0.009146362402
0
0.01959250539
0
0.03335482578
0
0.02550536003
0.02138223984
0
0.01985203568
0.02679655043
0
0.02102815197
0.0239656564
0.00922838931
0.01426288472
0.04179551217
0.0004436662057
0.03038952734
0.03308675975
0
0
0
0
0
0.02383501719
0
0
0.02961776571
0.01701510963
0.002076365583
0
0.00762725055
0
0.01697381243
0
0
0
0.0002666459312
0.007143465567
0.01831418104
0.02793789139
0.02059465058
0
0
0
0
0
0
0.04951234725
0.003819692107
0.0003059716357
0
0.01845106037
0.0007331298453
0.03476494356
0.002349838902
0.002615736385
0
0.03989899442
0
0
0
0
0
0
0.01209913017
0.001264572022
0
0.01142640371
0
0.03395661524
0.04775947724
0
0.001637211582
0
0
0.01293850943
0.01535018729
0.02322552122
0.01761152786
0.01917474252
0.02156540139
0.02795044971
0.02071358766
0.03105245382
0
0
0.03695293608
0.03337011836
0
0
0.03182557315
0
0
0.01068300941
0
0
0.01367840134
0.001306414972
0
0
0.03490538525
0
0.0271759482
0
0.01826503708
0
0.01394593488
0
0.0004095082738
0.006821783465
0
0.0200226653
0.0004249282384
0.03242636527
0.001629620421
0.002141282167
0.00585232722
0.008921995702
0.01125608365
0.003103120349
0
0
0.01291134761
0.01255945814
0.03206288004
0
0
0
0.03583032182
0
0.01261981579
0.01409010586
0.0127656331
0.008376013942
0
0
0
0
0.0448971339
0.02980794199
0
0
0.01238768494
0
0
0.02487006646
0
0.02440208944
0.02587904482
0
0.00717161965
0.02719330828
0
0.005643771637
0
0
0
0.03160813655
0
0.01925712512
0.01219674682
0.01170889951
0.001009320692
0
0
0.004122430446
0.01891715269
0
0
0.0320673036
0.02813433699
0
0.01414730219
0.02025975658
0
0.009916649634
0
0
0
0.006886789584
0
0
0
0
0
0.01477768807
0
0
0
0.0004163166249
0
0.00245288433
0.03610367791
0.03087256636
0.04619337239
0.0257350915
0.01387173058
0
0.03561207507
0.01534528837
0
0.003878829824
0
0.001357450486
0.0252768698
0.03974127246
0
0.02754723998
0.01982041266
0.001810554245
0.01875047707
0
0
0
0.005798547753
0.003861855142
0
0
0
0.01136809569
0.02251809056
0
0
0
0.006796192366
0.01906560592
0.01595775336
0.003751681361
0
0
0
0
0
0.01558104312
0
0.002610135462
0.02052237681
0.02348729654
0
0.008634943383
0.01855329906
0.03162225751
0.01774714538
0.0007400663531
0.0183880539
0.01741233465
0.03977033646
0
0.02017775126
0
0
0
0
0.01733542119
0.05162069859
0.03460113123
0.01143901103
0
0
0.01402871536
0
0.001051199112
0
0
0.02924184744
0.03933576763
0
0.02159513226
0.01886198649
0
0
0.0143176409
0
0
0
0
0.03663231612
0.0191236833
0
0
0.02999828834
0.02183835019
0
0.01040039147
0.03662026585
0
0.0163840488
0.006371680677
0.02976133306
0.009205375885
0
0
0
0
0
0
0
0.00109880443
0
0.001276606162
0.03837747567
0
0.02850120107
0
0
0
0.01349436885
0
0
0
0
0.03072404842
0
0.04685365891
0
0
0
0.02943305518
0.01418311843
0
0
0.04698160136
0.04083115483
0
0
0.003604084689
0
0
0.02292022337
0.02306809684
0.002672955609
0.03236725422
0.009682417593
0
0.02676900865
0.02676423559
0
0
0
0
0
0
0
0.01965199975
0
0
0
0.00508439959
0
0
0.0248111144
0.0003971454093
0.03280813216
0
0
0
0
0
0.01302257215
0
0.03553175958
0.0156081062
0.04725759377
0.05736377809
0
0
0.009713395847
0
0
0.01439847896
0
0.008443469879
0.05732615682
0.007114724492
0.05128406874
0
0
0
0.02059858874
0.01331955388
0.006746948434
0.01872141921
0.003902484661
0
0
0.001174735628
0.001164803292
0.02445354513
0
0.003520311674
0.007520808356
0.02922833908
0
0.01025126814
0
0.00832055838
0
0.01702870629
0.008167192577
0
0.003114688386
0.002928155609
0.01671975462
0.01183848767
0.02926461428
0.02738756384
0.006726127192
0.03627438783
0.00162139074
0.004293743816
0
0.01145056711
0.02925766206
0.005953176702
0.0175916411
0.01052542819
0.01100735693
0.009263043848
0.004397874478
0.01813377451
0
0
0
0.03061873642
0.01604681187
0
0.02003056451
0.02512076335
0
0
0.02981463416
0
0.03097707102
0
0
0
0.02450259916
0
0.03075062744
0.02975713652
0.007940421514
0
0
0
0.0003132530405
0.004771728963
0.002851328637
0.02725189049
0.01830285654
0.009176404687
0
0.0371442754
0.00517139168
0.02065569369
0.003169126711
0
0.02864012448
0.0375668614
0
0.003091237376
0
0
0
0
0.003972885181
0.002626741486
0.01403216431
0.005694832828
0
0.01645405165
0.04511395538
0
0
0
0
0
0
0.03657112773
0.01969336207
0.01272268429
0.01290297069
1.07E-02
0.009893711102
0.04265758336
0
0
0.04024354089
0.02220323066
0
0
0.03456789255
0
0
0.02436397496
0
0
0.0363417844
0
0.006967553221
0.01853735019
0.01177554527
0.004070790491
0
0.00465552946
0.02395577401
0.005920209702
0.01583689067
0
0.003410011254
0.02170473499
0
0
0
0.005325588496
0
0.007786786808
0
0.00E+00
0.01490182072
0.00928454728
0.01733352746
0.00560757208
0.007919566843
0
0.04522645321
0.00590184838
0
0
0.03268978973
0
0
0.0199027975
0
0.03120770425
0.003354786283
0.004467188438
0
0
0.03165225305
0.02928606638
0
0
0.03814865304
0.01335005538
0
0.04564174569
0
0
0.04034918437
0
0.01027907014
0.004376411264
0
0
0
0
0.001069879409
0.002777899312
0
0.03761741111
0.01655793912
0.03189278764
0
0
0
0.02810429246
0.01457746527
0
0
0.006370093087
0.0009572664716
0.008570837558
0
0.03233077994
0
0.01207446274
0
0
0.007757180742
0.03134591126
0
0
0.03406289591
0
0
0.004781904426
0
0.008661572167
0
0
0.03222634142
0
0
0.01303146019
0
0.0126086805
0
0.03793585738
0
0
0.02445784121
0
0.04714235696
0
0.02048970126
0.008184387394
0
0.0009911705099
0.02850655142
0
0.02424836989
0.04051275231
0
0.01651753679
0.04489615869
0.01583073821
0.04516209319
0.04328145736
0
0
0
0
0
0.003171350929
0.001864509441
0
0.006805702514
0.015926135
0.02352852364
0
0.005114913307
0
0.003604943476
0
0.001936320754
0.00E+00
0
0.000118526078
0.02227694671
0.03228888052
0.0006107534058
0
0.001719341586
0
0
0.002145487117
0
0.05430911329
0.0008815333566
0.004430759823
0
0.01519628663
0
0.01824908065
0
0
0
0.04704867496
0.01225644394
0
0.008171496454
0
0
0
0
0
0
0.02186430163
0.004520833926
0.05100902585
0.04192964756
0
0.0003754899137
0.007449218831
0.006987270549
0.03348121961
0.007216702793
0.0008776465351
0.03091761983
0.00E+00
0.02946963465
0.0279075887
0
0.02845732184
0
0
0.0371536579
0.04036635094
0
0
0.01814532559
0.005377009176
0
0.001496692066
0
0
0.01565360584
0
0
0.01825305772
0.01256781547
0.01923191306
0.007449561167
0.02369080745
0.01320425247
0
0.02949915782
0.004624558748
0
0.02975672871
0
0.006262591382
0.01113332878
0.016455044
0
0.01073914536
0
0
0.02858588578
0.02282700702
0.01842116123
3.87E-04
0.005584499986
0.009091675782
0.03775714239
0
0
0
0.02192995743
0.01106176359
0.02348615729
0.02981907384
0.01573384393
0.005114753108
0
0
0.007940962585
0
0.03971059177
0.02117679239
0
0
0.01484640334
0.01648442213
0
0.02621625365
0
0
0.0276758519
0
0.0008304083862
0.03053729945
0
0
0
0
0.01939319349
0.01918250606
0.001158418167
0.02884877537
0
0.006024915537
0
0.0045389479
0
0.00310914277
0.02786394737
0
0
0.01073685122
0.01416290226
0
0.002299544114
0.006326675583
0.00E+00
0
0
0.003322758199
0
0
0.02224959245
0.01772136389
0.002582775131
0.01332051278
0.02654512509
0
0.008596202683
0
0.05237984859
0.02434424863
0
0
0.02193882464
0
0
0
0.02313990177
0.001977040746
0.0110459333
0.02080202562
0.02038636515
0
0
0
0
0
0.01811513155
0
0
0
0
0
0.0001209033622
0.02418907763
0
0
0
0
0.01830829302
0.003756414415
0.01309078282
0.04835554584
0.04928817815
0.01172026922
0
0.004879421817
0.007791679145
0
0
0.01694900191
0
0.01820532169
0.00249788597
0.02528970367
0
0.02941328394
0.0001899486943
0.003399720475
0
0
0.01212498069
0
0
0.01536160532
0.01684008484
0
0.01637626123
0
0
0
0.04836619107
0
0.03336496376
0.001652309628
0
0.008232173275
0
0
0
0.00924131444
0.01820086454
0.01688320232
0.04625728414
0.04397404827
0.01575031174
0
0.0193970466
0
0
0
0
0.03889804597
0.04271073553
9.13E-03
0.02464705416
0
0
0
0
0
0.007657434019
0
0
0
0.06683205953
0.01423261753
0
0
0.03830325462
0.04623877612
0
0
0.03045313427
0
0
0
0
0
0
0.01784222478
0
0.006578583179
0
0.001211613788
0
0
0.00483409823
0
0
0
0
0
0.004753989217
0.002569154939
0
0
0
0.004728349207
0.008369758303
0
0.007944025272
0.05217762462
0.02708767625
0
0
0.02298215824
0.009769245279
0
0
0.03804144658
0
0.01459714842
0.0004312013147
0
0.01766027636
0.0325981339
0
0.03523805477
0
0
2.88E-02
0.001899475478
0
0.02907547686
0.04377550522
0
0.02090294141
0
0
0.0132939318
0.02199939717
0
0.04623620315
0
0
0.02632559463
0
0
0.006309726407
0
0.007910083583
0
0.03915966941
0.05433728011
0.02764003533
0
0
0
0.01462573892
0
0
0.01849028837
0.0354743945
0
0.0475578124
0
0.00310401402
0
0.002977099734
0.00E+00
0
0
0
1.96E-02
0.01153956798
0
0.009552690611
0
0
0
0
0
0.01494682422
0.01608043362
0.03954573781
0.007683163523
0.03693088398
0
0.02015554684
0.04607009551
0
0.02296971021
0
0.01730298103
0.005941819518
0.01259502613
0.01417821382
0.002681969216
0
0.02524982192
0
0
0
0
0
0.002377050452
0
0
0.01675317977
0.02028023226
0.04563987776
0.0234261466
0.00E+00
0
0.02066007007
0.03564107429
0
0
0
0.00705427489
0
0.01679765292
0
0.03421159027
0.006463424004
0.01894802334
0.01182982037
0
0
0
0
0.03148722412
0.03195531385
0.03797011089
0.0156564984
0.02862160334
0.0235144814
0
0.02296038127
0
0.01035208006
0
0
0
0.03027623612
0.01276631111
0.007709255535
0
0
0.03424522233
0.0002330516512
0.02628253975
0
0.005879756306
0.001384165472
0.0332909486
0.004867115946
0.003951781546
0.01126529726
0
0
0.02033133788
0
0.01283585358
0
0
0.006030564131
0
0.003329869738
0
0.01042403348
0.007379861472
0
0
0.004175304186
0.0152263704
0
0
0
0.02260905617
0
0.03655602856
0.02138610936
0
0.01736771907
0.006171898927
0
0
0.0136715274
0.0260630068
0
0.02811843227
0
0.03223733193
0
0.01673538191
0.02148620038
0.03328091487
0
0.01308584543
0
0
0.03568537485
0
0
0
0
0
0.02283219448
0.036558255
0.03243518909
0
0
0.0208053131
0
0
0.02355943875
0.0198082652
0
0.03190838743
0.02022859911
0.006801835941
0.02281566127
0
0
0
0.04309695936
0.01214150738
0
0
0.02441293967
0.009563322713
0
0.01608889286
0.04606491805
0
0.03809906482
0
0.00E+00
0.01796134845
0
0.01092327979
0.02435296497
0.0003066226203
0.01835586558
0.007599768704
0.03259040819
0
0
0.007287934284
0
0
0
0
0.02867386197
0
0.0189415794
0
0
0
0
0
0
0
0
0
0.007223309844
0.03357204478
0.01470027061
0.006461570221
0.02304743362
0.03363458611
0.002686090107
0
0
0
0.009917077278
0.03036076978
0
0.00893182574
0
0.02707744643
0
0
0
0
0
0.01847654399
0
0
0.0184010661
0.0024075004
0.02561943829
0.01322724151
0.0125335939
0.007795479247
0.0176143872
0.02383521014
0
0.00117080969
0
0.01987114525
0.0348788629
0.02564708985
0.005316366321
0
0.001751219576
0.01713133014
0.01511409549
0.01948036908
0
0
0.001787816417
0.03761866509
0.008737714629
0
0.01658916201
0.01644988841
0
0.0105176685
0.03534909424
0.003914676773
0.04170401831
0
0
0
0.02155515805
0
0.03365316396
0.01616621896
0.004387661145
0
0
0
0.001493877978
0
0
0.02954861879
0.007798147266
0.006251370647
0
0.04334959844
0.02163234192
0.01381456581
0
0
0.02120847341
0.03745595826
0
0.002478988098
0
0
0
0
0
0
0.02493671815
0
0
0.01943823461
0.04198842239
0
0.01340530792
0
0
0
0
0.02967965087
0.03310464005
0
0.0002015652298
0
0
0
0
0.01595549626
0
0.02003463271
0
0
0.00107148671
0.03167871006
0
0.009287862168
0.02569833133
0.02610363568
0
0
0.006586018238
0.01391254055
0
0.02971635224
0
0.03149228188
0.02561178032
0.03147386725
0.01147267219
0.03713739321
0
0.03051758511
0
0
0.02131591138
0
7.74E-06
0.02665925718
0.0002798719417
0
0.01200076082
0.02817263045
0.02244834391
0
0
0.006750695403
0.02419242502
0
0.003040494325
0.02857002585
0
0.01045383457
0.02464109466
0.00173511309
0.01160201872
0
0
0
0.0296914154
0
0.01382592324
0.02169538524
0
0.02019110326
0.009706089364
0.007622507364
0.01554801093
0.0160333441
0.0131052993
0
0.0223954481
0.01927143907
0
2.15E-02
0
0
0.02213385859
0
0.0425055916
0.01190191819
0.007663454103
0.01299117053
0
0
0
0
0.001689575295
0.01327030174
0.008642086018
0.01844286187
0
0
0.01515905213
0
0
0
0
0
0.00315373012
0.02894783255
0
0.02428931161
0.001073482958
0.00472494534
0.02872647976
0.01928127382
0.00556141921
0
0.00633598667
0
0.05196988451
0.01679263902
0
0
0.03231140646
0.01516848376
0
0
0.03231693482
0.01565163563
0.03235313674
0.0045085244
0.0230016942
0
0
0.00E+00
0
0
0
0
0.0173720215
0
0.02126773221
0
0
0.01522986352
0
0
0
0
0
0
0.0007052873944
0.02881953824
0.04147976709
0.009155599551
0
0.007322759454
0.01607348118
0
0
0
0
0
0
0.03902877994
0
0.03353782034
0
0.008669984554
0
0
0.01623099037
0
0
0
0
0
0.02051468136
0
9.85E-05
0
0.04829499638
0
0.009396845876
0.02696809542
0.003189319033
0.02224756477
0
0
0
0.01355904603
0.02365329776
0.02651302263
0.04445359833
0.01637976156
0.02196378943
0.0166740535
0.006071651545
0
0
0
0
0.05212480902
0.02651686866
0.02769758222
0.01420081423
0
0.01052087992
0
0
0
0
0.00E+00
0.0100623139
0
0.0326305955
0.01738166158
0
0
0.03002349976
0.05790319762
0
0.004746594044
0.02123478031
0
0
0
0
0.05099747337
0
0
0.01933045719
0
0.03258523247
0
0
0
0
0
0
0
0.008331629849
0.03168785307
0.00868871749
0.02482362813
0.01722495745
0
0.01304289811
0.05308636067
0
0
0
0.005708830535
0.01341366217
0.01252157329
0
0
0.03349202778
0.009175046034
0
0.005515653784
0
0
0.01701399451
0
0.00387711641
0.0099507725
0
0.03891014288
0
0
0.04293390329
0
0
0
0.01352430764
0
0.001790082356
0.0324763358
0
0.01675058724
0.004235211436
0
0.04274187661
0.00511307605
0
0.02278201849
0
0.004066154051
0.01070626619
0
0.005455696326
0
0.03404339432
0.01866528788
0.02947733652
0
0
0
0.01007608132
0.01405945371
0.001902885003
0.002191272311
0.04073177965
0
0.04844008679
0
0.0144762366
0
0.003709278007
0.03643504791
0
0.003657440016
0.02949551406
0
0
0
0
0.004836821998
0
0.003423342591
0.02273595649
0.006906333684
0.001423595527
0.02815781993
0
0.01039136874
0
0.03334548984
0.0176483119
0
0.01268259079
0
0.02100169884
0
0.03721874015
0.03166783087
0
0.02629353334
0.02855912436
0
0.02085473857
0.01162700973
0.006607476369
0.005431451967
0.03744454799
0.004771209967
0.02517920838
1.67E-02
0
0
0
0
0
0.02102383473
0.01116569365
0
0.02381072855
0.01345690836
0.003656148046
0
0.004975718645
0
0.0110915048
0
0
0
0.005674452318
4.93E-05
0.02363775574
0.03755658032
0.01273107964
0
0
0
0
0.01060190258
0.0002742760046
0.03878475122
0.01975778514
0
0
0.01706142017
0
0.03592479545
0.01185706471
0.0006682616035
0.005245253163
0.03512124753
0
0
0
0
0
0
0.008520562879
0.01617754856
0
0.01511255322
0
0.02658065435
0.04552413762
0
0
0.001280580222
0
0.01309303658
0.01501215522
0.02634228924
1.61E-02
0
0.03628764398
0.03317698129
0
0.03132967332
0
0
0.0380517244
0.03082376287
0.001775725857
0
0.004485530012
0.001826141377
0
0
0
0
0.02454500661
0
0.001387071005
0.02905370542
0.01380331983
0.01699576005
0
0.02295973402
0.004203771839
0
0.03734721389
0.0019989295
0
0.02257627684
0
0
0.01430444042
0.0193430525
0
0
0
0
0.03660833106
0.02909327744
0.02800189146
0.01496797372
0.02006677224
0.01515657427
0.02951488152
0
0
0
0.013212819
0.01836894126
0.01673799504
0.03499116766
0.01727382057
0.01394513057
0
0
0.01424359872
0
0.03029915395
0.006843102894
0
0
0.00586217873
0.02275768576
0
0.01929147284
0
0
0.02368100464
0
0.01679417271
0.02298040824
0.006821342394
0
0
0
0.01244334341
0.002464939048
0.00E+00
0.03489036029
0
0.008976194944
0
0.01647040493
0
0.002897561341
0.03610772745
0
0
0
0.003073589931
0
0.01213811465
0.006316394905
0
0
0
0.00434973804
0.03652129372
0.006025275813
0
0
0.002729869099
0.01356514146
0
0.007861617369
0.01188212079
0.01907393873
0
0
0.04105607265
0
0
0.0205251283
0.02196418617
0.02931215215
0.004673925651
0
0
0
0
0.01080109927
0.007661438942
0.004018088161
0.026107879
0.0134685358
0
0
0.01392418917
0.02845330528
0.01001492721
1.07E-02
0
0
0.01452470623
0.04104821871
0.02761260205
0
0
0
0
0
0
0
0.03605317001
0.01787843062
0
0.009830518934
0.02873517567
0
0.0001949171222
0
0
0.004269138046
0.02271033379
0
0
0
0.02015292538
0.03641555398
0
0.02635941786
0.04493137222
0.00305599937
0
0.03845867624
0
0.003442356892
0.02570725488
0.006068437208
0
0.002145704937
0
0
0.009458951529
0
0.01232712228
0.01899878412
0.02040944357
0.006629182656
0.01043315057
0.01709239978
0
0
0
0.02026972017
0
0.03536399084
0.0169264176
0.02193702992
0.006035321787
0
0
0.01845240492
0
0.03572543938
0
0
0
0
0
0
0.006168949386
0
0.04681007806
0.01441052927
0
0
0.04586517502
0.05860576525
0
0
0.04595666887
0
0
0
0
0.03632097445
0.001415966591
0
0.003841252308
0
0
0
0
0
0
0
0.005235523089
0
0.01719991207
0
0
0.005621837972
0.003937677352
0
0
2.39E-02
0
0
0
2.55E-02
0.02188117593
0.001187005028
0
0.01254345502
0.03411359769
0
0
0.004097880798
0
0
0
0
0.005638157778
0.03251578996
0.00E+00
0.05101253245
0
0
0.04892082054
0
0
0
0.02541821518
0
0.02451303632
0.0004561171145
0
0.001814060297
0.02132980804
0
0.03629900278
0.007396711758
0
0.04496132614
0
0
0
0
0.01144868506
0
0.04481775337
0.02554606609
0.04415114666
0
0
0
0.02097004136
0
0.00E+00
0.02898253953
0.03256440878
0
0.04801871902
0
0.02867603902
0
0
0
0.028345858
0.01012423421
0
0.02191927716
0.0402642318
0
0.02256937121
0.003857859364
0.01838210425
0
0
0
0
0
0
0
0.02166158036
0
0
0.03766235387
0.005811931396
0.0205840906
0
0.01513118916
0
0
0.02656637968
0
0
0.01773790139
0
0
0
0.01382046948
0
0
0
0
0.02930495442
0.004866679119
0.02531373929
0.05677570518
0.03136817287
0
0
0.02656457727
0
0
0.01194734049
0.03136035116
0.00E+00
0.04540801523
0
0.01937560306
0.02849739223
0.03124043119
0
0
0
0
0
0
0.001629914868
0.04941932911
0.008792541261
0
0
0
0
0
0.02424826323
0
0.014743515
0
0
0
0
0
0.006861609666
0.01205775466
0.02661686321
0.02841965723
0.02962950414
0.05537205545
0
0
0.01503771642
0
0
0
0
0.01430841234
0.0278691175
0.01014787017
0.02838408229
0
0
0
0.001426506715
0.01924589881
0
0
0.005837462194
0.01421096616
0
0
0.003785468748
0
0
0
0.01433993966
0
0.02025750762
0.04152217961
0.03347419045
0.01512758939
0.02820235921
0
0.03827201529
0.01642500568
0
0
0.00E+00
0
0.03766068802
0.04038629404
0
0.02518924886
0.02226633811
0.005574798827
0.01764964015
0
0
0
0.004395651067
0.002734373182
0
0
0
0.01441528292
0.02320379747
0
0
0
0.02721449871
0.01080157718
0.005467361418
0
0
0
0
0
0
0.02718341068
0
0
0.01671049625
0.001220645492
0.0006744318688
0.02554726279
0.001058924881
0.0179686402
0.02894184464
0
0.0004152413492
0.03583994261
0.02648772049
0
0.03876110419
0
0.004042394259
0
0
0.02213616773
0.04184475183
0.01677131699
0.009089012232
0
0
0.02996878671
0
0.0126769128
0
0
0.01247409521
0.04806135292
0.0002620111324
0.01571257768
0.004220018971
0
0
0.01711647449
0
0.01464007582
0
0.00192666057
0.02178494123
0.01737614451
0.03730718546
0
0.007895847889
0
0
0.03279378589
0
0
0.03424093713
0.03186420961
0
0
0.03788567346
0
0
0.008367608238
0.004923026334
0.006932296123
0.01957160637
0
0
0.01323183643
0.003889277668
0.0182737469
0.00724050613
0.01299326034
0.01226497086
0
0.008869078201
0
0
0.03718583059
0
0.01058176794
0
0.0002073289498
0
0.03047988516
0.009082075112
0
0.009432059056
0
0.009348193827
0.003951128355
0
0
0.04267237072
0.01670320683
0
0
0.0401573082
0
0.004631753179
0.02462902079
0
0.01509729764
0.02606241194
0.005178442712
0
0
0.02929087867
0.02596644713
0
0.01254500354
0.04398798286
0.02246934207
0
4.06E-02
0
0
0.02675524414
0
0
0.00806982208
0
0
0
0
0.007838544363
0.01241024921
0.01686644463
0.02132044901
0.02070188444
0.02925619715
0
0.001584957611
0
0.01171079743
0.001360320622
0.013271917
0.0007688135731
0.0186657965
0
0
0
0.02555688367
0
0.0250171964
0
0
0.01187761225
0.005920616171
0.01938189272
0.02864171816
1.44E-02
0
0
0
0.01061035043
0.03172232499
0
0.005832939975
0.01006530944
0.01061057117
0
0
0
0
0
0.02857514635
0
0
0.03946000938
0
0.05651115771
0
0
0
0.002560859122
0
0
0
0
0.05182954884
0.01677386379
0.04495310209
0.01352832739
0.00269354656
0.02162321669
0.04852789602
0.000164922162
0
0
0
0.006953431428
0.02120142574
0
0
0
0.01212363828
0.02278613811
0.002826623689
0.03127518851
0.004248890739
0.03387433529
0
0
0
0
0
0.03266332288
0.008653980881
0
0
0
0
0
0
0
0.04969119921
0
0.01035208408
0
0.03933618396
0.02010572931
0
0
0
0
0.04934831086
0.01758644953
0.00E+00
0.003579148378
0
0.004685210857
0.004860795299
0
0
0.00862819749
0
0
0.04798285141
0.03853874076
0
0.03240871686
0
0.01405259782
0.005976489684
0
0
0.04452148359
0
0.02307019476
0.0167314639
0
0.01719905134
0
0
0.0289023677
0.04630646202
0
0
0.01945612124
0.01070494747
0
0
0
0.002939911827
0
0
0
0.01208379462
0.004540609713
0.0306419856
0.01922579797
0.02972522795
0.002047291261
0.00E+00
0.02136979732
0
0
0.04137122245
0
0.02374618112
0.006461265234
0.01077118906
0
0.03015650032
0.005473538573
0.002386952678
0.02183173565
0.01242520511
0.01001187756
0
0
0
0.03266834304
0
0
0.0104856934
0.02649470573
0.01565609257
0.03158903349
0.03173559904
0.01151943884
0
0.0143743715
0
0
0
0.03496744448
0.01680646955
0
0.002074296677
0.01841272112
0.02312431337
0
0.01955171306
0
0.00221209929
0.0135706844
0.01430385491
0
0.03222661967
0
0
0
0
0.02455825058
0.02680445784
0.02629432245
0.01216210008
0.0005999316519
0.002459467381
0
0.007254996043
0
0
0.01439639765
0.002954374951
0
0.02090151085
0.00896393301
0
0.00E+00
0.00E+00
0
0.006774587334
0
0
0
0
0.0153142903
0.01431178355
0
0
3.85E-05
0
0
0
0.0166538851
0.02394012302
0.00E+00
0.02137489134
0.03049120073
0
0.009155437071
0
0.009943129958
0
0.02926302247
0.03103975771
0
0.01390872072
0
0.02066816156
0
0.01609447045
0.02574874652
0.02831487087
0
0
0
0
0.03026346611
0
0
0
0
0
0.02616602531
0.0374545324
0.03627335549
0.009120199429
0.01090682019
0.02731373805
0
0
0.02755777847
0
0
0.02554403133
0.005493978165
0.007737720582
0.01894721034
0.003546983358
0
0
0.04275398019
0.008355528943
0
0
0.02602523813
0
0
0.01339071818
0.04216458295
0
0.04482351284
0
0.004555245701
0
0.01768365185
0.001541585269
0.02629911558
0.0128631918
0.01836609523
0.01093615444
0.01734453336
0
0
0.01990362029
0
0
0
5.56E-03
0.03351576496
0.007274734154
0.02675532154
0
0
0
0
0.008050446481
0
0
0
0
0.006891786961
0.03235706088
0
0.03203317211
0.002746652972
0.00835665868
0.0353399345
0.028593269
0
0
0.01624886072
0
0.04591672244
0.004659659174
0.005558652945
0
0.02223859049
0.0236288794
0
0
0.03719705646
0.0140156589
0.03283329884
0.002152594937
0.0290553894
0
0
0
0.003943788736
0
0
0
0.02155599557
0
0.02287710904
0
0
0.01894597685
0
0
0
0
0
0
0
0.02247924285
0.03979671818
0.009341981535
0
0.003622877329
0.009693952747
0
0.01037099292
0
0
0
0
0.04260285863
0
0.02965375932
0
0
0
0
0.005962005119
0
0.001210994609
0
0
0.009483919442
0.01192234459
0.00E+00
0.0121726347
0
0.04646548442
0
0.00034870732
0.02954814663
0.001351182077
0.01323029742
0
0
0
0.0203798276
0.02648113888
0.03121056683
0.0402238383
0.009877121661
0.01176480396
0.02348357543
0.00825718402
0
0
0
0
0.049668513
0.02336630938
0.03535910955
0.007607486453
0
0.005164503948
0