0
0
0
0.02934067324
0.006783224362
0.00479617844
0.003809547053
0
0
0.02773982812
0
0.01988732349
0
0.01499115309
0.01221198991
0
0
0
0.01883796425
0
0
0
0
0
0.03199315479
0.006742791066
0
0.02284876725
0
0.02824359057
0
0
0
0
0.01445319669
0.02426404771
0
0.03240182748
0.002777581875
0
0.03414186608
0.01084597734
0
0
0.01619455439
0
0.0112022288
0
0.004638997687
0.03248641523
0
0
0.01572249308
0
0
0.03450396077
0.01225597461
0.003217807648
0
0.01141705349
0
0.02663008334
0
0.02340642124
0.0162110928
0.01551974316
0.02237835285
0.02664957702
0
0
0
0.005342516246
0.03074086415
0.01308200239
0
0.01445904479
0.02155548329
0
0.02887582791
0
0
0
0
0.02245688761
0.02271400521
0
0.009373252948
0
0
0.02171274795
0.05199960635
0
0.02356320002
0.01150951873
0.009299920403
0
0.03192606451
0.02822516816
0.02885345603
0.0047649944
0
0
0.04007250229
0
0.008036808247
0
0
0.03284495325
0.03957922772
0.05530588897
0
0
0.01342674596
0
0.001441505283
0
0
0
0.01303627398
0.005892142949
0
0.00834679982
0
0
0
0
0.01617365286
0
0
6.47E-03
0.03832460592
0
0
0.0148616348
0
0.02556984199
0.01307347338
0.0340875214
0
0
0
0
0.01613524173
5.54E-03
0.02495803137
0.007011713543
0
0
0.00539981381
0.005218342998
0.003657022403
0.0200982306
0.03202846249
0
0
0.006643308279
0.02810900055
0
0.002361164957
0
0.003338753502
0.01590047079
0.008373270704
0.02067319095
0.0523003765
0.02321648037
0
0
0
0
0.01889017845
0
0.04260889081
0
0
0
0.01162937994
0
0.01584229473
0
0.02323579933
0.009261701743
0.009525426925
0.0506529408
0.002113010453
0
0
0.03094022693
0.02819148777
0
0.02308298811
0.02873831571
0
0
0
0.04879812117
0.006207018416
0.002776451082
0
0
0
0
0
0
0.004046240747
0
0
0
0
0.0204384285
0.03840247894
0.01829917037
0.0008679252807
0.01865823304
0.003184147422
0.01216297534
0
0
0.004596556963
0.01300767541
0.001399606862
0.007638821399
0.03276772357
0.0143070083
0.0057276308
0.01159155742
0.01708820988
0
0
0.04652146811
0
0.01594639022
0
0.004120065812
0.05276322005
0
0
0.06113405848
0.03838082813
0
0
0.004945796323
0
0
0
0
0.0006564341595
0
0.02267527322
0.01869213436
0
0.01243221235
0
0
0.04631198755
0.05345863185
0.03189992799
0
0
0.01119577872
0.007279628957
0
0
0.005878125629
0
0.0232916456
0
0.04508780321
0.01869301832
0
0
0.00452433055
0.01182303895
0
0
0
0.01401610089
0.01064493177
0.0177063416
0
0
0
0.02132195532
0.01891424498
0.02582407585
0.009690429477
0
0.02603860549
0
0
0.03027719188
0
0
0
0
0
0.03038980697
0.02356172494
0.009718402049
0
0.008769522581
0
0.01856711099
0
0.006196601672
0
0.00171181167
0.02143936125
0.02065032144
0.00746217309
0
0.00E+00
0.01732099788
0
0
0
0
4.26E-03
0.006833542733
0.0184436189
0
0
0
0
0.0206853401
0
0.03089224941
0.01339994418
0.01323886907
0.006805432612
0.03677919921
0.01599187943
0
0.04036978458
0
0.027630136
0.01791755846
0.001563438173
0
0
0
0.01495549547
0.0205834587
0.0157275139
0.002002017379
0.008428256895
0
0.03106166779
0.01734225431
0.01067576788
0.02337046838
0.04036410736
0.007021180095
0
0
0
0.01010435711
0.002969184374
0.02648239374
0
0.01040838889
0
0.02424825473
0.01026069891
0.05084436884
0
0
0
0
0
0.03415153108
0
8.69E-03
0.02718033977
0
0
0.007744580478
0
0
0
0.05039404923
0.03352473085
0
0.03780064619
0
0.02598544962
0
0
0.009681513957
0
1.40E-05
0.01913501007
0
0.01557469636
0.02917002922
0.0171745695
0
0
0
0
0
0.01967953606
0.003640022138
0.03859336039
0.005903905994
0.006162295173
0.005312326849
0
0.01884196143
0.004332380391
0
0.01485843005
0
0.008279214318
0.01441136047
3.99E-05
0
0.01746714477
0.0374874635
0.03214174506
0
0.016412597
0.009020758003
0
0.02491082656
0.003571079145
0.02237250464
0.02953101375
0.005516421278
0.02160896799
0.007910556518
0
0.03684328238
0
0.009981384329
0
0
0
0
0.01755529336
0.03739478807
0.01003244562
0
0.008417953298
0
0.01265522816
0
0.01195678327
0.02415901232
0.01971074301
0.0001609037147
0
0
0
0
0
0
0
0
0
0
0.02827337756
0.02080205747
0
0.02831809217
0
0.004226073893
0.02442253085
0
0
0
0.02426547411
0
0.000964140547
0
0
0.04738149166
0
0.02124963894
0
0.01025405218
0.02160584565
0
0.002290457862
0.01150064088
0
0.03807331123
0
0.03986510902
0.01279176019
0.01012378304
0
0.01587909666
0.01265937974
0.0003629662893
0.007342212265
0
0
0.03251086192
0.02796401317
0
0.004104805542
0
0.02831629903
0.06993291231
0
0.01687358577
0.01369495752
0.03191547176
0.03831137311
0.02054163381
0
0.001538644038
0
0.006515176317
0
0
0
0
0.004009053532
0
0.001375567792
0.01135244561
0.01414538525
0
0
0
0
0.06394452775
0
0
0
0
0
0
0
0.03832184772
0.001542431191
0
0
0
0
0.03548369656
0
0
0
0.03177244742
0
0
0
0
0
0.02734104323
0
0
0.00E+00
0
0.01746263942
0.05031086637
0.01541608264
0
0
0.007049918721
0
0.006153519345
0.01897245248
0
0
0.03075042251
0
0
0
0.02368593063
0.00425685434
0
0
0.03582195805
0.004600169512
0
0.01272455297
0.03830453087
0.03503047415
0.02205359327
0.04727400595
0.04141416726
0.03046551744
0.001993792505
0
0
0
0
0.02715644823
0
0.04160046675
0.00E+00
0
0
0
0.02646833131
0
0
0.00980195256
0
0.02140704419
0.04071710308
0
0.03214052441
0
0.006053682723
0.006352135821
0.008857909654
0.0110146141
0.01618886659
0
0.008156483586
0
0
0.01130370801
0.02467077401
0.02875446795
0.00E+00
0
0
0.009651650223
0.002298641179
0
0
0.024115458
0.05664415874
0
0
0.008278165841
0.01342619099
0
0
0
0.007732394753
0
0.02384779267
0.01825692478
0
0
0.001570947856
0
0
0.007324460507
0.03253807841
0.02234498157
0.008776832057
0.009972715005
0
0
0.005791214151
0.02429170434
0
0
0
0.01878451526
0.05035179655
0
0
0
0.02819378461
0
0.01024954574
0
0.003404083076
0
0
0
0
0
0.006549599414
0.002349890713
0
0
0.03107975626
0
0
0.00E+00
0.03139215125
0.03255948329
0
0.03660178889
0.0247805276
0.01937140225
0.03709401791
0
0.00E+00
0.01196519181
0.01346256167
0.02776389965
0
0.03119947884
0.003220412833
0
0
0
0.04479503547
3.25E-02
0
0
0.003456352839
0.005966326153
0.0234257301
0
0
0.02354284147
0.02066561238
0.00984215095
0.02414730071
0.006417655473
0.01293951878
0.01140315669
0.01493556195
0.02209171182
0
0
0.01575239981
0.03748166839
0
0.01539474281
0.02033207986
0.001216459749
0.02484041154
0
0.02742288312
2.89E-03
0.007472742486
0.02294412534
0.01317242462
0
0.009510745335
0.002690148063
0.0181665154
0
0.006782172564
0.03197238483
0.02531065514
0
0.02740370404
0.00274415956
0
0
0
0
0
0.01110090623
0.04110183754
0.002931083793
0.002091968398
0
0
0
0.00102554556
0.009167294533
0
0
0.002160504181
0
0
0.02229188894
0
0
0.01543604168
0
0
0.01157145773
0.02969967751
0
0
0.003192431871
0.01473045649
0
0
0
0.04576444881
0.009984659145
0.005354216694
0
0.01112412784
0.03836162838
0.02492843407
0.02911355606
0.04088633156
0.02782959437
0.003999861146
0.001413182894
0.01316241633
0.01059615185
0.02601880494
0
0
0
0.006446419825
0.002211856102
0.003124313416
0
0.01859165539
0.02225658329
0.01426060223
0
0
0
0
0.01544845015
0.01659818543
0.03914397607
0.01285158711
0
0
0.00E+00
0.004209984013
0.02658075262
0
0
0.02774649494
0
0
0
0.02163402953
0.000884974749
0.01727846844
0.001000240636
0.03378319557
0.01722354784
0.01475648067
0
0
0.0146352226
0.03592210387
0.009177839073
0
0.04461400346
0.02898161613
0.02409078383
0.01305545534
0.004572493833
0
0
0.02150892911
0.02986550761
0.03346447582
0
0
0
0
0.01045819479
0.003406793335
0
0.04007516247
0.00778873779
0
0
0.01203243516
0
0
0.004857264572
0
0
0.01600692308
0.004458724177
0
0
0
0.01075847222
0.01437254812
0
0.02690987674
0.01500226552
0.02652073708
0.01491870879
0.01028445535
0.03326601935
0.02850332004
0.01664106633
0
0.03345388056
0
0.01954034788
0
0.006168950989
0.01332007512
0
0
0.026755661
0
0
0
0.03187306735
0
0
0.007097059076
0
0.02952835439
0
0.006858653423
0.00585284463
0
0
0
0.003858394009
0.003586743434
0.01766469002
0.03619401051
0
0.006625645029
0.0005719268535
0.02870393444
0.04588483233
3.66E-02
0
0
0.01185448194
0
0
0
0
0
0.006583519855
0.0003278801978
0.01162650678
0.04600711996
0.0003641651303
0.02176486311
0
0
0.02805618776
0.01891900866
0.03084954213
0
0
0
0.02685527601
0.02455483757
0
0.006363421034
0.03949171043
0
0
0
0
0.008886510798
0
0
0
0.02976189361
0
0
0.001926349149
0
0.0002911561079
0.01415768686
0
0
0.004091399635
0.0346234597
0
0
0.01425322013
0.01732006929
0
0
0
0.03043003853
0.05898018481
0.03384706806
0.01989447168
0.008711812799
0
0
0
0.01307621867
0
0
0
0.02841423476
0
0
0.01505150115
0
0
0
0.03741290075
0.02018261112
0.03680733258
0
0.001996788615
0
0
0.006485161308
0
0
0.03036211551
0.008926621121
0
0.01813625848
0.02809867662
0.02452425354
0
0.01536014065
0
0.03475981742
0
0
0.01209964738
0
0.04384685573
0.02250853588
0.0100996201
0.004252120224
0
0.008121651764
0
0.02063104113
0.03606421809
0
0
0.001643742702
0.01137276186
0
0.0140035002
0
0
0
0
0.01634135818
0
0
0
0.0374703708
0
0
0.007442745841
0
0.02854519772
0.02136531342
0.03575852226
0.005474319265
0
0.0289220428
0.006888700925
0.01157173724
0.008562020588
0.01853112825
0.0127639212
0
0.0158216123
0.02928066315
0
0.02641254995
0
0.01415399158
0
0
0.02431783105
0
0
0
0
0
0.04073169194
0
0.007132123408
0.01172175229
0
0
0
0.01116586039
0.006419283726
0.02062823575
0
0.03489752196
0.006203864753
0
0
0.006116720202
0
0.0334349523
0
0.008809320233
0.008526713906
0.04323646257
0.01525181483
0.01371273133
0
0
0.02628740898
0.0303911118
0
0.02394779219
0
0
0
0.005352095324
0.03467143506
0.007494054693
0
0
0.01947937273
0.02376781195
0.01477455468
0.02656086462
0.002873460026
0
0.01936537277
0.005121157356
0
0.0176063515
0
0
0.0003245333602
0.02167745532
0
0
0.001896652409
0.02341386449
0.0843543864
0.008900537801
0.003115664559
0.004140951585
0.0333532698
0
0
0
0.004427120388
0
0
0
0
0.02327304828
0
0.04480867728
0
0
0.003748876964
0.0061220447
0
0
0.06147886179
0.006478979327
0.0008858552443
0.00E+00
0.04450778674
0.0007070297489
0.05394216817
0
0.02599580343
0
0
0.03814982472
0
0.01303521904
0.02007786779
0
0
0
0
0
0
0.01366521973
0.01782475715
0.04240173367
0
0
0
0
0
0
0.009292448567
0
0.0214463768
0
0.006777063415
0.01463975461
0.003608534113
0
0
0.0137562467
0.02919451457
0.01751348638
0.01028924626
0
0
0
0
0.02611939253
0.01335343379
0.0391077461
0
0
0.004532251094
0.02748371681
0
0
0.02928173442
0
0
0
0.02082629107
0.0202399059
0
0.05223452795
0.02285871421
0.01881451668
0
0
0
0
0.01630576824
0.01600017646
0.02170539221
0
0
0
0.01265794168
0
0.04165226105
0.007421910494
0.00594509396
0
0
0
0.004213279338
0
0
0
0.00E+00
0.01064611962
0
0
0.002886925872
0.008453203854
0
0
0.04527372883
0.02461953752
0
0
0.06547282311
0
0
0.001648262954
0.01595643511
0.01200224891
0.006026938935
0.01618599718
0.0306102797
0
0
0.001164005091
0
0.07315176059
0.02172748133
0
0.02540167398
0
0.04771285788
0.01958581096
0
0
0
0.009209769127
0.05246265218
0
0
0
0
0
0.01598820038
0.000735279084
0
0.01448484095
0
0
0.03325107046
0
0
0.03262050247
0.007353210938
0.002375059162
0
0.008675139857
0.02063642153
0
0
0.01249384917
0.04220618853
0
0
0.002375007106
0.05023827436
0.007661969164
0
0.0008154032998
0
0
0
0
0.01784158262
0.002909249464
0.03218825047
0
0
0
0.0001308164427
0.007297086994
0
0
0
0.006324061591
0.03841925256
0.01593616354
0.00192453445
0.01564309595
0
0.008022278222
0
0.01413351027
0
0.02392287825
0
0.007799754313
0.02770026673
0
0.0158925114
0.00284278311
0.009171808979
0.01163278355
0.01834318259
0
0.03613849134
0.005374261929
0
0.03217072798
0
0
0.004549635328
0.05360659617
0.002124790498
0
0
0
0
0.00E+00
0.00103534296
0.04083930097
0
0.008827582753
0.03377643789
0
0.02399852532
0
0.02375800686
0.06551799689
0.02170144744
0.02168776258
0.006245339399
0.0196476947
0.04457604578
0.005904838904
0
0
0.01731754324
0
0
0.001569238805
4.39E-02
0.006505502178
0.02294680891
0
0.01534914171
0
0
0.006099382225
0
0
0.01868259893
0.005738712153
0
0
0
0
0
0.009871355463
0
0.0135887195
0
0
0.00493128763
0.01484530525
0.02983076842
0
0.01072889422
0
0
0.01236194694
0.007302915596
0.03218792272
0.01452399352
0.01793461804
0.0175046194
0.005703393173
0
0
0
0.01790737751
0
0
0.003993678258
0
0
0
0
0
0.00E+00
0
0.02634518658
0
0
0.04622635271
0
0
0
0
0
0
0.009646610092
0.01739562358
0
0
0.01954035125
0.00E+00
0.02820940213
0
0.03136172732
0.01604667044
0
0
0
0
0
0.03358174249
0.02547679313
0.01737958405
0
0.04263397678
0.002301644053
0
0
0.00656684976
0.02262012071
0.02611271723
0.01118576518
0
0
0.03333753141
0.03678924537
0.008955475295
0.02116314226
0.04170425106
0
0.02968513784
0.02070410673
0.005116047311
0.02922895768
0.03496290392
0
0
0.009111963309
0.02964381426
0
0
0.01809165522
0.0617584307
0.05242570676
0
0
0
0.04577836366
0.002647277113
0
0
0
0.00E+00
0
0
1.37E-03
0
0
0
0.0261576167
0
0.03103477919
0.006730982538
0
0
0.007929081872
0.00E+00
0
0
0
0
0
0.001255074417
0.005364019903
0
0.01215529777
0
0.02327509485
0.01332519818
0.01185581791
0.03203740084
0
0.03192027724
0.02072080092
0
0
0.001765097331
0
0.0133628649
0.0194168232
0.01673560924
0.001388539793
0
0.02621268797
0.02072826533
0
0
0.01873559097
0
0
0.004956337685
0
0.01888506267
0
0.004242090609
0.03427931237
0.04545508212
0
0
0
0
0
0.007877733477
0.03056153733
0
0
0.02242089421
0
0
0.03688504418
0
0
0.04282765612
0.02645866198
0.02650958009
0
0.003389935347
0.02348467377
0.01333306562
0.00107557508
0
0
0
0.002707738445
0
0.04992087997
0.03442366696
0.002001302527
0
0.0007989640254
0.009505324264
0
0
0
0.004482207464
0.02647361582
0.02264025427
0
0
0.01624105681
0.03437981997
0.008134084838
0.01805115255
0
0
0.03523079358
0.002288786125
0
0.005449068136
0.03250852465
0
0
0
0.0391312056
0.02586635646
0.00896896084
0
0.007899533286
0.0439274608
0.00E+00
0.001378588554
0
0.001757828295
0.00E+00
0
0.005174991294
0.005966009226
0
0
0.00E+00
0.04116333402
0
0.00735711966
0
0
0.04705557351
0
0
0.02805852746
0.0117199967
0
0
0
0
0.002822086188
0
0.02682328708
0
0.02231520392
0
0.007275338852
0
0
0
0.03820746126
0
0
0.02416865267
0
0
0.02541562765
4.11E-02
0.01335004168
0.07979957651
0
0
0
0
0
0.05889677621
0.01792659529
0
0
0
0.003799284553
0.005326846541
0.05364998546
0.002780207007
0.03248776508
0
0.0342688504
0
0
0
0
0
0
0.0005290560643
0.02795166376
0
0
0
0.009760441877
0
0
0.002378884391
0
0
0.06620454015
0.0375411994
0
0
0
0
0
0.01901222746
0.01977091389
0
0
0.06975553773
0
0.007633045978
0
0.05552286926
0
0
0
0
0.05628326679
0
0
0
0
0.04154284368
0
0.01746885004
0
0
0
0.002645484724
0
0
0.03893717176
0.02842557246
0.02566695015
0.0239736724
0
0
0.007431723468
0
0
0.007237637504
0
0
0
0.00E+00
0
0
0.01502234539
0
0.0166713811
0
0
0.02164766207
0.005606565998
0
0
0.01707938255
0.0109873938
0
0.01631324981
0.06047425427
0.03697732969
0.0381191206
0
0.01900303527
0.01789900203
0
0.01851044035
0.003778408267
0.01722186743
0
0
0
0
0.01918625315
0.02594323384
0
0
0
0.006059501216
0
0
0
0
0
0.009457091343
0
0.06325633579
0.001503098819
0
0.05670684914
0.03123855091
0.04840657361
0
0.02672570148
0
0.004532153781
0.05056066162
0
0
0
0.002159164714
0
0
0
0.01711893407
0.01112454823
0
0
0
0.004729456699
0.02952924903
0.005663038575
0
0.0211749924
0
0
0.04418828654
0.01863271826
0
0
0.002940596194
0.004846383748
0
0
0
0
0.01484678503
0.04459510471
0
0.02056616945
0.01191896105
0.0424316633
0.02789776547
0
0
0
0.0276986723
0
0
0.06236000527
0
0
0
0
0
0
0
0.03352852107
0.01852979386
0.01360889781
0.01742904486
0.01147075074
0.008837046906
0
0.01910806152
0.01512295528
0
0.008155177388
0.0003770793127
0.0003928379399
0
0
0.02321346736
0.01173771974
0.007768197036
0
0
0
0
0.0440279497
0.02373513153
0.02177793813
0
0.04392842073
0.01346122105
0.001897940014
0
0
0
0.01330641529
0
0
0.01120989048
0.00E+00
0.007958761702
0.01624034331
0.02564016533
0.02100935588
0
0.01574434684
0.03141312999
0.05332688081
0
0.03099641199
0
0.01480024808
0
0
0.009573233986
0
0.01412003284
0.01765396071
0
0
0
0.009457037207
0
0
0
0
0.03306264441
0
0
0.01345587782
0
0
0
0
0.04570078942
0
0
0
0.01051399018
0
0.0271395599
0
0.01850980262
0
0
0.02688715631
0
0
0
0.02416373898
0
0.001339841188
0.005877429921
0.0273112138
0.01275287715
0
0.01348795771
0
0
0.004466256672
0
0
0.01450993501
0.003252022807
0
0.03756594173
0.004416231916
0.05855618147
0.01545816032
0.001670742734
0
0
0.03080384609
0.03567764454
0.01677769662
0.0136510597
0
0
0
0.04310858162
0
0
0.04911138843
0
0.01861304001
0.01679948915
0
0.004887625315
0
0.01018348603
0.00E+00
0
0.02444612452
0.0009338763611
0
0.006991604343
0.01090914571
0.03514625929
0.05136357561
0
0
0.004936800963
0
0.005593489545
0
0.02483940804
0.02511679824
0.03507613091
0
0
0
0.05263182033
0
0
0.001142456611
0
0
0.00904528458
0
0.01954185501
0.0006148089096
0
0
0
0.04660327213
0
0.04046641549
0
0.01140718608
0
0
0
0
0.05920286721
0
0.02405950483
0
0.01740767504
0
0
0
0.00628982505
0
0.01742788338
0
0
0.0185231265
0
0.001609058665
0
0
0
0.04640643901
0
0.01037304916
0.02039517754
0
0.03659787697
0
0.007370482419
0
0.02693564946
0
0.006108893718
0.007057630794
0
0.02793668809
0
0
0
0
0.005949249161
0
0
0
0.004205055323
0.03369497536
0.006395335078
0.04774244493
0
0
0.0266879405
0
0.02689112515
0
0
0.03287785529
0.01816465741
0.06279171872
0
0.01217375266
0.0820505813
0.002636644667
0.00E+00
0
0.005763233722
0
0.00187898542
0.0005104792494
0.06683040085
0
0
0.001961718187
0.01108457896
0
0
0.04070855298
0.0223587241
0
0.01120917767
0.0002920666172
0
0
0
0
0
0
0
0
0
0
0
0
0.02815545227
0
0.02968416913
0
0
0.01044552225
0.05688053061
0.01627324459
0
0
0
0
0
0.0054872144
0
0.01392195715
0.03902399585
0.03789348505
0.03833841914
0.002080027591
0
0
0.0160123846
0
0
0
0
0
0
0.01827069862
0.004061706443
0.02866623283
0
0.02772912066
0.02167595896
0
0.01189105533
0
0.02789027576
0.03166621034
0
0
0.03986899511
2.09E-02
0.01540034146
0.007791112987
0.02584021834
0
0
5.91E-05
0
0.04005919614
0
0.006269801684
0
0.006033722332
0
0
0
0.00753165227
0.01092032584
0
0
0
0
0.04039559929
0
0
0.005907235202
0.02278330903
0
0
0
0.02540608459
0.0573621016
0.02072478383
0.01156664505
0.02324646369
0
0.01360188951
0
0.03090644378
0.02233216474
0.0173813892
0.006214221799
0
0.01065936632
0
0.02190000605
0
0
0.003425264725
0.01593503715
0.00676655554
0.02303742207
0
0
0
0.01349966377
0.005000112411
0
0
0.0264516577
0.004841348946
0
0.03109204966
0.03425939246
0
0
0
0.03205497319
0
0.04074748607
0.05545017945
0
0.001080370027
0.007569074463
0.01107489691
0.00531143405
0
0
0
0
0.03038644378
0.004539321029
0.00464431342
0.004041091801
0
0.004534173993
0
0
0.01291917209
0.01522972521
0
0
0
0.007820384452
0.0512236451
0.00E+00
0
0
0.02658221483
0
0
0
0.01609358846
0
0
0
0
0
0.01075985731
0.02735750744
0
0.03041797239
0.01829822123
0
0.008650566644
0
0
0.008058973491
0.02253144575
0
0
0
0
0
0.05868630824
0.01881430869
0
0
0.01410746967
0
0.00641750455
0
0
0.01034537358
0.03446445996
0
0
0
0
0.01887266431
0
0
0.04522655621
0.01918681497
0
0.00655574361
0.06453171855
0.04286905874
0
0.01918594748
0.03688095944
0.02531315267
0.001439479298
0
0.01892669681
0
0
0.01529922418
0
0.04961258822
0
0.001514267884
0
0.01138569207
0.02298697831
0
0
0
0.06299336977
0
0
0
0
0
0.02793628932
0.01489938322
2.69E-02
0
0.03478936966
0.009313515921
0
0.0001376088303
0
0.01085141376
0.02111605609
0.03335109874
0
0.06504132928
0.02533339882
0
0
0.0109427593
0.03542175669
0
0
0.00710098157
2.31E-02
0.00375734835
0.006951959713
0.001072851331
0.01803775245
3.79E-03
0.006392442812
0.026272078
0.01479638771
0.00433416187
0.008255513988
0.02704746368
0
0
0
0
0
0.00357402966
0
0
0.01230661654
0.003793744576
0
0
0.01430664886
0.02974773722
0.01063206764
0
0
0
0.04115165229
0.01682291023
0
0.004018986517
0.01250738161
0.03073070718
0.001051904618
0
0
0.009516212293
0
0.009453129188
0
0
0
0
0
0
0.03892709886
0
0
0.001871653928
0.01876549179
0
0
0
7.66E-03
0.06874560339
0.02799252835
0
0
0.00E+00
0.04152399411
0
0
0.02499295711
0.02729105675
0
0
0.01259532188
0.007720176573
0.008745623651
0
0
0
0.01796341857
0.01207145162
0.02404748943
0
0
0
0.008408582697
1.45E-02
0.01956322929
0.01565586389
0.02224667251
0.0310773118
0
0.001209184641
1.92E-02
0
0.001269930824
0.02183327621
0.01256130789
0.03522701257
0.005508629935
0.03718338053
0.01154120705
0.0005858321954
0.02325766082
0.02215870157
0.006382457169
0.02127497651
0.006481151408
0.03259050076
0
0
0
0.01370150381
0
0.02807841814
0.02291366285
0
0
0
0.01093904148
0
0.01406609349
0.04360941627
0.002553139882
1.93E-02
0.01195621506
0
0.00750212538
0.01392724454
0
0
0
0.002427937058
0
0
0.008979375329
0
0
0
0
0
0.002298123548
0.0374184057
0
0.002360402266
0.03256436941
0
0.01810500137
0
0
0.02002369527
0.04049143287
0
0
0.01900312259
0.04284918163
0.005667401143
0
0.02161606872
0.03191526402
0
0
0.00524225705
0.0345175756
0
0
0
0
0.0222332032
0
0
0
0.007465551022
0.01602059279
0
0.02789241126
0
0.007334923566
0.01298761127
0.02591435815
0.009040344111
0.02854195839
0
0.008920250241
0
0
0.004384396429
0
0.04275366835
0
0.02603812307
0
0
0
0.01582393574
0
0.005937614719
0
0.00618247289
0.03229973907
0.008536889967
0.008925788132
0.01744219278
0.02433454407
0.01147100132
0
0
0
0.008368708067
0
0
0
0
0
0
0
0.009438264467
0
0.01006865518
0.02670254473
0.01088508603
0
0.01765708923
0.01293019503
0
0.03200879767
0
0
0.006716712843
0
0.01965034338
0
0.03264386061
0.03601393227
0
0.001857873249
0.008954469144
0
0
0
0
0.04722126779
0.04628485873
0
0.009962340073
0.00513569094
0.002577706206
0.006426752152
0.004179089633
0
0.01988909379
0.0431967093
0
0
0.03046908917
0.0300974619
0
0.003916138286
0.02936463857
0.002033371634
0
0
0.0006265160542
0.02610884037
0
0.009070390771
0
0.04865441842
0
0.02548972905
0.0007094480558
0.03000792553
0.01991976815
0
0
0
0
0.02676064339
0.01080704053
0.02464868251
0
0.03986134208
0.03458131849
0.03055653808
0
0
0
0
0.03320938427
0
0
0.01691632536
0
0
0
0.01252019786
0
0
0
0.01348837752
0.000987724231
0
0
0.003079226842
0.04749097697
0
0.00148108306
0
0
0
0.006427742082
0
0
0
0
0
0.01138617007
0.06862583167
0.04196446763
0.04845526202
0
0
0.00233042739
0
0
0.01822014003
0.04635099766
0
0
0
0.02416932521
0
0.01039301462
0.001821444157
0
0.01462695318
0.009135835915
0
0.03332172019
0
0
0.01345878764
0.01685545945
0
0.03234317208
0
0
0.01959544506
0
0
0.02204869968
4.98E-05
0
0
0.05423754118
0.01506557823
0.0007663656414
0.004193995677
0.002445671573
0
0
0
0.0691647145
0
0
0.008397758032
0
0.01139876465
0
0.06011652782
0
0.03624348694
0
0
0.02453446586
0
0
0
0.01885734222
0
0
0.04114846685
0.0003221162903
0
0.03929881915
0
0
0.002016837211
0
0.02777635034
0
0
0
0.0001478189193
0.02906927233
0.00832479663
0.03645057729
0.02337570014
0
0
0.0103010164
0
0
0.0109719237
0.02094322232
0.009780279983
0
4.08E-02
0.01649754033
0
0.05795107252
0.04432825509
0
0
0
0
3.56E-02
0.007832570291
0
0
0
0
0.01890802653
0
0
0.03820791415
0
0
0.009752343805
0.007737196495
0.006177483271
0.003388654551
0.0006563996622
0
0.02107268682
0
0
0
0
0.003733323761
0
0
0.0518097936
0
0.04107638137
0
0.008382648385
0.001776606406
0.0001448900847
0
0
0.04455005462
0
0
0.02127202008
0.02296682805
0.05017586788
0.0141927684
0.02673534324
0.04793267172
0
0.01410045246
0
0
0
0
0
0
0.01730497714
0
0
0.02163055399
0
0
0
0.04216464351
0
0.02654944451
0.03748831974
0
0.03927409766
0
0.008340201325
0.02138136286
0.01190979205
0.007639263573
0.02044650002
0.01530233777
0
0
0.01608730692
0.001813843799
0.005390808521
0.0006626096379
0.01154134034
0.009943070482
0.01418634997
0.02447813096
0
0
0
0.01307001828
0.05829574789
0
0
0
0.01378690445
0
0
0
0.005524685953
0
0.0332171836
0.01423822545
0
0
0.004946822773
0
0
0
0.04837202441
0
0.00E+00
0
0
0
0
0.03375856761
0.01192720552
0
0
0.01209139658
0.03075052436
0.04824891943
0.009593560476
0
0.01676339359
0
0
0.02237339178
0.01013821324
0.01970692732
0.01096617743
0.0003788255771
0
0.006240657992
0.002923876745
0
0
0
0.01353290772
0.001499564003
0
0.02287957219
0
0.01634086033
0.003151207592
0.01074589175
0.01363519537
0.003730443135
0.036308812
0
0
0.002816829249
0
0.0255087112
0
0.03521447788
0
0
0.02116802642
0
0.04525369855
0.006301128502
0
0.01641823548
0.02919159102
0.03232550281
0
0.004338692811
0
0
0.006977871912
0.01370229526
0
0.007339933818
0.00423407623
0
0
0
0
0.02542187534
0.04866354263
0.03548007516
0
0.02690597561
0.009270725108
0
0.002723863921
0.005741564497
0.03426938216
0.02488138911
0
0.02777477356
0.002633456182
0
0.03324410493
0
0.005969809728
0
0
0
0
0.02891252491
0.006297009028
0.01768437373
0
0.02364584737
0.003899729361
0.02537772793
0
0
0.01224513259
0.03178535967
0
0.0103388412
0.01011316285
0
0.00E+00
0.01064283869
0.02661635746
0
0
0.007492782434
2.87E-03
0.003599252183
0.02458518327
0
0.0392925387
0
0.004195937557
0.0289143031
0
0
0
0.004157556213
0
0
0
0
0.02869619151
0
0.03644564889
0
4.93E-03
5.27E-03
0
0
0
0
0.04185696709
0.0217284025
0.05007741038
0
0
0.006574272885
0.02249451687
0.0002278075788
0
0.02284152895
0
0
0.01642820594
0.02225390375
0
0
0.0302672532
0.03436666647
0.05698746901
0
0.005178448493
0
0.02332785863
0.02081192913
0.05547492704
0.0005362247032
0
0.01389202889
0
0.01568095404
0
0.01066476979
0
0.03057785444
0
0.02537012015
0.01701870106
0.03433254302
0
0
0
0
0.04387536876
0
0
0
0.01767897125
0.004943286242
0
0.005678794804
0.04309721037
0.01328193778
0.003267150236
0.02106333596
0
0
0.0115953722
0
0
0
0.02439026092
0.03461185705
0
0
0
0
0.0471777234
0.0376280562
0
0.002799459551
0
0.02315688685
0.01342060666
0
0.002074476379
0
0
0
0
0.02601057742
0.01822192816
0
0
0
0
0
0.006329992155
0
0
0
0.02265071237
0
0
0.0342759884
0
0.0003327330919
0.02801285856
0.02836273112
0.0170554224
0.02651326889
0.01012474614
0.02508047925
0
0.00E+00
0
0.006674434783
0
0
0.01122817202
0
0
0
0.01489745256
0
0.03947144018
0.02142332922
0
0.006369405118
0
0.05538280822
0
0
0
0
0
0.03051133823
0
0.01058317465
0.02535009871
0.0196780776
0.0350498784
0.02901428775
0
0
0.0131403737
0
0
0.006580977485
0.0009357294124
0.02400050078
0
0
0
0
0
0
2.43E-02
0
0
0.02353575318
0
0
0
0.03660083358
0.0217700971
0.01862402412
0
0.04525345249
0.04590388218
0.01964829185
0
0.002387588176
0
0.003768394085
0.01230130458
0
0.007153099467
0
0
0.003771101713
0
0.009766442083
0
0.008943747574
0
0.01062914973
0.005981725838
0.01143113055
0
0
0.0003662883695
0
0
0.01072276754
0.0369969732
3.85E-02
0
0.03443847586
0.04633461416
0.05984046435
0
0.01000730445
0.01966794164
0.01868458345
0
0
0
0
0
0
0
0
0.01206625566
0.01623783332
0
0
0.02595898812
0
0.01484240388
0
0
0.02430402024
0
0.001799572452
0.01925431752
0
0
0
0
0.03268066598
0
0.01584061712
0
0
0
0.01561796778
0
0.009151480188
0.0283384933
0.03199226834
0.006424025454
0
0
0.001982009291
0
0
1.24E-04
0.01197937306
0.03949133207
0
0.01726842576
0.003769314391
0
0.04116205257
0.009677904865
0
0.01052970369
0.008801569507
0.03173280244
0.02062070038
0
0.02063904505
0
0
0.03732764026
0.03434576548
0
0.0340710145
0.02403896449
0
0
0.01700135366
0.04611873535
0.0111692068
0.005455465902
0.000224799912
0
0
0.00E+00
0.02266319764
0
0
0
0
0
0.00E+00
0
0
0.002634460567
0
0
0.003696116646
0.01748203533
0
0.04347774858
0.01665021145
0
0.03872192497
0.01541168539
0.0270580332
0.01495932144
0.02587609125
0.0007378874208
0
0.01623909842
0
0
0
0.02353783002
0.01793722368
0
0
0.01533204857
0.0172138354
0.00803151564
0
0
0
0.0459888987
0
0
0.03951962306
0
0
0.007680758348
0.0424998159
0
0.0202735782
0
0.03924347939
0.03610787872
0.008248915042
0.003514084394
0
0
0
0
0.003808174069
0.0253197628
0
0.04438414289
0.03367419084
0
0
0.01007073621
0
0
0
0.005937814468
0.03114195648
0.00E+00
0.02161404458
0.01561402895
0
0.01026870079
0
0.00637939332
0
0
0
0
0
0
0.01659985247
0.00846116849
0
0.0145106185
0.01965074679
0.01843075629
0.02558703033
0.01466595112
0
0
0.007046041203
0.01183582241
0
0
0
0
0
0
0.007426944537
0.01844938506
0.03423715661
0
0.02128976506
0.04675001581
0
0
0
0.001427018312
0.01100222966
0.003066615315
0.001947821312
0.00864869357
0.02489964225
0
0.04078947971
0.02992662759
0.02332668863
0
0.01355078021
0
0.03292374469
0.01800955122
0
0
0
0
0
0.01924737413
0
0.006657299132
0.04099802493
0
0
0.002327939919
0.05075254268
0
0.014879919
0
0.008709450251
0.01618584741
0
0.02899657056
0
0
0
0
0.03801420509
0
0.01141696106
0
0
0
0.002089599417
0
0
0.03304930487
0.005000094834
0
0
0
0
0.0006276519281
0
0
0
0.02110662442
0.009121310919
0.02986082965
0
0
0.0525660143
0.008513664765
0.01500913328
0
0.008473163918
0.02309332844
0.01203985046
0
0.0271925938
0
0
0
0.02605660471
0
0.02871516165
0.05272788424
0.01219675234
0
0
0.04399857386
0.03400199892
0
0.04380684466
0
0
0.01674486513
0.03034154783
0.04389315167
0
0.004512732865
0
0
0
0
0.01996766298
0.01105332754
0
0
0.0201301929
0.00522721155
0
0.06201568374
0
0
0.01161015944
0.022095746
0.02056885431
0
0.01785680861
0.007577220305
0
0.02093741462
0
0
0.004625466095
0.008947222851
0
0
0
0.008650056903
0.00E+00
0.0117812776
0.003464698918
0
0
0.01702248037
0.01160938785
0
0.05169210785
0
0
0
0.01920710177
0
0.01806493766
0.04534672321
0
0
0
0
0
0.04718168694
0
0
0.01100101075
0
0.005591385177
0
0
0
0.01734347364
0.01440628766
0
0.04460211028
0.04446511182
0.0133937993
0
0
0.017765797
0.02551107051
0.01217883972
0
0.01138098743
0.004592689432
0.02697802522
0.01934563572
0.004689860876
0.02715078834
0.02125275763
0
0
0
0
0.005437875135
0.02025583695
0
0
0.02967310835
0.02623135616
0
0
0
0
0.02415746997
0.0199427591
0
0.001859212401
0
0.00957941599
0.01600387523
0
0.0003525522711
0
0
0
0.001974438271
0.006915958798
0.02582966746
0
0.01480111657
0
0.007448369953
0
0
0.02093183281
0.01254675616
0.01982739811
0.0243847338
0.007753867178
0
0.02482809103
0.01857427746
0.001174004311
0.0002799399863
0.01676212596
0.02641624204
0.05926315862
0
0
0
0
0
0
0
0.01967578307
0.04671932914
0
0
0.02859187427
0.01035749335
0
0
0
0
0.02112209098
0.02364389694
0
0.00413354672
0.003951607516
0.01688023064
0.03637286014
0.001622459345
0
0
0
0
0
0
0
0.01188290036
0.008769412364
0
0.00E+00
0.0133680807
0
0.03916896469
0
0.01208425193
0.04320816214
0.01287083393
0.04465366326
0.00732022189
0
0
0.01674859359
0.009739643092
0.006899801382
0
0.02502085189
0
0
0.00453860918
0.006070751094
0
0.001436729566
0.002638118468
0
0.02186056401
0.0004088969108
0.009992760601
0.03420753268
0
0.01432501279
0.01364670867
0
0
0
0.03871031033
0
0.0114299202
0.003032074065
0
0
0.01220177943
0
0.05374201725
0.02331553926
0.01839943498
0.0227024371
0.00E+00
0
0.004182878503
0
0.01013270232
0.01775283826
0
0
0.03814902436
0
0
0
0.01754866076
0.004989726515
0
0.04472063674
0.02090540566
0.0223304238
0.005205885188
0
0.007765857977
0.006946940275
0.02072595786
0.00E+00
0
0.04494604559
0.01671560949
0
0
0.03283635915
0.03202377746
0
0.005800979317
0.01392512857
0
0
0.02843710907
0
0.01515760077
0
0
0.004630077801
0.04089388834
0
0.03119865484
0
0
0
0
0
0
0.003444293474
0.04616678285
0.01664833405
0.03442153593
0.03545047375
0
0
0
0
0.04692641356
0
0
0.03659443242
0
0.02289243249
0
0
0.04786727877
0
0.02185475541
0
0
0
0.02527142603
0
0
0
0.04289767523
0
0
0
0
0.03094810939
0
0.04390663314
0.0352312666
0
0.0006053191235
0.02747698721
0.02759440133
0.01851513661
0.05220011064
0
0
0
0
0.03000873396
0.006969579479
0
0.01283938677
0.009307299423
0
0
0
0
0.006341903286
0.00E+00
0
0.01202723039
0
0.01481532914
0
0.01742673844
0.01873573382
0.01077416194
0
0.03117417434
0
0.02678234948
0
0
0
0.03809864463
0
0.006404668803
0
0
0
0
0.001336829396
0
0
0.003501061879
0.02163592565
0.00830595193
0
0
0
0
0
0.03916326337
0.01579901475
0.01218936808
0.01526445398
0
0
0
0
0
0.03385435683
0.01048071431
0
0.01931374433
0.01386536065
0
0
0.01860108946
0.01114835922
0.01133461718
0
0.02582740408
0
0.01264277237
0
0
0.02445487924
0
0
0.0279689449
0.02798991204
0
0
0.004091117327
0
0
0.0006652232914
0
0.01666654246
0.00E+00
0
0.03331661452
0
0.006583576094
0
0
0.03538939943
0.03681848099
0.04332494687
0
0
0.03077494448
0.02222735727
0
0
0.02556120128
0.008485358349
0.04045692497
0.01766842808
0.04205351582
0
0.009551649282
0
0
0.006014925031
0
0
0
0.001594528591
0
0.03484730996
0
0
0
0
0.01326404264
0
0
0.02724927567
0.0395841526
0
0
0.02538157336
0.01749354774
0.02889758361
0
0
0.00734617376
0.04038467338
0.001645003852
0.02133226
0.007988475031
0.01456863874
0
0.0168743185
0.01109988717
0.01342540393
0
0
0.0008706033115
0
0.006720511179
0
0.03471148123
0
0
0.02988438351
0.02681442206
0
0.0006196395166
0.02437896407
0.01059650255
0.00E+00
0
0
0
0.00808187919
0
0
0
0
0
0
0.0003605589897
0
0.005972611879
0
0.03881249982
0
0.02124132135
0.0212525611
0.02350341099
0.02441255563
0.003468622582
0
0
0.01414701541
0
0
0.02685739263
2.32E-02
0.01746273796
0.01222159694
0
0.02797413137
0
0
0.03126856747
0
0.03109718544
0.01727206312
0
0
0.02729388193
0.0004065400364
0.04268458973
0.00770370731
0
0
0
0
0.01888962981
0.01289837293
0
0.03726327372
0.01743944846
0
0.01300530435
0.01201388248
0
0.03635043901
0
0.00970598094
0
0.01231434995
0.03559792451
0.02459780838
0
0.006772658779
0
0
0.01043667736
0.05019276839
0.01621172404
0.000680750722
0
0.01879382616
0
0
0
0.008713751152
0.04082077636
0.02390663901
0.05872699284
0
0
0
0.002370315793
0
0
0
0
0.01432573688
0.01714869218
0
0.006353213098
0
0.007784157632
0.01043636098
0
0
0.00168949425
0.05020978028
0
0.0354620239
0.05220323418
0
0
0
0.01750686886
0.003437801584
0.01703579509
0
0.03942392116
0.03709654825
0
0.03892553711
0
0
0
0
0.009302449102
0
0.01593508751
0
0.03357376838
0
0.001753917493
0.03145197334
0
0.003564283533
0.001412741342
0
0.02992097433
0
0.04212186905
0.02464138755
0.002986249208
0.01453669452
0.0006569751498
0.01606813236
0.02078974618
0.01168068302
0
0
0
0
0
0.02229561946
5.29E-03
0.0006552417308
0
0.0195446651
0.01895735776
0
0
0.05919549809
0.03604869768
0
0.02594600269
0
0.01367875971
0.008912958519
0
0
0
0
0.02691422767
0
0
0
0
0
0
0
0.01065059955
0.02751449419
0
0
0.02879866263
0.001158893785
0
0
0.02152444699
0.002169647322
0.04539012462
0.01389476395
0
0
0
0
0
0.0319213193
0.05158200782
0
0.02462976049
0.009815779204
0.03441050021
0
0
0
0.01048235234
0
0
0.005294907695
0.04317092273
0.002916164044
0
0
0.006639482364
0
0.02133842052
0
0.001428063481
0.03546466408
0
0.02892558166
0.01364031231
0
0.03379425173
0
0.02867347657
0.0195340526
0.01172612372
0
0.02073027169
0.01073827937
0
0.01659295118
0.007922753893
0.006649208464
0.009772397857
0
0
0.03632206879
0.01694074812
0
0.06103357852
0.004163230951
0.002181186567
0
0.01714209361
0.00E+00
0
0
0.01271149259
0
0
0.02267539655
0.01970818611
0
0.00E+00
0
0.01801825254
0
0
0.004510563979
0.03958868397
0.01736151229
0
0.02609370711
0.00441590477
0
0
0
0
0.01660868822
0
0
0
0.000990442471
0
0.009939759953
0
0.0175651236
0.00E+00
0.02671324234
0
0
0.04155842163
0.0129847271
0.00E+00
0.003339119481
0
0.01742458374
0.003095631637
0
0.02946728957
0
0.02978293109
0.02985902057
0.01998079803
0
0
0.0156092903
0
0.02317408974
0
0
0.03126743732
0.01541863439
0
0
0.0164876118
0
0
0
0.01399304938
0.03281424504
0
0
0.00616154269
0.05367331245
0
0.0006684112937
0
0
0
0
0
0
0.003620936187
0
0
0
0.04922826029
0.03688037534
0.05924739848
0
0
0.01447310819
0.001071729351
0.002632894897
0.03430533636
0.01896225879
0
0
0
0.02343597259
0
0.007680844342
0
0
0.02002612196
0.02941136722
0
0.04387161416
0
0
0.004695594183
0
0
0.02438957886
0
0
0.004270989897
0
0
0.01045200561
0
0.01690079008
0
0.04763357216
0.02601569486
0
0.003175887002
0
0
0.0006966345819
0.009431988541
0.06401314158
0
0
0.02021929113
0
0
0
0.07121542592
0
0.00432475461
0
0.00549943434
0
0
0.00566343685
0.004106657668
0.032122185
0
0.02362276739
0.007955291182
0.02415269396
0.05830072464
0.01712716911
0
0
0.001898839254
0
0
0
0
0
0
0
0
0
0
0.000220625021
0
0
0.005454335046
0.02085719643
0
0
0
0
0.03718469349
0
0.031178581
0.01595643356
0.03107671969
0
0.00E+00
0
0
0.04234974271
0
0.0002392566373
0
0.04185035031
0
0
0
0
0
0.02790799114
0
0
0.006660306402
0.01984550005
0.04245644742
0
0.01906841139
0.005351795567
0
0
0.02749614965
0.01007582924
0.06262797782
0.02751357241
0
0
0.01094663796
0
0
0.05869500099
0.008014349955
0
0.02007688799
0
0
0
0.02387723706
0
0
0.01298183449
0.04533380254
0.01440585695
0.006396622662
0
0.003865451157
0
0.002365672647
0.03282311436
0.01220123255
0
0.0258775993
0
0
0.04219027766
0.01487693456
0.01474980714
0
0.01235917035
0
0
0.03247825239
0.04165026379
0
0
0
0
0.00507793132
0.02106292822
0.02506157287
0
0
0.05106405272
0.0357157063
0
0
0
0.0006569747237
0
0
0
0.03247203849
0
0
0
0
0.0001790965743
0.01997692607
0
0
0.01684381552
0
0
0
0.002376989752
4.04E-02
0.0007658361581
0.004312008214
0
0
0
0.02353801299
0.02521115387
0.01377440838
0.01758456012
0
0.03114745714
0.006490628074
0
0.01439377457
0.0380550004
0
0
0.04118363193
0.01936217666
0.00625585414
0.04558725087
0.01931026685
0
0
0
0.004942050629
0
0
0
0.02964561592
0.01410039956
0
0.02857240301
0
0
0
0
0.01232511527
0.02735962281
0.01034931399
0.003743671442
0.00E+00
0.0335752598
0
0.009120150684
0.03220943975
0.04521012593
0.004367037254
0
0
0.0008767399389
0
0.003408771987
0.03568042509
0
0.00324328013
0
0
0
0.0533736603
0.003512640034
0
0
0
0.01074095406
0
0.002978407041
0.001407040544
0
0.02712285111
0.01698841736
0.03510348063
0
0
0.004184970381
0
0.01242150526
0
0
0
0.02309799197
0.01415065209
0
0
0
0
0.03284139971
0
3.58E-02
0.0122675512
0
0.04743962591
0.02659111886
0
0
0.01622561679
0.009956780574
0.008841619574
0
0.04256915486
0
0
0.00975846606
0.01436833094
0
0
0.01617665485
0
0
0
0.03447603117
0.03438994191
0
0.02353365731
0
0
0.001739294489
1.82E-02
0.0333155259
0
0
0
0
0.01182368219
0
0.01182126414
0.04794739234
0.01131060711
0
0.02138487842
0.004382706389
0
0.01304081855
0
0.0284573764
0.0006896940813
0
0
0.02968582393
0
0.01244531283
0
0.01304799303
0.01381587206
0
0.04479083606
0.02198050256
0.006710753629
0
0.00312341708
0.01693746343
0.006090179295
0.03918011595
0.002853937988
0
0.00594347828
0.003200020061
0.02508233673
0.004591839884
0.01963929769
0.008076527664
0.005270200941
0.00313823895
0.01882581197
0.02145615005
0.03592254992
0.01460488923
0
0
0
0
0
0.01686544604
0.04829209821
0.01105961968
0
0.01632364508
0.02871525455
0
0.03576055015
0.02673899449
0.03001168386
0
0.02066586023
0
0.01887054438
0
0
0
0
0.01679345066
0
0
0
0.06465728576
0
0
0
0.00248280998
0
0.03146804687
0.07596278121
0
0
0
0.008524944651
0
0.04590455644
0.006784547214
0
0
0
0
0
0.0283955905
0.03456567301
0.00E+00
0.01777324861
0
0
0.02706640225
0.021180142
0
0
0.002941175218
0.006495814636
0
0
0
0.003864397085
0
0
0
0.004273677459
0
0
0
0
0.007793544733
0
0.03929062036
0
0.006972611524
0
0.004364149228
0
0
0
0.0351155417
0.03944895976
0.01785383908
0
0
0.04635127323
0.003056052832
0
0
0.006853166922
0
0
0.006728546287
0.03978581399
0
0.00979236462
0.0006574114158
0.004689857277
0
0.01962567526
0
0.04060498296
0.0494049365
0.001274515022
0
0
0
0.05224098635
0
0.00896172688
0.04364953365
0.02475887983
0
0
0.02741444983
0.05000551943
0.02802486931
0
0
0.03788526601
0
0
0
0
0.04595558806
0
0.01059561779
0
0.002492370674
0
0.02057734772
0
0
0
0.02553474003
0
0.03046841064
0.0345128293
0.0005730077876
0.003727496671
0
0
0
0
0.02909919632
0
0.007394347725
0
0
0
0
0
0
0.003985427756
0.01595893663
0.02951471711
0
0
0
0.0207715486
0
0
0.03167689317
0
0
0.03519947303
0
0.02066007971
0.0166414762
0.004749507544
0
0.0237854124
0
0.05403713195
0
0.003049567826
0.02594605844
0
0
0
0
0
0.03729698783
0
0
0
0.01343164373
0
0
0.02014345253
0.02616066643
0.007069092064
0
0
0.03446052691
0.04375725721
0
0
0
0.01800956895
0
0
0
0
0
0
0
0
0.01805928734
0
0.00822952454
0
0
0
0.06964016088
0
0.007740441522
0.01414316511
0
0.02497109066
0
0
0.002152660883
0
0
0.0001326373722
0.01228800781
0
0
0
0.004778979667
0
0
0.009807991477
0
0
0
0.03995018118
0.03699677993
0.05267332418
0.02344923632
0
0
0
0
0.06085050543
0.006768395493
0
0.01452115636
0
0.04988691371
0
0.03458592948
0.06101683226
0.02629308689
0
0
0
0
0
0
0.0294092869
0.01045262103
0
0.0313907776
0
0
0
0.04933949392
0.01896552835
0
0.02785710064
0
0
0.02435149198
0
0
0
0
0
0
0.001278407617
0
0
0
0.05230880076
0
0.01766761995
0
0.02285380523
0
0.03896142444
0
0
0.001844716805
0
0
0
0
0.02244707141
2.47E-02
0.04263857254
0.02973312978
0.03160192496
0
0
0.02626166956
0
0.01923979217
0
0.009076038574
0.001503003108
0.01964214998
0
0
0
0
0
0.01357199015
0.02274489838
0.00444269919
0
0
0.00E+00
0.0340341351
0
0
0.007684490375
0
0.01715192153
0
0
0.013054708
0
0.01351337912
0
0.02924756165
0
0.0217854938
0.004908707715
0
0
0.001451283204
0.01767061608
0.02769581849
0
0
0
0
0
0
0.01139542416
0
0
0
0.0509444666
0.02654407087
0.02290868567
0.01939461882
0.01116354025
0
0.001593664045
0.00295037329
0.03704189633
0.008307742663
0
0.05635632758
0.01666087698
0
0
0
0
0.01969835142
0
0
0.0047034863
0.007161270321
0.02016660925
0.004934657556
0
0.009573962278
0
0
3.86E-02
0.04385598567
0.009278286732
0.006770345137
0.009948316181
0
0.04305803841
0.03492234932
0
0.002060677819
0.02233758586
0
0.01482517778
0
3.31E-02
0.02463277505
0.01919730981
0
0.01533736382
0
0.0216813219
0
0
0
0.01186948973
0.03658655465
0
0.00411685339
0
0
0
0.004491663327
0
0
0.008711793594
0.01812092455
0.01765329583
0
0.01007812735
0
0.03270236915
0
0
0
0
0.01160767867
0
0
0.0224748544
0
0
0.00498461649
0
0.009092893738
0.01401490552
0.03672009496
0
0.02169720371
0
0.001302974075
0.01233108234
0
0
0.02282787133
0
0
0.007550887529
0.03109072584
0.007365039117
0.00900757713
0.03717001141
0
0
0
0
0
0.001012116055
0
0.04186126649
0.02425289845
0
0.02992030739
0
0.01934274807
0.03361525167
0.0140460403
0.03624487143
0.01952133925
0.019777793
0
0.004910903221
0.004376127463
0
0
0.01456891171
0.03931959142
0
0
0
0
0.01546878241
0.01667048189
0
0
0.04246811457
0.001194950295
0
0.01145562908
0.07314068758
0.01452078611
0
0.01404379644
0.003623573054
0
0
0
0.02830407295
0.03693752057
0.03900773676
0.02089387596
0
0
0
0.0368269421
0.02136247667
0
0
0.04754350833
0.004087002151
0
0
0.03146874418
0.01056504909
0.007673012507
0
0.01467990518
0.04253302941
0.01859698451
0
0
0
0.04152874375
0.001779688267
0
1.89E-02
0.01486913435
0
0.001587525928
0
0.003351942702
0
2.87E-03
0.0111878326
0.03443421543
0
0
0.002706713453
0
0
0
0
0.0363235028
0.01837434827
0
0
0.0231985691
0
0
0
0
0
0.02882578755
0.01840143088
0.01467668269
0
0
0.01281272541
0.004102512836
0
0.02631055028
0.03347345516
0.007693110458
0.02739331212
0.009279649746
0.01456190938
0.02922190205
0
0
0.03595477633
0
0.02048623032
0
0.01935098828
0.003733625865
0
0
0.0008229006554
0
0.00E+00
0
0.04084717218
0
0
0.01322355821
0.006372235714
0
0.02118601279
0.02204290135
0
0
0
0.00100398778
0
0.008001326717
0
0.01892999944
0
0.002828727559
0.05074037989
0.04661270418
2.59E-02
0.02249679826
0
0.03447774841
0.01949386091
0
0.01056392816
0.01612330979
0
0
0
0.01966340788
0.03917111873
0.02153274217
0.002079782738
0
0.003198500987
0
0
0.0112004983
0
0.03290011561
0
0
0.02130636874
0
0
0.05841838184
0.01577422547
0.01054397319
0
0
0
0.05543192057
0
0
0
0
0
0
0
0.01818066427
0.004780713442
0
0
0
0
0
0.007191204788
0.00E+00
0
0.03262552508
1.41E-02
0
0
0
0.03631906421
0
0
0.04503574607
0.007573890205
0
0.00E+00
0.03747066611
0
0
0
0
0.02711673954
0
0.01274275659
0
0.02964909285
0.06044960486
0.01023595024
0.01204716725
0.01851992689
0
0.02606093696
0
0
0
3.19E-05
0
0
0
0.02254856686
0.02891128836
0
0
0
0
0
0.01042251084
0.007519293154
0.02533807452
0
0
0.04945137392
0.06578333866
0.06309324388
0
0
0.01021415769
0
0
0
0
0.002605861723
0
0
0.0007497957772
0.03264909024
0.006117900657
0
0
0.01165738848
0
0
0.01035412639
0
0.04735982132
0
0
0
0
0
0.03182410769
0.006943558409
0
0
0
0
0.04500041059
0.01376356146
0.009680800851
0.01315830996
0
0
0
0
0
0.01245903982
0.03304629488
0
0
0
0.02093759906
0
0.001527409473
0.007477004728
0.01847999323
0.01738366161
0.01003712597
0
0.03017051123
0.04240525398
0
0.003565600993
0.02354719434
0
0.002046634785
0
0.03467822988
0.001862013606
0
0
0.0100492954
0
0
0.006129992307
0.02415985445
0.02088584063
0.02322712902
0.02521791512
0.002900269792
0
0
0.01497979782
0.03174140433
0
0.00E+00
0.01569294913
0
0.01599625765
0
0.05390516469
0.02314695577
0.008656880098
0
0
0.004980472403
0
0.04426448273
0
0
0
0
0
0
0.01596843725
0.003069612832
0
0
0
0
0
0
0.005972577451
0.007323119549
0
0.00803220876
0
0
0
0
0
0
0.01065410625
0
0.001011565283
0
0.03547896675
0
0.03296594634
0
0.05795158473
0
0.01128454971
0.00E+00
0.005928962049
0
0.03112230047
0
0.006412169472
0.03455773913
0
0.02366843482
0.00668999715
0
0.02379491027
2.67E-05
0.00875619089
0.02652915864
0
0.01083891633
0.0330729526
0.05001460115
0.02234647134
0
0.001840163951
0.02804088965
0
0.007796382891
0.06464263595
0.01924483294
0.03335854396
0.04321490488
0
0
0.02539707408
0.02168892363
0
0.00186515989
0
0.036093206
0.04492352869
0
0
0.01542811169
0.004073069379
0
0
0
0.004087971579
0
0
0
0.03480343749
0
0
0.006301863759
0.02011239699
0.03327186339
0
0.01419755951
0
0.004818360017
0.01208203054
0
0
0
0
0.04225874144
0.01864679685
0.03893272893
0
0
0.01244783769
0.03726611876
0.02275368501
0.05404718641
0
0
0.01484192803
0
0.02490176403
0
0
0
0.04006446327
0
0.03735399434
0.02937934967
0.009213452621
0.001962751576
0
0
0
0.002629757417
0
0.008816273869
0
0.007459412463
0.01422805054
0
0.0158888933
0.03842786344
0.04623242188
0
0
0.02611332099
0
0.005141243187
0.007477771114
0
0
0
0.03532560666
0.006454444292
0
0.009012372746
0
0.03734811064
0
0
0.01978036078
0
0
0
0
0
0.005797389509
0
0
0.01965930848
0.02161523104
0
0
0.01034782196
0
0
0
0.01182456929
0
0
0
0.03717734047
0
0
0.003854275512
0.004901460981
0.01209213501
0.0386897815
0.03068631244
0.02601952716
0.03281536096
0
0.0305943862
0.02427053363
0
0.001292519485
0
0
0
0.02395534446
0
0
0
0
0
0
0.03143413391
0
0
0
0.002914876155
0.008588953584
0.003272214411
0.006680233232
0.003600723589
0.01577725009
0.01272799514
0.0225961359
5.36E-02
0
0.008149681003
0.03347304436
0.00E+00
0
0.002246430228
0.02418415521
0.03885590387
0.04834177402
0.01844083841
0
0.04193571804
0.0139521538
0
0
0.02034460981
0
0
0.01916557258
0
0.05204384944
0
0
0.007674328536
0.03649711935
0
0
0
0
0
0
0
0
0
2.05E-05
0
0
0
0
0.01310953121
0.03674760898
0.002851130822
0.004431275888
0
0
0.03234845474
0.02280100094
0.0122506178
0
0
0
0.02409452691
0.00266635845
0.04751740714
0.03505074586
0
0
0.05085717424
0
0
0
0
0.008415632044
0.03023707235
0.002958733877
0.005731369541
0
0.01344084204
0.01820718928
0
0.007462844085
0.002147863365
0.007753932847
9.44E-03
0
0.006586439488
0
0
0.01859785811
0
0
0.0006552491905
0.04296647535
0
0.01417328886
0
0.02453899092
0
0
0
0
0.01440595821
0
0.03887075593
0
0
0.02194071457
0.004709458486
0
0.04126741457
0.004147050788
0.04392643518
0.02536773854
0
0
0
0.02216859626
0.006215467727
0.01437916224
0.02435730247
0.002810015492
0.01660660697
0
0
0
0.01074427768
0.01366739289
0.0005208447859
0
0.02616978763
0.03411949685
0.01463655813
0.0268397911
0.04217500339
0.01572562484
0
0.01458844074
0.01000647508
0.02319736223
0
0.01096646753
0
0
0
0.01309052181
0
0.01174472224
0
0
0
0.02066538085
0.031652957
0
0.006633505054
0
0
0.002891774567
0.01099714878
0
0
0
0.004449526075
0
0
0.0401347463
0.01513284978
0.02535391328
0.0196758798
0.02302134993
0.001462310807
0.004575083825
0.01650850067
0
0.04281049073
0.0006491014882
0
0
0
0.05425045457
0
0.01736225115
0.0129269415
0
0.01118171675
0
0.002245677336
0.008727293047
0
9.18E-04
0
0.009643370339
0
0.02432487178
0.01790079363
0
0
0
0
0.01821265172
0.04714285682
0.02689370812
0
0
0
0.00176699422
0.03735025026
0.01303122355
0
0
0
0
0
0
0
0
0
0
0
0
0
0.009485873808
0
0
0.01910864326
0
0.02095461867
0
0
0
0.007002152291
0
0.0461229122
0
0.03419796575
0
0
0.005613595523
0
0
0.04463192342
0.03291685033
0
0.02411435401
0.01044426222
0
0.00635818386
0
0
0.07445287803
0
0
0.02723749264
0.04400599405
0.004796772264
0
0.01343612769
0
0
0
0.01521791037
0.03781182685
0.02639933484
0.02791707453
0.005076599342
0
0
0.02316322953
0
0.002426950073
0.02838652008
0.01299433135
0.04748225328
0.01747268747
0
0
0.01679176404
0.0006059716855
0
0
0.02846080388
0.003514522519
0.0006047418376
0
0
0.01684601493
0
0.001789670293
0
0
0.02408195477
0.03037613723
0
0
0.06194574392
1.36E-03
0
0.02804196466
0.004620947531
0
0
0
0.01236942562
0
0.0091330896
0
0
0
0
0.01552862737
0
0
0
0
0
0
0
0.03706391749
0
0.0282275365
0
0.02018166077
0.00299586397
0.04519074558
0.01429600874
0
3.09E-02
0.02862222084
0.04017375209
0
0.03801268513
0.02559840453
0.0001146186559
0.006081729939
0
0
0
0
0.03365264592
0.006701125337
0.02445201658
0.008340942681
0.01028836093
0
0.002653660352
0.0161502757
0.009630184737
0.005572820847
0.07245688693
0
0
0.02802485658
0
0.03475337862
0
0.006794370184
0
0.03809145411
0
0.002088180625
0
0.01441190421
0
0.003723263284
0
1.02E-02
0
0.04691802944
0
0
0.01352875084
0.05063947407
0.006112936506
0
0.02688981418
0
0.00E+00
0.02916814202
0.02557436068
0
0
0
0.03257722135
0
0
0
0.001653082521
0
0
0
0.0103750967
0.02683212814
0.0006983195613
0
0.01379426362
0
0
0.01795045402
0.001211141063
0.02317459832
0
0
0.01614720186
0
0.0006020703198
0.006671640279
0
0
0
0.01513770491
0
0
0
0
0.03672713906
0.001162873436
0.02076358388
0.01170723734
0.02385639215
0.01959486739
0
0.008316298237
0.00E+00
0.05101556004
0.008776890642
0
0.01440849281
0.04499993115
0.01452110474
0.01336757532
0.01023591245
0.001086588435
0.009082750536
0.002085845604
0
0
0
0
0.03927097282
0
0.05969891713
0.009863970063
0.03617753543
0
0.02666632095
0.01158246542
0
0.02246438706
0.05341138868
0
0
0
0
0.02028474141
0
0
0
0.0346143601
0
0.02245263177
0
0.03517771857
0
0.00E+00
0
0
0
0.03140805232
0
0
0.01278282057
0.03566474586
0
0
0
0
0
0.03918382941
0.02815394678
0
0
0
0.01005965191
0
0.009053395107
0.04192823675
0
0
0
0
0
0.02584219287
0.02165386505
0
0
0
0
0.01288657067
0.01000042974
0.0323711041
0
0
0
0.02330497884
0
0.003730557703
0
0
0
0.01930284562
0
0
0
0
0.03927651241
0
0
0.03502576102
0.01645009042
0
0
0
0.01015378234
0
0.01276554195
0
0
0.007409638381
0.03357054131
0
0.02812308245
0
0.03403051474
0
0
0
0.01076272121
0
0.02959636328
0.009289179229
0.007737614862
0.009023280918
0
0.01589136718
0.01036902773
0
0.0005002267334
0.02803499908
0.0184002602
0
0.02280754047
0.01416194661
0
0.02712572974
0.01370883695
0
0.003428400111
0.05672252909
0
0.03169080275
0.03045834013
0.006880548094
0.03138011503
0.04772307057
0
0
0.03491561554
0.00653862666
0
0
0
0.05546111349
0.03076512787
0
0
0
0.03542936582
0
0
0
0
0
0
0.01207057441
0.02584090441
0
0
0
0.007491931529
0.04140426062
0
0.004872297748
0
0.001115330262
0
0
0
0.01868591643
0.03241032454
0
0.007098642039
0.02036298412
0
0.01108813149
0
0
0
0.008731019086
0.01497922492
0.001931759557
0
0.008464034532
0.02290380578
0.01579574252
0.02107848424
0
0.03162315191
0.003667548087
0
0.01456273147
0.03539454245
0.004737184849
0
0.01004112708
0.01562805491
0.03649814765
0
0
0.01735552721
0.04945133237
0
0
0
0.01487017268
0
0.001173902947
0.02248025643
0.001959839457
0.001884378137
0
0.02211119423
0
0.0265036656
0.009883339542
0.03554723964
0.0248782587
0
0.005717723471
0.009366245101
0
0.0409384289
0
0
0
0.003352027569
0.04280439975
0
0.00E+00
0
0.009971610541
0
0
0
0
0
0.01331541042
0
0
0.01000953149
0
0.01760768504
0.00472963841
0
0.01977225831
0.02027384339
0
0.007589559197
0.04775165154
0.04110368103
0
0
0.01259222744
0.0370655075
0.00966761041
0
0.001468507336
0.00497252982
0
0
0
1.41E-02
0.03068977894
0
0
0
0.01550451226
0.01585623764
0.00197090763
0
0
0
0.04686701967
0
0
0.02577233275
0.006663166917
0.005733033065
0.05059558875
0
0
0.03794681705
0
0.04415871114
0.008492145017
0
0
0
0.01156318696
0.0006338491551
0.02338745584
0.04969090635
0
0
0
0
0.009718480118
0
0
0
0
0.02819149238
0.007505063779
0.008250603491
0.05330607245
0.0446355807
0.006469892996
0
0.006128552933
0
0.03900433142
0
0
0
0
0.008769299363
0
0
0
0
0.01815328771
0.009290466612
0
0.01558862545
0
0.02912255272
0
0
0
0
0
0.00E+00
0
0.01552123124
0
0
0.04562744642
0
0.005788442905
0
0.02901357922
0.01258559104
0
0.0137007769
0.01017552553
0.03095111421
0
0.02029404205
0
0
0.06119480852
0.0203791723
0.04743855225
0.04299492981
0
0.0002457125762
0
0
0.002177688063
0
0
0
0.0199459871
0
0.009449300656
0.01490667679
0.00E+00
0
0.01998789649
0.005200244324
0
0.008055408941
0.01803153886
0.00833120952
0
0
0
0
0
0.03118074186
0.01755350284
0
0.05589354034
0.01901094854
0
0
0.02133933596
0.006731933555
0
0
0
0.00763544289
0
0
0.01131849966
0
0.01993447586
0.004210804567
0
0.009111973933
0.020241274
0
0
0
0
0
0.03891210127
0.01688082141
0
0
0
0
0.007036151276
0.04828832324
0.01334292902
0
0.03880595646
0.02474646744
0
0.03088229047
0
0
0.02484998544
0.004590815996
0
0.001804490667
0.05810481301
0.01689034059
0
0
0.0008849773723
0.007763760143
0
0
0
0.02766442426
0.01506707546
0.002819553268
0.005361973274
0
0
0
0
0
0.01825953271
0.01693207915
0.01178546814
0
0.03864015897
0.02538940446
0
0.02335854544
0.02947548436
0
0.01040448068
0
0
0
0.01281729473
0.05248878022
0
0.01256968777
0
0.02052610695
0
0.001394400006
0.02083213271
0.03666042152
0.007986843665
0
0.02385956841
0
0
0.01712204208
0
0
0
0
0.0169120501
0.0212909133
0
0.0485820167
0
0.02367082063
0.01266753117
0
0
0
0.02215078726
0.01338407842
0.006182514645
0.01804959897
0
0.02532542456
0
0
0
0.00588647
0
0
0
0.008475765633
0.03462286685
0.038140446
0
0.02924226015
0
0.003109280423
0.02226507767
0.02836609562
0
0.005972500431
0.02677219874
0
0
0
0
0
0.008495384567
0
0.007169892376
0.005934757023
0.00744470525
0.05117936278
0.01205349395
0.0035638861
0
0.001075503592
0.006793937057
0.007767616786
0
0.01788032951
0
0.02017180153
0.02381572486
0
0.00E+00
0.0156711619
0.008336966767
0.03501845026
0.001246490619
0
0.02915939457
0.04778383868
0
0
0.02927943782
0.02573922662
0
0
0.02008930352
0.00E+00
0
0
0
0.0261001543
0
0
0.002816171718
0
0.05239067314
0
0.01113434526
0
0.0376531179
0.02419772015
0
0
0.03172581551
0
0.01011584631
0
0
0.01441866934
0.01859189714
0.02326988015
0.009273708355
0
0
0
0.0323302199
0
0
0.008450500145
0.02004877529
0.02602019035
0.004903790635
0.01719915471
0
0.006370679037
0
0
0.02308449932
0
0.03526802979
0.0009809891921
0
0
0.0382968822
0.02050380775
0.00412481122
0.02963653149
0
0.02066337646
0.01477257411
0
0.002908002132
0.00E+00
0.0228769566
0.03660781242
0.01570383939
0.006570573685
0
0.01686281965
0
0.04033851336
0.02256225077
0
5.50E-02
0.01405345059
0
0.01369999426
0.006228013734
0
0
0.002463378198
0
0
0.01061671824
0.009998757643
0.01569425457
0
0.007211598935
0
0
0
0.005317969882
0.02441836794
0.01880360513
0.01096145139
0
0.02791796019
0.009279498018
0
0
0.01553871797
0
0.0002595873894
0.02075858816
0.03461090843
0.002775516716
0
0
0.01872221303
0
0
3.84E-03
0.02673164426
0
0
0.00760079539
0
0.03292578655
0.006814638869
0
0
0
0.02323931724
0
4.36E-02
0
0.02079589294
0.002670515421
0.008883506514
0
0
0.001486289139
0
0.01066896693
0
0
0.02881610218
0
0
0.00642446864
0
0
0.01471701637
0.0179928104
0.0250445851
0.06372102462
0.01152045263
0.02162429127
0.02028626048
0.02781037848
0.02044975593
0
0.0509330278
0.01039569449
0
0.03245709983
0
0.05456933556
0
0
0.005154864522
0
0
0.01081607834
0.009934597024
0
0.03285459813
0
0.0007452957088
0
0
0.01944048852
0
0
0.02033826152
0
0
0
0
0.02396010939
0
0
0.01426763812
0.007568669527
0
0
0
0.008979906788
0
0.004316878465
0.04108722496
0.03056060494
0
0
0.02940079248
0
0
0.0171657344
0
0.03499619552
0.02550446117
0
0.004676140204
0.008988178319
0.0205487672
0
0
0.00952355198
0.02769095382
0
0
0.03343741444
0
0
0
0
0.01380885808
0.006906379491
0
0
0.03631901903
0.006103574962
0
0
0.009634683147
0
0.01411626015
0
0.01793136626
3.45E-02
0.0241569302
0.03574001064
0.008567833664
0
0
0
0.0476604323
0
0
0.03473236231
0.01001010726
0.00170577452
0
0
0.009661315126
0
0
0.03309657081
0.03024364345
0
0.01815317683
0
0.003191295923
0.02190271695
0
0
0
0.01317808339
0.01384737341
0
0
0
0.00E+00
0.05198214703
0.01085133252
0.01395029835
0
0
0
0
0.006341738143
0
0
0.03637960264
0
0
0
0
0
0
0
0
0.005015410219
0
0.04909185125
0.01313173959
0
0.006953709412
0.02092372642
0.0271554897
0.008260900265
0.008525016133
0.002750158722
0
0.04009190254
2.03E-02
0.03190573279
0.0006049893851
0.00616205004
0.008694376017
0.002689835388
0.006267663289
0.04087033471
0
0
0.001297260863
0
0.003925341813
0
0.01238806895
0
0.007469726332
0.04338733727
0.01917446163
0
0.03952647156
0.01175761626
0.005812006479
0
0.04063823953
0
0.01365297341
0
0
0
0.03608662822
0.02657355959
0
0
0
0
0
0
0.02625410386
0.02901487486
0
0.001913753943
0
0.01807161596
0
0.007995665271
0.01898034741
0.04091960261
0
0.004748094924
0.009071713113
0.008014423885
0.02140124432
0
0.0104741665
0.01674403026
0
0.02521520681
0
0.007751793653
0.03493763904
0
0.02052499302
0.03005044108
0
0.02394325824
0
0.02588228285
0.03621576372
0.04240002989
0
0.03423160726
0.001036509753
0
0
0.04107406876
0.02118399156
0.01379736464
0
0
0.02781300534
0.009310344572
0
0.04415470616
0
0
0
0
0
0
0
0.01001821024
0.01948535402
0
0.02448571854
0
0
0.00E+00
0
0.007433554655
0
0.004206570851
0
0.01344640329
0.02313739002
0
0.02782803719
0
0
0
0
0
0
0.006942057428
0.006008690765
0.01313858732
0.02910666784
0
0.004127324076
0
0.02661012386
0
0.04500099134
0
0
0.011669869
0.002028452342
0.009539166189
0
0.02311848162
0
0.02698498271
0
0.01373708955
0
0
0
0
0.01017302347
0.03184868329
0.00E+00
0
0.01844748945
0.01719495315
0
0
0.02119488882
0.03572250628
0
0
0.0203852116
0.009973999417
0.02203396666
0
0.03122230661
0.02223300541
0
0.05037675312
0
0.008128103911
0.04724261296
0
0.03870546454
0
0
0.01553724246
0
0.01565139092
0.01762115482
0.03245063408
0
0.03758234346
0.007383067593
0.01161448626
0
0.009097273645
0.04474917671
0.02976778064
0
0.01128080883
0.00213317175
0
0
0.0335264003
0.01614878542
0
0.0003553397409
0
0
0
0
0
0.01262744206
0
0.00129393576
0.02832584525
0
0
0.003282628632
0.01771210071
0
0
0.003235154208
0
0.03426168051
0
0.01876486109
0
0.01440519287
0
0
0
0.008083115437
0.00769580595
0.004715758191
0
0.03328079812
0
0
0
0.00161671642
0
0.02485503379
0
0
0.0293582477
0.01232988
0.0105332241
0.06058334918
0
0.01878761687
0
0.005276381099
0
0
0.01793529548
0
0
0.02329411083
0
0
0
0.01818667077
0.04630905264
0
0
0
0.008361545375
0.008533142052
0
0
0.01380877682
0
0
0.007357679277
0
0
0
0.008481101759
0.01684801804
5.15E-05
0.02030727536
0
0.02005980988
0.05307589983
0.0298686914
0
0
0
0
0.01519992228
0.03686684718
0.02408639765
0.03060958817
0
0.01410781894
0.02856782366
0
0
0.0363906053
0.02369857609
0
0
0.02494690902
0
0.01672229813
2.08E-02
0
0.0007583710427
0
0
0.01110458879
0
0
0
0
0.01418877737
0
0.0611762484
0
0
0
0
0.01430133131
0
0.01833344641
0
0
0.04272623163
0.008865020532
0.04123690748
0.01177128267
0.007943866452
0.01335150039
0
0.03079123503
0.0071087008
0
0
0.02940015411
0
0
0.01785327368
0.01240086843
0
0.007593312219
0
0
0.009124135386
0.006494512524
0
0.03274008622
0.05518832494
0
0
0
0
0
0.0143735469
0.02138093456
0
0
0.04733485765
0.03324465421
0
0
0
0
0
0
0
0.04057754979
0
0
0
0
0.02738027201
0.004368261276
0
0
0.009112461819
0
0
0
0.008477102379
0.0217885252
5.03E-03
0
0
0
0.001340155527
0.005614289553
0.001634882428
0
0.03089086678
0
0.02646359293
0.002604014917
0
0.00E+00
0.02824175295
0
0
0.01313482146
0
0.02811290124
0.05495306505
0.01249476119
0
0
0
0
0
0
0
0.01201649521
0.02517901731
0
0.0203331202
0
0.008801233849
0.01789482171
0
0.01696978119
0.03395161771
0.01937537758
0
0
0.0381992711
0
0.01106908473
0.03717410106
0.05919352447
0.02323111834
0
0
0
0
0.0138465751
0.01948573301
0
0.02717518663
0.01357795816
0
0
0.03570910177
0.02471181548
0
0.01887394016
0
0.03044539148
0.02899078175
0.006601222158
0.00166056257
0
0
0
0
0.01481345263
0.03980937845
0
0.01474651519
0.01677986474
0.06024511568
0.009304088463
0.04633162167
0
0.02342003809
0
0.02485802241
0
0.02403393694
0
0
0
0
0
0
0
0
0.06706070396
0
0
0.006792071315
0.02017635929
0
0
0.06591870341
0.02594786684
0
0
0.04195061595
0
0.0323518111
0
0.0336389021
0.004175213975
0
0.01155852693
0
0.04096285375
0.02388686284
0
0.01558347664
0
0
0
0
0
0.01994786548
0
0
0
0
0
0
0
0
0
0.0225096998
0
0
0
0.008537739844
0.006895136823
0
0.03385564348
0.01133080636
0.01055682998
0
0.02768997745
0
0
0
0.0007765865142
0.02273013936
0.03886257958
0
0
0
0.01335060494
0
0.007232515395
0
0
0
0
0.02480597451
0.04624070161
0
0.03830077932
0
0
0.008551441135
0
0
0
0
0.006158397096
0.008188665245
0.05762329909
0
0
0.01354811651
0
0.01489232987
0.003715238304
0.005240891667
0.02541632937
0.03331518144
0
0
0
0.00960732463
0.02839410818
0
0
0
0.01107658757
0.03319363934
0.002605898385
0.002762384788
0
0
0.02511452668
9.92E-05
0.03400067576
0.01929568634
0
0.008138276005
0
0
0.01454088703
0.04029248617
0
0
0
0
0.002106304134
0.04220846447
0
0.01245166174
0.04600288538
0.02000226069
0.00828591664
0
0
0
0.04877133237
0
0
0.02795971632
0
0
0
0
0
0.04898391747
0.01082134686
0
0
0
0.003219250915
0
0
0.001682335152
0.02895063169
0
0
0.003311610568
0.02597885913
0
0
0
0
0.06768127587
0
0
0
0.03733995741
0.01114020152
0
0
0.0397661048
0.002362665274
0
0
0.02066027526
0.0415194912
0
0.007784514015
0
0
0
0
0
0
0
0
0.03010613171
0.008334691548
0
0.007209424787
0
0
0
0.01884091549
0
0.001572227066
0
0
0.001228901283
0
0
0
0
0
0
0
0.05089399685
0
0.01560505012
0
0.02508947484
0
0.004813203462
0.03056944139
0.02536574656
0
0.001692655774
0
0
0.03110231547
0.005445540712
0.03572972598
0
0
0.03464163419
0
0.02105541924
0.008789673236
0.0134229102
0.04031325023
0.03483591445
0.0198061199
0.04899824611
0.03084007538
0.006371065421
0
0
0.003636684685
0.07671568284
0
0
0
0
0
0.05024915641
0.02871087713
0
1.50E-02
0
0.009640367532
0.03085372058
0
0
0.02283858048
0
0
0
0
0.02204765302
0
0
0.004588843374
0.01925681758
0
0
0.02643076537
0.06366676541
0
0
0
0
0
0
6.12E-05
0.02431949884
0.02005345539
0.003394858138
0.008419589669
0
0
0.0044610481
0
0
0
0
0.01917736775
0
0.01847440965
0.0004566348378
0
0.009212549546
0.001503678063
0
0
3.37E-02
0.02268833214
0.02397363587
0.04524239735
0.01116054636
0.01740548446
0
0.05345795352
0.002267692537
0
0.02645981072
0.02175366248
0.03734956611
0.02222660241
0.02460759708
0.04154704871
0
0.01309248784
0
0
0
0.0006308788034
0.04617540557
0
0.02332340251
0
0.01120900337
0
0.02367588744
0.03102765024
0
0.01380235989
0.04582360301
0
0.01998034025
0.02655913246
0
0.001958672705
0
0
0
0.03450321984
0
0
0
0.0008204069382
0
0.004004758018
0
0.01211136152
0
0.01688982841
0.01423104665
0
0
0.0267143729
0
0
0.02447771427
0
0
0.01448044305
0.03235593025
0
0
0
0.03770468699
0
0.0108198148
0.01016964306
0
0
0
0.00E+00
0
0.0344684869
0
0
0
0
0
0.0580458105
0
0
0
0
0.02753303181
0
0.02105316696
0
0
0
0.02381891998
0.01812529402
0
0.0405148757
0.02788039605
0.01891924543
0
0
0
0.007010650681
0
0
0.009345965165
0
1.22E-05
0.008133003458
0
0
0
0
0.0269130502
0
0.01533122077
0
0.004520394598
0.006674539537
0.002090675591
0.03603272253
0
0
2.83E-05
0.01641339795
0
0.0249554713
0.02312456921
0
0
0.03312460633
0.01285739826
0.001337067226
0.02515309803
0
0
0.03723229823
0.009514654571
0
0.03375959573
0.02751335742
0
0
0.00112606053
0
0.02974495916
0
0
0
0
0.01942238412
0.04388061311
0.04552620391
0
0.02250773015
0.007381817334
0.003963076665
0.01512977951
0
0.03604116414
0.004043076214
0
0.01729912
0.006184646309
0.01806111342
0.005310928408
0.01712372606
0
0
0
0
0.02332859083
0.02306811322
0.02616597014
0
0
0
0.01190777233
0
0.0003465230519
0
0.02546770163
0.0469367601
0
0.007365819434
0
0
0
0.02168165559
0.001588414773
0
0
0.007181399801
0.008821034228
0.04694125203
0
0
0.0135268606
0.01598448287
0.01582257567
0
0.01537484092
0.0143831644
0
0
0.01525239958
0
0
0.01774894122
0.00E+00
0.01535218254
0
0.00468003089
0.04772438807
0.0006746217614
0.03538878027
0
0.009528340478
0.03263498037
0
0.03369557284
0.008394366527
0
0.0166595797
0.02058816439
0
0
0.01542707876
0
0.0284384634
9.18E-03
0
0.03459263832
0.02257212394
0
0.04171461112
0.03561553376
0
0.00E+00
0.03128948358
0.01761137843
0
0.02468945864
0
0.005548069084
0.01608629341
0
0
0
0
0.001472764762
0.04654595798
0.01195718955
0
0
0
0.007184800834
0
0
0.01665395547
0
0
0.01242555406
2.83E-02
0.01503902252
0
0
0.01958587801
0
0.01155781861
0
0.01056564114
0
0.01750389294
0
0
0.01702104764
0
0
0
0
0.02749369236
0.01457124455
0
0.03491470092
0
0
0
0
0
0
0
0.05399546911
0.02323749559
0
0
0
0.02203756627
0
0
0.0008294653496
0.04225017509
0.004086284614
0.008231849442
0.02697663477
0.02798071692
0.002968326661
0
0.02394824727
0
0
0.01974126767
0
0.05538059072
0.01038265627
0.03478141813
0.03492467094
0.01972542016
0.01630030081
0.04009968624
0.01925904493
0
0
0.04191628204
0
0
0
0
0
0.02673451697
0.02264791378
0.004431080132
0
0.0191390193
0
0.031795266
0.03759242914
0.05350872789
0.006078677779
0.0004576288677
0
0
0.02158028886
0
0
0.02403907992
0
0
0.01608145912
0
0
0.004113358539
0.007936841381
0
0
0
0.003410903779
4.23E-03
0
0
0.006547106432
0
0
0
0.009179381328
0.00386285583
0.00E+00
0.02907754795
0
0.04124811891
0
0
0
0
0.007053126689
0
0.03703593834
0.00E+00
0
0
0
0.003682208285
0
0
2.73E-02
0
0
0
0
0.00E+00
0.01020808062
0.01366184537
0.02932894144
0
0.01456335035
0
0
0
0
0
0.0312160285
0.04423688651
0
0.02410415858
0.03658355075
0
0.02755887381
0
0.03997322038
0.03173381585
0.0001700967593
0.04017510582
0.000845451728
0.02358535954
0
0.01614129319
0.03480684086
0
0
0.02749166231
0.008735685318
0
0.005579995356
3.23E-02
0
0
0
0
0.002820273016
0.01007255959
0.01700963603
0.02904594572
0
0.01760576555
0
0.002023589552
0.02122248052
0.0200260362
0.02324789687
0
0
0
0.0223221112
0
0
0.002202050049
0.03476760956
0.02448399002
0.02731781528
0.01498089052
0
0
0
0
0
0
0
0
0.02545612298
0
0.005762751921
0
0
0.01446420118
0
0.02118427697
0
0.02191083692
0.02123832841
0.0239333607
0.006725758046
0
0.01388731697
0
0.01421125323
0
0.01102788918
0
0
0
0.02322287347
0.007480988217
0
0
0.0344338623
0
0.01175952285
0
0.01594522298
0
0.006375663626
0
0.03080015222
0
0.0193637225
0
0
0
0
0.01804085066
0.02175232837
0.05221119954
0
0.01272440298
0.01509558204
0.002723170186
0.01463706918
0
0.02237003279
0.02676595237
0.02893770309
0
0
0.03836522424
0.009639638558
0.03219430705
0
0.01659158708
0.01689588418
0
0.003827523174
0.00926020803
0.001812707138
0.02750131505
0
0
0
0
0.01250291815
0.05225507542
0.008411892315
0.006597643742
0.02113586312
0.009746804966
0.0007875474511
0.03459355871
0.003596286078
0
0
0.004657735835
0.01641897115
0
0.01952442669
0
0.01678493237
0.008869633557
0.02648685559
0.00E+00
0.02920114193
0
0
0
0
0
0
0
0
0
0.01232595556
0
0
0
0.01892394447
0.02633466114
0
0.02148970417
0
0.03581049853
0.02399457805
0.01750158126
0
0
0
0.007648537348
0.001463844532
0
0.0379407083
0
0
0
0.0159467031
0.01902316431
0.02864671163
0
0.01731091884
0
0.02861836384
0
0
0.01339955505
0
0.006521769315
0.0547405415
0
0
0.01958047848
0.0002234152838
0.06010157727
0.002604835128
0.00E+00
0
0
0.04583020932
0.04724934556
0.02950873077
0.04519392969
0
0
0
0
0
0
0
0
0.02035459003
0
0
0
0.07966187407
0.03377716645
0.003187756775
0.003047664953
0
0
0.02602897327
0.02064935892
0
0.01980834416
0
0
0
0
0
0.005886860858
0.03609109123
0.008882679293
0
0.01987953187
0
0.005124944303
0
0.001300969472
0.02866699487
0
0
0
0
0.008388875805
0
0
0.04013560548
0
0.006918711098
0
0
0
0
0
0
0.02959779963
0
0.002429041745
1.93E-04
0
0.0821486787
0
0.006913451963
0.003106839642
0
0.06139394917
0.005828618906
0
0
0.02112488092
0
0
0
0.01006117507
0.004774889106
0.005104975077
0
0
0
0.01040542013
0
0.004483516337
0.01395605792
0
0.04057128721
0.01785865329
0.03075084466
0
0.003780024061
0.005788652905
0.02576926024
0.03013652187
0
0.008705552783
0.02990193357
0.00916373673
0.01290205402
0.01978765741
0
0.0194866084
0.0141626911
0.00700374961
0.02096010183
0.001064264171
0.009548257083
0.01542966309
0.028293488
0
0.0132944593
0
0.01537680376
0
0.006699826478
0
0.004926104317
0
0.02621349216
0
0.03028798178
0.00E+00
0.01019728221
0
0
0
0
0.01604740477
0.009915344866
0
0.02778072997
0
0
0.01861406469
0
0
0
0
0.001018168552
0
0
0.03206180172
0.01427259452
0
1.29E-05
0.003365369521
0.008354597065
0
0.02456342266
0.003345286084
0
0.02825888103
0.008893840153
0.007874847826
0
0
0.02536271605
0.01397613581
0
0.01741585868
0
0.03845149972
0.01420692471
1.25E-03
0.02010624111
0.02022029459
2.57E-02
0
0
0.03528650168
0.01073141382
0
0.00936752036
0.01005791123
0.0007155170262
0
0.01328484904
0
0.02821027483
0.02433678576
0
0
0.02818390334
0
0
0
0.003226586589
0.01375355951
0.03260352054
0.03962489222
0.01189340872
0
0.03968714484
0.02870344885
0
0.004957780474
0.01667206954
0.006078244556
0
0
0.01541668408
0.04823403892
0
0
0
0.02888034452
0
0
0
0
0.003405924188
0
0
0
0
0
0.02397964806
0.009145845078
0.03757181365
0.007977855517
0
0
0.0226928421
0
0
0
0
0
0
0
0.003525003064
0
0
0.00483210691
0.01569159557
0.007699222095
0
0.00540164513
0
0.01982202894
0.03416189257
0.03525284233
0
0.006308729703
0
0.04924599952
0
0.003051616997
0.003736567828
0.03853409361
0
0.01084020122
0.03915690856
0
0
0
0
0
0.0283412258
0.0138152224
0
0
0.04809952577
0
0
0
0.003003821617
5.48E-02
0
0
0.006012041268
0.0139461985
0.02866424306
0
0
0.03155390879
0.06952609597
0
0
0.002250902179
0.006897523432
0.03436940941
0
0
0
0.01235659221
0.006062919144
0
0
0
0.008281850819
0.01178304547
0.02221942713
0.02351183311
0
0
0.02017403481
0
0.001048747785
0.008513652624
0.0425103722
0.02334340265
0.04232818921
0.01591688901
0.006429545376
0.02721200744
0.03396432189
0.01272518308
0
0.02353329239
0
0.04164156144
0.01812314078
0.007179453625
0.05652785199
0
0
0
0.01450283254
0
0
0.04073611256
0
0
0
0
0
0
0
0.009604770356
0
0.0308924985
0
0.03488319892
0.05375238652
0.005904974466
0.01911307175
0
0
0.00737660726
0.04505907976
0
0
0
0
0.002630230029
0.03014850259
0.01132008485
0
0.01644829937
0
0.0424496522
0
0
0.04393465793
0
0
0.01845851211
0
0.006211121685
0
0
0
0
0
0.007772834891
0.003158528362
0.01327440985
0
0.0007070295266
0
0
0.03315599417
0
0.001850362795
0
0
0
0
0
0.001528698181
1.18E-02
0
0
0
0.02427116768
0
0
0
0
0.01330892707
0.03777287393
0
0.05221356467
0.008357090073
0.03254390636
0.03054995767
0
0
0
0.02474339782
0.01058434153
0.02231644692
0.02841452261
0
0.03932690184
0.002542903048
0
0
0.0259610903
0
0.003444458279
0.01507426205
0
0.05657268341
0
0
0.02553923504
0.03247250994
0
0.009535335941
0.01313692177
0
0
0.008023962291
0
0
0
0.008758250982
0
0
0.00E+00
0
0.0088045764
0.03948852134
0.04120325764
0.009250842037
0
0
0.01915188607
0.00184488201
0.009343249758
0
0
0
0.002575980947
0.0003681139671
0.03673248757
0.02051821978
0.01241149259
0
0.05341701786
0
0
0.01138155111
0.005570715158
0
0.03021640784
0.02467396678
0
0
0
0.02221535179
0
0.00386118454
0
0
0.01011964229
0
2.68E-03
0.008635463489
0
0.02986136616
0
0
0
0.03682314918
0.0200937516
0
0
0.006637922076
0
0
0.01526248967
0
0.03895315643
0.0197386108
0.0234676624
0.005789714773
0.004878433812
0
0.02342909968
0
0.006686203407
0.04445029951
0.01116083686
0.03149265947
0.01451128863
0.02001507309
0
0
0
0
0
0.01259744353
0.02408082991
0
0.001246372816
0
0
0.01064315738
0
0.0001830645108
0
0
0.00467840941
0
0
0.01278101934
0.01744834469
0.03191422143
0
0.007077142738
0
0.02265573256
0.017291643
0
0
0.01049954387
0.01647324393
0.01751961718
0
0
0
0
0
0
0.009338918699
0.004601339983
0.008406615563
0
0.05601833891
0.02398131326
0.00904232858
0
0
0
0.0126217375
0.004403124132
0.02112628016
0.002529831875
0.02388659022
0.03162016969
0.02703528391
0
0.006595448888
0.006372310075
0.005624178127
0.02945571475
0
0.001437904389
0
0
0
0.01480865493
0
0.01742885247
0.00E+00
0.008145396339
0.04442218167
0.03561564004
0
0.01344723834
0.01394237689
0.00E+00
0.02489401672
0.02283279433
0
0.0141082176
0.03269396507
0
0.00209405641
0
0
0
0.03792321396
0.0004437710447
0.0182093036
0.006158276325
0.02319470248
0
0
0.03183972081
0.009077921171
0.005075839892
0
0.01924891984
0
0.0103641198
0
0.02287689937
0.01562164223
0
0
0
0.06634537619
0.01943076984
0
0
0.02068427625
0.02076559228
0
0
0
0.02124563077
0
0
0
0.01570697026
0
0
0
0
0
0.03109432739
0.01346294888
0
0
0
0.01803566882
0
0.02465769513
0
0
0.0361756425
0.001072034169
0.04516433647
0
0
0.03392481332
0.02570939012
0.02377320242
0.003496553588
0.006201209947
0
0.02559618474
0
0.04570749804
0.006328795217
0.02977315144
0
0.0238737257
0.01380825521
0
0.01363906118
0
0
0.0119473988
0.02488599192
0
0
0.00E+00
0
0
0
0
0.003053486247
0.01414677985
0.001415993584
0.009901314023
0.008816451744
0.004414151826
0.02417743336
0
0
0.04802595875
0.05178862057
0.009624922523
0
0
0
0.002968279596
0.02379921994
0.02659943001
0.001875368535
1.24E-06
0
0.002693480925
0.01650133998
0
0.03493107296
0.02039035224
0
0.06355848688
0
0.04884152704
0.01662425349
0.002733741001
0
0.01463451944
0
0.05164936729
0.03516266162
0.02609541574
0
0.01203642607
0
0.00E+00
0
0.0005649012935
0
0
0.04535471892
0
0.02898560409
0
0.0108356801
0.02716595982
0
0.01495883666
0.04003744997
0.0002014879078
0.00E+00
0.01903507849
0
0
0
0.005216730288
0
0
0.0006284006974
0
0.01783940169
0.006930336
0
0.03020150407
0
0
0
0
0
0.02566019879
0
0
0
0.008764796516
0
0.01049820604
0.01640285668
0
0
0.04630648428
0
0
0
0
0.01636758049
0.00518244366
0.02536495756
0.02459224983
0
0
0.03944024429
0
0.006107811411
0
0
0.0264318658
0.03561298375
0
0
0.00E+00
0.03049986212
0
0
0
0.02683608048
0.006879105875
0
0
0.005015097683
0
0.005412367674
0
0.00353503579
0
0.02766701801
0.0104076927
0.001839652693
0
0.01341309984
0.02100143074
0.03275559172
0.001379402473
0.0008197239525
0.01288320943
0.004196327904
0
0.02272288283
0.02383021454
0
0
0
0.005666143103
0.02214030588
0
0.01758728357
0.006874750899
0.01401659064
0
0
0.02733981807
0
0.02866320333
0.005335861591
0.007669633382
0.0078786782
0.01151380293
0.04860569233
0
0.01541723984
0.01659820073
0.007512297266
0
0
0
0.0003609515182
0.02046830561
0.02490931088
0.01467994101
0.02432161592
0
0
0.01914372114
0.03026388745
0.007882948778
0
0.01822210061
0.006933062707
0
0
0.01753734167
7.21E-06
0.01807862369
0
0
0.005356107154
0
0.007242475381
0.03479068483
0
0.001975447499
2.68E-02
0
0
0
0.005932074503
0.005216431608
0.006560106049
0
0
0.02255218039
0.01826024343
0.02294725105
0.01988007416
0.01898080803
0.01413296272
0.002135778867
0
0.0304592629
0.03890991261
0.001098191182
0.006292352159
0.00E+00
0.01310099311
0
0.00588186389
0
0.0196324512
0.03938939795
0
0.01164245205
0.02495566683
0.008775844879
0
0.002856570998
0
0.001913228571
0.02999159612
0.01800726256
0.01491154824
0
0.0009653562778
0.02527993835
0
0.00E+00
0
0
0.005666329792
0.01960627613
0.00436059933
0.05893541014
0.05721909463
0
0.01054175619
0.03266710943
0.0365330263
0.007300057502
0
0.04498353941
0.02685149977
0
0.01188031319
0
0.04706725513
0
0
0.02097323014
0
0
0.01293971059
0.02136162873
0
0.0154523218
0
0
0
0
0
0
0
0.0131585833
0
0
0
0.01035619186
0.03975233358
0
0
0.005740086491
0.03316854471
0.002246847807
0
0
0.02586185978
0.03485499368
0.01130734249
0.03698319101
0.002686227466
0
0
0.0222127012
0
0
0.0009529027529
0
0.0183831362
0
0.01036591014
0
0
0.004639525741
0
0
0
0
0.001387066591
0.02943161553
0.04414799045
0
0
0
0.02611440643
0
0
0.01577898342
0.0213972422
0.01543369408
0
0
0.02893294205
0
0.00114588902
0
0
0
0.02357782541
0.00E+00
0
0
0
0
0.01737530769
0
0
0
0
0
0.01618848593
0
0.004208127621
0
0
0
0.007698099116
0
0.002964015415
1.93E-02
0.009040116765
0
0
0.05247737013
0
0.04117137838
0
0.03296396137
0
0
0.01280174799
0
0
0.0195046352
0.01051393795
0
0.01761136037
0
0.03648213536
0.004248597291
0
0.03904382347
0.005782342311
0.02925517676
0
8.12E-03
0.03711738177
0.00483560973
0.02164970054
0.04296119464
0.02290665922
0
0.01128608498
0
0.02256010573
0.06106083733
0.008367122365
0.000825404764
0.02057767924
0
0
0.0482629636
0.03017155788
0
0.0163761338
0.005021107779
0.02336580373
0.02560042547
0
0
0
0
0.0001566106854
0
0
0.02136813013
0
0
0.007661423737
0
0
1.53E-02
0.02382968357
0.03942654441
0
0.01611424773
0.01245909743
0
0
0
0.008544152412
0.01171745953
0.02181145863
0
0
0.0125817589
0
0.02290620036
0
0
0
0.01692778144
0
0.03018215365
0
0
0.02522354338
0.002160568974
0
0
0
0
0.01261617928
0
0
0.00477753668
0.00E+00
0.01637681398
0
0
0
0.006655394799
0
0.003260180562
0
0
0
0.02253732039
0
0.02397385131
0
0.01696500652
0
0
0
0.005884412226
0.06703884802
0
0.02504589485
0
0
0.024801018
0
0
0.0329778133
0
0.01228292833
0.05402168201
0.04688413595
0.02992158901
0
0.04272139591
0
0
0
0.05792447674
0
0
0
0.02762462101
0
0.01868024671
0.03469613921
0
0.01765198984
0
0.02443337805
0.05925764968
0
0
0.03679125583
0
0
0
0
0.0001952077735
0
0
0
0.004689891044
0
0
0.02427559981
0.0308184013
0.006617559942
0
0
0
2.15E-02
0.05426744284
0
0
0.01258877487
0
0
0
0
0.02286119422
0
0.0195511113
0
0
0
0.02449037247
0
0.01089728321
0.03027570287
0.02982510295
0
0
0
0
0
0
0
0.006680561221
0.03123518003
0.001503785754
0
0
0
0.03123284605
0
0
0
0.01693589694
0.01991798129
0.03647565957
0
0.04472659086
0.005375380049
0
0.03307124698
0.02038497868
0
0
0.03341478348
0.00E+00
0
0.001852214563
0.03088716278
0.01855568605
0.001114078207
0
0.005735984765
0
0.001499301951
0.04578556141
0.003771140037
0.01430598187
0
0
0
0.01835089943
0
0.02524924377
0
0
0
0.008735448487
0.009038384894
0.006043541275
0.03534179932
0.003324354926
0.03136238552
0.0265103712
0
0.03207617279
0.00555619064
0.01138309824
0.02224752159
0
0
0
0.01529486791
0.0141435134
0.03241294988
0
0
0
0
0.02085951633
0.046638456
0
0.001947978906
0
0.02785167332
0
0.0100906173
0.03870842345
0
0.001881046988
0
0
0.07666476147
0
0
0
0
0.006444035758
0.05235536602
0.03295218169
0.02188482456
0
0.01231839419
0
0
0
0
0.0285002048
0
0.01845506153
0
0.07361774343
0.02642525501
0
0
0.003623038263
0.01595781176
0
0
0
0.04058302561
0
0
0.003967648158
0
0.0234363756
0.02256368745
0.0193280016
0
0
0.0007717941459
0.01230508977
0
0.02983103621
0.005061626964
0
0
0.01133890817
0
0
0.01788729603
0.004407636744
0.0312894059
0
0
0.009702766414
0.02561571459
0
0
0
0.04980502593
0.005100906924
0
0
0.03356417117
0.04713933231
0.001535988563
0
0
0
0
0
0
0
0
0
0
0
0.01893262958
0.007269526517
0
0
0.01169526545
0
0
0
0
0.07069563526
0.04895490323
0
0
0
0.02785293187
0
0
0.032908344
0.01725664734
0
0
0.00E+00
0.005722201819
0.02764252612
0
0.02064025042
0
0.02338462164
0
0.001875448572
0
0
0.005185064467
0.04228516728
0
0.06229092819
0.02199720815
0.05631362852
0.05256081589
8.37E-03
0
0
0.00843562078
0.01197902967
0.01196486488
0.04259973584
0
0.01696873522
0
0
0
0
0
0
0.05400069767
0
0.02560133725
0
0
0
0.01138139297
0.02563554093
0.04057522431
0
0
0.01295367221
0
0.003146244492
0
0.004653258598
0.00976660767
0
0.007376023956
0
0
0.02356488802
0
0.007608269522
0
0
0
0.006094684576
0
0.02631797564
0
0
0
0
0
0.008901635807
0.02708644742
0
0
0.06556720248
0
0.009223997335
0.002138288949
0.01335974343
0.008671968622
0.03224973685
1.21E-02
0.02945055214
0
0
0.02523487379
0
0.01562040163
0
0
0
0.01234379513
0.0120181268
0
0
0.02203643693
0
0.006219607136
0
0.009703373061
0.00344912636
0
0.005720380158
0.01466972211
0.03120596034
0.009463637096
0.008738247004
0
0.0126924675
0.009833142605
0
0.01644471587
0.01043774227
0
0
0.008590167727
0
0
0
0.02536105623
0.06684537504
0
0
0.04300580129
0.02603869474
0
0
0
3.09E-02
0
0
0.004352632243
0
0.002007756589
0
0.007186134972
0
0
0
0.006028305809
0
0
0.04763279846
0
0
0.02081426125
0.02972152845
0.02260659263
0.03361819982
0.009229434437
0
0
0
0.005232634181
0
0.02852846415
0.009609776708
0
0
0.007949038938
0.01210509654
0
0.04714197061
0.03326843936
0.001843595993
0.03884022665
0
0
1.96E-02
0.000853579499
0
0
0.01663597732
0
0.006401103901
0
0
0.03928253004
0.02896511864
0
0
0.001147728169
5.39E-02
0
0
0
0
0
0
0.01409431739
0.01832819213
0.01063257196
0
0
0.0269300247
0.02355768368
0.006040615224
0
0.03176477793
0.01997133638
0
0
0
0.03147811655
0
0.003654414697
0
0.006636116046
0.01720178301
0
0.03738640518
0
0.01013838753
0
0.02323137945
0
0.008209336708
0.04269480585
0.05309908788
0.01346342609
0
0
0
0
0
0
0.005568272843
0
0
0
0
0
0
0.004550965321
0
0
0
0
0.02221808465
2.19E-02
0.03076487191
0.02353332183
0.005787659728
0.01561908233
0
0.02516098178
0
0.0284993898
0.007354262903
0
0
1.35E-02
0
0.009019464805
0
0.02092369973
0
0
0.02913691468
0
0.02719612178
0
0
0
0.0427638226
0
0.0179964937
0
0
0
0.00E+00
0.02018429658
0.02266402742
0.02431042325
0
0.05213785057
0.007955681515
0.00E+00
1.53E-02
0
0.01515310485
0.03332822881
0
0
0
0.05587614143
0.01180540085
0.02886612798
0
0
0.008406970057
0
0.0004459444973
0.03332538104
0.005679573322
0
0
0
0.02091020404
0.02410347445
0.004730365634
0
0.01613727775
0
0.01251528141
0
0
0.006951050902
0
0.04752149008
0.004855680883
0
0
0.0001027812166
0
0.01076519612
0.004581051878
0
0
0.009822273464
0
0.001006675989
0
0.009046789728
0
0.01112014505
0.0091477751
0.03836426922
0
0.006894834069
0.0390457658
0.02746247793
0.017959189
0
3.11E-02
0
0.03930699985
0.02320970903
0.0001847684425
0
0
0.01548959043
0
0
0.01348962591
0.01809777147
0
0
0
0.03713484762
0.001224935191
0.003611805411
0.02613286242
0.008537777529
0.01260499019
0
0.01291332095
0.03264342223
0
0.003879580477
0.02112480483
0.0129993955
0.00358613057
0.006809832925
0
0.01021803005
0.005735364618
0.004760740206
0.01481599732
0.03338894716
0.002589585693
0.01331480778
0.01780016054
0
0
0.01314966197
0.01765670939
0.01411672785
0.00115381109
0.0006510348482
0.01706909126
0
0.008261955738
0
0.01247565739
0
0.01700419525
0.01601328485
0.03368182557
0.006280179659
0
0
0.04356115254
0.02113921375
0
0
0.0379890521
1.85E-02
0
0.002135438031
0
0.03530903779
0