0.008333267975
0.05338632394
0
0.01782843411
0
0.009826676848
0.01759018501
0
0
0.04616997938
0
0
0
0
0.04451971592
0.02348772627
0.01689681535
0.00103980126
0
0.03790067629
0
0.004711117889
0.03334839427
0.01486373096
0
0.00658020283
0
0.02180389072
0
0.03853288674
0
0
0.006540180002
0
0
0.05614406888
0
0
0.0004740889599
0
0.0402098975
0
0
0
0
0
0
0
0
0
0.06782984842
0.02531929241
0
0
0
0
0
0.03053061788
0
0
0
0
0
0
0.002190810081
0
0.03334016406
0
0.01302683798
0.02790672255
0
0
0
0.01991903222
0
0
0
0
0.04293647667
0
0
0.07455918509
0
0
0.02264934601
0
0.01309069917
0.001267334443
0.06705919164
0
0.0333560246
0.0006430193924
0
0
0
0.02418733628
0
0
0
0
0.04495655105
0
0.01570474124
0.03554310684
0
0
0
0
0.004874119448
0.02422586118
0.001884830654
0.03659371769
0.01010294762
0.003205768893
0
0.01331078385
0.01081965837
0.05017728729
0
0
0
0.01246340111
0
0
0.01620725009
0
0
0
0.05636575609
0
0
0.0407381626
0.03676854156
0
0.02913228555
0
0.00722700284
0
0.03139933287
0
0.006060227909
0.03915186755
0.00841773191
0
0
0
0
0.03969989085
0
0
0
0
0
0
0
7.78E-05
0.0473641908
0
0.006101426846
0.0202119088
0.02345465154
0.008849173533
0.009572570153
0.04545696289
0.02999903011
0
0.00E+00
0
0
0
0
0.01960690304
0.01887477599
0
0.01769354837
0
0
0.01683730406
0
0
0
0
0
0
0
0
0.04654946709
0
0.0245786068
0.02037081247
0
0.00E+00
0.02502203895
0
0
0
0
0.02609776979
0.01825019718
0
0
0
0.02724041235
0.01148273191
0.04146679353
0.004966372717
0
0.01254071027
0
0
0.008376371916
0
0.0309757767
0.02488636533
0
0.008696091068
0.01303586213
0
0.03126943571
0
0.0003868048811
0
0.02952792406
0.002627656704
0
0.02638527944
0.03364712876
0.00963497312
0.0009080373494
0
0.01252043867
0
0.03278026316
0.00887488841
0.03556740347
0
0.03450770471
0
0
0.02005822173
0
0.01751685642
0.01699505191
0.03063485828
0
0.03560412064
0.0308357548
0.004828039673
0
0
0
0
0.05649928319
0
0.001469387872
0.01401369428
0
0
0
0.01959392614
0.003025984737
0.04279600689
0
0.03045843697
0.01203265919
0
0.01127545542
0.006374847051
0
0
0.00228917471
0.01523194109
0
0.0183393354
0.03177031789
0.0009286808281
0.03099385562
0
0.0005941151728
0.009211639663
0.03213997281
0
0
0
0
0.001184647532
0
0.0004712430424
0
0.005348188524
0
0
0
0.003613184427
0
0
0.01317372181
0.005400716319
0
0.03299125358
0
0
0.0447292664
0.01460476589
0
0
0.03028229651
0.03263584446
0.01722418876
0
0.03167767571
0
0.004661213084
0
0.01305305087
0
0.00453864649
0.06937340971
0
0
0
0
0
0
0.01776236579
0
0
0
0.01286757614
0.04614558624
0.01984797746
0.0151465234
0
2.45E-02
0
0
0.01134584285
0.01117477475
0.005596916536
0.0567729624
0
0
0.009052555991
0
0
0
0
0
0
0
0
0
0
0.03494348565
0.01622783265
0
0.006954296973
0
0.02167240715
0
0.01056392947
0
0.05132799891
0
0.002061884182
0.04342483433
0.006038502387
0.004942223266
0
0
0.02253953742
0.00E+00
0.01362674979
0
0
0
0.001695243994
0
0
0.004090527
0.00E+00
0
0.02096368437
0
0.009637260831
0.04605010089
0.06056074438
0
0.01792740379
0.01760290625
0
0
0.01170220518
0.0428063691
0
0
0
0.03969202965
0
0.00E+00
0
0
2.48E-02
0
0.04805240869
0
0
0
0.007339722142
0
0.02771642329
0
0.02096036188
0.008700631043
0
0.02655719318
0.01640962503
0
0.01042735571
0
0
0
0.04151960779
0.004773694842
0.01578338275
0.00867611949
0.02264381291
0.008224293146
0
0.01862566826
0
0
0
0.01169265727
0.0434728176
0
0
0
0
0.01142494502
0
0.02347470514
0.0003869803557
0.03239953785
0
0.005069121243
0.02270435369
0
0
0
0
0
0.01346746719
0
0
0.02295279195
0
0.01411297134
0.03747509074
0.01146368807
0.005763731153
0.02472419208
0.05184959616
0.005103094015
0.02369045618
0
0
0
0
0.02669437148
0.008630053221
0.02497931986
0
0.01203416261
0
0
0.006351363724
0
0.01030887724
0.02739716201
0.03800543032
0
0.02592352189
0
0.01351507194
0.03785653268
0
0.006297809482
0
0.03850604062
0
0.001829206278
0
0.03386755524
0
0
0
0.007577452745
0
0.007809287857
0.01920857308
0
0.02231376808
0.001894567511
0.003784617393
0.0151328769
0
0.02283877891
0.01157330637
0
0
0.002650648975
0.01397600844
0.04124351408
0
0
0.00252787282
0
0.01752877036
0
0.03029073808
0.003042541602
0
0.01675055277
0
0.01446379809
0.03118005669
0.001661335185
0.004752286505
0
0.03792422734
0.0003614079747
0.030369597
0.01864059116
0
0
0.02058496465
0.003965846826
0
0.01954430289
0
0.007408093746
0.02648430487
0
0.02990185644
0.01850251607
0.01802689798
0.02982771218
0.006706376722
0.006016154895
0.00E+00
0.04250468108
0.02686408183
0
0.01615243903
0
0.006452723305
0
0
0.02405185792
0
0.01167753038
0
0.03279286781
0
0.008271851762
0
0.04444105249
0.001077556496
0
0.02360255745
0
0
0.003771228874
0.04036005562
0.04206537759
0.01626191064
2.51E-02
0
0
0.001344594475
0
0
0.003267915933
0
0
0
0.02094285484
0
0
0
0
0
0
0.02158339244
0.009961640739
0
0.006001771477
0.002742672835
0.01763295456
0
0
0
0.003918841491
0
0.04600181738
2.46E-02
0
0.04380344377
0
0.00E+00
0
0
0.00873865131
0.0001803039909
0
0.01980616727
0.03301195539
0
0.009413820755
0.009413883674
0
0.007550558483
0.004252326416
0.01383640621
0.01973465859
0
0
0.03394562314
0
0.03316001847
0.04736531423
0.008323727233
0.002761359855
0.006115326934
0
0
0
0
0
0
0
0.00157373449
0.02178919873
0
0.02860348451
0.02132004236
0
0.04889217502
0.01943257531
0
0.03466920337
0.00212964405
0.02264254307
0.02337385192
0
0.04073473409
0.02189534204
0.00E+00
0.003702578159
0
0
0.006245760547
0.01093048504
0
0.02170758029
0
0.0006525787904
0
0
0
0.001260324921
0
0
0.03813301344
0.02087661793
0
0
0
0
0
0
0
0
0.02954448259
0.00E+00
0.01134329065
0
0.006476142113
0.03331760366
0
0
0.02494433555
0.03114117952
0.007380522713
0
0.0215482627
0.01233513686
0.04544519052
0.009993304839
0
0
0.03480914189
0
0.0182568943
0.000473807189
0
0
0.03400311317
0
0.03052061395
0.004462896602
0.0116059422
0.01522533469
0
0.008762554217
0.01482074692
0
0.02112607477
0.003087074605
0
0
0.01689844288
0.02429369876
0.001953427946
0.005667408382
0.0297687188
0
0
0.007585026707
0.02462602404
0.017466881
0
0.03075654862
0.02825620068
0.00E+00
0
0
0
0.019418405
0
0
0.01794629859
0.02306510151
0
0
0.01341456716
0
0.007856353738
0.007755619371
0
0
0.008038295024
0
0.02184287855
0.0280127984
0.007315948677
0.02404715341
0.02069248487
0.0004181518099
0
0.02821848947
0.02817587986
0.006192368141
0
0.01672592471
0
0.003864675272
0
0.01081306055
0.03763339671
0
0
0.02007667566
0.004328959337
0.001789941415
0
0.01359489424
0
0.02395782721
0.02884885881
0
0
0
0.04054476858
0.01839268394
0
0.01906854154
0
0.03636582052
0
0
0
0.04038728501
0
0
0
0.02694720385
0.009822116734
0
0
0.0001552163281
0
0
0.01777200587
0.008245694962
0
0.005471707369
0.001649599964
0
0.0265030191
0
0.01039340433
0
0.01696853783
0.03468768743
0.01865903006
0
0.02045133518
0
0.007822609553
0
0.02249268205
0.03201638642
0.03739808919
0.01088964469
0.0227800003
0.01918258267
0
0.005479397428
0.007760235152
0.001859646209
0
0
0.01804759285
0.01185472782
0
0
0
0
0
0.00992413798
0
0.0002414449763
0.02270684848
0
0.004697139751
0.001833811035
0.03585893678
0.005898736158
0.0182121241
0
0
0.01749077598
0
0.004749117118
0.02720854167
0.001617156455
0.02942064761
0.01249724789
0
0
0.02103319236
0
0
0.01423803201
0
0.002676295017
0
0.04573996609
0.01309440089
0
0
0.01347959697
0
0.009136642238
0
0.005650007143
0.02751932662
0.01661325691
0
0
0.03632892853
0.02295286791
0.03098531283
0.04698195274
0
0.0196274238
0
0.008329113731
0.01929523699
0
0.00473665941
0.05403011384
0
0.02611209477
0
1.52E-05
0
1.05E-02
0
0.05219229206
0
0.01351362144
0.01622730081
0.05012257122
0.04651792319
0
0.00402587533
0.02295334691
0
0
0
0
0.04053654916
0.0112067401
0.02120075909
0
0
0.0282345232
0.01956602563
0.008925906723
0.05653305653
0
0.003896776997
0.04463685443
0
0.003164105063
0
0.007821994798
0
0
0
0
0
0.02226001988
0
0
0
0
0.01732393278
0.00E+00
0
0.02509576734
0
0.03028554648
0.01117242883
0
0.02792487232
0
0.01392016942
0.02699981076
0.0005388257053
0.01621942282
0
0
0.001211241695
0.0333229309
0
0
0
0
0
0
0.003635392925
0
0
0
0
0.02617161813
0
0.02460648913
0.009603961689
0
0
0.01137003312
0
0
0
0
0
0.02878372039
0
0
0.01693407764
0.01157243718
0
0
0.03588079727
0
0.01655763144
0.009610111795
0.03616147483
0
0.0119365557
0
0.04225215746
0
0.004325303627
0.03304704608
0
0.01480952415
0
0
0.03152117776
0.04421342638
0.01732646168
0
0.02055575278
0
0
0.02244880819
0
0.03120048743
0
0
0
0
0
0.03387809381
0
0.0146449821
0.03046284283
0.0005885306966
0
0.01286664595
0
0
0.02628251444
0
0.009374848166
0.009237066334
0.02454541419
0.02085834987
0.004746804801
0
0.01194676215
0
0
0
0.01384786023
0
0.03032753085
0.05933122466
0
0.04850547203
0.02557961456
0
0.004905450914
0.03013155989
0
0.01828116262
0.03475035694
0
0.0210461465
0.02233386948
0
0.03228565171
0
0
0
0.0357313002
0
0.02437133287
0
0
0
0
0.01784486976
0
0
0.01228870244
0
0.01288618862
0.01896751963
0
0
0
0
0.004404191915
0.0292513726
0
0
0
0.009183313283
0
0
0
0
0.0265468469
0
0
0
0
0.03526515953
0
0.02184787343
0
0.02857693474
0
0.01312537195
0
0.01852957215
0
0.00E+00
0.002016375909
0.002350467871
0
0.04771631122
0
0.02403056456
0.006834705201
0
0
0.03326718203
0.006065213847
0.03097791591
0.04949515715
0
0
0.01441264294
0
0
0.001485556794
0.02879048264
0
0.008864806914
0
0.009558426493
0
0.01717255875
0.04009755697
0
0.01211334127
0.002143342154
0
0
0
0
0.003635311321
0
0
0
0
0
0
0.0007925974451
0
0.05481500672
0
0
0.006346532381
0
0.03482913872
0
0
0.0565089727
0.0121055758
0.004986310542
0.002456487362
0
0
0.02353723441
0
0
0.04902703017
0
0.005876872163
0
0
0.02112007091
0
0.004239245501
0
0.00227500888
0.03182934765
0
0.03198560251
0
0
0
0
0
0.003360903509
0.03505863797
0.03018019399
0.02383876059
0.02569887262
0.0007914442797
0.02444663465
0.01576854595
0
0.04292013906
0.03810321249
0
0.01029274108
0
0.01164990124
0.02247611468
0
0.02306096295
0
0.01747376088
0.009397118505
0
0
0.02489860501
0
0.04238609613
0.009649007631
0
0.02785134146
0
0
0.03544180211
0
0.0003736379536
0.0755528472
0
0
0
0.03229231989
0
0
0
0
0
0
0.04156763569
0.000913345335
0.00433320917
0.01789163258
0
0.01992683124
0
0.00E+00
0
0.02871690739
0
0.01165381881
0
0
0.02623560715
0
0
0
0.000276912108
0
0.03391060686
0
0
0.015929381
0
0.04847176392
0
0
0.02983123377
0.01327901372
0.002136183781
0
0.02731574883
0
0.02512380304
0
0
0.05013118359
0
0.0139766508
0
0
0.008898658305
0
0.03579287633
0
0
0.02290998556
0
0.01396584895
0
0
0
0
0
0
0.004802376926
0.009905014447
0.05871672198
0.006689771418
0
0.03501654868
0.007190104677
0
0.04847339387
0
0
0
0
0.004105718847
0.03353401151
0
0.03241983954
0
0.0193095403
0.016687571
0
0
0.001452390639
0.0007670218871
0.02920248812
0.007471378573
0
0.03054107247
0
0.03264350649
0.00247366118
0
0
0.03106214825
0
0
0.01281442621
0.04143353754
0
0
0
0
0
0
0.03755921679
0
0.02639428257
0.0009520157369
0.02764197253
0.02621854997
0
0
0.007274806842
0.03062244867
0
0.01622834113
0
0
0.04865286686
0
0.004205690626
0.003694276504
0.01205390097
0.002046808776
0.01545696416
0
0
0.05127042397
0.009785835219
0.002109128155
0.01522135655
0
0.006053429498
0
0
0.006920516987
0.02328807551
0
0
0.01809046254
0
0.02921380788
0
0.04343924913
0.005276912422
0.00E+00
0.0160792851
0
0.02537269379
0
0.02722471726
0.04086955816
0
0.02123902286
0
0
0.002554436463
0
0
0
0
0
0.03893455919
0.01215258607
0
1.69E-02
0.002099632452
0
0.009528854009
0
0.02889984157
0
0
0.001257666336
0.02889613025
0
0.03560592946
0
2.49E-02
0
0.03762769627
0
0
0
0.03289275153
0.0003020546921
0
0.03331559796
0
0.02823164354
0.01421968741
0.00860241651
0.01403930293
0
0
0
0
0.01140962837
0
0.007078292357
0
0
0.03278807185
0.02114472947
0.00E+00
0
0.004168857796
0.00E+00
0
0.01553983605
0
0
0
0.01132006201
0
0.004749188355
0
0.02273625062
0.02790751362
0.02108650135
0.006415286858
0
0.0111830736
0
0.02101576328
0
0
1.50E-02
0
0
0
0.008310093282
0.008211218374
0.01720870926
0.02071612338
0
0.02178498532
0.01825110562
0.003707603628
0.01980699759
0.001916627449
0.01189424127
0
0.02294688477
0.003361192511
0
0.03017315159
0
0.01772747111
0
0
0.04161062689
0
0.02569839699
0.01898440474
0.01229282039
0.03986419426
0
0.00E+00
0.009959892463
0.02182076041
0.01658405054
0
0.0507087081
0
0.02918951899
0.03593086573
0
0.01792301306
0
0.005129822338
0
0
0
0.0049324205
0
0
0
0
0
0
0.02856240051
0
0
0.02235293126
0.00957010496
0.05412916942
0.004778952528
0
0
0.01129906732
0.02895459266
0.03443078102
0.0008121269161
0.004457046337
0.007625248618
0
0
0.03775799367
0
0.04836111152
0
0
0
0.005846974263
0.01779451054
0
0.05170678517
0
0
0.03619903532
0
0
0
0.002832924256
0
0.01652378802
0
0
0.02771032075
0
0
0
0
0.0247109639
0.003786241724
0.02255004702
0
0
0.02247505871
0
0.009022345124
0.03422376599
0.04562104537
0
0
0
0.001853202271
0.04531346362
0
0
0
0.02463626293
0
0.009345327571
0.04049365308
0
0.04224221818
0
0
0
0
0
0.01474823323
0.003140364557
0
0
0.003535377037
0
0
0.03124726163
0.004323986591
0
0
0.04941192936
0.002839909751
0.01777326639
0.004969327537
0.03659549436
0.01818634034
0
0.03524904865
0
0
0
0
0.01489041486
0
0
0
0.004027174146
0.00E+00
0
0.01503366469
0
0
0.01120125661
0.02864384962
3.76E-02
0.01669096876
0
0
0
0
0.02309164078
0.008982514213
0
0
0
0.01230202963
0.01019519552
0
0
0.01786570238
0
0.003583242093
0
0
0
0.02982705619
0.01174548402
0.003509779013
0
0.02185989534
0.01088259025
0.0107997548
0.006298525868
0.02319348113
0
0
0.01456480842
0
0
0.02721222116
0
0.02763595765
0.003139429932
0
0
0.02062566278
0.009958390922
0.0521840516
0
0
0.04814621638
0.01558862793
0.01704918943
0.00927751011
0.01411839846
0
0
0.02151316285
0.007847071338
0.01118453206
0.0259146318
0.02814899205
0.03804861504
0
0
0.02819733482
0
0
0.0009835986351
0.01968756193
0.009887832892
0.04661468718
0.02610089482
0
0.0317748469
0.02102002355
0
0
0
0
0
0.01625764099
0.01499491612
2.02E-02
0
0.009519514192
0.008829079961
0.0138055655
0
0.005674442805
0.01206259034
0.00E+00
0
0.02965919941
0
0
0.03833632918
0.04518219693
0.02149857259
0
0
0
0
0.02755676616
0
0.02273706381
0
0.002582951618
0
0
0
0.03894273492
0
0.01223960469
0.03901771466
0.006676714
0
0
0
0.002256793596
0.008124481224
0
0
0.001763662525
0.02144424748
0
0.005185839232
2.80E-02
0
0
0
0
0.02857438719
0
0
0.05659435468
0.00645616895
0.05028852278
0.00895374362
0
0.01549947461
0.04044373761
0.0002463417244
0.01666682046
0.01204472128
0.01506881542
0.0199228735
0.02386954094
0
0.02314700847
0
0.004725148891
0
0.02123799828
0
0.02656640005
0
0
0
0
0.02560202822
0.02423193052
0
0.0161721504
0
0.02021012483
0.006137784653
0
0
0
0
0.008953065866
0.01732496637
0
0
0
0
0
0
0
0
0.02734564413
0.003199861291
0.007161048009
0
0
0.04461327856
0.002372617645
0.02963496005
0
0.04314835781
0.002406344922
0
0
0.0190849813
0
0
0
0.006328753262
0.007966250188
0.01445502569
0.02762399473
0.05988511065
0
0
0
0.005800509679
0
0.01893770893
0
0.05141818161
0.004747148233
0.02505829901
0.002981404948
0
0
0.01396648279
0.02053209879
0.03866300115
0
0
0.04591664818
0
0.01266696613
0
0.0207661434
0.00208895679
0
0.01249275192
0.01810146251
0.02438143654
0.04845206239
0.01270793378
0
0.0004313569298
0
0
0
0.009921399431
0
0
0
0
0
0
0.001104852312
0
0.004570530635
0
0.01292351594
0
0
0.01046232617
0
0.013585484
0
0
0.02793219322
0.05791623068
0
0.01138056947
0.005936642353
0.03446548645
0.01092029632
0
0
0
0
0.04121214353
0.02982347444
0
0.01053516368
0
0.03962970743
0.01138465841
0.01810566821
0.01042461927
0.02154120071
0
0.01661673371
0.02587194785
0.00E+00
0.008723173495
0.0195280455
0.01234914638
0.003756546935
0
0.01392357395
0
0
0
0
0.008745677117
0
0.02426249317
0.04524359146
0
0
0
0.05536772406
0
1.31E-02
0.003404020174
0
0.04677003619
0
0.00534321189
0.01342665076
0.007111293806
0.02973651492
0.008229120374
0
0.01544984524
0
0
0
0.02479443883
0
0
0
0.01153564491
0
0
0.001496314735
0.02425697057
0
0.02179705518
0.006175408569
0.03491413835
0
0.04376923903
0.02748180759
0
0.04413697376
0
0
0.01019745314
0
0
0.03599437006
0
0
0.01894721473
0
0
0
0
0
0.02436766983
0
0.01355649667
0.03733030282
0.02393738736
0
0
0.01016808781
0.03981628435
0
0.0115068862
0.02057654212
0
0
0
0.001007476848
0.03478158613
0
0.02705415897
0
0.01487197209
0
0.005563259737
0
0
0.002366751154
0.008634620519
0.01549109226
0
0.008498873432
0.03918030653
0
0.02230888461
0
0
0
0
0.004906475046
0
0
0.00430302055
0.02741630114
0
0.0206618212
0.008960141761
0
0
0
0.01647193782
0
0
0.0003671122
0
0
0.001217094829
0.008906226544
0.01578213068
0
0.03869808057
0.04536420862
0.003200420666
0.02030468017
0
0
0
0
0
0.0023325154
0.04146472345
0
0
0.02971605288
0
0.001217043791
0
0
0
0
0.01397502495
0.01502699683
0
0
0
0
0
0.04128949346
0
0
0.02163591135
0
0
0.006558386729
0.03030331488
0
0.01638149601
0
0
0.03505189598
0.00E+00
0
0.03663513153
0
0.0544059742
0.02057282233
0.01455196805
0
0.03545032645
0
0.04169140425
0.001589842832
0
0.005975505374
0
0.03535241092
0
0.00704416809
0.0311467896
0
0
0
0
0
0.0343059112
0.006060469625
0
0
0.04765146207
0.03564411598
0
0.04028502759
0
0.005811939631
0
0.02326716923
0.01537879515
0.02269789644
0.02448938287
0.02534948793
0
0.009293769947
0
0
0.01064663915
0.0004766999743
0
0.01699636671
0.03294830199
0.0526056642
0.01906932478
0
0.001793776137
0.01230178135
0
0.007847339758
0
0
0.004012414608
0
0.03167309
0.03159597171
0.03999773488
0.03013510412
0
0
0.00793255846
0
0.0148853523
0.006882893512
0
0.03432744692
0.007232975166
0.01110119403
0
0.01639471776
0.02373299518
0
0.03873583832
0
0
0.00892821062
0.008273869074
0
0
0.007648957028
0
0.01112358551
0
0
0.0001591174545
0.006838679072
0.005488680335
0
0.00E+00
0
0.009744881493
0.02673825497
0.03241037804
0
0
0
0.002420972348
0
0
0
0
0
0.005552241982
0.008023200836
0.05593314136
0
0
0.01799064125
0
0
0
0.001064579736
0.05081128269
0
0.02542479904
0.02153471192
0.001561053247
0
0.02275958711
0
0
0.004125641807
0
0
0
0.04625490024
0.04300016415
0.003788516675
0.02130767304
0.001718150642
0
0
1.24E-02
0.008140825679
0
0
0.02156113096
0.02177733525
0
0.04328893849
0
0.009690025791
0
0
0.03256736168
0.01619173691
0.01096462951
0.0005295867191
0
0
0.008694712392
0.008983273201
0.007107896532
0.03367301504
0
0
0
0
0.007483710316
0.006931348791
0
0.01931401501
0.01642583793
0
0.02262709804
0
0
0.008162974842
0.004009232176
0
0
0
0
0.02565172353
0.02499579283
0
0.01035464542
0.01641566522
0.009669589781
0
0.02210827884
0.01395327096
0
0.03665966905
0.003798396824
0.02569824806
0.03116218309
0
0.009726271627
0.03128642243
0
0
0
0.03246542802
0
0.034410755
0
0
0.01282441693
0.03206523732
0.02881125929
0.000386919127
0.02227243362
0
0.003555174562
0.0138812467
0.00E+00
0
0.02528398586
0.0212267114
0
0.03172428569
0
0
0.0009757637641
0
0.02811259052
0
0
0.01720129754
0.02432534677
0
0.03863795815
0.02345434518
0
0
0
0
0
0.01795665631
0
0.03979276301
0.00449555939
0.001552232375
0.03794203954
0.0003067507028
0.02241998777
0
0
0.009082242913
0.01836747564
0.03048148805
0
0
0.02741483338
0.03927639169
0
0
0
0.02384336935
0
0.01465710453
0
0.02112687071
0.00E+00
0
0
0
1.93E-02
0.01803349858
0.01838022157
0.02813324627
0.02257099304
0.003013922328
0
0.01714109272
0.02199911547
0.03591353429
0
0
0
0
0
0
0
0.004994220518
0
0.01835425419
0
0
0.01220856024
0.00E+00
0.001504662043
0.03639055652
0.02187114444
0.01347905641
0.007647176784
0.008564048203
0.004252524577
0.003761749075
0
0.009945380982
0.01065542983
0
0
0.01440426605
0
0.01752841137
0
0
0.0004406911394
0.02182723986
0
0.01116670661
0
0
0.009312103104
0
0.04878877912
0.01457844682
0.005720807442
0.0003699512751
0
0.01719635838
0
1.69E-02
0.01719970246
0.02534821878
0.0174699488
0.0140055512
0.02406877653
0.0186916544
0
0.02175686601
0.005284009659
0
0
0.02470085405
0
0
0.04319438762
0.01691824001
0
0
0.03633674161
3.62E-02
0
0
0
0.007380091116
8.82E-03
0
0
0
0
0.03414260289
0.005355434001
0.008628478936
0
0.02716516677
0.003811544153
0
0
0.02043889414
0.02858496025
0
0
0
0.008280771942
0
0.05111912314
0.02729278603
0
0
0.03124514782
0.007476076312
0.002843002231
0.006167819202
0
0
0
0.008068584114
0
0.002728347421
0
0.000492918227
0
0.02976800911
0.02565555761
0
0.005643342995
0.001607573054
0
0.00E+00
0.02953845918
0.003517999073
0.01673319425
0.007685535662
0.0425536636
0.02009700876
0
0.008287097765
0
0.03047525699
0
0
0.02481177771
0
0
0.02704532211
0.01072345969
0
0
0
0
0.03251702358
0
0.005170485742
0.02885730483
0.0007640168815
0
0.0003664450702
0.01368271539
0
0.005635691265
0.02702654318
0.02322219347
0.02567870643
0
0.00E+00
0
0.006941691679
0.02207854635
0.04919439804
0
0.0007188633817
0
0.003005588469
0
0
0.02235058427
0.02144132679
0.02941608261
0
0.04013726988
0.03721985839
0.01689332722
0
0
0.02087942738
0
0
0.005003600114
0
0.02856225629
0.03567295438
0
0
0.0130263659
0
0.04019071648
0
0.00447632447
0.03005139468
0
0.01046154115
0.02557033597
0
0.04284139809
0
0.01657345141
0
0.03306297179
0
0.02241869506
0.02285271776
0.03654347854
5.25E-05
0.00210805946
0
0
0.01463355043
0
0.01335840111
0.04964904228
0
0.01387992588
0
0.002094244177
0.001078687183
0
0.01250225598
0
0.04604322945
0
0.02348518835
0.03311445586
0.006756483519
0.001600797793
0.01081306311
0
0
0.02631113488
0
0
0.02443722531
0.006999527452
0.007773965753
0
0.02234139488
0
0.02977932301
0.0102279996
0.01948643158
0
0
0.01993016271
0
0.008976578862
0.007478476401
0.008469718452
0.0305152771
0
0
0.0185215043
0.004968137657
0.02321620469
0.01304808936
0
0
0.02202645634
0
0
0.004766814077
0.005415598386
0.001207146915
0
0.00884887333
0
0
0
0
0.003768093535
0.01252262948
0.006436845165
0.02414086068
0.003045743342
0
0
0.02686167955
0.02057884844
0.01346561054
0
0.02570854019
0
0.009739875596
0.005418880399
0.01500950967
0
0.03429400976
0
0
0
0.02161325511
0.02075870711
0
0
0
0
0
0.0458435609
0.04783375696
0
0
0
0.02190491069
0.0116191181
0.01132530789
0.01111317609
0
0.0153594675
0
0.01629536693
0.002503604271
0
0
0.01711976935
0.04109558598
0.005635095956
0.01563522442
0
0
0.02126761554
0
0.02866516233
0.01495116457
0.02017574998
0.0004608768566
0.004621019819
0
0
0.04780429352
0.01315362979
0
0
0
0
0
0
0.009062991063
0.02729443138
0
0
0
0
0.01148332605
0
0.03666371729
0.01410967173
0
0
0
0.03933240229
0
0.02281060817
0.04567867749
0.03464433516
0.009272985721
0
0
0
0.01111836026
0
0.02470464102
0
0
0.01359731771
0.01219602853
0
0
0.008001354505
0.005900737639
0.009427041334
0
0.03776415624
0
0.02298050438
0.00E+00
0
0.02298601779
0.003765237348
0.02058140977
0.02236681217
0.008891753381
3.02E-02
0
0.01402038749
0.007876533414
0
0
0
0.01296839728
0.02338615062
0
0.02087451396
0.01063069837
0
0.04000457502
0
0
0
0.005956094511
0
2.56E-03
0
0
0
0.02513218626
0
0.03138521185
0
0
0.001963773667
0.001067231349
0
0
0
0.02033755153
0
0.01952794673
0
0.03235803794
0.01262704799
0
0
0
0
0
0
0
0
0
0
0.02251447761
0.004885539118
0
0
0
0.06101733815
0
0.04498594195
0
0.04122323259
0
0.05474008527
0
0
0.02893023312
0
0.009485272879
0.0005933132506
0
0.05168924655
0.004750490008
0
0
0
0
0.01976799812
0.03333624327
0.02730200294
0
0.04285381102
0.006242781107
0
0.04006678029
0.03960352128
0.001021387349
0
0.04122559118
0
0.02715148754
0.001726794979
0.00245059872
0
0
0
0.01294463292
0.01103458721
0
0
0.000184331111
0.01609627363
0
0.007983560939
0.01415923526
0.02587233582
0.02404115692
0.02163439092
0
0
0
0.005941041814
0.01867888781
0
0
0
0.01397428004
0.002926317605
0.01995505601
0.001058371899
0
0.0006432188324
0.04047759027
0
0.02239705951
0.01105037428
0
0
0
0.05318753643
0.007555896125
0
0.03005090629
0
0.001688640789
0.008078626951
0.01202236631
0
0.02035567272
0
0
0.01347274556
0.0001102905801
0.0123477957
0.02272032092
0.02586516357
0
0.02743780197
0.027663126
0
0.02485070015
0.0001769229343
0.01645704576
0.04541833828
0.0005707792848
0.004789685146
0.001882477198
0
0.0117830068
0
0
0
0
0.00E+00
0.03641462523
0
0.03779180788
0
0.001983093625
0.02193836138
0
0
0.01841100424
0.0260296135
0.0167862357
0
0
0
0.01071408223
0
0
0.007327488383
0
0.02957387464
0.01827700842
0.006489457574
0
0
0.02805855739
0
0
0
0.04817467911
0.005529172357
0
0.01255731537
0.02332651949
0.03255244537
0.002505329973
0.01248296849
0
0.02632419907
0
0
0
0.0175229097
1.02E-02
0.03578283374
0
0.0291785017
0.003686904067
0
0
0
0
0
0.01613654195
0.03187363447
0.03156643081
0.001808616046
0.01093379444
0
0.01037441738
0
0
0.02100864184
0
0.005493583264
0.02733021117
0.02347745981
0.02868220595
0.00E+00
0.04763594349
0
0
0.003493802891
0.04189832034
0.0121168063
0.05039091809
0
0
3.46E-02
0
0
0
0
0.001811950651
0
0.01705738794
0
0
0
0.01036792463
0.02049836949
0.01763908903
0
0.02221354396
0
0
0
0
0
0
0
0.05862257043
0.02754776381
0.0003254343019
0.01570222532
0
0.06244706891
0
0
1.02E-02
0
0.0005501535382
0.007059939527
0.05044426915
0
0.02081599547
0
0.006760621927
0
0
0.03175560702
0
0.02130342786
0.01848287252
0
0
0.01783944467
0
0
0.005003166073
0
0.006096108921
0
0.01547422934
0
0
0.02221065393
0
0.04042259329
0.01300566198
0.006286390439
0.00602249316
0
0
0.03575464173
0.006801486413
0.003312272399
0.002816221095
0
0.003926174746
0.001685544023
0.04192793251
0.0641922757
0.01162286488
0
0
0.01045859674
0
0
0.002162558999
0
0.01145122995
0.02804689327
0
0.02033530803
0
0.02248980466
0.02714487798
0.04356145353
0
0.02489606331
0
0
0
0
0
0
0.01772478001
0.009417802961
0.009110324231
0
0
0
0.01955977173
0.006181098434
0
0
0.02880596735
0.03458134176
0
0
0.00E+00
0.0435247231
0.001090561394
0
0
0
0.03087351922
0
0.06047824245
0.01378745647
0
0
0.00114997373
0
0
0
0
0
0
0.03484516333
0.03807121983
0
0.01192645165
0.01298629202
0
0
0
0
0
0.02465280636
0.001076896957
0.015087528
0.03425052925
0.01004570346
0.01531641178
0
0
0.01845860449
0.00372379939
0
0.005533481512
0
0.02877456735
0.000649135915
0.01778185307
0
0.03178634242
0.0160833977
0.009211044217
0.03925258358
0.03397743223
0.02317097542
0
0.04026864423
0
0
0
0
0
0.006951523834
0.0001223669521
0.03630760395
0
0
0.01475488153
0.009359555135
0
0.04847381461
0.01493094262
0
0.0610001655
0.02553394988
0
7.82E-03
0.006495316617
0.03348861505
0
0.0201311083
0
0
0
0
0
0
0
0
0
0.02379831393
0.03824162394
0
0.03345723024
0.03388272738
0
0.007811328193
0
0
0.04000906577
0.04627725345
0
0.007048205936
0
0
0.03972566904
0
0
0
0.01545285171
0
0.008891122352
0
0
0
0
0
0
0
0.001134872937
0.000180268085
0
0.02118382472
0.03812751951
0
0
0
0
0.01236377413
0
0
0
0.04001327899
0.01672587437
0
0.02140158552
0
0.01022398427
0.004825047719
0
0.01441926726
0.0004357307891
0.00E+00
0
0.01939714693
0
2.33E-06
0.02585151909
0
0.01499156009
0
0
0.02821836174
0.0461089138
0.01529640555
0
0.01370184054
0
0.006680233426
0
0
0.02163173071
0.01815489635
0.008285379562
0.006516978434
0
0
0.01028354883
0.02445242729
0.0003360974378
0.02581046168
0.008017182726
0.02642138519
0.02268606474
0.01081712054
0.01226600417
0
0
0
0.001869421863
0.00E+00
0.00224453572
0.003465011814
0.002196532656
0
0.01117022439
0
0
0
0
0
0.03182065982
0.02045054116
0.0167034473
0.02759473302
0
0.05226739315
0.01848660204
0
0.00522885957
0
0.03129424376
0.00E+00
0.001029747409
0.02053685914
0.0154406273
0
0.01420786987
0
0
0.003500222678
0
0
0.02189205683
0
0
0.01257063241
0.03150539443
0
0.006097384541
0
0
0
0.02429784951
0.004504232966
0.0093276571
0.001008896809
0
0
0
0.02526535443
0.02650940362
0.01853093562
0.01910694781
0
0.01112381586
0
0.005989078164
0.03073632121
0.008148239746
0.0243779063
2.26E-02
0.03027789366
0.02714546627
0.01309851696
0
0.006331525689
0.01941151708
0
0.03696437627
0.0007137570388
0.000132721612
0.02031746009
0
0.03868155178
0.03289912469
0
0
0
0
0.0119782473
0
0.01421603288
0.007598264253
0
0.004285862244
0
0.01480459903
0.007483701853
0
0.03190506946
0.03740651477
0.01051193164
0.03919238096
0.006924570444
0.01242040216
0
0.02155015615
0.03243120321
0
0
0
0
0.02060001134
0.006542014219
0.008400465899
0
0.01416397318
0
0
0
0
0.02135893962
0.02158455163
0.02203853095
0
0.008467831793
0.002742011797
0.01659283578
0.00566346634
0.00E+00
0.01622005717
0.02177607116
0
0
0
0.01060421567
0.005029139102
0
0
0.01165016712
0
0.009003987834
0.00528142292
0
0.02212970872
0
0.03246760848
0
0
0.01059098631
0.02090797718
0.008606231681
0.002439160099
0.01980524671
0
0.00722991668
0.01677091668
0
0.007352390214
0.04526983226
0.004922113996
0.01316155069
0.05403687517
7.66E-06
0
0
0.001952067449
0
0
0
0.05030895388
0
0
0.03305120681
0.007850245075
0
0.03100172769
0
0.0257199549
0
0
0.03090314312
0.05965223567
0.01134598606
0
0.03169775727
0.004735573317
0.02155275557
0
0
0
0
0.004626288921
0.03504020291
0
0.01197073959
0.02936463596
0.001754922333
0
0.07616644235
0
0
0.04959692752
0.02160286497
0
0.006589055317
0.01285129016
0
0.01540253862
0.0003773643435
0
0.01366948989
0
0
0
0
0
0.00827349175
0
0.003037530971
0.06606544404
0
0.03471452329
0.02415654212
0
0
0
0
0
0.04280625454
0
0
0.00E+00
0
0.05811971134
0
0
0
0.03878466882
0.004128271707
0.008768686224
0
0
0.01886570065
0
0.00541279355
0.0199218434
0
0.03249199066
0
0.009886707376
0.001446784314
0.001097323132
0
0
0
0
0.02014862845
0.009803901649
0
0
0.04006196653
0
0
0.007949172058
0.01976310787
0
0.01133551189
0
0.007778216086
0
0
0.01038059582
0.01246609854
0
0
0.01771436445
0
0.00200199338
0.009009964454
0.001264785075
0.01785477242
0.02080217909
0.0002626999357
0
0.02818103421
0.03581678373
0.04301481099
0
0
0.0007582542769
0.004008850502
0
0.0379355414
0
0.01298235398
0
0.01695792342
0.01302135921
0.03890047383
0
0.0111470891
0.03227633119
0.03227629532
0
0.02065895849
0.02483126818
0
0.001947415569
0
0.004501696384
0.02524632025
0
0.002320092762
0
0
0.008932309931
0.01100524069
0
0.00672026728
0.04162926376
0
0.002837883052
0.03495918434
0
0
0
0
0
0.02254395159
0
0
0
0
0.03425624267
0
0
0.02053897758
0.01646398646
0.03224231134
0
0
0
0.02265704692
0
0.009091765799
0.001964782695
0
0.05519126353
0
0
0
0.006509417848
0.02948683333
0.00514780705
0
0
0.0243425823
0.01702212347
0
0.004063620156
0.004787220828
0.01666766163
0
0.01559778289
0.02303164197
0
0.006932720957
0.02618477536
0.04136022599
0
0
0
0.003868722364
0
0
0.01598313906
0
0
0.01124680435
0.01728780108
0
0.01337394337
0.01452500754
0.01367601998
0.01736313929
0
0.03816125228
0
0
0.01432991991
0
0
0.007194223458
0.0135301488
0.007849776671
0
0.005239342518
0.00E+00
0.006653709098
0
0.03917324981
0.008881518821
0
0
0.04026534985
0
0.001806276997
0.03262525416
0
0.02804580176
0.04562934786
0
0.03619847042
0
0.02089301616
0.01986992787
0.00813388631
0
0.002526332553
0.01735416553
0
0.02448722238
0.03851756965
0
0.006177230785
0.02426575092
0
0
0.009070376202
0.02750602907
0
0.008224580542
0.0177666165
0
0
0.03053508301
0.007650073183
0
0.04281286123
0
0
0.02272205975
0.009096475446
0.00E+00
0
0
0
0.03992150114
0
0
0.03344869016
0
0.01744067232
0
0
0
0
0
0.009773542748
0
0
0.008991131549
0
0
0.01597494515
0.02438018221
0
0.00314020964
0.01972991635
0.03028583652
0
0.00E+00
0.02837553773
0.002090883643
0
0.01578133575
0.003396831074
0
0.0004523822653
0.01000701939
0
0
0
0.02495537909
0
0
0.01569446308
0.01539283091
0.04449937902
0.009037999625
0
0
0
0.002337674141
0.01245531933
0
0
0.0137391822
0
0
0.02069312826
0
0
0.002330846712
0.01213882441
0.008790686607
0
0
0
0.02357387659
0.03320509049
0
0.02319881677
0.006706928592
3.67E-02
0.0211249466
0.03579698221
0.03899698044
0.002804289619
0
0
0
0
0.01649662887
0
0.01719763668
0
0
0
0.01920070204
0
0.04382376542
0
0
0.04169549881
0.02880160288
0.04799530597
0.009906920926
0.03551965758
0
0.0296157844
0.001066508074
0.02306281387
0
0.01682992505
0.005834999817
0.008605190193
0.02968777025
0.008402581035
0
0
0
0.01997267747
0
0
0.02571360911
0.02301281596
0.01024566808
0.03467753453
0.01553555903
0
0
0.00240942328
0
0
0.01556051669
0
0.04522277238
0
0
0.00335524589
0
0
0.00252104444
0
0
0.0006508018848
0
0.01774057307
0.03060187612
0.004433534896
0.001523774646
0.0263250752
0
0.04529160066
0.01960806467
0
0.009715659763
0
0.007362979653
0.02498802478
0.00E+00
0.01903231812
0.04820269155
0
0
0.007276470758
0.03324752812
0
0
0
0.01219527445
0
0
0.05627563391
0
0.001342439623
0.005645216453
0.005868827037
0.009722813375
0
0
0
0.006769242429
0
0.004410544101
0
0
0.03108898162
0.01546289297
0
0.004851043862
0.03246408845
0
0.02196526378
0
0
0.01674667771
0.007718240153
0.02963193821
0
0
0.01848353749
0.02072340959
0
0
0.03039316429
0
0.02907232303
0
0.01265988284
0.02125276305
0
0.0009487949527
0
0
0
0.02906970347
0.03918869169
0
0.02111243082
0.0300655359
0
0
0
0
0.0008311346167
0
0
0
0
0.01191811027
0.03690964034
0
0.003681214446
0.03540970787
0
0.003946497767
0.05834296496
0
0.006206912973
0
0.01686718382
0
0.01208882214
0.00266748168
0.008728161249
0.05424008993
0
0.001395643183
0
0.0007126359831
3.88E-02
0
0.007856611325
0.02928732554
0
0.001392039658
0
0
0.01055570967
0
0
0
0
0.04533028991
0.006094716159
0.05568429438
0.004831089014
0
0
0.02681679356
0.0147245322
0.01463654296
0
0.03806452671
0
0
0
0.0144581682
0
0
0
0.06445947876
0
0.02624775002
0.02423372982
0
0.03925293808
0.0003489202494
0
0
0.008531738851
0
0
0
0
0.01312967064
0.01371016478
0
0
0
0
0.02987331013
0
0
0.02293506885
0.002858263142
0
0
0.00E+00
0.01340842066
0.01378634517
0
0.03269310294
0
0.01819842017
0
0.009960971262
0.01591636416
0
0.01020649661
0.03433870543
0.009283695586
0
0.02925809795
0.02366165314
0.04923119272
0
0.00466738975
0.006075006648
0
0.003558723316
0.01821337495
0
0
0.03478453351
0.02893804613
0
0
0.01986342898
0
0.004745993605
0
0
0
0
0
0
0.001263511608
0
0
0.0347609047
0.009707060456
0
0
0
0.0105677276
0.01339600227
0
0.001370500612
0.02385489272
0
0.0652310708
0
0.02869871788
0
0
0.0003301601556
0.02823590951
0.02293996096
0
0
0
0
0.005934934721
0.01073208303
0.0288608938
0.002793790316
0
0
0.04529058072
0
0
0.004404384197
0
0.009955710904
0
0
0
0
0
0
0
0.01992165451
0.028812724
0.04208350755
0.005545395437
0
0.04337424195
0.05165868487
0
0.02420651375
0.004938612782
0.03302554614
0
0
0
0.03076377574
0
0.0165361682
0.00609981388
0
0.0004804367559
0
0.03166008384
0
0
0
0.01502861566
0
0
0
0
0
0.003731860861
0
0
0.006615508756
0
0.01331799337
0
0.04090525751
0
0.01961589078
4.20E-02
0
0
0
0.04183968332
0
0
0.004480202207
0.05207443844
0.07291590427
0
0
0.03088413842
0
0
0.001012735696
0.02141602406
0.03053922365
0.01570640338
0
0
5.52E-03
0.00E+00
0
0
0.02845574116
0.02027867647
0.000443186316
0
0.00174592307
0.01130893846
0.02093421625
0
0.03357206188
0.008811116566
0.04500430183
0.02041421955
0
0.01478210494
0
0.007643861034
0
0
0
0
0.001150194678
0.03652388061
0
0
0.01646596289
0
0.0166528996
0
0.00E+00
0
0.02293332762
0.01691708969
0.004243335568
0
0.02259535327
0.01456214198
0.03947106648
0
0
0.03043765113
0
0
0.01118237735
0
0
0.01047716629
0
0
0.009225983531
0
0.01123743403
0
0.01256977041
0
0
0.04754452374
0.00E+00
0.01310463546
0.005571305644
0
0
0
0.009158582729
0
0.01077817869
0
0
0.02951754
0.04551717413
0.02568420468
0
0.03127413373
0
0
0.02997066402
0
0
0.02172447007
0.01029913397
0.03213061296
0.004257939583
0.01480991647
0.03778883558
0
0
0.035754233
0.007450578729
0.01156025623
0.002449863951
0
0
0
0.009834096521
0.02415201241
0
0
0
0.02220176715
0.03512507446
0
0
0
0
0.01889275443
0.004754693695
0.03592510276
0
0
0
0.05437552718
0
0
0
0.00984460209
0
0.01130024227
0.0261716366
0
0.001181806349
0.01453852944
0
0.0327711356
0
0.02625239164
0
0.009048659597
0
0
0.01046512777
0
0.02245814928
0
0
0.02220353773
0
0.02282300809
0.02325069628
0.01526322098
0
0.00314315866
0.05674658463
0.02444893869
0
0
0.0351522452
0
0
0.005133883177
0
0
0
0.01511637993
0
0.03207800383
0.001522851933
0.01942791386
0.03364215924
0
0
0.056691826
0
0
0
0.006783787966
0.01050856582
0.04822104126
0.005279951164
0
0.003276592872
0
0.01986038555
0
0.02429373784
0
0
0.01162822731
0.01111165892
0
0
0.01431939628
0
0
0
0.04370860702
0.0436096316
0
0.009846393817
0.001909333894
0
0
0.007582622364
0
0.003305599504
0.00228824458
0
0
0
0.01693842893
0.004915606741
0
0.03822732673
0.04118144677
0
0.03804611925
0
0
0
0
0
0.03422790356
0.01570718096
0
0
0.01838751618
0
0
0.01323882699
0
0.0003048016733
0
0
0.03969813308
0
0.0008783845974
0
0
0
0.01216574077
0
0
0.03991691144
0
0
0.0090504968
0.05122139597
0.0001943353133
0.02028993281
0.03805911302
0
0.02798197461
0.01964379629
0
0.04425897381
0
0.03181460144
0.01179153881
0
0
0
0.01331056266
0.02195843379
0.006977659522
0
0.03376967271
0
0.01777084545
0
0
0.02374385536
0
0
0.01884739946
0
0
2.23E-02
0
0
0
0.01633120621
0.0128087877
0.01209163234
0.02011316597
0.01800419438
0.005445875815
0
0.02897244
0.01779548542
0
0.009146530895
0.02828880707
0.003223900906
0.008838469581
0
0.01435779169
0.0528353455
0
0
0
0
0.02624773397
0
0.03083594793
0
0.02180647072
0.00E+00
0
0.02155889061
0
0.01107052946
0
0
0.0195756957
0.02874985258
0
0.0306238531
0.0005669089695
0.01400841683
0
0.02474536936
0.01468195447
0.02126640151
0.02507191912
0
0
0.005614202392
0
0.02573332281
0.04444889525
0.02472310678
0
0.02710526141
0.0328802542
0.03482626607
0
0.0310610268
0
0.00579913395
0
0
0
0
0.02982511185
0
0.0107745157
0
0.01452323643
0.04749232809
0.004723237722
0.02820632637
0
0.02131252352
0
0.01533267346
0
0.00E+00
0.0003470248617
0
0.002547290106
0
0.01302084598
0
0
0.03837302061
0
0
0
0
0.003127227522
0
0.008745341488
0.0360845494
0
0
0
0
0
0
0.00875740838
0
0
0.01042723256
0
0
0
0.04761017605
0
0
0
0
0.02957704948
0
0.0145064054
0.02423374348
0.03457686765
0
0.03287444988
0.04421515909
0
0.02641170663
0
0.01018842955
0
0
0
0.03187258825
0.01197860218
0.0173339533
0.02557640964
0
0
0.02654629877
0.01734923299
0.02938397185
0
0.00375893357
0
0
0
0
0.01075156649
0
0
0.04143143929
0.02370037268
0
0.02051635871
0
0
0
0.004079373207
0
0
0
0.005645867611
0
0.007019562171
0
0.01906376746
0.009989323414
0.00160119051
0
0
0
0.01084008446
0.01315311293
0
0
0
0.00E+00
0
0
0.009283349599
0.01000401064
0.02692440052
0.02694395379
0
0.008430179871
0.01594790822
0.01022862158
0.0007304945125
0
0.01101308711
0
0
0.007956527273
0.009249941862
0.04214139357
0
0.003511644177
0.003045642555
0
0.02860084039
0
4.38E-02
0.04059803362
0.02073150893
0.02992445546
0
0
0.01491735609
0.03865029649
0.02589261168
0
0.06460316308
0
0.004195812696
0.05110488383
0
0.01918876215
0
0
0.01996610779
0
0
0
0
0
0
0.0009802181552
0
0
0.01598703272
0.004005286022
0.02682937588
0.01105465776
0
0.02240743146
0
0
0.01365455784
0.02404392961
0
0.01195784239
0.0015413142
0.02286760218
0
0.04538163799
0
0
0.008632346976
0.03390403707
0.01762633354
0.02600318609
0
0
0
0.01805179211
0.01286061132
0.00E+00
0.0152203229
0
0
0
0.01981091763
0.01091744562
0.01957759166
0
0.001388537346
0
0
0.02441738063
0
0.02095811193
0.00475202396
0.04133898254
0.01385847963
0
0.001449224704
0
0.02541331206
0
0
0.03047310652
0
0
0.02595763549
0
0
0
0
0
0.04548956933
0
0.01851102221
0
0.00309057796
0.02167151755
0
0.005195190586
0
0.01127717563
0.03155328775
0.02218448474
0.02530543735
0
0
0
0
0.0269414743
0.03763485963
0.008933824889
0.03207839408
0
0.01579122257
0
0
0.01140880166
0
0.01902946931
0.03661498571
0.008629311686
0.02533646185
0.002960957082
0
0
0.0170397082
0.02722770566
0.0007248054368
0.0142498147
0.05246403486
0
0
0
0
0.005565455983
0.08782409126
0.007321221919
0
0
0
0.04920320083
0
0.0525943011
0.009537595884
0
0
0.04691225375
0.02779321163
0
0
0
0.02769845116
0.01850471342
0
0.02039402102
0.0332139089
0
0.002679510312
0.002453782803
0
0
0
0.006389946814
0
0.0200054749
0.01265982827
0.01732411288
0
0
0
0
0
0
0
0
0
0.01191435316
0.008020654161
0.01789400722
0
0
0
0
0
0
0
0.006728561438
0
0
0
0
0
0.04065562
0
0
0
0
0.01079260102
0.03132712253
0
0
0.02157511046
0.01473655523
0.01272111781
0.01901453713
0
0
0.06459801019
0
0.002481302108
0
0
0.03514623089
0.02515168702
0.06672058729
0
0.005271878903
0.004860953336
0.03833120448
0
0
0.005621769808
0
0
0
0.01369469232
0.008254587373
0.01286341627
0.0467918906
0
0.01761221218
0
0
0.01448567983
0.007313613849
0.009772524958
0.006019202762
0
0.01006950191
0.003569665046
0.004912663722
0
0.01767118384
0
0.02707324507
0
0.01683610206
0
0
0.01203118989
0
0.0328966899
0.05988462634
0.0259404328
0
0.02866689428
0.01837932567
0
0
0.01408120288
0
0
0.006976588111
0.0174619293
0
0.05450464682
0
0.0116421493
0.02703568664
0
0.006094074761
0
0.01999701657
0
0
0
0
0
0.02559770689
0
0
0
0
0
0.003103997465
0
0.02343045827
0.01208298728
0
0
0
0.0002762216902
0.007009143439
0.02068866216
0
0
0.03627032702
0
0.0174578754
0.01479061812
0
0.02885859271
0.04459353895
0.008423654495
0.02502935541
0.02501188092
0.02776870084
0.01057432694
0.01040485231
0.01402573171
0.009212349492
0.03467296154
0.0004529883013
0.0431153645
0
0
0.008719203745
0
0
0
0
0
0
0
0
0.00959055768
0
0
0
0.00483586835
0
0
0.01102622783
0.04706315327
0
0
0.0161027276
0
0.03301074504
0
0
0
0
0.01528137306
0.03834426619
0.02824531383
0
0
0
0.01230682774
0.008422416313
0
0
0
0
0.02945036279
0
0.01850476625
0
0.002159381313
0
0.02970167879
0.02003444905
0.02274894823
0.06342431458
0.0216164138
0.04315850416
0
0
0
0.003054924124
0
0
0.03192643382
0
0.02929667779
0.05110329071
0
0
6.47E-03
0.02416781821
1.48E-02
0
0
0.00756493912
0
0
0
0
0
0
0.01325913599
6.29E-02
0
0.01659419187
0.01604479339
0.01691740683
0
0
0.02980172844
0
0
0.0006898079347
0.009671697408
0
0.02383149566
0
0.04997921284
0.008916433852
0.003744452875
0
0
0.0246239937
0
0.02949193979
0
0
0.01107708579
0
0.001919833337
0
0.01555323598
0
0.03111491543
0
0
0.01591101617
0
0.004554492605
0.01298419196
0.0006634539819
0
0.005891550031
0.002221335808
0.007096646915
0.03998225847
0
0
0
0.01495469734
0.0368102652
0
0.006727311393
0.007633330968
0
0
0.03737196254
0.04145189551
0
0
0.01008025676
0.009654935791
0.01425260125
0.006098578562
0.0145785782
0
0
0
0
0.00975036896
0
0
0.00136419382
0.0332119625
0.002315182944
0.0219852747
0
0.02079999608
0.005210646931
0
0.002364556933
0
0.02881083831
0
0.01427545343
0
0
0
0
0.02453758935
0
0
7.77E-03
0
0
0.01828638883
0.0525616159
0
0.005835555375
0
0.00957500789
0.02557662137
0
0.01051012504
0.007605597382
0
0.0009738717497
0.01733808202
0.05002445759
0
0.003216157653
0.03294170445
0.0381463971
0.00783946825
0
0
0
0.006970877019
0.02661928182
0.04197822123
0
0.02353125009
0.005778301614
0.01427963749
0
0
0.009883907862
0.03573189751
0.04611362239
0
0.01960765295
0
0.01119794785
0
0
0.01656240319
0.01758048828
0
0.002081427961
0.005089447609
0
0
0.02478205627
0.03732693688
0.002696084676
0
0
0.008410697317
0
0.01285913195
0.002079331887
0
0
0.02556968643
0.0002414296373
0.0231002538
0.01886339956
0.03940169721
0
1.18E-02
0
0
0
0
0.008374742083
0
0.03113656887
0.0007628817047
0
0.03503473618
0
0
0.0182818684
0.06491783551
0.02474080548
0.03626879827
0.003753779241
0
0.03037678122
0
0.02088411115
0
0
0.01023572342
0.007045574528
0.02622323642
0
0.03666133369
0
0.0181225311
0.0302897343
0
0
0
0
0.0007940587089
0.0122673457
0
0
0
0
0.05300805203
0
0.04405798163
0.01890383566
0
0.03361135604
0
0.009321863845
0.002168743872
0.005873234337
0.01647358415
0.01690969378
0.02775262381
0
0.001985327946
0
0.006279474992
0.00E+00
0.01162424557
0
0
0.03705896306
0
0
0
0.006850701686
0
0.00E+00
0
0.02988389482
0
0.004502568078
0.004648079452
0.02105669902
0
0
0.04034088145
0
0.02791888676
0.02224667294
0
0
0.01272588289
0
1.27E-02
0
0
0.02873591901
0
0.02223805615
0.04498095776
0.01103478394
0
0
0
0
0
0.03622487381
0.009885354205
0.002133144425
0.00883581
0
0.04770010404
0
0.0299427477
0
0
0.01717636175
0
0
0.03998259215
0
0
0
0
0.01209239024
0.02092445873
0
0
0.017790274
0
0
0
0
0
0.04777426111
0
0.009855575803
0
0.00E+00
0
0
0
0.02312854082
0
0
0
0.004982975963
0
0.05892014168
0
0.01647759337
0
0
0.02938361206
0
0.01282290347
0.02944337368
0.02034051142
0
0
0.007184493006
0
0.05009151966
0.01027142254
0
0.04370797436
0.02795575073
0.008858655225
0
0.03020159767
0.0004484832723
0
0.03154951596
0
0
0.02054667802
0
0
0.00E+00
0.00E+00
1.44E-02
0.00371314278
0
0.03234898303
0
0
0.01727130071
0.01279132798
0.0355019811
0
0.01289395192
0
0.0183763504
0
0
0.02927767517
0
0.01575835723
0
0
0
0.03178532479
0
0
0
0.009527283074
0.01127528803
0
0.0004960783672
0
0
0
0.04016393683
0.004334124219
0
0
0.01583638694
0.0229062108
0.02826706983
0
0.001010505604
0
0
0.001468704784
0.002702978854
0.01768487568
0.03037827931
0.03663985147
0
0.009584184361
0.02000669236
0
0
0
0
0
0.01152379531
0.02863455282
0.00235889131
0.02031165391
0.001224521975
0.0207805437
0.03024276194
0.01038446488
0.03422432416
0.02084315639
0.06021225466
0.01354747231
0.03581965165
0.001957900784
0
0
0
0
0
0.03992616301
0.01541763885
0
0.006627365711
0
0
0
0
0.006131669394
3.99E-02
0
0.007766125805
0
0
0.00474829604
0.01844846339
0
0
0.06957222384
0
0.0155009169
0.01856745389
0.0009635265883
0
0
0.005508175936
0.007037584623
0.02590189262
0
0
0
0.03809985509
0.04549127101
0
0
0.0059166909
0.05711410502
0
0
0
0
0.03427357822
0.00534577094
0
0
0
0.0367140564
0
0
0.004617549872
0
0
0.008689947789
0
0.004099258476
0
0
0.01480476159
0
0.04167931792
0
0.03725046849
0.01379122047
0
0
0.04397702549
0.0104300814
0.0103018462
0.04712430238
0
0.007843489316
0.02658115935
0.00E+00
0.01085723332
0.01378635645
0.01146686253
0.001144092178
0
0
0
0.02739327128
0.02262438873
0
0.03312302908
0
0
0
3.59E-05
0.02222869571
0.0178437185
0
0
0
0.01785392301
0.006406398627
0
0.05376219673
0
0
0.002617066551
0
3.22E-02
0
0.04062434007
0.009195927914
0.0219799689
0
0
0
0
0
0.002090351433
0
0
0.007611461633
0.05433512024
0
0
0.008764923869
0
0
0
0.008222363516
0
0
0.02250805224
0.03530254753
0.007657619574
0.01417930059
0
0
0.02847588645
0.03735415596
0.01313269334
0
0
0.04682430956
0
0
0
0
0.04092878955
0.01172684657
0
0.003976412745
0.000400303639
0
0.009019207001
0
0.01120238264
0
0
0.01833530914
0
0.02088593342
0.01271868
0.004911223547
0
0
0.03848890311
0
0.04944067821
0
0.004042552466
0.01538080337
0.0436342438
0
0.004937100777
0.02621957716
0
0.01234132686
0.01195768979
0
0.02220686427
0.03292561286
0.01603340347
0.0117091204
0
0
0.004191966583
0.02741131116
0.04387344159
0
0.02567330974
0
0
0
0
0.02530355499
0
0.006565568665
0
0.02412454924
0.02033810695
0
0
0.04154311557
0
0
0
0
0.01428150248
0.01388795178
0.04731910367
0.01113871904
0.02387319973
0
0
0
0
0
0
0
0
0.003240146967
0.01788350486
0
0
0
0
0
0
0.008751341209
0
0
0.02613622638
0.0274203265
0
0.0378330428
0
0
0
0.01010322541
0.003350475034
0.02922574896
0.01599393037
0.0117807004
0.007338746959
0
0
0
0
0.01833658761
0.01991855135
0.008913693911
0.001056548706
0.02831649336
0
0
0.02651443959
0
0
0.01370717085
0.0140030792
0.01218333996
0
0
0.009125009509
0
0.03172074233
0.01178593009
0.01587517974
0
0.00E+00
0.02175322906
0
0.0002233308409
0
0
0
0
0
0
0.02926237901
0.02884961094
0.01692630653
0
0.05280182398
0.01608147051
0
0.05327539637
0
0.02375211241
0.01926263707
0
0.04178454187
0
0
0.02844158624
0
0
0
0.01498415034
1.83E-03
0.01665309682
0
0.03633372054
0
0
0
0.00E+00
0.01919611896
0
0.04093565756
0.03478507694
0
0
0
0
0
0
0.00E+00
0.002242056205
0
0.004220470479
0.01330417043
0
0
0.02097575723
0
0
0.01733069266
0.02371825155
0.02676241132
0
0.03160092134
0.0009053988419
0.04367613106
0.02887941018
0
0
0.01762294103
0
0
0.03990425887
0
0.005747876552
0.03670185307
0
0.05045712033
0
0
0.00634958749
0
0
0.03914366756
0
0.0491741369
0
4.03E-02
0
0.00664316611
0.008664824562
0.02148823207
0.03834335338
0.04607370385
0
0
0
0.02715129166
0.04221132111
0
0.01693252503
0.0173014013
0
0.0100467277
0
0.007822487704
0.02159086843
0
0
0
0.003303952661
0
0.001886917751
0.02392149538
0.002295506323
0.02050753042
0.01135588796
0
0
0.004548623374
0
0
0
0.01979520203
0.01091989277
0
0.001393005748
0
0
0
0
0
0.0279155818
0.02603574646
0
0
0
0.02713754298
0
0
0
0.01883088791
0.02355223609
0.01487529848
0.0354962021
0
0
0
0
0
0
0.03650861658
0.01446761123
0
0.02148093239
0.01052967419
0
0.00280599068
0
0.008973131132
0.03479374542
0
0.03202148595
0
0
0
0.01494540474
0
0.01719694934
0
0.03831675142
0
0.01786834428
0.02737959616
0.04375630298
0
0.009734911457
0
0
0
0
0.01847697243
0
0
0.0194607472
0.002719951474
0.0218640753
0.03857938131
0
0
0.02897401018
0
0.02425945625
0
0
0
0
0.04018042236
0.01413912981
0.01622274532
0
0
0.05133743675
0.02739300641
0.01291314255
0.03958315211
0
0.01330600154
0
0
0
0.03000403571
0.01619259952
0
0.008258117789
0
0.01183656642
0.04750829367
5.37E-02
0
0
0.03260193765
0
0
0
0
0
0
0
0
0
0
0
0.02106331462
0.01555338209
0
0
0
0
6.71E-05
0.008090175863
0.0215777027
0.00522835451
0
0
0
0
0
0.03957245869
0
0
0
0
0.03444634332
0
0.03265835439
0
0
0
0
0.001253316415
6.03E-05
0.009697446888
0.03521866579
0.01992694561
0.009563836495
0.02225677222
0.02501677629
0
0
0.0133112788
0.02243361909
0.01877383558
0
0
0
0.03877859401
0
0.01491834854
0
0.03298271563
0.01551634014
0.003018181581
0.001734828693
0
0
0
0.03197163713
0.03983984897
0
0
0.006429216996
0
0
0.0214117343
0.01615565277
0
0
0
0.01483691176
0
0.004635473426
0
0.001762730263
0.005896632592
0.007760328806
0
0.007717071883
0.03014482487
0
0.01884361771
0.02081080708
0.01561091806
0.01850294958
0.01071636325
0.01496913978
0
0
0.014571072
0.00506581759
0
0
0
0.01454613887
0
0.00E+00
0.03005069636
0.03572576779
0
0
0.02850648268
0.01860491139
0
0.00E+00
7.12E-03
0.02738716003
0
0
0.02419095941
0.03376409461
0
0.01617916388
0.02791317386
0.01974923445
0.006019701988
0.001822902496
0
0.002849046011
0
0.003930471903
0.03432690365
0
0
0
0.004730378358
0
0
0.009393650463
0.02669915837
0.02991176556
0
0.04153365773
0.01432344765
0.01682354797
0
0
0.02976017106
0.02969751812
0
0.03663519612
0.02733570464
0
0
0
0
0.04310531794
0.03934893502
0.03646442311
0.02197815104
0
0
0
0
0.04548074475
0.03307610688
0
0.00E+00
0
0.009079796441
0
0
0
0
0
0
0.06080851689
0.02574934721
0
0.04076941591
0.01309208837
0
0.02488595109
0
0
0
0
0.003182555494
0.01165982036
0.004128844341
0.02936878548
0.01096786198
0
0
0
0
0
0
0
0
0.02108723788
0
0
0
0.01221351603
0.03826793909
0
0
0.01316762927
3.98E-02
0.03839941507
0.01724071716
0.01059802102
0
0.01784896152
0
0
0
0
0.04567479025
0
0
0
0
0
0.01772870758
0
0
0.01527729434
0
0
0
0.007585139688
0
0.03452417313
0.01180476022
0.04788850252
0.008680173832
0
0
0.04008979692
0
0
0
0
0.01532013705
0
0
0.004419523683
0.001421174257
0
0.004032540035
0.0082189616
0.03801471044
0
0
0
0.02064126233
0.001754577179
0.01449984386
0
0.03430865877
0
0
0
0
0.02163446952
0.006835426889
0.01395862134
0.03598860697
0.004180934689
0
0.005522164442
0
0
0.002772664627
0.02150847109
0
0
0.006159470177
0.009575988133
0.01267173204
0.01787150672
0
0.02579109294
0.006780224411
0.03556110402
0
0.04237240806
0.002937393095
0.003005092373
0.03689124964
0.004738465347
0.03357986899
0.01660852412
0.01512969325
0
0.03272379109
0
0
0.01701837788
0
0
0.02925051192
0
0
0
0.02267103775
0.01708574421
0.01946261754
0
0.01844970134
0
0
0.02347946861
0
0.05100716827
0
0
0.03012781855
0
0
0.0106078504
0
0.02616987066
0.01199495233
0
0
0.01301295031
0.01496793336
0
0.01499883586
0
0
0
0
0
0
0
0.02935448891
0
0
0.04874525492
0.02398622243
0.02266436129
0
0
0.01283461735
0
0.003713513211
0
0.01162487273
0
0.009053959874
0.02310039396
0.03350038014
0
0
0.01266899458
0
0.01222319991
0.02233196434
0
0
0
0
0.02656548875
0.01489839462
0.01066566871
0.01828588921
0
0
0.008125887403
0.01032186077
0
0
0.01576456467
0
0.00246359453
0
0
0.03818579261
0.009147996859
0
0.04598055987
0.02727960317
0.03354558363
0.03499155252
0.02738099404
0
1.36E-02
0.005056349201
0
0.03053578101
0.03446664616
0
0
0.0365076004
0
0
0.01105823484
0.01905616684
0.003841761203
0.02071438243
0
0
0
0.02544676459
0.0224854729
0
0.002667332811
0
0
0.02599777907
0.02444885204
0.006127108559
0.01271693289
0
1.05E-02
0.01297607027
0
0
0.01772356736
0
0.04841914273
0
0
0.01081001257
0.004187876123
0.01454251611
0.02488769254
0.009971369163
0
0
0
0
0
0
0
0.02458664888
0
0.003099477335
0.02733403179
0
0.03422606036
0
0
0.01015589587
0
0.05608787882
0
0
0.03732303582
0.02675025498
0.04473819472
0
0.005991175496
0.001894446846
0
0
0
0
0.02958497115
0
0.003108252196
0
0
0.02748334203
0.01704518511
0.01012764631
0.04437507201
0.01387013791
0
0.04789732645
0.01087960243
0.02148818767
0
0.01770679856
0.007496236832
0
0
0
0
0.001481880839
0
0.02723030599
0
0
0
0
0
0.02071495289
0.01173996131
0.02323709818
3.14E-02
0
0.02232155212
0
0
1.63E-02
0
0.0204611944
0
0
0
0.02394228666
0
0
0
0
0.0009497248152
0
0
0.0052967902
0
0.001321358457
0
0.02960677435
0
0.00208344695
0.01587300375
0.003638751486
0
0.02289543907
0.01912448975
0
0.00598454315
0.009671551782
0.001807189313
0.01626363029
0.02916260993
0.01250980773
0.01893686113
0.03485116983
0
0.008967463739
0
0
0.02481011011
0.01669116112
0.01725123829
0.007806572237
0.01738801442
0
0.02990752652
0
0
0.02454592588
0
0
0.01774860911
0.01275590881
0
0
0.007192050742
0.0309622707
0
0.01555470461
0.03132619531
0
0.01949054296
0
0.02230120754
0
0
0.01962106832
0.01430987536
0
0
0
0
0
0.0261582399
0
0.004082457347
0.00527084614
0
0.04741927121
0
0
0
0.002165766369
0.005770676636
0
0.008964099606
0.0151210003
0.02304358016
0.04270839489
0.01266951075
0.022685908
0
0
0
0
0
0
0
0
0.009078968582
0
0
0.01964768333
0
0
0
0
0.03031675013
0.002589540096
0.03681375628
0
0.03901962671
0
0.02414080318
0.01129797679
0.03081881161
0
0
0.01278521343
0.009133268101
0.01525741794
0.02887496099
0
0
0
0.03171069625
0
0.01442589675
0.01599667341
0
0.03471490558
0.04744805371
0.02831257492
0
0.04309171167
0.0205029576
0
0.02436619448
0
0
0.03917653646
0.01149765739
0.01140853863
0
0
0
0.0002506411954
0
0
0
0.03884574119
0
0
0
0
0.04692830052
0
0.03138050053
0
0
0.01930360983
0
0
0.01102079237
0
0.0001304792818
0.03337455058
0
0.07201312006
0
0.002624613392
0.03286011999
0.02376134578
0
0
0
0
0
0.06624779671
0.002476239892
0.01707896108
0
0
0
0.006472517004
0
0.009911713752
0
0
0.02267015903
0
0.01962024731
0
0
0
0
0
0
0
0.02029728094
0.008617864869
0
0
0.02965842657
0
0
0.08160381851
0
0
0
0.02002018776
0.0062239199
0
0
0
0.01686680892
0.00E+00
0.002766794268
0.02547337751
0
0
0
0.03246160926
0
0
0.00E+00
0.001822003364
0.002910655965
0.02536072861
0.004020715388
0.03540588407
0
0
0.0644625579
0
0.03568638971
0.008180276646
0.03192552624
0
0.0346295749
0
0
0
0
0
0
0.02703647561
0.0278483148
0
0.01444606565
0
0
0.003401704376
0
0.0155368905
0
0.04027269219
0
0
0.000137776805
0.01015173489
0.0198557674
0.0272746387
0
0
0
0.001921184064
0.02716204413
0
0.02236736466
0.01755455688
0
0
0.01474136636
0
0
0
0.01795868537
0
0.008223275218
0.03468628609
0.004010593667
0.02598118169
0.00151707404
0.01190346422
0.0312325296
0.01959848201
0.05853719856
0.00880711723
0.01816511859
0
0
0.00E+00
0.02213632975
0.007414594516
0
0.04374002423
0.01121857738
0.0492408474
0.005313357425
0.01143229596
0
0.0102595084
0.01607525572
0.01884632493
0.01528647444
0
0
0.03432439593
0
0
0
0.005000795934
0
0.0323958807
0.01683428686
0.02005515991
0.03039149084
0
0.01736509015
0
0
0
0.02283629436
0
0.008886531123
0.03280056588
0.00E+00
0
0
0
0
0.01575590764
0
0.00E+00
0.003391639428
0
0
0
0
0
0
0
0.03417063977
0.02928120802
0.0074332411
0.005145799376
0.01752268992
0
0
0
0.03988491228
0.01623365609
0.00502634457
0
0
0.01100633488
0.01461807092
0
0.04121266136
0
1.63E-02
0.01399851657
0
0
0.007890925928
0.004204807343
0.01808644515
0
0
0
0.002396958719
0
0.01510510598
0
0.01498883031
0
0.03446850677
0.01564474975
0
0.008770626051
0
0.03616121861
0.04710171606
0
0.03477007714
0
0.00969647034
0.04448268432
0.003741240161
0.01999641703
0.02591247833
0.01536826937
0
0.003619380337
0.03033106064
0
0
0
0
0
0.02470184281
0.002436072574
0
0.02438932205
0
0.0005433134747
0.01052898846
0.01978475096
0.03265266463
0.02157456713
0.0489691002
0
0.01122492203
0.008664284722
0.01743505079
0
0
0
0.01643772989
0.03915824245
0
0
0.01689767555
0
0.02796020934
0
0
0.004238716768
0.02797874109
0
0.008260202382
0
0
0.01185258075
0.004277281741
0
0.004080410952
0.02465143399
0
0.01112340159
0.00728121603
0.01097562586
0
0
0.002343393078
0.008605530178
0
0
0
0.001187045177
0.009435299631
0.007299893928
0.01046719639
0
0.02996350751
0.02552717461
0
0
0.02772157815
0
0.007713455982
0.008878778475
0
0
0
0.004286347099
0.009852464286
0.00069143443
0.00289875533
0
0.01448130149
0
0.0301973893
0.01642390354
0.00323001771
0
0.00937104101
0.01712664984
0.0005530606899
0
0
2.99E-02
0.02515173869
0
0.02893636983
0.01079543362
0.009629762509
0.03476496551
0.007085153836
0.001816030806
0
0.006362785109
0
0.01907162986
0.04222639091
0
0
0.01780565944
0
0
0
3.64E-02
0
0.008934923904
0
0
0.00918743102
0.02644149929
0.0234951167
0
0.04470668749
0
0.005406452805
0.02712729993
0.007795248451
5.14E-05
0
0.01162028461
0.002172986883
0.02824073648
0.006617509251
0
0.01352975553
0
0.03933571653
0
0.00E+00
0.009622851931
0.003853389871
0.0007216882593
0.04561212309
0.009269406974
0
0.0339094987
0
0
0
0.01724110687
0
0.02524901312
0.009900891802
0.03296667406
0.002138842905
0
0.0311559769
0
0
0.01636923753
0
0.003516492661
0
0
0.01395873695
0.03264124741
0
0
0
0
0
2.35E-02
0.004622433283
0
0
0.03769678128
0
0
0
0.02738037986
0
0
0.04831741988
0.008229313607
0.01470145144
0
0
0
0.007950665426
0
0
0.03484997928
0.02711511921
0
0.034116725
0.04197962157
0
0
0.004156934956
0
0.03104092743
0
0
0.04558452368
0
0.02746264848
0
0.005723929495
0.001681948723
0.03079601247
0.03753066261
0
0.00811298809
0
0.02182296794
0.02458338023
0.009454853697
0.02844157294
0.004148158283
0
0
0.03622273749
0.01427982051
0.0405069264
0.008790029075
0
0.009484595013
0
0.009118054469
0.03476141899
0
0.02646512159
0
0.02426740014
0
0
0
0
0
0.0005051998181
0.002702592898
0
0
0
0.01117087032
0
0
0
0.02437107916
0.02647376979
0
0
0
0.005003035668
0.0006454242452
0.01576277086
0.006145077055
0.01917324039
0.0430657712
0
0.00E+00
0
0
0.003171510308
0
0.03400657166
0.02178934231
0
0.03012641532
0.02891271317
0.05172175029
0
0
0
0
0
0.0197208551
0.00146429126
0.0227228143
0.04549010181
0
0.003544439428
0.02402773067
0
0.002664831706
0.003818552277
0
0
0.03272664268
0.04107382324
0
0.06734837375
0
0
0
0
0.001606821374
0
0.03167931204
0
0.05208908927
0
0
0.008047161519
0
0
0
0
0
0.009171804499
0.023549794
0
0.001601528306
0
0
0.0003418849202
0
0.05997772622
0
0
0
0.01589112775
0.006454709415
0
0
0.001088173245
0.07088234339
0
0.02602349151
0.008107288632
0
0.0260037514
0
0
0
0
0
0.02666646107
0
0
0
0.0478221849
0
0
0.03347887771
0
0
0
0.07026332648
0
0.006984492039
0
0.009880995291
0
0
0.02430979042
0
0.003747105351
0
0
0.0495422579
0
0.0006525825523
0
0
0.02128555581
0
0
0.02848111476
1.21E-02
0.02460165843
0.04840589577
0
0.01649235533
0
0
0.005199252608
0
0.02681048208
0
0
0.008192600686
0
0
0
0
0
0
3.09E-02
0
0
0.06317507969
0.01087235376
0.01668619792
0.01831959468
0
0
0
0.02681610967
0
0.009463310844
0
0.01861478034
0.01246911102
0
0
0
0.05408040176
0.002409792377
0.01994123151
0.0008811483721
0
0
0
0.002125536156
0.0366792336
0.02219957629
0.01674121257
0
0
0
0.04349097444
0
0.04067595
0
0.007092994332
0.0232747025
0
0.0443943129
0
0.03151843024
0
0
0
0
0
0
0.0671101334
0
0
0.005602107241
0
0
0
0.01361130592
0
0
0.01413126264
0.005910324991
0
0.01604287065
0
0
0
0.003328005499
0.04864473306
0
0.01531612269
0.01563323323
0
0
0
0
0
0.003808908315
0.01012316212
0.0083258237
0.0232030977
0
0
0.007260201323
0
0.01590296391
0.01983442639
0.001867914412
0.01255014182
0
0.01492521124
0
0
0.006928548809
0
0
0
0.05466482996
0
0.00E+00
0
0.0064926734
0
0
0.01525562247
0
0.007090823545
0.03270902067
0.01086104731
0.008275395721
0
0.0231536506
0
0.004453049782
0.01982950006
0
0.001591656799
0.01453895501
0.01725192728
0.0159673779
0.0005760929781
0.03657691983
0.03529076408
0.003632917421
0
0
0.04734970579
0
0.008344773317
0.0386796656
0
0.0182033582
0.05034598383
0.007075675391
0
0.02612791333
0
0.01674648842
0.02114774026
0
0.0101541743
0
0.01418627931
0
0.01921275926
8.76E-03
0
0.02055947494
0
0.0007601638967
0
0
0
0
0
0.03828383551
0.02214118794
0
0.01069500328
0
0
0
0.02763142189
0
0.01497589606
0.0158621583
0.03449013764
0.022106095
0.004640465235
0.02664583959
0
0.02330041311
0.01863511863
0
0.05642915302
0
0.03843811527
0.04345141479
0.007190259255
0.03424120855
0
0
0
0
0.002483028499
0
0
0.01108650102
0.005932966524
0
0.01227122963
0
0.01994538924
0
0.01836639017
0.02691767377
0.0160957247
0
0.02357516537
0
0.01727308656
0.005355962193
0
0.01898377924
0
0.05441955943
0
0
0.03197476434
0
0.004901643165
0
0
0.002744000317
0
0.01291304415
0.01530323075
0.01515029951
0.04578312909
0.007473897964
0
0
0
0
0.06235205486
0.03360420401
0
0.02459442741
0
0
0.003635681309
0
0
0
0
0
0.02232627634
0.03353566985
0
0
0.02628677665
0
0
0
0
0.0340671371
0.009774657959
0.01863844017
0.01321078881
0
0
0
0
0.0009301166583
0.00302537592
0
0
0
0
0.02233681257
0
0
0.01870301989
0
0
0
0
0.02105826456
0
0.04355202775
0
0.03506561188
0.02460203981
0.01020112046
0.008258461617
0.01908457101
0
0
0
0.02626079023
0.005714200644
3.49E-03
0
0.001318033216
0.0126510123
0
0
0.02492915746
0
0
0.03858256222
0
0.003084748093
0
0.02461809793
0
0
0
0
0
0.004330727657
0
0.04029116804
0
0
0
0.02710058527
0
0
0
0.04771496134
0
0.03797148202
0
0.01358967258
0.01795073165
0
0
0
0
0
0
0
0
0
0
0.04423545874
0
0.009068940083
0
0.005385042142
0.04254466615
0
0.04959386032
0
0.04087603942
0
0.01376198471
0.03842397001
0
0.01391464462
0
0.00855246125
0.027721282
0
0.03653455578
0
0
0
0.01265581176
0
0.001955500031
0.03274274753
0.01970554591
0.005421834185
0.04359842146
0.02016016993
0
0.03546014004
0.03271130751
0.008158445288
0
0.02127113479
0.01316105347
0.03751637843
0.01589128733
0.001835874444
0
0
0
0
0
0
0.03762329989
0
0.01549155829
0
0.04042760638
0
0
0
0.01036973445
0
0
0.03603125606
0.01002281055
0.02154584196
0.01667303582
0.04511459805
0.02032565766
0.006679907793
0
0
0
0
0
0.003157139909
2.77E-05
0
0.01221159882
0.02826374066
0
0
0
0
0.01532660229
0.00E+00
0.016022104
0
0
0
0
0
0
0.0486544022
0.001763284299
0.01471102642
0.0145548211
0
0
0.01888052765
0.02127183414
0
0
1.05E-02
0
0
0
0.005310499125
0.03317777427
0
0.03935208454
0.01480257058
0.01726688748
0.01743077022
0.01293276775
0.04600332124
0.03555356452
0
0
0.01985731108
0
0
0.005025484035
0
0.02540207311
0
0
0.02811974689
0
0.009723779065
0.03217550285
0
0.02679886631
0
0
0.01095477883
0.004933391707
0.01524345559
0
0.03618483796
0
0.03932841818
0.01969460014
0
0.01939201241
0
0
0.004241591396
0
0.001207463762
0.01422148807
0
0.01281733105
0
0.003162715551
0.03259452395
0
0.01455557785
0
0.01298619458
0.01058330245
0.01689679734
0.001960896522
0
0
0
0.01783880896
0.02035259406
0.04025054719
0.04444147314
0
0
3.14E-02
0
0
0.0008627796369
0.01907461198
0
0
0
0.02608954697
0
0.02523166295
0.06364210918
0.02765491432
0
0.0003505101915
0.02529650966
0.00763964572
0
0.03228469118
0
0
0
0
0
0
0
0
0.03390457689
0.01867727229
0
0.03656071598
0.03861661172
0
0
0.01166302223
0
0.05886891633
0
0
0
0
0
0
0.02566350535
0
0
0.003694315288
0
0
0
0
0
0
0
0.03469490717
0.01589088795
0
0.01612958091
0
0.00E+00
0
0
0
0
0.007386601049
0
0.0421138929
0
0.04865381435
0
0
0
0.01441024167
0.009596015035
0
0.02650273467
0
0.03895656687
0.01869308907
0.01139817075
0
0.02037369734
0.01321908411
0.01225940803
0
0
0.06041614201
0.002369961307
0.0191124801
0
0
0
0
0
0.03554678015
0
0
0.06240949399
0
0.01652004957
0
0.01495984538
0
0
0.00E+00
0.008787832157
0
0
0.01022618412
0.03481445116
0.0145545126
0
0
0.01387694814
0
0
0
0.03982529993
0
0.02466762704
0
0
0.01410240038
0
0
0
0.01662173491
0
0.01723083083
0
0
0.00446948438
0
0.05548031846
0.01094182409
0
0
0.01521067998
0.01296920223
0
0.02170825901
0.00E+00
0.03977020374
0
0.009912431439
0.04099620493
0
0.01698414272
0
0.001747805212
0
0
0.03939035241
0
0
0.006358042806
0.0005808148347
0
0
0.004252600288
0
0
0.03187134005
0
0.008209236288
0.04483596634
0.04912679344
0
0
0.03046291995
0
0.01503843964
0.02882852302
0.0204662665
0
0
0.01611889498
0.002233673691
0.02014081632
0
0.0167294227
0
0.007346718263
0.003131626091
0
0.007273290784
0
0.00E+00
0.01136230993
0.04957096833
0.02520723005
0
0
0
0.05380299886
0.03712290828
0.07074718254
0
0.005230552812
0
0.04585435453
0
0.007563478522
0
0.02326567165
0.02745539519
0.0351369571
0.0146185246
0
0.009542787844
0
0.007250575946
0
0
0.003492105111
0.00E+00
0
0
0
0
0
0.0135693107
0
0
0.00107036627
0
0
0.005151970325
0.01380770626
0
0.01783842172
0
0
0
0
0
0.03628086792
0
0
0
0
0
0
0
1.10E-02
0
0.007918704912
0
0
0
0
0.01183133699
0.02066574763
0
0
0.03638368694
0
0.01494075437
0.04162341496
0
0
0.01428155971
0
0.02237954129
1.65E-02
0.03737327312
0
0.04185590878
0.04197979238
0
0.01961526015
0
0.04777656647
0.001346839485
0
0.03180910338
0
0
0
0.03129352085
0.006606659585
0
0
0
0
0.009690278227
0
0.01605027122
0.001775502738
0
0.02251037305
0.01860261184
0.025345639
0.03142503577
0
0.01807051144
0
0.005256041818
0.0162783645
0
0.000584364561
0
0
0.002510937423
0.04620641069
0
0
0
0
0
0
3.43E-02
0
0.02131758512
0.04038492993
0.005174911941
0
0
1.94E-02
0
0
0.02651526295
0
0.003797716667
0.01583393529
0
0
0.03280203703
0.03813828153
0.03765898944
0.003153848829
0
0
0.02724484378
0.005912527193
0.03206053357
0.04685987207
0
0.02554931153
0.04485252302
0
0
0.0145785399
0.01757405801
0
0.02801034369
0
0.01160399778
0.006949188527
0.008981601829
0.01741135984
0
0
0
0.01267996805
0
0
0.02385851609
0
0
0
0
0.01457125631
0.01736713421
0
0
0
0.00E+00
0
0.02844281801
0
0
0.002115486781
0.0349665573
0.01325911299
0.03005142888
0
0.008989195834
0.02671330574
0
0
0.01599401796
0.0005743465134
0
0
0
0.0514550608
0
0.01735746517
0
0.03314887643
0
0
0
0.03757977976
0
0.001175602475
3.56E-02
0
0.02835276188
0
0
0.009128146941
0.001526957409
2.24E-02
0.006795296549
0
0.00E+00
0
0.05927298745
0
0.003244355384
0
0.01085854482
0
0
0
0.03490314953
0
0.02218629338
0.002557359294
0
0
0
0
0
0
0
0.0174555766
0
0.0006439354782
0
0
0.05553409595
0
0
0
0.03132779141
0.01620409197
0
0.0005860339688
0
0.04727180864
0
0
0.04709243193
0.01082260495
0
0
0.03918071964
0.01618528457
0
0.003889986549
0
0
0
0.001107072695
0
0
0.02168175469
0
0.02275087702
0.04001358735
0.01070225694
0.02995487127
0.05120534217
0.01629049363
0.00358237309
0.01856040355
0
0.02056926147
0.02320411241
0.02645338775
0.03367970999
0
0
0
0
0
0
0
0
0.02081588819
0
0.04450482598
0.003538631185
0
0
0.03002060793
0
0.0116967879
0
0
0.009806046345
0.01792972636
0.04056541693
0.04574136281
0.01033543686
0
0
0
0
0.0276562882
0
0.02071230576
0.01666287818
0.01962581876
0.0004373590255
0.003720624462
0
0.001731578859
0
3.07E-05
0
0.03246947175
0
0
0
0
0
0
0.02428780556
0
0.03093977445
0
0.0009093694916
0.02525277949
0.00E+00
0.02902119192
0
0
0
0.005158364257
0.005147262596
0
0
0.03763260771
0.01510373838
0.01770181895
0.01190635505
0.0008049325048
0.003483250668
0.04236316716
0.02176295915
0.0300875952
0
0
0
0
0.003975424108
0
0.02545695589
0.01656652455
0
0.01468783254
0.02767078503
0
0
0.01049159857
0
0.01400727874
0
0.005735062165
0
0.02052812308
0.04321964792
0
0.02229248812
0
0.04379883812
0
0
0.03994658083
0.02881113555
0
0
0
0
0.001300026816
0.02194701491
0
0.04227627373
0
0
0.06691485988
0
0
0
0
0
0
0.01435898103
0.01963349742
0.01519300993
0
0.02563259584
0
0
0
0.009993338778
0
0
0.03718324973
0.03118648555
0
0.007076546688
0.01239201894
0.05234075835
0
0.002405077188
0
0
0.01163472304
0
0
0.0184939062
0
0.004384359996
0
0
0
0.01636414568
0.002650648957
0.03075290546
0.02869956127
0.014584826
0.005282705775
0
0
0
0
0.0086919165
0.01270632063
0
0.006826798822
0.01668675369
0
0.00772285877
0.03318086754
0
0.004738681787
0.02627989319
0
0.01993261433
0.02207905909
0
0
0.01932795747
0.003419652927
0.03199523182
0.0005557694721
0.00E+00
0.005798967442
4.11E-02
0
0.004463233632
0.002857951581
0
0.03337648616
0.04251710431
0.04339428621
0
0.0233793025
0.00688655607
0.007633132539
0.01295964594
0
0.01722766016
0
0.01989565609
0.02181522193
0.008914862704
0
0
0.0118880875
0
0
0
0.005455777155
0.00683236863
0
0.01403336853
0
0.005810049797
0
0.02212427584
0.04575995515
0
0.003637310384
0.01950388788
0
0.01896236873
0
0.0003785042363
0.03580361079
0
0
0.03229666871
0
0.01974028856
0.01083391343
0.04889154578
0
0
1.95E-02
0
0
0
0.0244555853
0
0
0.008220493932
0
0
0
0.0002686239887
0
0.03974168913
0.01020168254
0
0.02969355805
0
0
0.001978580064
0
0.005051553516
0.005257517308
0
0.04503007245
0.02059964674
0
0.01424561235
0
0.06595004405
0
0
0.01736225836
0.009553934673
0
0.00367617044
0.01688965582
0
0.006915254315
0
0
0.03419953149
0
0
0.02322378753
0.004918273039
0
0.01672608139
0.02613887275
0
0
3.04E-03
0.00E+00
0
0
0
0
7.57E-03
0.01789353288
0.01928443355
0
0
0.009657053333
0
0.008358333305
0.008325466775
0.01728226729
0.03576936736
0.04283172579
0
0.04185596217
0
0.02808416874
0
0.03249703414
0
0.002788244648
0
0.02433136626
0
0
0
0
0.04280689544
0
0
0.01651297943
0
0.01963812475
0
0.001180356883
0
0.01729776165
0.003486411754
0.05167843053
0.005736777226
0.02313616341
0
0
0.04591100154
0
0.01417810614
0.0283895013
0
0
0.01677563463
0.04334573444
0.02276765187
0
0
0
0.02459271826
0.01169735045
0
0.025231476
0.03182424144
0
0
0
0
0.01776602688
0
0
0.03715140105
0
0
0.04546190254
0.01519581394
0
0
0.0296848511
0
0
0
0
0
0
0
0
0
0
0.004830684682
0.04337018524
0.009024786738
0
0
0.03023955527
0
0
0.03234528916
0
0.004316563083
0
0.02749475363
0.02035207774
0.0007376300077
0
0.0220237755
0.00E+00
0
0.02987776784
0.003352581092
0.02266569508
0.01896937474
0.01849539151
0
0
0
0
0.02177950146
0
0.02769195027
0
0.04386551341
0
0
0
0.0123352875
0.0157762431
0
0.01859097085
0.02580190931
0
0.02099135661
0.003596502618
0
0.01128334193
0
0.01249883915
0.01315341085
0
0.0006672383178
0.0179376559
0
0.04671747955
0.004350758982
0.02885732205
0
0.02449822928
0.03687062214
0
0.04824427641
0.05055009809
0.01523753296
0
0
0.03699779437
0
0
0.0060438578
0.001417757828
0.006138670493
0.01523895859
0
0
0.02164225459
0
0
0
0.006304105691
0.02469192492
0.02370386339
0.02617402036
0.004544506806
0
0.004161484761
0.005405792119
0.01117959042
0.02718289681
0
0.01145852422
0
0
0
0
0.004882632842
0
0.008267433166
0
0
0
0
0.01409658424
0.01546804337
0
0.007095017644
0.01952342941
0
0
0.03045820794
0.01994002997
0.02386333536
0.03088084254
0.005787943991
0.01194739479
0.01236585738
0.001998836733
0
0.001866432976
0.003783161861
0.02451246677
0.0187858477
0
0.02167975124
0
0
0.00107585337
0
0
0.02605534321
0
0.01543237623
0.007815924448
0.0003264410163
0
0.03184573302
0.02053622237
0
0
0
0.03264454499
0
0
0
0
0.01415510416
0.01228642888
0.02162918926
1.74E-02
0.02375176104
0.003992688852
0.03940906663
0.01255402145
0
0
0
0
0.0009524051862
0.001733511409
0
0.03576532467
0
0.00E+00
0.02217090881
0.00428760897
0
0
0
0.004162277466
0
0.04798969516
0
0
0
0.002084812671
0
0
0.05737272239
0
0.02494333236
0.005382959341
0
0.003082729539
0.02140575495
0.01006462436
0
0
0
0
0.00473606419
0
1.99E-02
0.03205455304
0
0.03186734397
0.03682369276
0.03117609951
0.01190671254
0.02815348904
0.03660319464
0.04171381692
0
0
0
0.01152843671
0.006531448177
0
0.04069600378
0.0183196844
0
0.0004535548865
0
0
0.001147842267
0.01842360952
0
0.01878340188
0
0.01910346681
0.02744463562
0
0.004601455701
0
0.003757382598
0
0.02252974491
0.0008788261677
0.02563198799
0.02654270076
0
0.008128837156
0.01616904822
0
0
0
0.01454573364
0
0
0.05370292589
0.01922470055
0
0
0.02455825335
0.0184424205
0.04251970135
0
0.03207167451
0
0
0
0
0
0.005888935124
0.0517933356
0.001854232882
0.002775896309
0
0
0
0
0
0.00496434153
0.008933280529
0
0.04251497107
0.02889160787
0.02903547677
0.02995601112
0
0.04576965369
0.001427487727
0
0.02920686376
0.01049418011
0.005431213976
0.06336728264
0
0
0.04270297367
0
0
0
0.0180330881
0
0
0.0003957068812
0.00E+00
0
0.007074042149
0.01682814969
0.01895725573
0
0
0.01236711788
0
0
0.01071097348
0
0.03273061205
0
0
0.04697250833
0.008628972479
0.002217418172
0
0
0.03337480637
0
0
0
0.01501633144
0
0.009430176234
0.00646265181
0
0
0
0
0.00E+00
0
0.01283865577
0.0138835972
0.05168583589
0
0.006747722359
0.01747193556
0
0
0.008571792265
0.02134682917
0
0
0
0.03272640044
0
0
0.04162892907
0
0
0.01052027964
0.0024130346
0
0
0.00E+00
0
0.04610538128
0
0.01612333474
0.017410421
0.002102253624
0.02155577685
0.0303640695
0.002502036695
0
0.0003868010835
0
0.01524397262
0.02221895808
0
0
0.01443047978
0
0
0.04225983483
0
0
0
0
0.01328917156
0
0.009201603288
0.01888726461
0
0
0.02564911587
0
0.01870453676
0.04910298615
0
0
0.02759803828
0
0
0.04338942893
0
0
0.01932798864
0
0
0
0
0
0.01422569034
0
0.01262135299
0.01885666611
0.02977559555
0.0003004918871
0
0.0309101774
0.03723856122
0
0.007664819378
0
0.03102112856
0
0
0.01803397564
0.03073866427
0
0
0.0002417235755
0.004265709898
0.008738119968
0.0374844713
0
0
0.02038583687
0.007600755503
0.04137691121
0
0
0
0.006725232321
0.01382554545
0
0.01273327929
0.03275756722
0.01300874286
0
0.01226242739
0.03220659077
0
0
0
0.01458426555
0.002574437146
0
0
0
0.00E+00
2.80E-02
0
0.01497258705
0.004523392297
0
0.03264140216
0
0.005253111847
0.01400283296
0.0037465643
0.00413682429
0.00843681267
0
0.04783968784
0.0006248429295
0.0316841476
0
0
0.02149246587
0.0307885023
0.008202728411
0.02947990938
0.007901917304
0
0
0.008294296466
0.02165391347
0
0.01194726966
0.009766100017
6.66E-03
0
0.007076884092
0.01520517387
0.003194243311
0
0
0
0
0.02788228955
0
0.00355007422
0.02638791371
0.03234309116
0.02514549926
0.01391054958
0
0
0.007125276992
0
0.01424859417
0.02186859889
0
0
0.01627137987
0
0
0
0
0
0.02966427379
0.01775428315
0.001259631776
0.01631505838
0.02279624069
0.03054109999
0
0
0.009251806502
0
0.01463933829
0.01062659711
0.04018456932
0.01187035723
0.00571553194
0
0
0.01517372474
0.03198575295
0.02071746514
0.0111855799
0
0.02047614565
0
0
0.02476298393
0
0
0.03122828029
0.007911870178
5.18E-02
0
0
0
0.005279299732
0.04567976812
0
0
0
0
0
0
0
0.02578603173
0
0.001077446316
0.03562814636
0
0
0.02734233894
0.01779250298
0.01121070331
0.02405254702
0
0.01602682021
0
0
0
0.03883691547
0
0
0.002607699754
0.003784691717
0
0.007083559812
0.00890151147
0.02892235192
0
0.00E+00
0
0.01640087826
0
0.007389528903
0
0
0
0
0
0
0.009260363936
0
0
0.03003948651
0.03107062451
0
0.02266044072
0.0213430084
0
0
0.01678566024
0.001082519534
0.02473411697
0.02743747257
0.01319202625
0
0
0
0
0.0005722110093
0
0.01942711055
0
0
0.01384993121
0.01465861311
3.39E-02
0
0
0.01900881996
0
0.01325883296
0
0.05407610161
0.03165950824
0.009568785053
0
0
0
0
0.05505390162
0
0.015672556
0.04487949299
0
0
0.05528857509
0
0
0.004708514576
0
0.04212319941
0
0.02375502746
3.24E-02
0
0
0.007036934592
1.85E-02
0.0007354015403
0.01496734192
0
0.006331702132
0.00894459795
0
0
0
0.03171623392
0.04604637557
0
0
0.0009391970266
0
0.02592615526
0
0.01694028197
0
0
0.0001772401174
0.009138008929
0
0
0
0.003154213092
0
0.03097870828
0
0
0.01677494942
0.0207848327
0.007799270764
0.002222772685
0.001410106277
0.004194875468
0
0.01700586844
0.01624458173
0.01661361082
0.02665518646
0
0
0
0
0
0
0.005478079251
0.001333508691
0
0.0005238122139
0.00886248693
0.03418515864
0.04305917281
0
0.006067598278
0.06167044979
0
0.02229437999
0.03328548521
0.04084653096
0.00139246277
0.0324790065
0
0
0.009263744249
0
0.0163892107
0.01561018177
0
0
0.03786071796
0
0
0
0
0
0.05544823508
0.04411837035
0
0.01679645439
0
0
0
0.02982930597
0
0
0.04761624771
0
0.0151080211
0
0
0
0
0
0.0408351245
0.02840782684
0
0
0.04633347417
0
0
0.02235626569
0.01747240464
0.06064658225
0
0.02297431666
0
0
0
0
0
0
0
0
0.000720542559
0
0.05412919004
0
0.005783805979
0.04034352623
0.02066782095
0
0.03489867374
0.001415028802
0.00E+00
0
0.03213284191
0.02192922213
0
0
0.02224043156
0
0.00E+00
0
0.03394270318
0
0.01093358791
0.001559423588
0
0.02076486123
0.02496462884
0
0.02263399345
0.02864101383
0
0.008749875802
0.01315220899
0
0.005275883715
0.004637855574
0.02893880905
0.02369844155
0.00E+00
0
4.41E-02
0
0
0
0
0.01636729568
0
0
0.02599912464
0
0.0002025389062
0
0.02671583168
0.006636786352
0
0
0.0207349892
0
0
0.008718032611
0
0
0.03122217258
0.01788917052
0.006254307939
0.01629019719
0
0.0331672131
0.01925954981
0
0
0
0.01655189167
0.01205654025
0.004493532865
0
0.0169700843
0.009073898027
0
0.02098598145
0
0.01435850014
0
0
0
0
0
0.001094116468
0.0407794047
0.00414794078
0
0.01062741821
0
0
0.01871516601
0
0.02613312209
0.003322482577
0.02048470961
0
0.01666913059
0
0.0004062312526
0.008355040099
0
0
0.01227325869
0.03791372843
0
0
0
0.005783069477
0
1.15E-02
0.0381333454
0
0.001057669786
0.01619690194
0.02426783812
0
0
0.002648171297
0.00E+00
0
0
0
0.01498547256
0.02255390038
0.01882238426
0.004146894583
0.009227797568
0.06523043003
0.04087156507
0.005145828082
0.02590789689
0
0.03788269304
0.01740078991
0.003105996175
0.05532287841
0
0.000278511956
0.03345552316
0
0
0
0.02221565265
0
0.02458864092
0
0.01430275458
0.000617077377
0.009485032474
0
0
0
0
0.0236274112
0.01216540358
0
0.008082450279
0
0
0
0
0.0006920372159
0.003776907166
0.008783141343
0
0
0
0
0.03348196265
0.003594155414
0
0.01409277616
0.03368066519
0.02986694805
0.02638549019
0.01169601469
0.001359037148
0.055716833
0.006975663156
0.006842360784
0.03432273282
0
0
0
0.004608118094
0.02738716385
0.004398805624
0
0
0
0.03803806989
0.01065852033
0
0
0
0
0
0
0.0595170455
0
0.02612878279
0
0.03284386123
0
0
0
0.009762030597
0
0
0.004494692568
0
0.01202090349
0.008237353345
0
0.04381729299
0
0.04195323187
0.0124592154
0
0.03537796442
0
0.01085569598
0
0.0239797537
1.04E-02
0
0.01350001493
0
0.04338970765
0.01894675788
0.02863046641
0
0.01338326164
0.0476528631
0.0270479076
0
0.007127294761
0.005089994928
0
0
0.006738621625
0
0
0
0.007032610276
0.000570772643
0.01667180731
0.03920111874
0.01858449138
0.005375688538
0
0
0.04895712102
0
0
0
0.002115182924
0
0.0363375175
0.003788103776
0.01582352046
0
0
0
0
0.005792804152
0
0
0
0.01864705771
0.005276671994
0
0
0.03504825088
0.005038948792
0.002220473095
0.01058560964
0.05328039043
0
0.01138839186
0.02610788094
0.02487154274
0.02494039547
0.00322487468
0
0.03086949012
0
0.01980197642
0.01612683787
0.00E+00
0.02770809149
0
0
0
0
0
0.02293544282
0
0.02827668031
0
0.0503254668
0.001595208031
0
0
0
0
0
0.03705153244
0.04764126689
0
0
0.01076848532
0.02217857464
0
0
0.003260612022
0.03316244949
0
0.02881904827
0.02894866488
0
0.06372748892
0.01242522182
0
0
0
0
0
0
0
0
0.0268934636
0.001210059617
0.0001981921654
0.007753199419
0
0.04183725174
0
0
0.04319187886
0.03191949088
0.02151381295
0
0.005426525265
0
0
0
0.01023913995
0
0.009691685232
0.01651685697
0.01682960237
0
0
0
0.004933970548
0
0
0.02630130813
0.04856764016
0.02395612114
0
0
0
0
0.03972505516
0
0
0.0149782996
0.002000464597
0.02820544786
0.00195490953
0
0
0
0
0
0
0
0
0.01825383545
0.0110817724
0.00390060797
0.008704145601
0
0.00786823646
0.05338577269
0
0
0
0
0.03432389728
0.003283619243
0.002515409502
0
0
0
0.02975358397
0
0.02363824144
0
0
0.02206666028
0.006021152996
0.0257709055
0.0246947855
0.02383255422
0
0.009125413778
0.02196487202
0
0
0.006855941358
0
0.009286010864
2.54E-02
0.01982138694
0.01032198492
0.03872547721
0
0.009475630222
0
0
0.03359831381
0.01202995127
0.02115060289
0.0001457471677
0
0.003721520086
0.008508011876
0
0.001706607307
0
0.006378858397
0
0
0
0.009490251128
0.02365584357
0.00948277243
0
0
0
0.00442605446
0.007661328897
0.01062254958
0.03253828789
0
0.009340683326
0.01041494852
0.00E+00
0.01647133244
0.01832147201
0.01209723185
0.006938395797
0.04845881885
0
0.0119904342
0.01906505771
0
0.01524658333
0.04463920471
0.02881526694
0
0.03621969281
0
0
0
0
0
0.007570068265
0
0.02632076522
0
0
0.02191882622
0
0
0.03099191066
0
0.005845653767
0.04472256788
0.009691660357
0.01003256325
0
0
0.04240917899
0
0
0.002902197378
0
0.02531250951
0.0009397957059
0
0
0.01826046233
0
0.0294107878
0
0.02174678393
0
0.004054342546
0.03164498658
0
0.04415053977
0.04730531538
0.007237144401
0
0.01262473965
0.04770759987
0
0.007055528622
0.008351117056
0
0
0.02760305302
0
0
0.0506323758
0
0
0.01133289049
0
0.01558400177
0.01228432806
0.02613052356
0.00E+00
0
0
0
0.0110739815
0.03072099395
0
0.01814817523
0
0
0
0.00E+00
0.007017559404
0
0.00E+00
0
0
0
0
0.003703194653
0.0340819095
0
0
0.01947525917
0
0.006072335062
0.02002777299
0.02752139371
0.02391508306
0.03726970587
0
0.009178890891
0.009598930951
0
0
0.009684983357
0
0.01158342411
0.03890822433
0.008406052482
0.01683639247
0
0
0
0
0
0.03061579255
0
0
0.009866800844
0.02070555944
0
0.03061493702
0
0.01376920505
0
0.01331766535
0
0.01150554865
0.05043124653
0.02851221244
0
0
0.003574129293
0
0.01136734474
0
0
0
0
0.02166354724
0
0.03340570452
0
0
0.02371246607
0.007432012366
0.0321386334
0.001308064162
0
0
0.006140868126
0.005282589295
0.01058000726
0.01621487237
0
0.006115339138
0.01326834538
0.02429679521
0.02695660223
0.00E+00
2.37E-02
0
0.02834499542
0
0
0
0
0.03646739642
0.01105967253
0
0.007575441875
0.04719287824
0.02130210692
0
0
0.04449977566
0.03355883906
0.003043809262
0
0
0.003082857328
0.01534384643
0
0
0.02923637689
0
1.99E-03
0.0136757687
0.008851822915
0
0
0.02974025258
0
0.01300003088
0
0.008014288343
0.0142802842
0
0
0
0
0.004329112355
0
0.005584713797
0.02994934395
0
0
0.004708194596
4.47E-03
0
0.01680997019
2.10E-02
0
0.006733615587
0
0.04218582253
0.005887479044
0
0.04677450084
0.01677800943
0.03202576267
0.007847845899
0.02553671379
0.01544415313
0
0.00E+00
0.02325033471
0
0
0.007911180378
0
0
0
0.02562133936
0.01153705281
0.02576405182
0.01671407951
0.0009644392748
0
0
0
0.002044087638
0.002335606162
0.01642791014
0
0.02817495402
0
0
0.007013685673
0.0365812668
0
0
0.01011915716
0
0
0.01173847068
0
0.0110453954
0
0.03967346849
0
0
0
0.01647610475
0.005613002654
0
0.04477767527
0
0
0.01350252288
0.02627051782
0.004202383496
0.00E+00
0.0280424361
0
0.01428560273
0.0104519539
0.008863906896
1.81E-05
0
0.02711325275
0.01254099275
0.01630793764
0
0
0.00311969889
0
0.02129484369
0
0.04623363348
0.013902365
0.007311591182
0.02364728582
0
0.02185580126
0.01662825986
0
0.0275745784
0.001836719722
0.0151579595
0.01984207966
0.02395793778
0.01333462257
0
0.02463395156
0.03106651306
0.001452251634
0.008284414803
0
0.02481330581
0
0.01224203355
0.03381661531
0.004773333178
0
0
0.02756129601
0.007172284206
0
0
0.0221228857
0