0
0.04733311369
0.01933181995
0
0
0.01867046399
0.005335887267
0.05106201687
0
0
0
0.01246879847
0.03781873422
0
0
0
0.005663239883
0.01429645796
0.002565630048
0.02622689668
0.04031139314
0.0180555128
0.02765232627
0
0.007168026212
0.0034730474
0.01362018626
0
0.003188752055
0.03347713245
0.01280877099
0
0
0.002056494371
0
0.02119914803
0.0003092800606
0
0.04048866483
0.04318449415
0.002401257782
0.004229155088
0.02486668951
0
0.02070242738
0.01179510573
0
0
0.005810256432
0
0
0
0.007834741356
0
0.03719959904
0
0.009540916489
0.01453891293
0.04990066844
0.05035278186
0.02475071156
0.03945731646
0
0
0
0
0.0003839866692
0.00442490107
0
0
0
0
0
0.02446608111
0
0
0.02579513489
0.000306657895
0
0.00381726259
0
0.01548382864
0
0
0
0.01066420033
0.02212887208
0
0.01691868043
0.01076525738
0
0.02152720998
0
0.01138871449
0.001306896364
0
0
0
0
0.01947548797
0
0.02831361062
0.009407552199
0
0
0
0
0.0003748074222
0.002763428258
0
0
0.004195348727
0.0357069883
0
0
0.01851622873
0
0
0.0268428205
0.001755700256
0.01512418726
0.01988565156
0.0505871695
0.03375692618
0
0
0
0.002592121217
0
0
0.02577706902
0
0.008183567748
0
0.001703049751
0
0.03184137191
0.03079955358
0.03641086592
0.0138869728
0
0.0005922567524
0.003663882583
0.01087308432
0.00E+00
0
0.001080447344
0.03088572416
0
0
0
0.03239823339
0.004549537386
0
0
0.04682754241
0.02573355933
0.0359368825
0
0
0.05191891304
0
0.03019682921
0
0
0
0
0.01422204295
0
0
0
0.06260192161
0
0
0.00E+00
0
0
0.02110197466
0.01645183471
0.02458246652
0
0
0
0.01757375594
0
0.01438378492
0.01997718777
0
0.03021403789
0
0
0
0
0.01208212034
0
0.00393456055
0
0.03986833705
0.04992409124
0
0
0.01910570525
0.01838845279
0.005060434745
0
0
0
0.02024990079
0
0.003438224132
0
0.03241498116
0.01168999497
0
0
0.01924419354
0
0.03182892261
0.03242536511
0.01138156831
0.02579378228
0
0.03763113621
0.01710444786
0
0
0.01088463756
0
0.0172358539
0.02357181357
0.02262808863
0
0.007251849162
0.003642399956
0
0
0.0301489248
0.0377675767
0.01464528038
0.03072472542
0
0
0.008413445793
0
0
0
0
0.04223887279
0
0
0
0.007593819914
0.03048134333
0
0.005025565885
0.04665818195
0.03070161358
0.02970993222
0.00191378227
0
0.02883538947
0
0.0132150559
0
0
0
0
0.02884630479
0
0.003422028886
0
0.04977691891
0
0
0
0
0.004627039498
0.03990482511
0.002567205185
0.02045526933
0
0.0134988249
0
0
0
0
0.002858887896
0.004988963742
0.02315432189
0
0.01502081622
0
0
0.004715301448
0
0
0
0.01715029138
0.03996773787
0
0.02831985824
0
0
0.0006867225274
0
0
0.03009277121
0.01642055089
0
0
0.001752216967
0
0.004841149767
0.001470386564
0.05602724543
0.01233561925
0.03481011716
0
0.00E+00
0.02343907883
0.03094824243
0
0.0179242561
0.008793860175
0.01706061815
0.01920673664
0
0.03307920359
0.03550373132
0
0.03000312504
0
0
0.005357931626
0.02096836517
0
0
0
0
0
0
0.02001260711
0.01542731939
0
0.01999051281
0
0.0506483889
0
0.009379571697
0.01411897894
0
0
0
0.02373844754
0
0
0
0.04494569858
0
0
0
0.006835980681
0.04165807143
0
0.01192689943
0.02920266054
0.02455134576
0
0.04181162146
0.00E+00
0
0
0
0.0286129028
0
0
0
0.006087359792
0
0
0.01813180388
0.0004516488182
0
0.01549848313
0
0
0.0268838091
0
0.00E+00
0
0.04119704993
0
0.04015714865
0.03406595516
0
0
0.005623947391
0
0
0
0.0342554797
0.01216210563
0
0
0
0.008670028716
0
0.009956832191
0
0
0.02198640929
0
0.006083366391
0.03123050392
0.02675460537
0.01826134053
0
0
0
0.009747919387
0.0283608687
0
0.002085869358
0
0.05606662657
0.04746367982
0
0
0
0
0
0
0
0
0
0
0
0
0.02380791496
0
0.01429171594
0.03742980585
0.02860392753
0.03400253919
0.04360830401
0
0
0
0
0.007150487353
0
0
0
0.01411162208
0.0151184444
0
0.006227406982
0.01846805083
0.00776781462
0.02321930785
0.003549892024
0.008624669239
0.008863587081
0
0.03069413171
0.05989321916
0.008265836738
0
0.01548986231
0.01458925013
0
0
0.004283181335
0
0.03439162176
0.01665927568
0
0
0
0.02407699971
0.02326314132
0
0.02397351004
0.02640218279
0
0
0.003478272208
0
0.02062457117
0.01317082458
0.007332298671
0.001226296218
0.002130105397
0
0.02837676958
0.0212129327
0.006866146404
0
0.005668444892
0
0
0.002203919812
0.03912245515
0
0.03163263993
0.03164198224
0
0
0.04170290421
0
0.04439659595
0.01841757748
0
0.02889658938
0
0
0
0
0
0
0
0.01142166571
0
0
0.007536905086
0.01792924893
0
0
0
0
0
0.01249554798
0.03479225338
0
0
0.01167579967
0
0.004879261634
0
0
0
0.0107739252
0
0.04466527197
0.01236823615
0.0187727471
0
0
0
0
0.02543177558
0
0
0.009050124995
1.93E-02
0
0.03211173335
0
0.0003569082034
0.02012158964
0
0
0
0.01171534843
0.01100929362
0.02318969259
0
0
0
0.03374788819
0.01378703357
0.01156313078
0.04506504718
0
0.01349197946
0.03791588685
0.0003191610075
0
0.009529320354
0.01070396716
0.0293277123
0
0.04281297244
0.01688527572
2.05E-02
0.01031657866
0
0.02385759526
0
0
0
0.00722160054
0
0
0.04981974293
0.008582589133
0
0.007946968401
0.01366139789
0.01532223155
0
0.03035046507
0
0
0.01228367691
0
0.02502720999
0.03780606395
0
0
0
0
0.05021337551
0.0009004926843
0.005706863324
0
0.0393663858
0
0.01457201066
0.02759095576
0.0126497173
0.01131136804
0.02120808393
0
0.004148769762
0.01443725915
0.01036234507
0
0
0
0.03406586208
0
0
0.003679419607
0.01641166392
0
0.006319668147
0
0.0336810512
0.005753081174
0
0.03335508145
1.99E-02
0
0.02797162156
0.01082738211
0.01388539355
0
0.0443534155
0
0
0.02037013695
0
0.01182723381
0.02199812436
0
0.00E+00
0.004452946054
0.03365564455
0.01349019877
0.0116782089
0.029640103
0
0
0
0
0.04218028641
0
0.02962429424
0
0
0
0
2.45E-02
0
0
0.005583773569
0
0
0
0
0.01096407113
0
0.02034360578
0.003907994855
0.01522772393
3.01E-02
0
0.01503630991
0.001365265466
0
0.01753123474
0.004134275992
0.04104315546
0
0
0
0
0
0.02321496841
0.03094804529
0
0
0
0
0.01819060442
0.0368321032
0.01327326862
0
0
0
0
0.009803621652
0
0.01134993348
0.0324424026
0.02437717875
0
0
0
0.04555593833
0.0275222085
0.04012445503
0.00170416806
0
0
0.01024611104
0.03187221932
0.02612309559
0.02965745253
0.02098820779
0
0
0.01142489288
0.02428555258
0.007832279108
0
0.01604661554
0.03101457489
0.03782396389
0.01509380022
0.007663778937
0
0
0
0
0.04152365768
0
0.00617189377
0
0
0.009473040565
0.002487828535
0
0
0.0001035751526
0
0.0507398622
0
0.01258599123
0.02012548638
0.02044440417
0.0301275512
0
0
0.01833106427
0.01216730483
0.01313328134
0.01475353774
0
0
0
0.002536404933
0
0
0
0.005827065069
0.03195477986
0
0
0
0
0
0.003211332131
0
0.02300202061
0.02958861452
0.00E+00
0
0.02311183148
0.0124412907
0.01915310685
0
0
0
0.02851785353
0.004684072188
0.001606676831
0
0
0
0.009051712184
0.003817753722
0
0.01140384634
0.001008108647
0
0.02447074664
0
0.02535647045
0
0.007127249608
0.004030095247
0
0.03108581925
0
0.006715598912
0.003755074885
1.79E-02
0.006182872452
0.001122619263
0
0
0
0.02412506177
0.03354042904
0.02010130183
0
0.001545463065
0
0.01388473298
0.04686831667
0
0
0
0.02109411039
0
0
0
0
0
0.005190235004
0.04641086585
0
0.05130517129
0
0
0
0
0.01645192426
0.02804793917
0
0.0161106874
0.05024354197
0.01900453463
0
0
0
0.02021497106
0.005588980432
0
0.02724122905
0
0.004760865769
0.024630217
0.01239859522
0.00311702136
0.01059125823
0.002879294836
0
0
0
0
0.05770209768
0.02087841383
0
0
0
0
0.0241723559
0
0.02041965813
0
0.0001466784106
0.04063597811
0
0
0.01714127263
0
0
0.03545266431
0.01204394926
0.03885028882
0.03664908521
0.008056131737
0
0
0
0
0.02948939056
0.04675008596
0.007667454132
0
0
0
0.02716432319
0
0.002162162497
0
0
0.007487748574
0
0.01554076795
0.01836461298
0
0.0132428092
0
0
0
0
0.02141112861
0.003871786947
0.01820712108
0
0.0481518542
0.02021780716
0
0
0
0.006626510745
0
0
0
0.01724133188
0.00E+00
0
0.003737562498
0
0.05417439992
0.006141200713
0.02835570519
0.0369135161
0.003391068895
0.04488298293
0.00902912033
0
0
0.006627109274
0
0
0
0
0
0
0.01057076678
0.01123094263
0.02740911036
0.011340879
0.01338035605
0.03684323184
0.008201835856
0
0
0
0.01070227624
0.03615374287
0.008084223995
0
0
0.02262967708
0
0.001976003065
0.0185323444
0
0.02378409117
0.0002106970533
0.01146324416
0
0.006425169927
0.01729776293
0.01639431666
0
0.02818618706
0.0165294907
0
0.001157369291
0
0
0.02622751795
0.03615119009
0
0.01684724041
0
0
0.01503931657
0.04289197786
0.01586117344
0.02224680314
0.01887089047
0
0.03795179859
0
0
0
0.001035277358
0.004862110378
0.01869629278
0.03537469479
0
0.02079521567
0
0
0
0
0.03887654969
0.001354223464
0.001156189064
0.01789087669
0
0.0152795544
0.03316442645
0
0.007692920733
0
0.03018957318
0.0004122586181
0.02917490223
0
0.02493226841
0.022484195
0.006991806797
0
0
0.03524654411
0
0.005725351368
0
0
0
0.01333683987
0.03461572638
0
0.0144821371
0
0.01892113493
0
0.02577498755
0.009489148173
0
0.04013757895
0
0
0.006155310377
0.000211384565
0
0
0
0.01964376687
0.01438962706
0.01380075123
0
0.02848839976
0
0
0.03684131958
0.02285237407
0.003721734312
0
0
0.004578460113
0
0
0.003042564377
0.03918114318
0.03880777635
0
0
0.02219081607
0
0
0
0.0148951227
0.01361752108
0
0
0
0
0
0
0.03932460762
0.04502178303
0.02668238083
0.03963765825
0.004915439652
0
0
0.01595547621
0
0
0
0.008494243264
0
0
0.0252919935
0.02845216703
0.003248544246
0.002786831274
0
0.02826192966
0.02103610656
0.016853388
0.02599987239
0
0.01094381755
0.003675097965
0.01770914372
0
0.03819037246
0
0.006027284505
0.006615922848
0
0
0
0
0
0
0.005726364769
0.02185055805
0.02605969802
0
0
0.001098855827
0.01821209391
0
0.0156046705
0
0.008819693062
0
0.01158317756
0.04509080926
0
0
0.002056058166
0
0.007859472781
0
0.002672847496
0
0.04590125531
0
0
0.02118015334
0
0
0.0004425591127
0
0
0
0.01449160588
0
0.02195995683
0
0.01928185761
0.04091716997
0.02859219022
0
0
0
0.04915549728
0
0
0.03799530114
0.0007451863149
0.0428734025
0.01050616496
0.03252108022
0.01891258279
0
0
0
0.02197101162
0.05431466099
0
0
0
0
0.006295548895
0
0.02328627047
0.01952774585
0.00E+00
0
0
0.007351156975
0.03588446698
0.03567216037
0
0
0
0
0.01624125251
0.01542502637
0.01096130943
0.0007927232516
0.02146323672
0.003761296901
0
0.02928952323
0
0.005997531266
0.02872224848
0
0.01189236987
0
0.04670279522
0.005563148764
0.02908015813
0
0
0.02107508441
0.04335122672
0
0.02433069593
0
0
0
0.02740437575
0.02128366667
0.03983966499
0
0
0.01533538274
0
0.02930943905
0.04271749788
0
0.02315064758
0
0.03766724962
0
0
0
0
0
0.01627442992
0
0
0
0
0.0001779503345
0
0.04368668285
0.01143636727
0
0
0
0.01742294522
0
0.01975632394
0.03276345018
0.02668588391
0.01854578758
0
0.003258082272
0.01652070876
0
0.03937770581
0.004272073134
0.006035251727
0
0
0.01107901293
0.002613646859
0
0.00992482198
0.01843085121
0.02256650226
0
0
0
0
0
0
0
0.03050905299
0.02198047473
8.40E-05
0
0
0.008967336661
0
0
0
0.03023172616
0.01793018037
0
0
0
0.01811123184
0
0.0476409176
0.04543718587
0
0.02489546334
0.01394092
0
0
0.02324750245
0
0.008638082572
0.03067733246
0.0145061076
0.0247962664
0
0
0.008341745983
0.006480476935
0.003765396782
0
0
0.04204145956
0
0.005219591029
0
4.53E-05
0
0
0
0.00857059528
0
0.00964223565
0.02977422669
0
0.02482492764
0.03073326911
0
0
0.003533569569
0.01599866544
0
0
0
0
0.007404105332
0.05613650914
0
0
0.01479659656
0
0.02525281534
0.01029797229
0.01125244939
0.01710586133
0.0383166929
0
0.01033316003
0
0.02129091616
0.02728489593
0.03747520442
0.02284718148
0
0
0
0
0
0.01529201421
0.008077055052
0
0
0.002102002048
0.002829368508
0
0
0.02742124177
0.02970954434
0
0
0
0
0.007908353469
0
0.01724284911
0.00685882079
0.04263137669
0.02208822047
0
0
0
0
0
0
0
0.03846905067
0
0
0
9.24E-04
0.05590047321
0
0
0.00114629138
0.02374248411
0.02119368247
0
0
0
0.01254241056
0.02646213392
0.03445721048
0
0
0.007655967426
0.0230408699
0
0.02424484661
0
0.01158406941
0
0
0.003666533241
0
0.03335641975
0
0.01327766625
0
0.02451750475
0
0
0.01140581409
0.04994684966
0.02734806043
0
0.02399810807
0.008063410861
0
0
0
0
0
0.005912604328
0
0.005043054286
0.01268736196
0.009088420422
0.008761986159
0
0.01859155841
0.003668479097
0.05686016715
0.02970597754
0.00E+00
0.04298354352
0
0
0
0
0
0
0
0
0
0.03782379196
0
2.12E-03
0.01631635011
0.01357319614
0.02320502472
0
0.03584161572
9.06E-05
0.01083155319
0.0106386275
0
0.02852966575
0
0
0.01628445792
0
0.03523582699
0
0
0.01937091751
0.03187513469
0.0007367277935
0
0.04627217162
0
0
0
0
0.01726787381
2.50E-02
0.01659831262
0.00E+00
0
0.004178971008
0
0.03327934795
0.03014226405
0
0
0
0
0.02534504122
0
0
0.02094544294
0
0
0
0
0
0
0.04462829091
0
0
0
0
0.01785029046
0.01867955164
0.03890900362
0.02443220964
0.01443713255
0
0.002809802091
0.02317515757
0
0.01703716016
0
0
0.008424162123
0
0
0
0
0.04834651529
0.02416970479
0.01667967604
0
0.003612066111
0
0.05047231176
0
0
0.0147029814
0.04371069193
0
0
0
0.01220547123
0.01274707606
0
0
0.05029119564
0.01934198643
0.03691699425
0
0.001229437148
0.02281949301
0
0.02147010986
0
0.01428322017
0.01123315943
0
0.01083323176
0
0.02576920435
0.0074002698
0.03431953764
0.002793168092
0
0.002800040538
0
0
0.03876953196
0.02527187966
0.0130787651
0.007140357507
0
0
0.008007716516
0
0.006779989108
0
0
0
0.01228007323
0
0
0
0
0
0.03525678969
0
0.04435124546
0.03410060008
0
0
0.01844533014
0.02817746833
0
0.002506470505
0.0249440397
0
0
0.03010325585
0
0.0124531025
0.04943733112
0
0.02030572658
0
0.04577483098
0
3.32E-02
0.00E+00
0
0.01933227342
0.01931096374
0
0.001984955361
0.0008593921508
0.004438110371
0
0
0.0003013358842
0.04014345409
0
0
0.001813913539
0
0
0.03247807369
0
0.0156807994
0
0.0269826307
0.005594320404
0
0.002333920628
0.01656009897
7.38E-03
0.005156468274
0
0
0
0.003403410503
0
0
0.0487555011
0.009210346819
0.01727078275
0
0.0216946566
0.001852510456
0.001644970119
0.03601394916
0.01827147764
0.01607785395
1.33E-05
0
0.03517142079
0.03226502305
0
0.01676349848
0
0.04095046563
0
0
0.01573343697
0
0.03053320626
0.01501428092
0.01956909005
0.01696547267
0
0.003311845115
0
0
0.03040284573
0
0
0.0009231976909
0
0
0
0
0.01056524092
0
0
0
0.04189964098
0.02438036208
0
0
0.02002251908
0.005639270737
0
0.003545069545
0
0.02072596767
0.0169158194
0
0.01640461606
0.02210244902
0
0.004300862404
0.01864463514
0
0
0.03848132417
0.03497885902
0.001223779637
0.02445690763
0.001059474096
0.001372321334
0.06323749689
0.02332294919
0
0
0
0
0.01920910374
0
0.006853322066
0.04546354924
0
0
0
0
0.0007697208073
0.01991660974
0
0.0004319989916
0
0
0
0.01099000095
0
0.01116168181
0
0.02795425295
0.002892057315
0
0
0.005646068271
0.02932588069
0
0
0
0.04076859881
0.01092530541
0
0
0.01168074608
0.001339192618
0
0.003630563952
0.01917124728
0.03934198399
0
0.01292213108
0.02652701202
0.002419141509
0
0.04614993253
0
0
0
0
0.03028612216
0.01417482064
0.03123359732
0.01577617171
0
0
0
0.0006041730522
0.05092352679
0.01057913603
0.001784190902
0
0
0.04623615874
0.00E+00
0.01008629767
0
0.03486745022
0
0.02028946167
0.008276498806
0.003779914867
0.005753398084
0.02398400199
0
0
0.005102446297
0.01072344577
0
0
0.03180469809
0.02964113482
0
0.03503798598
0
0
0.04603454621
0.001025112842
0
0
0
0.03301186163
0
0.02553340695
0.01311481331
0.004710089939
0
0
0
0
0
0
0
0.02897195379
0.01370901239
0.02063693658
0
0.01888297836
0.01796139575
0.01332729075
0.0314508733
0.00020578158
0.007196471011
0.004966683772
0.001046310317
0
0
0.02544029153
0
0
0
0
0.001487299685
0.0284431689
0.01111026196
0.02190886131
0.0412606137
0.003672778039
0.004621269844
0
0.001848758518
0
0.004034739448
0
0
0
0
0
0.01714456176
0
0.04741402142
0.009554726808
0
0.01935379098
0.002373749463
0
0
0.04178864874
0
0.02434931035
0.02702952286
0.008290815482
0
0
0.005183055729
0.02826697567
0
0.007613123874
0.02139911796
0.01392523907
0
0.01407442914
0
0
0.03379071802
0
0.02479524756
0.01858125364
0.02270574858
0.03764975903
0.01009320315
0
0
0.0290283535
0.002773801146
0.00E+00
0
0
0.04949005488
4.91E-02
0
0
0
0
0.02492884942
0.0006046002559
0
0
0.05748976897
0.013560816
0
0
0
0
0.03310211909
0.04307773058
0.02307875668
0.006561369312
0.002571919347
0
0
0
0
0
0
0
0.01791619041
0
0.01604235283
0.01072102103
0
0
0.0139987301
0.02261388241
0.004837775678
0.00395559955
0.02172084123
0
0
0.02380754863
0
0
0.036130485
0
0.002988553707
0
0
0.01316121691
0
0.03083639201
0
0.05291633929
0.004569507398
0.0436671469
0
0.03797548155
0.02056526036
0.02884531488
0
0
0
0
0
0
0.01707375411
0
0.0003391102798
0
0.03474911968
0
0.00871397831
0
0
0.02308163022
0
0
0.02402305145
0
0.03723836937
0
0
0.02620083498
0
0.00358440312
0.005370408463
0.0326708457
0
0
0
0
0.0006659650672
0.004902826641
0
0
0
0.03247172645
0.03804406784
0.03052373544
0
0
0
0
0
0.01446127096
0
0
0
0.02360928782
0
0.01627833256
0.02565390109
0.04619222813
0.002903244356
0.02591763371
0
0
0.01256185708
0.006809396369
0.003518986501
0.01222672098
0.01598133381
0.02249908793
0.03166985203
0
0.02795018125
0.004778203582
0
0.01231090366
0
0
0
0.02516744431
0
0
0
0.01289461703
0
0
0.04451387164
0.007494489547
0.01970969005
0.01582835552
0
0.04165100816
0
0.01831901878
0
0
0.008631665071
0
0.01581699816
0
0
0
0.02920625333
0
0
0.009636705472
0.00E+00
0.04260031874
0
0
0.03135101259
0.03778498549
0
0.05086850462
0
0.007678645948
0
0
0
0
0.01850180772
0
0
0.01506433403
0.005028740826
0.04567488949
0
0
0.04138068777
0
0
0.02809665713
0
0.007988214527
0
0.004718741329
0
0.02298721757
0.02406463712
0
0.007420047774
0.01204846075
0.01202582225
0
0
0
0.02188005654
0.009557974707
0.007921442324
0
0
0
0.03157821132
0
0.01779912111
0
0.03820841336
0.003997830882
0
0
0.007817774588
0
0.0318109172
0.04600780063
0.03802396939
0.02556944065
0
0.01555169743
0.005972532191
0
0
0
0
0.02447154653
0.0117136747
0.01202275776
0.0030927226
0
0.006216282755
0
0
0.03679015601
0.008915065801
0.004447709268
0.01544269185
0
0
0.02273893714
0
0
0.0002805194412
0
0.02803035186
0
0.004722119721
0
0
0.02793400467
0
0.02311284598
0.02692317499
0.03062426188
0.02011644087
0.01414964968
0
0.01945297324
0
0.01483466107
0.005166562755
0.007064945492
0
0
0.01145483099
0
0.009358132717
0
0.03804591158
0
0.009729582623
0.01344595189
0
0.007628945748
0.02404981313
0
0.02747133465
0
0.04047626014
0
0
0.01133990043
0
0.007403731778
0
0.03963870149
0
0.027370242
0
0.01119128493
0.008223630599
0
0
0
0.00E+00
0.04321050688
0
0
0
0.005509974224
0.02418892439
0.03225191532
0.01154155214
0
0
0.02781636407
0.0323392976
0.02539350798
0.02747547677
0
0.004797086902
0.0112837716
0.01446102754
0
0.03304170442
0
0
0
0
0
0
0
0
0
0.01228467771
0.01169666688
0.01883277287
0
0.01783877778
0.01426786688
0
0
0.03009322128
0
0.009754870211
0
0
0.02373948199
0
0
0.006455646618
0.004328075874
0.004880204255
0
0.002783035153
0
0.04285933462
0.006510459238
0
0.02846106001
0.01770503356
0
0
0
0
0
0.007395490231
0
0.02295729179
0
0.03131337988
0.045084692
0.029635246
0
0.01136665848
0
0.0417293925
0
0
0.03991078895
0.01300734455
3.80E-02
0.01490485701
0.007427203574
0.01135027153
0
0
0.0005478796581
0.01365979774
0.04568083528
0
0.005353299666
0
0
0.03242851959
0
0.008280140472
0.02265941985
0.004413540272
0.001550520395
0
0.01802674913
0.01089645779
0.01732858858
0
0
0.00251270695
0
0.01559613082
0.01977766382
0
0
0.004822709245
0
0.004848648953
0
0.02195706761
0
0.01517050035
0.01558711576
0
0.005772108269
0.004277466422
0
0.001887795793
0.03172251016
0
0
0
0.02109030003
0.01916814042
0.01397689352
0.02270620494
0.02439622746
0
0
0
0.02923275489
0.05445528326
0.002413134751
0
0.00E+00
0.01562408264
0
0.007021942881
0.00E+00
0
0
0
0.04315758612
0.004278166475
0.01729310839
0
0.00154258183
0.02073678231
0
0
0.03826814297
0.02666325838
0.02874463342
0.02780230653
0.00643016901
4.66E-05
0.01533951557
0.00973495371
0
0
0
0
0
0.009828380588
0.01478563263
0
0
0.03472248866
0
0
0.008154110484
0.03311171005
0
0.03113052342
0.0008343169383
0
0
0.005537238695
0
4.19E-02
0
0
0
0.009681386812
0.03656339177
0
0
0.03581259791
0.002797530049
0
0.02670966993
0
0.02863889489
0.04113898655
9.68E-05
0
0
0.01983302947
0.003733948575
0.02344872201
0.02925769799
0
0
0.01466488678
0
0
0.01020646333
0.0218936024
0
0.03381450202
0
0
0
0
0.04728220938
0.01743456508
0
0.01753021878
0
0.03173975998
0.03280995633
0
0
0
0.02030731647
0.006093859375
0
0.01682444394
0.04561253115
0.007093457568
0.005310941131
0.001395249142
0
0.02089703801
0
0
0
0
0
0
0.01832252312
0
0.0157937703
0
0.009327491683
0
0.02396142971
0.01021854449
0.00E+00
0.05119817464
0
0
0.01867746418
0.01473190618
0
0
0
0.0324128611
0
0
0
0
0.02940970957
0.01327846738
0.04941110086
0.02503705013
0
0
0.005240897995
0.01739264946
0
0
0
0.03473116645
0.04109133976
0
0
0.02546892678
0
0.004050159383
0
2.86E-02
0.004133801638
0.00E+00
0
0
0.001634017885
0
0.0007024129017
0.00739733918
0.0641795972
0
0.04923924842
0.007646502011
0
0.001228197217
0.01528011604
0
0
0
0
0.04624740988
0.03529195982
0.002399783806
0.005181884399
0
0
0.004282898342
0.009564259931
0
0
0.02009128153
0.03545711749
0.0206285994
0
0
0
0
0.05126546331
0.0247597103
0
0.008956094353
0
0.002334533654
0
0.000526486337
0
0
0
0
0.001868354072
0.0002029670362
0.02102142732
0
0.005481812776
0
0.04584252618
0
0.024248367
0
0
0.002730368346
0.003800180034
0
0
0.05731590346
0
0
0.02957737144
0
0.02369499469
0.01490893616
0
0
0.05093542061
0.002947497567
0.03098195422
0
0.03015508967
0
0.03490368301
0
0
0
0
0
0.0004525464329
0
0.004249469333
0
0
0.03943554501
0
0
0
0.01930917115
0.02898361791
0
0
0.01189545499
0
0.02441596883
0
0.01721603163
0.02623901449
0.02588664672
0.02361686772
0
0.0431569413
0
0
0
0
0.009847733286
0.004790077367
0
0
0
0.03248216529
0.0404184124
0
0
0
0.02173545358
0.03685392323
0
0
0
0.02730051522
0
0.05592976679
0.003041954577
0
0.06326610937
0.01656026496
0.005484938013
0.003800672539
0
0
0.02386299678
0
0.0001303894816
0
0.00719977098
0
0.02272510278
0
0.009202311859
0.006086651349
0
0
0
0
0
0.02247629915
0
0
0
0
0
0.01080645672
0.0004910788962
0
0.009918532357
0.02171637088
0.01895673581
0
0
0
0.02118168765
0.01207718586
0
0
0.03589625501
0.01195955257
0
0
0
0
0
0.003647806091
0.006897229289
0.02391606871
0.003461695583
0.01523553197
0.04381257573
0
0
0.03868693913
0.02642838336
0
0
0.02055679308
0
0.01547166812
0.06143165839
0.02056143304
0
0
0
0.02882627836
0.01708435896
0.04157229297
0.01675665842
0
0.007977709466
0.02643678168
0
0
0
0
0
0
0
0.03913041565
0.02608899868
0.03040138789
0
0.009938831384
0.007017527656
0
0
0
0
0.01575852784
0.03859303362
0.01033817565
0
0.009170981943
0
0.02989666289
0
0
0.00530772313
0.03045510363
0.03566632328
0.01646401124
0.0009390888413
0
0
0.007498235951
0.02895306551
0
0.01144026911
0.004230091166
0.01207385341
0.005745555543
0.0395145924
0.004554161371
0.02323337993
0
0.01566059502
0.0005729728767
0
0.02228967045
0.04237668169
0
0.006990450346
0
0.009665517134
0
0.002611675056
0
0.01530725323
0.02636896893
0
0.02118958719
0
0
0.005919680438
0.007315251434
0.0006660871591
0.02513658596
0.03330843112
0
0
0
0.0129560731
0
0.01509804705
0
0.03912522192
0.002955441733
0
0.02978949456
0.05591325391
0.002123189433
0.02666283883
0.01474659896
0.002988979369
0
0
0.03688695277
0.01869099182
0.006686377758
0.01203024333
0
0.01046420624
0
0
0.01926761341
0
0.009706812571
0.01051694852
0
0.006396654655
0
0.0110555554
0
0.002304865091
2.11E-02
2.51E-02
0
0
0.03490422228
0.004105470676
0
0
0
0.003290705987
0
0
0
0.01611562547
0
0.01694661135
0
0
0.02052698996
0.01195228892
0.02097170312
0.007589244419
0
0
0.02617298875
0.05062775545
0
0.01445270433
0
0
7.58E-03
0.01483840165
0
0.03757810835
0
0.001996318187
0
0.05031874327
0.01871754124
0.02065315661
0
0.02215799065
0.004858126931
0
0.01265979231
0.02807408632
0
0.02560272612
0
0.004327113648
0
0
0
0.02686421903
0.0005025143563
0
0.01804855562
0.01029352098
0
0.02032810385
0.01132642537
0
0.04262639872
0.02345972967
0
0
0
0.02415420664
0
0
0
0.003063212246
0.02262608643
0.009958282397
0.04745735577
0.04307655518
0
0.03704574094
0.001619753398
0.02538750369
0
0
0.01748802878
0.009336350231
0.01758355438
0.004090019442
0
0.03113311483
0
0
0.01363736257
0
0.002228767374
0
0
0
0
0.02776679071
0
0
0.03936076275
0
0.007630176842
0
0.02030551844
0.006884136944
0
0
0
0
0
0
0.01355432365
0.03945698843
0.006679806125
0.01818528753
0.01626703395
0
0.04288529318
0.007964068015
0.01066341432
0.007478331088
0
0
0
0.01703157005
1.68E-02
0.01686491137
0
0
0
0.02619449198
0
0.04413550183
0
0
0.007070815187
0.04362655142
0.008372186936
0.009695075766
0.01049272613
0.02217096933
0.05754552328
0
0.03212662392
0.03352246453
0
0.04467347764
0
0.007636211533
0
0
0
0.0005286965281
0
0.02134840054
0.01021245336
0.0120161594
0.007991059044
0
0.02290667516
0.03359442451
0.01892790571
0
0
0.01938272217
0
0
0.00E+00
0
0.0009396082489
0
0.003583552835
0.02865363639
0
0
0
0.04354411429
0
0.003813272307
0.02895363327
0.003716293053
0.02817317223
0
0
2.07E-03
0
0.02016144909
0.01243221162
0
0.002984934092
0
0
0
0
0.03168922109
0
0.04739133599
0
0.00E+00
0
0.005148244912
0
0
0.004639896517
0.002489632343
0
0.006973447415
0
0.01464322284
0
0.04815542
0.02720476545
0
0
0
0
0.008518045222
0.01186343841
0
0.008453694919
0.04893031112
0
0.03978155116
0
0.01629017643
0
0.0131880502
0.01329574602
0.03201390779
0.01209549995
0.00739827875
0
0
0.003945693642
0.02537058936
0
0
0
0.006515023281
0
0
0
0
0
0
0.004409314497
0
0.001582448074
0.00416695023
0
0
0.02498197804
0.0002334616635
0.01870967554
0.02333733112
0
0
0
0
0.00908798646
0
0.02683141577
0.02076341909
0.05470635876
0
0.03379922659
0
0.02276513289
0.0175163228
0.0352167531
0
0.007236220548
0
9.16E-03
0.006652022686
0
0
0
0.02216748153
0
0.009547838624
0
0
0.01830819972
0.03026486543
0.02483588227
0
0
0.02413800462
0
0.0277868348
0.01568593098
0.01012489677
0.01095173532
0
0.01886064346
0
0.03454138081
0
0
0
0
0
0.03680427119
0.005618988966
0
0
0.04204795439
0.02413884335
0.002952154394
0.01220759801
0
0.02511551944
0.01732008303
0
0.01033403899
0.004728309921
0.009555723251
0
0.01506161804
0
0.008899192562
0.04821702538
0
0
0.01360441944
0
0.02371911634
0.05823919062
0
0
0.00E+00
0
0
0
0
0
0.009810030855
0
0
0
0
0.01463489855
0.02052950235
0
0.0559645027
0
0.03203561263
0
0.0139051301
0.008978732453
0
0
0
0.04201844288
0
0
0.03739211872
0
0
0
0
0
0.02518435749
0
0
0
0.01213949506
0
0.02206556922
0
0.02917178484
0
0
0.00E+00
0.01834851281
0
0.03636915745
0
0
0
0
0
0
0.03653768348
0.04742108845
0
0.005496308898
0
0.007742749354
0.0365843767
0.01180278032
0.01179536889
0
0.02380742965
0.05376030679
0
0.04177254779
0
0
0
0
0
0
0.02714184583
0.04018932343
0
0.02744635289
0
0
0
0.02127276424
0
0.01983045674
0.04944355862
0.00E+00
0.009989001717
0
0.008173484974
0
0.00884676529
0
0
0.01598741188
0.003706233895
4.20E-04
0.01477840588
0
0
0.002926634231
0.00498807462
0.001628122468
0
0.02017631857
0.01392576317
0.04048678421
0
0
0.0295472987
0.002030696559
0.03548706354
0.002883029669
0
0
0.05213771127
0
0.003728892387
0
0.01448817908
0
0.001859002076
0.02359361856
0
0.03922318715
0
0.003150621302
0
0
0.006613293043
0.01043358613
0.003992468013
0.02450968303
0.02758344391
0.001384061131
0
0
0
0.01716878222
0.0390144827
0
4.70E-02
0
0
0.0266897261
0.02454752982
0.0002539408536
0.02585843641
0
0
0.005007704468
0
0.0236472799
0.04264146402
0.01957330866
0
0
0.004835035593
0
0.006909130621
0
0
0.008860057993
0
0.01839773147
0
0
0.02444437249
0
0.01667874457
0.02002481194
0.04932351971
0.0119648233
0.008980104242
0.01891958902
0
0
0
0
0.01999629164
0
0.03572312095
0
0
0.01010068174
0.002045358953
0
0.0087527134
0
0
0.02678015006
0
0.009881529467
0.04717595114
0.01115328953
0.02436823355
0.01274465451
0
0
0.02133602092
0.02989664944
0.03287951128
0
0.00E+00
0.01689166124
0.03948128167
0
0.002686566536
0.002140823319
0.005704417365
0
0
0
0
0.02432043402
0.002712001288
0
0
0.01624865068
0.007351229314
0
0.02424193701
0.01985577772
0.0006057026043
0.04380047178
0
0
0
0
0
0
0
0.003862503316
0.0354074604
0.02099624509
0
0
0.01944111926
0.004624713005
0.02217502483
0.03337483314
0.0306691803
0.02386154325
0
0.0001027460805
0.04941078802
0.00798533527
0
0.04197858495
0
0
0
0
0.005481525558
0
0.03464403058
0.008361243048
0
0
0.0001731089646
0.008997179202
0
0.004984842695
0.03744610414
0
0.01549735034
0.0397658384
0
0.001972016911
0
0.0005063718685
0
0
0
0.04406032954
0.01516950419
0
0
0
0.01017165817
0
0.01385012737
0.03946493494
0.01844621794
0
0.01569288086
0
0
0.03639251539
0
0
0.03802171139
0
0
0
0.02876838466
0
0.02408302895
0.005628075791
0
0
0.03081109374
0.007051750106
0.04499646737
0
0
0
0.01749124138
0
0.01808486979
0.004672127743
0.02611003694
0.0486310763
0
0.01061194522
0.02946997091
0
0.04712427235
0
0.01757991286
0
0
0
0.006317170816
0
0.02039896732
0
0.0217195505
0
0
0.02629785245
0.02610568533
0.03978940599
0
0
0.02708294761
0.017544615
0.001403509581
0
0
0.02927074383
0
0.00329305811
0.01043329174
0.00E+00
0
0
0.04875708466
0
0.008457725047
0
0.03823148864
0
0
0
0
0
0.02283331311
0
0.002709064635
0
0
0
0
0
0.01979475964
0
0.03875382871
0
0
0
0
0
0
0.01273377862
0
0
0.007418820037
0.02431726288
0.02335343373
0.02242591025
0.02657292569
0.002067453467
0
0
0.02948100549
0
0
0
0
0.008374735997
0
0.05333900692
0.0184786924
0
0
0.005637459249
0
0
0
0.002839928134
0.03684454892
0.03698219651
0
0.02506896842
0.02219062363
0
0
0
0
0
0
0
0
0.012516156
0
0
0
0.06286304417
0.0003401182551
0
0.06072584699
0.0011004745
0.02808704918
0.009367666838
0
0.01244523529
0
0.0231008787
0
0
0.03176404519
0
0
0.007589090789
0
0.008369563234
0.00966613119
0.006076604951
0.02454777151
0.03059368448
0
0
0
0
0.01228733579
0.04084966682
0
0.0183393846
0
0.009135842144
0.01117871401
0.009001608907
0
0
0.00658079719
0
0
0.006479278433
0.009609122228
0.02718956347
0
0
0.04887926893
0
0.03617585049
0.01497788506
0
0.0160121608
0.01257401337
0
0.02287331859
0
0.001198458368
0.01835903147
0.01871713355
0
0.03935894245
0.000765806981
0
0.01218594225
0
0
0.02616573564
0.02935640032
0
0.02134918741
0.01795492932
0
0.04551645353
0
0
0
0
0.005171115269
0
0.006605928971
0.01507255849
0.0355283247
0.02309682276
0
0
0
0
0
0
2.13E-02
0
0.009641775883
0
0.009711619225
0.0006030875385
0.01013895281
0.04775408899
0
0
4.82E-02
0
0
0
0.03381966887
0
0
0
0
0.02362472822
0.0007068286729
0.01664671705
0.02755479223
0.03598420569
0
0
0
0
0.002600935992
0.01869469558
0.0005557182767
0
0.02824379389
0
0
0.001527071548
0
0.04668543728
0
0
0.01514771014
0
0
0.002561539569
0.03223235895
0
0.008193008784
0.01207784199
0.01166388321
0
0.02210680246
0
0.03467238246
0
0
0.04357078214
0.02154204941
0
0.027002183
0
0
0.01792696
0.01368176561
0.02922518602
0
0.01134068632
0.02829399066
0.003413271498
0.00E+00
0
0.03726959295
0.006101592128
0
0
0
0
0.02861205046
0
0.01759939536
3.05E-02
0
0
0.04880292911
0
0.04761414117
0.006420153013
0
0.02927433797
0
0.01363074406
0
0
0
0
0
0.03168946618
0
0.02720171751
0
0.01334291079
0
0.01509596065
0
0
0
0.01398717351
0.04152378554
0
0.01451019122
0.01381243794
0
0.01584687552
0
0
0
0.0117762123
0
0.0471931171
0.00128694095
0.01327849995
0
0
0
0
0.03175255501
0.01603754931
0.001518984227
0.01190469789
0
0.0007399054887
0.01312554706
0
0
0.00319470943
0.008002260719
0
0
0.007162248903
0.002474198218
0.02514505049
0
0.003345923508
0.001719089381
0.02260043859
0.01870122521
0.0130514222
0.04082650847
0
0
0.03891270363
0
0
0.01062875997
0.001844261447
0.03712556383
0
0.02078110149
0.03015531732
0.003564788715
0.02587517267
0
0.02610837613
0
0
0
0
0
0
0.0506181824
0.01069198993
0
0.01341192835
0.01175668069
0.01422702356
0
0.02120262735
0.00651454464
0
0
0.003725751513
0
0.001883171773
0.002709457911
0.00E+00
0.02060257446
0.03403338708
0
0.030466897
0.005997237658
0.03812922997
0
0.01123565689
0
0.009761391568
0.02433563986
0.001882344716
0
0
0.03160424833
0.03869074121
0
0
0
0.01840578613
0
0.004163972076
0
0
0
0.008923174523
0
0
0
0.002471584159
0
0
0.03210665074
0.02448325569
0.0371151345
0
0
0
0
0.01614282643
0.0007871230568
0
0.03881452013
0.03327288624
0.02610064662
0
0.01830462815
0.009881993597
0.002731256046
0.02068938772
0.01061893265
0.008022595896
0.009012376684
0
0.05074426421
0.05052766015
0
0
0
0.03581844474
0
0
0
0.009283083076
0.04606507035
0.02296680309
0
0.0002166228121
0
0.0270889918
0
0.004032923143
0.02706884127
0.008289751207
0.001184755832
0
0
0
0.009625939873
0
0.02820217336
0
0
0
0.04263496488
0.00932935865
0
0
0.02209671859
0
0.005293281513
0
0
0.02555563198
0.02927838576
0
0
0
0.002118024729
0.04843927501
0.006322378263
0
0
0
0.003847815788
0
0
0
0.046386914
0.01326046036
0.00E+00
0
0
0
0
0
0.004202405038
0
0
0
0
0.008403174476
0.0171640213
0.03324866426
0
0
0.05322527025
0
0
0
0.01738614893
0.002109686432
0.00E+00
0
0
0.02609356258
0
0.01728464327
0.02804909554
0.03004637827
0.0140232498
0
0
0
0.01130816058
0.02163124646
0.01384438903
0
0.01843962486
0
0
0
0
0.05668021472
0
0
0.0201138221
0
0
0.01008812611
0.04446943923
0.01586806832
0.008028057199
0
0.009245803733
0.007657423012
0.009328657616
0
0.05267067285
0
0.01632498579
0.0304887978
0.02516680606
0
0.04256223197
0
0
0.02501524407
0.02742893098
0.0111742291
0
0
0.02536355224
0.003112988922
0
0
0.03456403428
0.02087732482
0.006109465009
0.0006992356275
0.01078502774
0
0
0.0206687065
0.02974744205
0
0.0122307703
0
0.04123197667
0
0.0249873913
0
0
0.04814900823
0
0
0
0
0
0.02411808688
0
0.01050706714
0
0
0
0
0
0
0.001718269884
0
0
0
0.005218616237
0.01617381784
0.02185217388
0
0.03125951753
0
0.03667417909
0.005850135901
0.03946200407
0
0
0.0004857810894
0
0.04343975104
0
0
0.01695130892
0
0
0
0
0
0.008016098991
0.003420902644
0
0
0.0051990822
0.01102552685
0.02091310546
0.002753806933
0.0182266073
0
0
0.008114858688
0.003889263714
0
0.01548956882
0.02325500387
0
0
0.03105352351
0
0
0.03456532754
0.06718413234
0
0
0
0.004054002392
0.007261923428
0.04061949045
0
0
0.04563967623
0.04122275175
0
0.008861997192
0.01360126362
0
0
0
0
0.01223886683
0.06334557885
0.04949499286
0
1.90E-02
0
0
0
0
6.58E-02
0.008315100475
0
0.02600676422
0.001138149606
0.02340264324
0.02246973128
4.75E-05
0.01385107948
0
0.01817388404
0
0
0.0137813487
0.02902429123
0.01530725279
0.05281875369
0.003773772485
0
0
0.01976848507
0
0
0
0.01663880519
0.05569540893
0
0
0
0
0.0202649213
0.02142763933
0
0.04158811633
0
0
0
0.02343067848
0
0
0
0
0.03586486352
0
0
0.01340045987
0.03176448401
0
0
0.001131270622
0
0
0.009883826855
0
0
0
0
0.004742722442
0
0.04156801118
0.03136594243
0
0
0
0
0.01535707972
0.01874204846
0
0
0
0.00E+00
0
1.42E-02
0.04539473446
0.01088299587
0.002144297725
0
0
0.05910435972
0.01135758681
0
0
0.008973146675
0.04234800019
0
0.003036278515
0
0.01627848006
0
0.001284373948
0
0
0.0275615897
0.04134264302
0
0.01955216422
0
0
0.03689046399
0.01084236641
0
0.03015282988
0
0
0.03160445787
0
0.001721892264
0.005511228195
0.01927243255
0.0113659922
0.02306124017
0.001475722658
0
0.01136432401
0.002767447358
0.02875662171
0.04304885826
0.000712209603
0
0
0
0.002442859024
0.02963387569
0
0
0.004563933614
0
0
0.02085804393
0
0
0
0.005820283675
0
0
0
0
0
0.000857568134
0.03513176059
0
0.0465285327
0.02627998908
0
0
0.009811646872
0.0002385125056
0.02336945878
0
0.001833315288
0.04679933195
0.0518078927
0
0.0006159524707
0
0.04166840187
0.0114858032
0.002240215759
0.03032233025
0
0
0
0
0.002535010615
0
0.02005128895
0
0
0
0
0.03981951196
0.004863284078
0.02469112346
0.01128888594
0
0
0.01035225977
0
0.04819320044
0.005253422613
0.006516559193
0.03479613175
0
0.01728094196
0
0.02295161256
0
0.00663325413
0
0.006207017019
0.02213125901
0.01857774032
0
0
0
0
0.04699970102
0.008058327024
0.03166366238
0.01043596736
0
0
0.01015283595
0
0.03459687781
0
0
0
0.008991459974
0.02536417035
0
0.01180540088
0
0
0
0.01286350357
0.01178848438
0.02151954308
0
0.01266606125
0
0.05638589542
0.04913599642
0.01005501378
0
0
0.004501333972
0
0.01185955695
0
0
0
0
0
0
0.01084601392
0
0
2.56E-02
0.05913022245
0.01023331556
0.05228005067
0
0
0
0
0.0007996243318
0
0
0.008347834169
0.02345855525
0.04086459026
0
0.02917967111
0.006267414102
0.03625252089
0.02921398737
0
0.00902721521
0
0
0.02537651845
0.02066627381
0
0
0
0
0
0.003468176013
0
0.02717938792
0.03385473353
0
0
0
0
0.04951642037
0
0.0009652982876
0.001988047156
0.01335763555
0.02722059229
0
0
0
0.03527020415
0.002070585972
0.01745179004
0.009347935326
0.01976741127
0.0174135208
0.01476969071
0
0
0
0.003062403449
0.003860845984
0.01966131517
0
0
0
0.02444089001
0
0.009128812222
1.89E-02
0
0.04206244432
0.005372910253
0
0
0
0.04811371136
0
0.005083350874
0.005665373257
0.002660982662
0.008638488277
0
0
0
0
0.02745829286
0.01356965941
0.0236110358
0
0.009681417506
0
0.0007397149721
0.02076329191
0
0.02454192563
0
0.003356620687
0
0
0
0
0.02348557505
0.003110896448
0.01790213544
0
0.03333476967
0
0.01593721135
0.001137530926
0
0.04878846661
0.0004875560773
0
0
0.02451323614
0
0
0.00E+00
0
0.01437550149
0
0
0.02499840934
0
0.02477685332
0.03758184641
0.02227708661
0.01357102891
0
0
0.005477436849
0.01409437489
0
0.01181870645
0.04339247396
0.03988764982
0
0
0
0.00561999791
0.002851395819
0.009986179274
0.02163538846
0.02441628566
0
0.02600856687
0
0
0.01336054095
0
0.02420217913
0.03595693473
0.02152191235
0.04962249363
0.0132794781
0
0
0.01714405853
0
0
0
0.02183460061
0
0.003279375114
0
0
0.0428855505
0
0
0
0
0
0.008237463851
0
0
0.007353440031
0.04946863531
0
0.01432244304
0
0
0.03162249364
0.01255513496
0.03023231388
4.63E-03
0.02965127116
0.005424152074
0.02193375318
0.01803595894
0
0.03968878744
0
0
0
0
0
0.02456092169
0
0.03565715276
0
0.02692342546
0.002107033486
0
0.01209848393
0.03582532941
0.001953158114
0
0.01400583234
0.03117490039
0
0.004058419374
0
0
0.03795946577
0
0
0.01614354651
0.01041393917
0.03693657044
0
0.02362746226
0.0005564175462
0.001645365867
0.002035538084
0
0.04363578766
0.0344673613
0
0.02713271122
0
0.02232205762
0
0.003575529528
0.0080749968
0.001418024791
0.02739871854
0
0
0.04209493241
0
0.01745373087
0
0
0
0
0.00E+00
0
0
0.003996711487
0
0.01786505989
0.02902637625
0.02154968335
0.0009053083031
0
0.00937575411
0.01183535417
0
0.01672481575
0.002309888838
0
0.00810487933
0
0
0.01213135176
0.01064608085
0
0.03425912145
0.03790106982
0
0.03220800126
0
0
0
0
0.04141082994
0
3.43E-02
0.01169716075
0.02118432085
0.0342694442
0.01290214141
0
0
0
0.0001091613693
0
0.02321314734
0.001371086246
0.03910496541
0
0.03829495653
0.01861336714
0
0.02407766085
0
0.0008995942629
0.00324885565
0
0
0
0.009964333476
0
0.01544859414
0
0.01817611563
0
0.02929148827
0
0.02038415692
0.03151787844
0.0006798374531
0
0
0.02250669121
0
0
0
0.007545833094
0.01310168051
0
0
0.02618656797
0.0006062695818
0.01690244008
0.006274955545
0
0.01847535502
0.002995070155
0.01374732635
0
0.004721027385
0
0
0.05734835359
0.006894811067
0
0
0.001709336835
0
0
0
0.04319882231
0
0
0.01618775305
0
0.005136924721
0.003667815232
0
0.00879656953
0.04286893587
0.0080233347
0.05185676943
0.04014534715
0
0
0.00948217037
0
0
0.006248764219
0
0.03165747662
0
0.008539229041
0
0
0.001409152542
0.02472123307
0
0
0.003867233435
0.01905152612
0
0.04284083828
0
0.02533053976
0.003647507513
0.01335564774
0
0.06154001467
0.04270813803
0.008956463702
0
0
0
0.01043156617
0
0
0.03933007095
0.01190197962
0
0
0
0
0.01787864281
0
0.005467606588
0
0.01267772625
0.01762123342
0.007288921219
0
0.007996658968
0
0.01115738993
0.01402506527
0
0
0
0.001592193268
0
0
0.01686336754
0.01743697436
0.02529930761
0
0
0.02487507611
0.008237557262
0.002553063464
0.03938028353
0.01311108798
0.04471116226
0
0.001850098713
0.01790712208
0
0
0.03082614235
0.005165688246
0
0
0
0.007109386928
0.006586488274
0.02502769865
0.038059201
0
0
0
0
0.04065118553
0.005125231867
0.004555091419
0
0.00722722867
0.05876837935
0
0.01970224554
0
0.01934100844
0
0
0
0.01455600928
0.02608521017
0.01007139853
0
0.02057678383
0.003346466011
0.000346216353
0
0.01577515273
0
0.00445988273
0.004407993102
0
0
0.001357322771
0.03735763643
0.0213951496
0.01105132677
0
0.001647903485
0.01341914818
0
0
0
0.01651192868
0
0
0
0
0
0.03578686884
0.03160590892
0.003913292031
0
0
0
0
0.03193783913
0.002291304298
0
0
0
0
0
0
0
0
0.01217614091
0.02394056849
0.04144617368
0.02265954846
0
0
0.0242150315
0
0.02438017392
0.02699009893
0
0
0.01716037465
0.0150266531
0.006559987307
0.03375737271
0
0.001669497454
0
0
0
0
0.03129442902
0.0379116115
0.01556320596
0
0
0
0.03096210912
0.02258989164
0.02271345761
0.008854670104
0
0.03888571873
0.01166870758
0
0
0.02749925575
0.03965641475
0.02745702792
0
0.02612506378
0.004510848959
0.04406126821
0
0
0.03188890372
0.0168180941
0
0.0009593659247
0
0.02235340375
0
0.01596192583
0
0
0.02223691059
0.01678122029
0
0
0
0
0.009625525468
0
0.01141873918
0.007422850474
0
0
0.02315300925
0.001687753336
0
0
0
0.02503052651
0.004132451672
0.02173051365
0
0.004333571415
0
0
0.008891944783
0.01122633735
0.03372521538
0
0.002795333243
0.02828579585
0.03391342295
0.002395354307
0
0.03700229281
5.14E-02
0.0221133634
0
0.01400740603
0.02454890917
0
0.01656214339
0
0
0
0
0.008139310917
0.002585338554
0.004312819561
0
0.03129805403
0.01286575789
0.004350505984
0
0.03932073493
0.04373231185
0.01555484855
0.0275579347
0
0
0
0.006119316792
0
0
0
0
0
0.02440985625
7.60E-03
0
0.006928749083
0.0410965302
0.004464527887
0
0.03645332798
0.007268944766
0
0.02637558794
0.00E+00
0
0
0.008534148053
0.01302278371
0.004589092209
0.01519394091
0
0
0.007917096618
0.01768265043
0
0
0.0480981325
0
0
0.02155854502
0.01217151115
0.02832354417
0.03681980375
0
0
0
0.02227112475
0
0.01793280411
0.01342865084
0.001772446939
0.03271527504
0
0
0.02155562805
0
0.01892262072
0
0.01455139827
0
0.01803314596
0.01625389442
0
0
0
0
0.0167517513
0.02542931237
0
0
0
0.01828515912
0
0.01613789018
0
0.03624127128
0
0
0.01268361422
0
0
0.01670605755
0.02965030305
0
0
0.03424471222
0.02420642453
0.02548773654
0.01238777949
0.01591944342
0
0.004880179098
0.00470693321
0
0.00306803137
0
0.04417345336
0
0
0.00E+00
0.003514575258
0
0
0.02003324868
0.04276088027
0.04784018077
0
0.03764235748
0.02829414717
0
0
0
0.009887127223
0
0
0
0
0
0.01181432712
0.018187127
0.03603047753
0
0
0.01707302425
0
0.01034030761
0.01136943824
0.02520156965
0.02074681537
0
0.0002310008608
0.009447730915
0
0.019974126
0
0
0.01124817851
0.02771472607
0.03321313487
0
0.02765104838
0
0
0
0
0
0.03800604614
0.01358529208
0
0.005141837295
0
0.02700433765
0
0.03478646965
0.01213762924
0
0.004047532047
0.000533461751
0.03147256984
0
0.005583190798
0.003365120464
0
0
0
0
0.00407753138
0.02700419157
0.00E+00
0
0
0
0
0.006797933245
0
0.02915773512
0
0
0
0
0.00631492822
0.02699791419
0.03283704605
0
0
0.03465434831
0.0006254507007
0.005622702599
0
0.02551409051
0.003392783773
0
0
0
0.02396267011
0
0.023043228
0.01355552974
0.01610620428
0.0002469303302
0.00113929552
0
0
0.02138743819
0.02209995249
0.03191897672
0
0.04096927384
0.01802323344
0
0.001164263635
0
0.0348804713
0
0
0.01343604585
0
0
0.01101207998
0.03923268377
1.34E-02
0.02671485871
0
0.01640512936
0
0.01505095109
0
0.0356474282
0.003034237592
0
0.01147389886
0.03417549329
0
0.0389393443
0
0
0.02468492273
0.01794876749
0.0337611006
0.00E+00
0.03224910607
0.005734555134
0
0
0
0.02014654377
0.02677837793
0
0.004640116153
0.0001297210957
0
1.26E-02
0
0
0.03758765827
0.02253828382
0.02956826087
0
0.004546689712
0
0
0.01382772868
0
0.003277482147
0
0.01584140534
0.02503258343
0
0
0.01772846818
0.003262343131
3.15E-02
0
3.24E-05
0
0.05715314649
0
0.008982279223
0.03624836488
0.0379786584
0.02017610533
0.008445269971
0.0115476145
0
0.04371577256
0
0.02113108443
0
0.03465712714
0.00257329155
0
0.01047345195
0
0.005946191681
0
0.02246537934
0.01289314757
0.004220772715
0
0
0.02474492763
0.01686005894
0
0
0
0
0.01154675024
0.0191872967
0.02899369006
0
3.82E-02
0
0
0
0
0.005071063397
0.03608065016
0
0
0.01306513682
0
0.002144011285
0.04265096158
0
0
0
0.02558061104
0
0
0
0
0
0
0.003468019975
0
0
0.01758982396
0
0.02616181531
0.02059634994
0.05104029702
0.01555077888
0.02414898794
0
0
0
0.01091773023
0
0.01036136777
0
0
0.02066048106
0.006754219081
0.06085534508
0.0247807763
0
0
0.04607379081
0
0.0483578378
0.01014358771
0
0.03887738786
0
0
0
0
0
0
0
0.01026217222
0
0
0
0
0
0
0
0
0
0
0.02917728343
0
0.008762893721
0.0165604187
0
0
0
0
0.02902028556
0
0
0.01566342562
0.007001057751
0.03941857391
0
0
0.00295863791
0.006740248209
0.002132825786
0
0
0.003052386643
0.01152012106
0
0.004184136033
0
0.009383455793
0.02895891299
0
0.02695252585
0
0.007111516207
0.000522101777
0.02887097151
0.004655390309
0
0
0.03048788401
0.00242483202
0
0.0648893927
0
0.009875930474
0.04414120466
0.03723685249
0
0
0
2.02E-02
0
0.06132998365
0
0
0.02986405432
0
0.004176205772
0
0.01372608917
0
0.01431390057
0
0
0.04206895305
0.03236277898
0.0314351053
0
0
0.01201801141
0
0.01176264857
0.01149510953
0.02192175413
0.002135013085
0
0.017013519
0.03912466018
0
0.009390818094
0
0.04239142727
0
0
0
0.008517273717
0.003875120218
0.06039454582
0.01329686262
0.03804999858
0.03274458728
0
0
0
0
0
0.00643728603
0
0.04849725209
0.04329162099
1.26E-02
0.0007903881297
0
0.01184087156
0
0.029775238
0.0126330236
0.01127374174
0
0.04541357925
0.01479785046
0
0
0
0
0.02853388931
0
0
0
0.01119871758
0
0
0.0374956947
0
0.0124079566
0
0
0.008981770823
0.02613280169
0.01703859515
0.006654058775
0.0299781939
0.001914998483
0.0002022119741
0
0
0
0.02952148304
0
0
0
0
0
0.03642743078
0.005195384542
0
0.03937600071
0.03029391982
0
0
0
0.05743850756
0
0
0
0
0.01957806646
0.0008007848371
0
0.001730414747
0.03134384722
0
0
0
0
0
0
0
0
0.0182677854
0.001838708544
0.003948302972
0.006645538869
0
0.01951508774
0.0497435584
0.02774820679
0.02309212312
0
0
0
0
0.009087697078
0
0.008246334031
0.008504938538
0.02499551956
0.01509332957
0
0
0.0255072002
0.0235654762
0.01934186745
0
0.002993724677
0
0.03818808332
0.004355817321
0.005556839572
0.0418686185
0.01633050556
0.002078993753
0
0.002273097191
0.008076396569
0.05115927101
0
0.006672156963
0.005659487093
0.03952811366
0.01307139167
0.003989838788
0.003694247758
0
0.02386774176
0
0.0193436801
0
0.00570575643
0
0
0.01049647299
0.01288473449
0.007500331529
0
0
0
0.011660457
0.01910376594
0.0474736097
0
0.06295298479
0
0
0
0.01810744266
0.01442264817
0.02498953283
0
0
0
0
0.02429311159
0.03617843693
0
0
0.001204178018
0.01362450029
0
0
0
0
0
0
0
0.01234789918
0
0
0
0.02928701744
0.01026410565
0.05591701481
0
0.00714977299
0.007101050756
0
0
0
0
0.0117532815
0.02811951783
0
0
0
0.04538342432
0.01467087316
0.01303107217
0.0205360114
0
0.01178343848
0.003302282156
0
0.01328800413
0
0.01545423927
0
0.004719528262
0
0.002878293243
0.002830581553
0
0
0
0
0.02606742801
0.003234446811
0.02860772671
0
0
0
0
0
0
0.04135863367
0
0
0.01801782544
0
0.02127794908
0
0.03990915213
0.029080799
0
0
0.02344095342
0.004925843307
0.003281667874
0
0.02494637168
0.01877499327
0
0
0
0
0.01566038102
0
0.005076273187
0
0.04571625932
0.02805631367
0
0.02898410892
0
0.007491895373
0
0.00203749395
0.0410035371
0
0
0
0.02920882963
0.00E+00
0.0328048968
0.008294665937
0.01774010433
0
0.01336063597
0
0.01911143647
0
0.01227762843
0.005720978066
0.03682831178
0
0.02145497431
0
0
0
1.31E-02
0.04909590656
0
0.0467933921
0.01540270383
0
0
0
3.23E-02
0.01359115171
0
0
0
0
0
0.05347178306
0
0
0
0
0.04952702802
0.009722234479
0.03140837772
0.02233794561
0
0.04455100445
0
0.02787962469
0
0.01042220162
0
0.02237175429
0
0
0
0.04267926206
0
0
0
0.02720527675
0.0267355975
0
0
0
0.004194713474
0
0.02060077923
0
0.01592442395
0.002311455552
0
0
0.004351429071
0
0
0.01502025538
0
0.02079293691
0
0
0
0.02184518172
0.005295925091
0
0.01390605495
2.10E-03
0
0.01099324082
0
0
0
0
0.02136567646
0
0.04941597653
0.0232785486
0.01649672587
0.01141592457
0
0
0.01678576356
0.04543121087
0
0.001957434935
0
0
0.009439717271
0.03989667962
0.02582168725
0.004467439714
0.003625503117
0
0.008932364233
0.021009875
0.02211673384
0
0
0.01010477654
0.02973077143
0
0.001577557218
0
0.004932626489
0
0
0
0.01289758842
0.03976585304
0.02676284867
0
0.0471267278
0
0
0.03801732362
0.02082863292
0.008261474056
0.001911302658
0
0
0.03523831008
0
0.01442985488
0
0.03119802158
0.02020648661
0
0
0
0.004949106789
0.01715692311
0.06235799195
0.04755931491
0
0
0
0
0
0.002154591981
0
0
0.01400380213
0
0.02134786713
0.02465462585
0
0
0
0
0.03327440624
0
0
0
0
0
0.02713254967
0
0.007330073041
0.03831495816
0
0
0.01598110148
0
0.02517326827
0
0.006085844488
0.01878103364
0.04775866678
0
0.01496891151
0
0.03775402884
0
0.01345600504
0
0
0.007960561987
0
0
0
0.003597913929
0.0008923239291
0
0
0.01757546557
0
0.03036482054
0
0.0002544912011
0.01493605238
0
0
0.01470014739
0
0.06020078689
0
0
0.03924913986
0
0.01826593027
0.003223692336
0.03590196046
0
0.004520062501
0
0.007862618304
3.19E-02
0
0
0
0
0.01243205513
0.04583514635
0
0
0
0.01372745917
0
0.002941864662
0.002422268927
0
0.004960969003
0.003145347092
0.01222667102
0
0
0
0.02286984627
0.03251456979
0.02091211423
0
0
0
0
0.02829513173
0.01101909984
0.0534443122
0
0.01101574408
9.29E-05
0.05056959329
0.01378532623
0
0.02676786792
0.04000661197
0.01037774454
0
0.03099463314
0.0205622594
0
0.014601178
0
0
0
0
0.007772418872
0.01040949384
0.003744650509
0
0.02752635766
0
0
0
0.03730112528
0.03257520097
0.02920415283
0.03601420745
0
0
0.00E+00
0.02656746551
0
0
0.01331734881
0
0.0274560098
0.005702288121
0.01167301107
0.01469253798
0
0.04508198417
0.02182659888
0
0.009189931231
0.00334503916
0
0.016220047
0.00E+00
0.00424005784
0
0.01302580242
0
0.003525955503
0.0167796724
0
0
0.02344873808
0
0.001083984651
0
0.03047685668
0
0
0.02736115528
0
0.01324562984
0.02769372835
0.01434636134
0
0
0.003324073216
0
0.01457459903
0.02662197607
0.00E+00
0
0.01031038713
0
0
0
0.01913549651
0
0.05319497142
0
0
0
0
0.03625149688
0
0
0.007539613693
0.03071566041
0.02486268829
0.003444606368
0
0
0
0.02718812648
0.008087516746
0.0105756961
0
0.01848005367
0
0.006160900361
0.01358560299
0
0.02943063615
0
0
0.02135574521
0
0
0
0.01292488379
0
0.02113484844
0.002150111532
0.005206503689
0
0.01168670697
2.94E-02
0
0.05053886193
0
0
0
0.004155968138
0
0.01275971515
0.004697185912
0.003937040052
0.001568511662
0
0
0
0.002625306712
0.03588266755
0.0393870744
0
0
0
0
0.01838780944
0.01043990288
0.004979856217
0
0.02446155211
0.04223207676
0
0
0.00849435264
0.02715422721
0.0223093311
0.002727976967
0.03043195212
0.007311599065
0
0.02579850309
0
0
0.0118575695
0.02383722763
0.009609370791
0.04292902756
0
0.05714964662
0.01489662945
0
0
0.01430377675
0.006434775907
0.009245978046
0
0.02916319424
0
0
0.001556565587
0
0
0.006688096002
0
0
0
0.007322052706
0
0.0308293223
0.008058162922
0.01326554398
0
0.01112372752
0
0.01141975248
0
0
0.0006095153264
0.0255636853
0.02148029642
0.009992726859
0.008588747442
0
0.01523219184
0
0
0.0187584856
0
0
0.007707064345
0.01415201132
0
0.02759100328
0
0.03011865211
0
0
0.04298256057
0
0.02862319668
0
0
0.03389596708
0.01225039387
0.02939128908
0
0
0.03614802912
0
0
0
0.02656547299
0
0.01281702243
0
0
0.01208747529
0
0.02614993581
0.00154385589
0
0
0.03703440036
0
0.02494204814
0
0.03812688516
0.03043573701
0
0
0
0.003439010737
0
0
0.05135557623
0.009906865996
0.0416237997
0
0
0.0351818474
0
0.01157417429
0.01280409299
0
0.02127165057
0
0
0
0.009577822752
0.01873293987
0
0.008334481152
0.01057937304
0.05374222559
0.01966107262
0
0
0.003427520297
0.02189814327
0.0253253795
0.02545297534
0
0
0
0.0154060815
0.04134630646
1.89E-02
0.041080205
0
0.0167451955
0
0
0
0.01887096065
0.03375761925
0.01450593297
0
0
0
0.006963649125
0
0.009398998943
0
0
0.0005718276989
0
0
0.04026452925
0.0120715088
0
0
0.004786286887
0.006089790921
0
0
0
0
0
0.01063086971
0
0.0127823044
0.03005249353
0
0
0
0.02558716338
0.04145162153
0
0.01757333746
0.03579438869
0.03050771519
0
0.01608141931
0
0.009916484203
0
0
0
0
0.04064115634
0.01886828796
0
0
0.0001149451936
0
0.02315582048
0
0.005003120106
0
0.01615086272
0.02190497556
2.92E-02
0.002973053427
0
0
0.01038754819
0
0.04359622919
0.02339352285
0
0.04606453261
0
0
0.03547845613
0.009677968873
0
0.009035695243
0
0.008015561903
0
0.01651599665
0
0
0
0.01569374449
0.03682410652
5.46E-05
0
0
0.0500236731
0
0
0.01057441678
0
0.01705631505
0.01828843328
0
0.009689711091
0
0
0
0
0
0.01709117612
0.04135973775
0.02923924875
0
0
0.009269201912
0.03346661303
0
0
0
0.009026604029
0.03160110415
0
0.02267375076
0
0.01798180214
0.01963241343
0.005766854637
0
0.06185646995
0.02560510038
0.009007293592
0.001294565307
0
0
0
0
0
0.0232061969
0.0003968187201
0.03337250831
0.01391561735
0.001658106616
0
0.008289774121
0
0
0
0.05469523859
0.005904663084
0.01166661396
0
0
0.02000831393
0
0.03501239642
0.03067910947
0
0
0
0.004477025498
0
0.006674068042
0.006898481159
0.04189214858
0
0
0
0
0.02295431934
0.02345524421
0.03464337354
0
0
0.03054144355
0
0
0
0.00837415646
0.02516473843
0.006497258453
0.0225463918
0
0
0
0.00106569003
2.92E-05
0
0.01310569901
0.01380810928
0.01469926377
0.0438089325
0
0
0
0.0303932317
0.02371559158
0.04510531289
0.002339773814
0
0
0.01955053988
0.03971343596
0.01544768732
0.008254957843
0
0
0
0
0.007337790309
0.001475033391
0.03062045876
0
0
0
0
0
0
0
0.01701489793
0
0
0
0.0009070901612
0.04058373429
0.05323269691
0.0001590507631
0
0.01323482133
0.01381459451
0.002148023819
0
0
0
0
0
0
0
0.04267125479
0
0.006425692714
0.02802560871
0.008639986975
0.04216199635
0.02417940047
0
0.008494708308
0.007827950698
0.006378696489
0.008097110947
0
0.01191741542
0
0
0.001012166529
0
0.05499954391
0
0
0.01361289359
0.0004394654173
0
0
0.04964603782
0.01087592202
0.02839064662
0.001939118022
0
0.01340242647
0
0
0.03105443772
0
0.01159353248
0.01363722999
0.01777344609
0
0.04858564637
0.004150078688
0
0.05625453456
0
0
0
0.0155094324
0.00424530974
0.005177487651
0
0
0.006380505252
0.01389514338
0
0.03755645023
0.04337120733
0
0
0
0
0.002492630442
0
0
0.01709114323
0
0.03274535042
0
0.006929834057
0.039481332
0.005138122029
0.007735794472
0
0
0
0
0
0.003473630236
0.001310141887
0
0.03574362224
0.02336991941
0.00E+00
0
0
0
0
0
0
9.04E-03
0
0
0.01165473252
0
0.042185939
0
0.0187652174
0.04406824966
0
0.05797739801
0
0
0.002176220962
0.001473631761
0
0
0
0
0
0
0
0.01425838895
0.01522553716
0.002863806486
0
0.000899962067
0.01084413452
0
0.01582454248
0
0.003771731898
0.03814630339
0.01881694186
0
0.01270242331
0.02686497175
0.00539610541
0.007846220038
0.02124366755
0
0.01121193499
0.02506743561
0.005026867855
0
0.02902267133
0.01114772713
0.04519633033
0
0.02794235045
0.03289590769
0
0.01030528769
0.005259443579
0
0.0251971876
0.01673830901
0
0
0
0
0.01850590431
0.04829688182
0.02853780271
0.02786163009
0.03086201369
0
0
0.04714543336
0.01758678358
0
0
0.0008639549089
0
0.01084566366
0
0
0
0.01728765558
0.02321823988
0.005264072254
0
0.01999979615
0.01256186234
0
0.01100308317
0.004782487373
0.01552561271
0.03518459821
0.01596133903
0.02218959101
0
0.02655380128
0
0.004216342318
0.005651506123
0.008797351163
0.02203617016
0.03140647263
0
0
0.01889874597
0.02380168562
0
0
0
0.01202028321
0
9.13E-05
0.03678378942
0
0.02668057015
0.0009841213956
0
0
0
0
0.03173746533
0.0165229354
0.03158755541
0.04123559838
0.02078267078
0
0
0.02082477695
0
0.002714124329
0.03891078436
0.0100795167
0.01259370116
0
0
0
0
0.03401638438
0.01941060299
0
0
0.00669819016
0
0.02821196143
0
0.00609363288
0
0
0
0.02031245999
0
0.002590109145
0
2.92E-02
0.008928615052
0.004520043917
1.96E-02
0
0
0
0.01421744871
0
0
0.03405199572
0.02544973463
0
0
0
0
0.04241178462
0
0.03639233464
0.02501487021
0
0.02614488352
0.008672003443
0
0.01822662331
0
0
0.01397593301
0.01275368855
0.02191338219
0.02968433257
0
0
0
0.00E+00
0.009605779121
0.01558792575
0
0
0
0
0.03830913562
0.04056320743
0
0
0
0
0
0
0
0
0
0
0.006898541716
0
0.02551918653
0
0.006556795726
0.02912464559
0.03206053314
0.009547850924
0.04498112118
0.01094806261
0
0
0
0
0
0
0
0.01317422744
0.06040714849
0
0.03769134994
0
0.05156293653
0.04036827201
0
0.01350800297
0
0
0.0001678390178
0.01556056011
0.006709899438
0
0
0.006191528394
0
0
0.003586998982
0
0.02392233973
0.02353703837
0.01479632671
0
0
0.02970623787
0.003114663857
0.005901143593
0.03310011196
0.01667185332
0.02745315923
0
0
0
0.04246676463
0.005131717328
0
0.006233745859
0
0
0.03169132933
0
0
0
0.009388088026
0.01547588008
0
0
0
0.01108363789
0.01148144646
0
0.03026667937
0
0
0
0.01806523198
0
0.01353528074
0.003039889835
0.03142685819
0
0.05278945191
0
0
0
0
0.02106272515
0.003023502595
0.02487746661
0
0.009365287313
0.003460566738
0.03445659221
0.007679790501
0
0.03729578536
2.40E-02
0.005645535789
0
0.04381632801
0.00643688013
0
0
0
0
0
2.18E-02
0
0
0.01454932333
0
0.03739661564
0
0.03967256493
0
0.03144029234
0.04105100783
0
0.0341953088
0
0
0
0.0043015559
0
0
0.0004098537473
0.01306099637
0.01361152657
0.002496113563
0
0.004193341841
0.03840349793
0.0140330962
0.04392460976
0.00E+00
0.02491849417
0
0.0002664347443
0.01916832309
0
0.0139876317
0
0
0.0001680492099
0
0.02756499336
0
0
0.02824646848
0.001745811154
0.01846984572
0.0164501133
0.0105435542
0
0
0.0001687766746
0.004713385581
0.01562009664
0.04126414047
0.003641823409
0
0
0.002169643988
0
0.0235202932
0.0165976807
0
0
2.11E-02
0.0158794034
0.02089264655
0.01496181384
0
0.04920606703
0
0.02694650301
0
0
0.02264250593
0
0.03141065384
0
0.007568541151
0
0
0.00248640369
0.02169983789
0
0.01056874645
0
0
0
0.03104890397
0.004692783957
0.01872855359
0
0
0.02038638876
0.007006004637
0.02227091588
0.007357860693
0
0.02807115828
0.008508163877
0.01653245603
0.03497643687
0
0
0.02306133581
0
0.01053274714
0.00223027877
0
0
0.005325301813
0
0
0.0004858678309
0
0
0.01517726425
0
0.001667051661
0
0.01189402035
0.006749092982
0.007969317756
0.01714396927
0
0.006109407949
0.03072890697
0
0
0.000862252053
0.0340296485
0
0
0.05090379202
0
0.001360957595
0.01683022529
0.03455238763
0.01842021487
0.004042797833
0
0.01205084842
0
0.03524191553
0
0
0.03752824985
0.0119979776
0
0
0.02210848644
0
0.00457453321
0
0
0.01650133902
0.06102584679
0.03479722172
0
0.002554673419
0
0
0.01545153842
0.0005353178133
0.03168047454
0
0
0.01004168881
0.0117006828
0
0.02130811703
0
0.01322814894
0.006481486213
0
0
0
0.0299769483
0.01140910587
0.04808442998
0.02836943282
0
0
0
0.03060850678
0
0
0
0.008031913099
0.03199391028
0
0.04293627452
0.04125505248
0.006333120015
0
0.02226628145
0.003437890078
0.009342879651
0
0
0
0
0
0.01393415128
0
0
0.02431872476
0
0
0.02309329302
0
0.04139394083
0.01938584579
0.01381224089
0.03265930698
0.007542164566
0
0
0.0007374461619
0
0
0.01271916433
0
0.01662708628
0.02156130258
0
0
0
0.02861324668
0.0200598457
0
0
0.01032879682
0
0.03610908475
0
0.001680571546
0
0
0
0
0
4.47E-02
0
0
0.02693664472
0
0.02221832684
0.02377455767
0.0009860729399
0
0.02135846013
0
0.02083529799
0.04628235679
0
0
0
0
0
0.04387731097
0
0.04037583787
0.00E+00
0.006234886876
0
0
0.01130677128
0.04112965086
0
0
0
0.01702954607
0.01532608682
0.01189798042
0
0.001569322364
0.02277483671
0.01634201191
0.0253306514
0.05870094521
0.03323915747
0.007695193703
0.002104965342
0.0002578825394
0
0.00418014729
0
0
0.03998511663
0.008327760481
0.02237811125
0
0
0
0.01839047393
0.0002046296497
0.01020963993
0
0.005795987753
0.01974586565
0
0
0.02193619236
0
0.01230232391
0.02187815225
0
0
0.01246008294
0
0.002223240481
0
0.01554974657
0.02380144572
0.02918935385
0
0
0.02052011489
0.02083612495
0
0.03411290013
0.01762809762
0.02679871008
0
0
0
0
0.008918077862
0.02597826064
0
0
0
0
0.03426305821
0
0.003404683711
0.02144361793
0
0
0
0
0.05134857274
0
0.001202442225
0
0.004098132127
0.05080022915
0
0.01843663086
0
0.02167976675
0
0
0.02642732265
0
0
0
0
0.001964914771
0.03026434519
0.03308222402
0
0.001963099069
0
0.02764267563
0.01889740373
0.0262453869
0.01317660015
0.00510800302
0
0
0
0.00625182063
0
0
0
0.000174997656
0.006627734621
0
0.0009574028239
0
0
0.002886703536
0
0
0
0.02307889284
0
0
0.009621317898
0.00E+00
0
0.01529769213
0.0512884063
0
0
0.03750584784
0.01221507134
0.04373502106
0.01697740071
0.05254144043
0.004399327667
0
0.00E+00
0
0.02209968104
0.002847207446
0.01202283601
0.02560047371
0.004599763648
0
0
0
0
0
0.02717990441
0.00723630983
0
0.03267728402
0.03089809461
0
0.01679738494
0
0.001037812329
0
0
0.02268760421
0
0
0.003924832558
0.02309103181
0
0.03631975027
0
0
0
0.04587850544
0.002966344005
0.02442985344
0
0
0.0002045300275
0.0305480074
0
0
0.02063621748
0
0
0.0049853228
0.05792224574
0
0.04026304133
0
0
0
0.03237330635
0.0419311055
0.01916707964
0
0
0
0
0.02815532074
0.01889751092
0
0.03363095353
0.008312592983
0
0.03425274607
0
0
0.01176600835
0
0
0
0.01880152622
0.01138799832
0.01567034354
0
0
0
0.03669081913
0.007968974745
0.03653370216
0
0
0.01676356703
0.03188527181
0
0.01872364893
0.01509957068
0.02336990686
0.05723296981
0
0.02568568023
0.04196152999
0
0.0480659625
0
0.0186596279
0
0
0
0.0005203458027
0
0.01906984656
0.004963392829
0.01267125985
0.004897153509
0
0.02132198537
0.04239743903
0.02306491301
0
0
0.01829291818
0
0
0
0.0008912208605
0.01087408903
0.003833609763
0
0.01148886755
0
0
0
0.04910399714
0
0
0.02319904683
0.01291388589
0.02121568118
0
0
0
0
0.0203399301
0.002657423406
0
0
0
0
0
0
0.03376927409
0
0.04193661253
0
0
0
0.01587300133
0
0
0.009466619866
0
0
0.01453478418
0
0.02118646964
0.0004646184966
0
0.03215523849
0.009290828033
0.003445310047
0.03151470751
0
0
0.02715816107
0.01583772237
0
0.006793452366
0
0
0
0
0
0.0121112048
0.005958255397
0
0
0
0.007804273049
0.0004828282368
0
0
0.03447430917
0
0
0.005471060994
0.001802762713
0.003914093552
0.05779647328
0.0174350632
0
0.01254345055
0.02031023008
0.04907450633
0.003860744636
0.005379779621
0.009656795552
0
0
0.01333088663
0
0.0179719356
0
0.04599317302
0.006333369261
0
0
0.03225253507
0
0
0
0.05388245172
0.02525497736
0
0.0008363705145
0.008657628252
0
0
0
0.03144527238
0
0
0
0.01172905162
0
0.01278430205
0.04968636912
0.0337103143
0.02954538956
0
0
0
0.00683120919
0.01515753147
0.04463778847
0
0
0
0.007506992753
0
0.007535547769
0.01393668099
0
0.04008759902
0
0.02573711287
0
0.03124418053
0
0
0
0.003838203149
0.003779962008
0.04915686937
0.002400426429
0
0.02962514609
0.01199663248
0.004509870456
0
0
0.01630611418
0.01177798589
0.04619972078
0
0
0
0.009118890415
0.0155546863
0
0
0.002550006853
0
0.02766327329
0
0.02362235451
0.04489421734
0
0.02974559483
0
0.01103151215
0
0.02158342697
0
0.01128749382
0.0401874505
0.0009221007855
0
0
0.03863507915
0
0.003378528253
0.02549043668
0.01279273119
0.05013694659
0.04705894554
0.03740742598
0
0
0
0
0
0
0.01299040471
0
0
0
0
0.001687457286
0
0.0132552396
0.01828041312
0.01737516513
0.01924035159
0.04070819446
0.04434952802
0.005288499888
0.01966681766
0
0
0
0
0
0
0
6.81E-05
0
0
0
0.001863484273
0.01239231962
0
0.03890495768
0.02737166096
0
0
0
0.01283195265
0.005813944922
0
0
0.0008309862905
0.008510403806
0
0.01951864679
0.04408112917
0.00141594258
0.02497969647
0
0
0
0.02423175399
0.01086638761
0
0
0
0.005520535834
0
0.001345150255
0
0.03220941182
0.03561027135
0.02876322074
0
0
0
0.01129019026
0
0.01864330581
0
0.01762038162
0
0.0347944065
0
0
0
0
0.01025126076
0.007640625198
0
0
0
0.03893437024
0.00885321619
0
0
0.02272055726
0.01240195579
0.02803880005
0.00753754292
0.01513147669
0.01875043984
0
0.003065381459
0.0008685557889
0
0.003170871559
0.03222731828
0
0
0.009396062862
0.002005917476
0.03335229639
0
4.04E-02
0
0.01042677084
0.04711645057
0
9.80E-05
0
0
0
0
0.0009662859113
0.008888628913
0
0.02630845717
0
0.007511938514
0
0
0.05031735648
0.0009302368331
0.006781460306
0
0.05569754981
0
0.039319403
0.00471160933
0
0
0
0
0.02345186374
0
0.02785198712
0
0
0.009048916895
0.007284858061
0.02016395971
0
0.01947275339
0
0.02496712746
0
0.05450947102
0.005737511317
0.01886151994
0
0
0.004496854451
0.03451439633
0
0.01006060691
0
0.01819428585
0.03938736588
0
0.01488235357
0.05652996327
0
0
0.02654392223
0
0.02131896221
0
0.02056096321
0.007564698398
0
0.00580528395
0.001168741137
0
0
0
0
0.04946020129
0.009687494502
0.007179218376
0
0.007165129692
0.008828411583
0.003596649984
0
0.004180496762
0
0.00690352425
0.0425290163
0
0.01707599079
0.03135469187
0
0.02121301749
0.01077568533
0.005134848641
0
0.02586448162
0
0.02649878607
0.006120405659
0.01482440476
0
0
0.0084041379
0
0.01791843134
0.04125780188
0
0
0.001954747704
0
0.01125904529
0
0
0.03191040956
0.01696775479
0.01179195704
0
0
0
0.009364679526
0.0145147734
0.01352641393
0
0
0.02004654541
0.01084407259
0.03637305206
0
0
0.01421227232
0
0
0
0
0.01892091496
0
0
0.03273543851
0
0.04141289796
0
0.01169552007
0
0
0
0.03360126327
0
0
0.04169462581
0.0003151558396
0
0.02614895247
0
0.02278014173
0
0.01325744283
0.01030081127
0.001321070721
0
0.02501961262
0.01735966371
0.002997048903
0.0003702166539
0
0
0.008318126681
0.005842323562
0
0
0.03389368434
0.0208141361
0.02105032435
0
0
2.37E-02
0.03985206599
0.03182375406
0.02660138329
0
0
0.01834083601
0.03067121959
0.02213794912
0.03593432192
0.03347098412
0.01448995407
0.01641909132
0
0.0259743457
0.04195500705
0
0.03211209137
0
0.03961976303
0
0
0
0
0
0
0.0172064347
0
0
0
0.003890666188
0.03016783189
0.03607599644
0.004026862338
0
0
0
0.033582142
0.00E+00
0.008759658308
0.02666350532
0.01929669696
0.01302436068
0
0
0
0
0.05454240008
8.74E-05
0
0
0
0
0.01953169152
0
0
0
0.03202281141
0
0
0
0
0
0.0004262636306
0
0.02152386964
0.01227651869
1.05E-02
0
0
0.0173315558
0.01183082247
0
0.01555620527
0.001359107901
0
0
0
0
0.0166193477
0.005692994923
0.006922936874
0.009354479189
0
0
1.01E-02
0
0.003129621646
0
0.009643014177
0
0
0.0382989846
0
0.006390277845
0
0
0
0.02984440367
0
0
0
0.04137805517
0.00759628383
0.02757567989
0.01951418202
0.03411120504
0
0
0
0.03418634981
0.02802483613
0.002135730366
0
0
0
0.0002678591775
0.009829676223
0.004574934029
0
0
0.02777531963
0.03258238836
0.0195341058
0.005259226199
0
0.01962954617
0.03298212406
0
0
0.01880488313
0.04391080868
0
0
0
0.02139840486
0.02010699325
0.01115917073
0
0
0
0
0
0.003350003924
0
0
0.01179503423
0.01067889979
0
0
0.03389025673
0.04494501606
0
0.00439594112
0
0
0
0.0004527576308
2.94E-02
0.04275580047
0.01053573119
0
0
0.01885075424
0.02619331995
0
0
0.01914982594
0.01651263792
0
0.0007250841695
0.0128874151
0.02754222572
0.04082110996
0
0.00E+00
0
0.0576675681
0.005734253399
0
0
0
0.0152026003
0
6.45E-02
0.03187373845
0.03350093476
0.00779508244
0.003928732747
0
0.007221313974
0
0
0
0
0
0.02948724969
0.01042953259
0
0
0
0.002628581336
0
0
0
0
0.02598963362
0
0
0.0123169731
0
0
0.02666658814
0.02039145214
0.00987159389
0.0350500969
0
0.00E+00
0.004280043798
0.01330117548
0.03360264075
0.0008594946624
0
0
0.009747005851
0.03973605347
0
0
0.03721020492
0.0009533561519
0
0.005809893385
0
0
0.004525520289
0
0
0
0.03608638374
3.89E-02
0
0.05955523109
0
0.003631218922
0
0
0.03098567562
0
0
0
0.01942621311
0
0.05125719383
0.01506871791
0
0.0032330129
0.03446896048
0
0
0
0
0.009613975075
0.03060844144
0
0.004410315638
0.0280982284
0
0.006306817509
0
0.03643832266
0
0.05300637767
0
0
0.002545729429
0.0007959222068
0.02433256541
0
0
0.02435059909
0
0.0281677214
0.02932078423
0
0
0
0
0.04646116553
0
0.00551539987
0
0.03218183725
0.02377140142
0
0
0
0
0.03524494534
0.04204484267
0.02667758358
0.01925527079
0
0.02194799093
0
0
0
0.02552537101
0
0.009582741662
0.0243058233
0.02298668037
0.003005193318
0.002648900398
0.01672618527
0
1.02E-02
0.0345064977
0.01015375436
0.02046202493
0.03217211492
0
0
0.01706654606
0
0
0.02079907012
0
0.01705918976
0.0007356181894
0
0
0
0.013675687
0
0.03272724888
0.01728715382
0.02928401661
0
0.04607360358
0.02283434344
0.007330165763
0.004559593533
0
0
0
0
0
0.01353203341
0
0
0
0.02412902362
0
0.02147214933
0
0
0.02258319599
0.01471302656
0
0.01189683748
0
0.03798055773
0
0
0.01704210517
0
0
0
0.02854814358
0.006964769587
0.00449980591
0.006367082086
0
0.0134770697
0
0
0
0
0.007999267348
0.01649291903
0
0.03416032514
0.02213970731
0
0.01857506911
0.009483394477
0
0.00982714805
0
0
0.0191699509
0.008874856758
0.02077892793
0.02178393546
0.005457079778
0
0
0
0.01208331932
0.00155081894
0
0
0
0
0.03753087786
0.0530572736
0
0
0
0
0
0.02321023257
0
0
0
0.003309444866
0
0
0
0
0
0.03062596871
0.04603141353
0.01066482171
0.05776769271
0
0
0
0
0
0.02546187778
0
0
0.04087579385
0.04808788649
0
0.02357530761
0
0.03239450165
0.02385419364
0
0.01383886526
0
0
0.009043186526
0.02190663647
0.007930914921
0
0.006202123868
0
0
0
0
0.01648186493
0.01736024593
0.0241823051
0
0
0
0.03760648015
0.0125235179
0
0.01290840134
0.02791871984
0.03865060795
0
0
0
2.50E-02
0.00E+00
0
0.00454553939
0.00287602272
0.01314833387
0.03778640565
0
0
0
0
0.02974995051
0.02331787797
0
0.002130915553
0
0.01314317969
0.01810574845
0
0.01825586999
0
0.01491493875
0.005129204668
0.01596861945
0
0.0008947327604
0.01637015796
0.005553259402
0
0.01450011593
0
0.003727777499
0.0172524083
0
0
0
0.04436893878
0.02118180794
0.007787265431
0
0
0.0199249768
0
0
0
1.67E-02
0
0.007403149845
0
0
0.00E+00
0.002915182253
0.03135118929
0.000249904475
0.02272591776
0.01731543327
0.03306358164
0
0
0.006212116455
0
0.03564281205
0
0
0.01298435472
0.006902563211
0.0181774538
0
0.02071281703
0
0.02685685934
3.49E-02
0
0.02130081211
0
0
0.04985248844
0.03869738521
0
0
0
0.03355680661
0
0
0.01718605197
0.01649130313
0.05877405997
0
0.0002258011686
0.00325679775
0
0.01827559137
0
0.00576566784
0.04404306775
0
0.009994330811
0
0
0
0.01069821129
0.03015098315
0.02259186334
0.01827015209
0.01341803448
0
0.01234523208
0.007950208471
0.01047916421
0
0
0
0.005297129196
0
0
0.03775887842
0
0
0
0
0
0.05053007335
0.01734713086
0.003763134819
0
0.0170169208
0.03621905766
0
0
0
0.02959466794
0.03478542577
0
0
0
0.02166992529
0.005911885618
0.01497475111
0
0.01031585882
0.02743961045
0
0
0.01634099031
0
0.004892062112
0
0
0.01893007933
0
0
0
0
0
0.009902192962
0.007377462933
0.001374493959
0
0
0.007910484362
0
0.04980058491
0.01896838649
0
0.002016558773
0.02543290309
0
0
0
0
0
0
0
0
0.03202630223
0.04399534819
0.03696074116
0.007839217265
0
0
0.01567387586
0.027972724
0
2.64E-03
0
0.009441531366
0.03195920619
0.01973198032
0
0
0.02118054433
0.01392899744
0.01843882114
0.03809692651
0.01006395026
0
0.02188396471
0
0.001741963352
0.01256864719
0.0204779467
0
0.03849056159
0
0.04465808126
0.007095460694
0
0
0.01953970754
0
0.02802006042
0
0.03737486808
0
0
0.0007146093187
0
0.005839303681
0.0243736911
0.02727856726
0
0
0
0
0
0
0.004338998551
0.02976360707
0
0.02944117433
0
0.02037918287
0.0521107658
0
0.01934358508
0
0.004573438212
0
0.007039773079
0.01018556009
0.03722303276
0.04129250593
0
0
0
0.03244453385
0
0.003625715092
0.002715207684
0.01640847977
0.02375934149
0.04187879313
0.04042669803
0
0
0
0
0
0.01714446821
0.009830830371
0
0.01783688407
0
0
0.01511572828
0
0
0.01212107565
0
0.03914601514
0.002023753614
0.01992049032
0.002296231497
0.01851487675
0.02097590273
0
0.01794627736
0.01422630941
0
0.002809024334
0
0.01347252882
0
0
0.002243789608
0.005230439439
0.01963474341
0
0.02641730334
0.04260774056
0
0
0
0.007749235704
0.008155787599
0
0
0
0.01733836084
0
0
0.03658012716
0.02871994297
0.009785776094
0
0
0
0.03821455893
0.02141036551
0
0
0
0.006516921612
0
0
0
0.04076909282
0.03937586722
0.03589438479
0.01530471749
0
0
0.006576316776
0
0.01533732432
0
0.01531248153
0
0.03843744271
0.00E+00
0
0
0.008280147096
0.02121910865
0.00524383079
0
0.001801982
0
0.02584844107
0.0007712855233
0
0.01783292408
0.01001723329
0
0
0.007599636283
0.01934354706
0.03375516987
0
0
0.01500108229
0.01996003839
0.01997472665
0.02346917294
0
0.00E+00
0.02936456912
0.00483849414
0.02157879094
0
0.02947348948
0
0
0.01248903257
0
0.009841681821
0
0
0
0
0.02218536007
0.04042420963
0
0.06356087069
0
0
0.00E+00
0.02169577481
0.03970302474
0
0.01574461823
0
0.005849705583
0
0.03642613353
0.02367035374
0
0
0.009886142001
0
0
0
0.00313112524
0
0.008145925142
0.003570587159
0
0.02469011895
0.005184798516
0
0
0.03135313078
0
0.05486957217
0
0.00695526795
0.01100049313
0
0.007480916295
0
0
0.01324293833
0
0.0358408015
0.04129540697
0.005461542682
0.02704992156
0
0
0.02850403844
0.004462993478
0.006874857542
0
0.05186659838
0.0003776640425
0.008136075173
0
0
0
0.03569547771
0.03892140946
0.03831842968
0
0
0
0
0
0
0
0
0.002220123826
0.01101439741
0
0.006508043352
0.01037744082
0.0001051918446
0
0.01262607121
0.0325421067
0
0.001872966471
0.01422934715
0.004327787413
0
0.007478335855
0
0.002234482323
0.05799038397
0
0
0.002209783487
0
0.007346537284
0
0.01157040261
0.00251589302
5.83E-02
0
0.03102639664
0
0.05439507616
0.0260415611
0.007492173549
0.01681496751
0
0.004554382889
0
0
0
0
0
0.003492071496
0
5.36E-03
0
0.01361741197
0.005346572958
0.008103321208
0.04817782789
0
0
0
0
0.05863519655
0.01754996141
0
0.03000335737
0.002230302807
0.008720272955
0.0005444406773
0.02917009013
0
0
0
0
0
0.003920691403
0
0
0
0.01375524823
0.04275180454
0.02211204667
0
0
0.001940030168
0
0
0
0
0.01623170438
0.009425191679
0
0.01030716412
0
0.001515686692
0
0.03372077994
0
0
0.008310062628
0
0.005496747283
0
0.0186936044
0.03350866406
0.02386514454
0.009431602248
0
0.009348194864
0
0
0
0
0
0
0
0
0.01685522251
0.02704448026
0.005185086927
0
0
0
0.006878664504
0.05653104975
0
0
0
0.05026439473
0
0.005294238283
0
0
0.01419437233
0
0
0.05145993825
0.03577044378
0.0270741761
0.00E+00
0
0.01888478961
0
0.03069342183
0.008653571234
0.03061744978
0.003468706547
0
0
0
0.04134030899
0.0002237549443
0.05466179113
0
0
0.02217789199
0
0
0.02436446059
0.03594888683
0.03983042029
0.0126569067
0
0
0.00981197581
0
0
0
0.002155488026
0.02887760137
0
0.008700294923
0
0.003772132947
0
0
0.01975135898
0
0.03767959676
0.06527049963
0
0.01405755323
0.007631938512
0
0.004707614685
0.02629347797
0
0.02085716018
0.009084400868
0.001950300311
0
0.001577579154
0
0.03241330601
0.02345828348
0
0
0.01846462407
0
0.02063058357
0.03237814405
0
0
0
0
0
0
0
0
0
0
0
0
0.003038980417
0.03063425553
0.01201536095
0
0.05982004868
0
0.05425229246
0
0.02261743619
0.02703817389
0
0
0
0.04400827888
0
0
0.05585220662
0
0
0.00657746759
0
0
0.02147020425
0.006755098245
0.001934229444
0
0.02976748756
0
0.007798995191
0
0
0
0
0
0.04174995579
0
0.01871440075
0
0.01307579687
0.002526089525
0.004401639412
0
0
0.01524834694
0.04707773346
0
0.0228608664
0
0.008200318706
0.01382974878
0.009657748825
0.008129715137
0
0.03526796922
0.03329810267
0.00E+00
0.0361171599
0.01589032792
0
0.00E+00
0
0
0.00E+00
0.02167477796
0.0391254288
0.01075648068
0.005311910273
0
0
0
0
0.0390838944
0.0278721862
0
0.05268994819
0.01184471015
0.009627648544
0
0.00E+00
0
0
0.007717883839
0
0
0.04981399668
0.02058297439
0
0.03224413596
0.0113291114
0.01521683307
0
0.004682735471
0
0
0
0.0211573256
0.04632607882
0.01187660949
0.02051632153
0
0.008868679755
0.009999717766
0.04623415567
0.01363208583
0.009623093918
0
0.002230668807
0.02491744675
0.01774818933
0
0
0
0
0.04357749581
0.01081745173
0
0.04182588332
0
0
0
0
0
0
0
0
0.002931515785
0.0008101204016
0
0.01212089808
0.03613825572
0.02197680662
0
0
0
0.01132555373
0.01075900651
0.02822480689
0.00E+00
0
0
0.006871038518
0.01384692138
0
0.006609525727
0.04556586834
0.004237278917
0
0
0
0.03620642574
0
0
0
0.04151528726
0.05049962952
0
0
0
0
0
0
0.0003979957093
0
0.01578850596
0.02470399698
0
0
0.0174132998
0.01351277946
0
0
0.02562533996
0.02882475542
0
0.0214708618
0.000374007868
0
0.03715259418
0.02614390823
0
0
0.01224638193
0.05445332511
0
0.02464067628
0
0.00223454301
0.02381817048
0
0
0
0
0.004942127525
0.01076056024
0
0.01392558326
0.02439289204
0
0.0002807741845
0.01133487244
0
0.01658905956
0.00671471316
0
0
0
0
0
0.0180985207
0.002892479454
0
0
0.02144618513
0
0.02168521306
0
0.01315686898
0.04783204596
0.009744227054
0
0.00E+00
0.03234439879
0
0
0
0
0
0
0
0.01130669836
0.01026705932
0.03189123216
0.02316340817
0.02376283593
0.02180442786
0
0.02859393074
0.003477884143
0.01244274725
0
0.009030138786
0.02782907206
0.02081802827
0.01953455606
0
0
0.01074809988
0
0.02683294194
0.0288020902
0.02065083193
0
0.01389957317
0
0.001660774641
0.00562465158
0
0.002578759723
0.02872152987
0
0.04409357968
0.01281101476
0
0
0.03301626827
0
0
0
0
0
0
0.05904490821
2.78E-02
0
0.006332948443
0
0.03235173845
0.02549917744
0.03712323412
0.01096285005
0
0.04058102061
0.008827188828
0.00E+00
0.01717971231
0.003866879871
0.01329230765
0.02984497985
0
0
0
0.03240190902
0
0
0
0.02072894047
0.02838748866
0
0
0.01061111986
0.008268715771
0
0.03101808101
0
0.0132502084
0
0
0
0
0
0
0
0
0.03770239953
0
0
0.01397572092
0.02589878347
0.03028658174
0
0
0.02986900865
0
0
0
0
0
0
0
0
0.03055713975
0.03907236826
5.13E-04
0
0
0
0.03307746681
0.01707652661
0
0
0.001925045845
0
0
0.04775548937
0.01895125804
0
0.0002898637229
0
0.01419476446
0.04221310229
0.01785989478
0
0.008630425201
0.00841262047
0.02813171236
1.45E-02
0
0
0.004314153275
0
0.001011830057
0
0.008966577903
0.006926785936
0.02717040589
0
0.01363743764
0.01972083737
0
0
0.02414786964
0.0202386226
0
0.00820046064
0
0
0.03773014281
0.0234888037
0.0123645655
0.04829207077
0
0.003293979579
0
0.03729893578
0
0.03384756677
0
0
0
0.000791718074
0
0.02832039551
0
0
0
0.01279259199
0.00368206586
0.02052979526
0
0.02386568504
2.22E-02
0
0
0.02312899582
0
0.03036456403
0
0.003836652306
0
0
0
0.02489340999
0
5.39E-05
0
0.02320135163
0
0.01957859227
0.01681773006
0
0.0494558819
0.00923245395
0
0.01543873685
0.02094709394
0
0
0
0.0005773486077
0
0.002468134239
0.02391969635
0.04356523038
0.01338890064
0
0.02815626503
0
0.04843801296
0
0.01389617347
0.009740424036
0
0.02998348376
0.009118366336
0
0.02341885884
0
0.008475037214
0
0.001160926294
0.02027370111
0
0.005303836762
0
0
0.03700369535
0
0
0.02038900095
0
0
0
0.02338644011
0.007394340573
0
0
0.02865670328
0.003296105564
0.006646060812
0.01487934985
0.006467527078
0
0
0
0
0
0
0.001950006733
0.003745498166
0
0.02926730257
0.004704527584
0
0
0
0
0.02919165619
0
0
0
0.02294762987
0.02252962517
0.03522446231
0.03749560028
0
0
0
0
0
0.01192420972
0
0
0
0
0.01188890079
0
0.01003774759
0
0
0.03471568512
0.03027213803
0.05071874942
0.002149109826
0
0
0.02891275274
0
0
0.02263336451
0.02293599734
0
0
0.01066509724
0.02589280989
0.03688010405
0.006479980037
0
0
0.01596256908
0
0.006746018065
0.001957855479
0.003533935635
0
0.0002083057444
0
0
0.005119861659
0.01882115878
0.06021124448
0.00E+00
0
0
0.002922278972
0
0
0.03659221193
0.05629424005
0.03052742256
0
0
0.03938712925
0.02231608566
0
0
0.004430673211
0.03974750098
0
0
0
0.01111766143
0.01756330624
0.005705948622
0
0
0.05316399216
0.0465147071
0
0
0.006113537065
0.04137222372
0
0.02638465617
0.06610038714
0
0.010660795
0
0
0
0.01622295127
0.005008753679
0
0
0
0
0.02000889454
0
0
0
0.01073843311
0.006380614497
0
0.013985492
0
0.04524864835
0
0
0.03876334349
0
0.01514237026
0.02105960053
0.001125886755
0
0.05426238638
0
0.01847113741
0.0008755287673
0.02866301493
0.01284318395
0.0008401679271
0.007983849086
0
0.02236858097
0.001196552221
0
0.005008252517
0
0
0
0.006644742484
0.01507594912
0
0.01232961989
0
0.01809897411
0
0.03528484168
0.06224930163
0
0.04775377804
0
0
0.008277493094
0.008501759876
0
0.01809245457
0
0
0.007442486557
0
0.03704621564
1.97E-02
0.01341411505
0
0.0009055137299
0.005610586465
0
0.0003938427134
0
0
0.0198179816
0
0.01153018536
0.0001635060465
0
0.01744737359
0
0.03388146352
0
0.06295919075
0
0
0.01756476282
0
0
0.005869621515
0
0.0171623915
0.01108814584
0
0
0
0.05548635297
0.01306534406
0.0177251831
0.008356518971
0.00E+00
0
0.02000587803
0
0.02508367688
0.011440296
0.01363324142
0
0.02471422717
0
0
0
0
0
0
0
0.01387470875
0.01265178928
0.0140869711
0
0
0
0
0
0
0.02087333317
0.0004432338633
0
0.008316792678
0
0.02231669483
0
0.02265376217
0.0431358349
0
0
0.0314880919
0.01965233503
0.003942058291
0
0.04472430891
0
0
0.008779317107
0
0.004867399833
0.01876687898
0
0
0
0.03849700568
0.02266851127
0
0.03372043428
0
0
0
0.004825686022
0.05651939852
0
0.0150600005
0
0.02884121875
0
0.03468876541
0.002523965138
0
0.01661989758
0.01259458727
0
0.009788125114
0
0.02540955109
0
0.02657512849
0.01009528722
0.01937501032
0.01253731742
0
0
6.27E-03
0.02979463009
0
0.04102187704
0.001340143104
0.008092426326
0.004992413799
0
0.02601507617
0.007677252754
0
0.01328433651
0
0.02587019444
0.04010990079
0
0.05037889276
0.04152888088
0.001154169559
0.01346091676
0.006668781254
0
0.004801998429
0.01941453089
0.008509670884
0.008608516181
0
0
0.003646265053
0.01440497164
0
0
0
0.0200473445
0
0
0
0
0.009586929168
0
0
0.02596013676
0
0
0.01776510792
0
0
4.18E-02
0
0
0.01509618521
0.02572159695
0.0171945952
0.000132263639
0
0
0.02330242807
0.0412907421
0
0.00E+00
0.01108314281
0
0
0
0
0.003783804313
0.0357657502
0
1.06E-02
0
0.048907437
0.06181525053
0
0.05643617878
0
0
0
0.002010278858
0.006282273418
0
0
0
0
0
0.03549656352
0.008655747122
0
0.01059510779
0.03857294502
0
0
0
0
0.005497564084
0.02930583939
0
0.005763321509
0.02745375852
0
0
0
0.01882112758
0
0.03969382327
0
0
0.02937885415
0.001808888706
0
0
0
0.03585812377
0.06684982175
0
0
0
0
4.34E-05
0.006437969685
0.009187994852
0
0
0
0
0.01807541893
0
0.01079084899
0.001306702601
0
0
0
0.004675697443
2.30E-02
0
0.03458555348
0
0.03782345611
0
0.006249219037
0
0
0
0
0
0
0.04276893853
0
0
0.03069854512
0.005717192163
0.05573907911
7.52E-05
0.03308110129
0.03220751028
0
0.0322938347
0
0
2.84E-02
0.02871552811
0
0.004958354476
0
0
0
0
0
0.03738099038
0.01027175685
0.02722691308
0
0.001395383178
0
0
0.0139915266
0
0.002219753336
0.01018517475
0.01969609047
0
0
0.01165986667
0.01417884141
0.01141977754
0.0006335882098
0
0.01317876779
0
0.003833916584
0.01403892436
0.03883597869
0.008499570123
0.01666089178
0
0.006047461109
0.002499462663
0
0
0.001610722953
0
0.02874318163
0.04351238941
0
0.01012738022
0.007014694429
0
0
0.03947653905
0.02944034443
0.0444165567
1.81E-02
0
0
0
0.02567609554
0.01327888682
0
0
0.001430229202
0.01903099739
0
0.0329082161
0
0.02586151611
0.004526603775
0.00E+00
0
0
0
0.03551235291
0.04178791983
0
0
0
0.0151180499
0.0003304701986
0
0
0.03793071879
0
0.01034008149
0.01437825171
0.03281575106
0.02787643304
0.02813560804
0.01341494995
0
0.0165751694
0.02456636127
0.02961560148
0
0.01599851053
0
0
0.002730861173
0
0
0.01354818497
0
0.03772938846
0.00159632021
0.00253466954
0.008096707434
0.02013538104
0.0171338135
0
2.43E-03
0.03356269249
0.01838690498
0
0.01650133907
0
0
0
0
0.02990157628
0
0
0
0.0307776663
0
0
0.0176862856
0.03137467367
0
0.02116155498
0
0
0
0.02333385284
0.01365880688
0.005757503525
0
0.02620250553
0
0
0.02557158431
0
0
0.03828779899
0.003213949704
0.002843840886
0.01193837922
0.009532271683
0.01534480978
0.01821833233
0
0
0
0.01812218278
0.0009519475164
0.01462540583