0
0
0.03502313828
0.02118353692
0
0.007414630359
0.00583267762
0
0
0.01566639293
0
0.005565578967
0.002838703965
0
0
0.03522365029
0.04210957125
0
0.01556711632
0.0175050074
0
0.002181795602
0.01200248879
0
0.01316178988
0.007763971892
0.01431723898
0.0113713401
0.0004632197336
0
0.03034801784
0.001386852867
0.02001066788
0
0.008172390028
0
0
0
0
0
0.003862203457
0
0.01157866153
0.005912319326
0
0.02072640672
0.003034696153
0.03780487146
0
0.03281272228
0
0.008432650989
0
0
0.007985855933
0.004496682497
0.01912481456
0.01600889281
0.02160385938
0.01633371037
0.003901935531
0
0.02158613747
0.01353654205
0.01408143018
0.01529828506
0
0.00807906502
0
0
0
0
0
0.0167468977
0.02677170312
0
0
0.02734430053
0.01880507721
0.002366796419
0.03763953862
0.01078329285
0.03695241947
0.03426683018
0
0.01875598176
0
0
4.32E-02
0
0.01075153139
0
0.008520128447
0
0.04846205264
0
0.009654277327
0
0.01550540518
0.02218026807
0.04018245195
0
0.0006329839416
0
0.00E+00
0.02383074762
0.01453442138
0.02942749927
0
0
0.02834586169
0.007368337224
0.04729270262
0.02024715255
0
0
0
0.01259163703
0.00E+00
0.02964057525
0.01454725155
4.55E-03
0
0.02910607241
0.03572416332
0.01687769604
0
0.04120506373
0.002937683816
0.02998761839
0.0209276169
0.009896112515
0.01468661721
0.02483362367
0
0
0.0269885173
0.02073111868
0
0.01253474809
0
0
0.03554899862
0
0.00E+00
0
0.02336305343
0
0.01243468674
0
0
0
0.01682034578
0
0
0.0283870074
0
0
0
0.010370952
0.007057161158
0
0.002713915164
0.001346836538
0
0
0.03295372465
0
0.003498169338
0
0.02924084818
0.03177503856
0.04792498742
0.008394487319
0
0
0
0.01501940604
0
0
0
0
0
0
0.02163663133
0
0
0
0.01885332361
0.006877125368
0
0
0.002279174824
0.05908896096
0
0.01632007531
0
0.008322036562
0.0001397942502
0
0
0
0
0.001178935353
0.0214274308
0.01738271531
0
0
0
0.0463121426
0
0
0
0
0.002822167641
0
0.01053735286
0
0.02327469931
0.01564609661
0
0.03133546924
0
0
0
0
0
0
0.0256127716
0.01298921669
0
0
0.02384054818
0.01064489537
0.05393287339
0.03061885648
0
0.02770827009
0.01119465461
0
0
0
0
0.01677091656
0.02792396146
0
0
0
0.03218056261
0.007293024229
0.02624918017
0.01235334485
0.02725366388
0.01348223324
0
0
0.02659078308
0.02280508139
0.01518819074
0.03558456977
0.03043458086
0.01782075279
0
0
0
0
0
0
0
0
0
0
0.004549793649
0
0.03177315788
0.0111247312
0.03800686755
0.02125486273
0
0
0.0263750977
0.02353876591
0
0.01977536096
0.01177480705
0
0
0.01376126514
0.02895454611
0.04441505562
0
0
0.001178161057
0
0.03105832072
0
0
0
0.01406926499
0
0.04438717028
8.46E-03
0
0
0
0
0.02502910239
0
0.02851151124
0.002968680182
0.02836924361
0.02121931893
0.04270940159
0
0.009058591764
0
0.01881346411
0.01166834266
0.01533323644
0
0.04924815442
0
0
0
0.01103696899
0
0.0191530794
0.002902571548
0
0.01471973117
9.53E-05
0
0
0.03603632887
0
0
0.05056152077
0.04244587193
0
0.02094811189
0.00125918632
0
0.02166254828
0.009002217158
0
0.01485306582
0
0
0.01861388534
0.01321921307
0
0
0.04148389633
0.006669061709
0
0.01191641285
0.025207801
0
0
0
0.00439370515
0
0.03238824274
0
0
0.001769390206
0
0
0
0
0.003224481327
0.03524291444
0.02683445865
0
0
0.004138958974
0.00E+00
0
0.004780193934
0
0.00E+00
0
0.00E+00
0
0.01136678053
0.007644922704
0.0182312261
0.02423654533
0.02124618242
0.02870985876
0.01331375897
0
0
0.05122606155
0
0.005954393922
0
0.02327138626
0
0.01446017781
0.01915149582
0
0.005724122163
0
0.02290092151
0
0.06961878594
0
0
0.00E+00
0.01376497788
0.05652765853
0.004337979344
0
0.004945911791
0
0.01339906896
0.004456609442
0.01897066121
0.03821251523
0
0.03312776168
0.03654715937
0.005348047594
0
0.0001188354556
0
0.0069031547
0
0
0
0
0.05771628694
0.01679037027
0
0
0.004222305565
0.05761164557
0.04408247118
0
0
0.02287427103
0
0.05686119966
0.01552076113
0
0.002678177348
0.03094588789
0.02841148737
0
0
0
0.02534172171
0.05561218637
0
0
0.006723380369
0
0
0
0
0
0
0.0110240538
0
0
0
0.007991569551
0.0009000285239
0
0.01187820982
0
0.009442201429
0
0
0.004772535549
0
0.00369696373
0.0004467764745
0.008054377728
0
0
0
0.02283260506
0
0.02648961974
0
0.01879375202
0
0
0
0.03127161277
0
0.0247527673
0.001220691121
0
0.02402872392
0.01295569246
0
0
0
0.002008605599
0.0017176899
0.01301752587
0
0
0
0
0.03927325906
0.02562275976
0.009706961326
0
0
0
0.04466737175
0
0.01627548463
0.008733842572
0
0
0.0246853602
0
0.03327750812
0
0
0
0.02319133909
0
0
0
0
0
0.00763461173
0.02609254101
0.03355846568
0.01553974138
0.01797715828
0.0007369612279
0
0.02731434134
0.01308739768
0.03673013051
0.005090830543
0.004378247669
0.01640539875
0
0
0
0.004784223348
0
0
0.03225760165
0.01266768919
0
0.02237786242
0
1.06E-02
0.02226179614
0
0.0277870707
0.02089560873
0
0
0.00E+00
0
0
0.003261745475
0
0.01272206033
0.04445795384
0.01091118931
0
0
0
0
0.005217486181
0
0
0.01581958497
0
0.0005356857314
0
0
0.006979552517
0.03104787629
0.0225290234
0.02342131371
0.06946289702
0
0.007795191505
0.02612379492
0.01779326185
0.008511400747
0.00535698945
0.001501150222
0.00894453449
0.007345761298
0.03795690686
0
0.03196502921
0.01128382315
0
0
0.01045719071
0
0
0
0.00E+00
0.03129406335
0.02805958168
0
0
0
0
0.007667148961
0.01172203574
0.03646076629
0
0.03206828573
0
0.006279187764
0
0
0
0.01138049395
0
0.03785138149
0
0.04347937571
0.007227345704
0.01308341357
0.005513807737
0
0
0.003097512159
0.001861236166
0
0
0
0
0
0
0.003508974045
0.017624685
0.01518498572
0.0254727702
0.01423990712
0.03729487408
0
0.04065195592
0.01063786628
0.03026612864
0
0
0.0005660831768
0
0
0.01692549206
0.03144741289
0.01712438433
0.0185410809
0.02297559618
4.39E-02
0
0.0259958509
0.03017615252
0
0.01115376631
0
0
0.00E+00
0
0
0.02207156964
0.01426557115
0
0
0
0.03289098816
0.02106329095
0.04728672483
0
0.0132531098
0
0
0.004025529738
0.04176441608
0.00361242685
0.00479594444
0.005228742687
0.006722405026
0
0
0.00E+00
0.01428531251
0.009016132773
0.0005816399893
0
0.04132225282
0.005354976857
0
0.001739152324
0.03371257185
0.01636731017
0
0.04473252039
0
0
0.0008088875228
0.05843341289
0
0
0.00720507335
0.01553892436
0
0
0
0
0
0.001506014653
0
0.02543190676
0
8.17E-05
0
0
0
0.01430485215
0
0
0.02046687896
0
0.005236657759
0.02810015147
0
0
0
0.006881592055
0.0200002918
0
0
0
0.01058745265
0
0.0168194021
0.00628868466
0
0.00E+00
0.02619032336
0.003862470557
0.01893016255
0
0
0
0.03418439176
0.02597830772
0.02269722273
0.03815011794
0.04243200406
0.01536877537
0.04896351333
0.007293231455
0.02848580408
0.01499580493
0.005223666304
0.02879645342
0
0.007728762061
0
0
0
0
0
0
0.002214817629
0
0.01212287135
0.0427389155
0
0
0.01950735772
0
0.001862489071
0.06878072251
0
0.00147977484
0.01042923375
0
0.04765670729
0.000490090003
0.01820039025
0
0.02591562182
0
0.04507652522
0
0
0
0
0
0
3.05E-02
0.005267022408
0
0.01151366295
0
0
0.03418079485
0
0
0.01230136512
0.001065268244
0
0.03045125938
0.02285884588
0.0169647615
0
0.04443916552
0
0.005813390998
0.001065884459
0
0
0.008454571411
0.02190901339
0.05791707365
0.009256128588
0.02769007671
0
0
0.01853730034
0.01766839679
0
0.003077556497
0.002602284586
0.05359636159
0
0
0
0.006067885357
0.02421169498
0
0
0
0
0
0
0
0.00E+00
0
0
0.02837131153
0
0.003412666731
0
0
0.04939400564
0
0.01676340955
0
0.0005087374021
0.01511039542
0
0.0316493667
0.0004649339209
0
0.01823646156
0
0.0109622254
0.014029192
0.02450223277
0
0.02290697267
0
0.03813445856
0.02374945333
0.002320735009
0
0
0.04318492145
0
0.04142172356
0.009143938983
0.0112642446
0
0
0.008186212647
0
0.01216549396
0
0.007679458607
0
0.0622683384
0
0
0.02466613338
0.0009428288116
0
0
0.01115773632
0.001161570241
0.02444412443
0.03231277449
0
0.00765040284
0.001220286835
0
0.01685050416
0.01266937147
0.002890475863
0.01018935138
0.001992505411
0.0395825178
0.01952024977
0
0.04971727691
0.01697883302
0.001769165004
0.003443681947
0.00908120907
0
0
0
0
0.02455678748
0.000285282116
0.01064360968
0.003409159993
0
0
0.04092087481
0
0
0
0
0.01733750187
0
0
0
0
0.02012143681
0.0157734463
0.005091242744
0
0
0.02136598349
0.001467709122
0.001646884658
0
0
0.002350093638
0
0
0
0.01060578007
0.04413489618
0.01463841903
0.003401864127
0
0
0.005275708935
0.003232687588
0.02879830312
0.01899544751
0.003986710495
0
0.01286072918
0.01751938538
0
0.0255313957
0.03797361638
0.016175486
0.0009096434939
0.008448782113
0.02636583173
0.01710759129
0
0.02456077398
1.33E-02
0.005256577151
0.01444420585
0
0
0.01256610289
0.009223658687
0.03603643007
0.02101015758
0
0.006702217718
0
9.83E-05
0
0.02017178972
0
0.02254842505
0.04006776374
0
0.02136724322
0.003452518025
0.03680336667
0
0.01378093975
0.01143104053
0
0
0.00870613498
0
0.003039363655
0.07584225924
0
0.04395780541
0
0.01249670042
0.001255085544
0.02366626736
0
0
0.04349757673
0
0
0.03852268161
0
0.0130449069
0
0
0
0.032438764
0.005381804725
0
0
0
0
0
0
0
0
0.04592344222
0
0.001511532677
0
0.01240459094
0.01711043349
0.01163201859
0
0
0
0.008266827616
0
0
0
0.01751462525
0.003624106096
0.001804078254
0
0.02885963392
0.01817226182
0.0002420689662
0.003942999547
0
0
0.01128355543
0.004983367016
0.04361166428
0.01348184979
0.007512649757
0.02164182328
0.01021717093
0
0
0.07769518474
0
0.02747951983
0
0
0
0.006741022452
0.0150566759
0
0.02392358171
0
0
0
0
0
0.03391407666
0
0.05075575993
0.0226695302
0
0
0.01343979864
0.02911885773
0.01318648639
0
0
0.03754264398
0
0.0183524474
0
0.01932238371
0.03731328597
0
0
0.003712525473
0.0002576054585
0.03318309292
0.02299186673
0
0
0
0.01115600718
0.02136376094
0.03485675424
0
0
0.01688827021
0.02683148808
0
0.01399539251
0.05256816906
0
0
0
0
0.02005638343
0
0.01298173404
1.95E-02
0.01366296153
0
0.05809528728
0.003817396196
0.01005755746
0.006935641111
0.01979162729
0.007045959783
0
0
0
0
0.001527843685
0
0
0
0.02809875117
0.01454156246
0.01499156368
0
0.01116529631
0.02084978912
0.0142209871
0
0
0
0.003115382573
0.01699351011
0.004516782274
0
0
0.0211347417
0.0281960953
0
0.01044514806
0
0
0
0
0.00631822503
0
0
0.01462783039
0.02301071659
0.006582794589
0.03339720848
0.03333752069
0.01003053568
0
0.04808831678
0
0
0.03404170967
0
0
0.02237053358
0.02938199293
0.01566840222
0
0
0.01263671481
0.00647981022
0.007116411661
0
0.008762668911
0.005911716674
0.02267713873
0
0
0
0.02269302839
0
0.01604313246
0.03364148115
0.01817234082
0.01862814417
0.001297164433
0
0
0.008343285351
0
0.01305628796
0
0.004977774411
0.004237802172
0.02387377539
0
0.04116124379
0.01981189111
0
0
0.004054499186
0
0.004789460009
0
0.02583852175
0.0351586092
0.01652414872
0
0.007960594791
0
0
0.04194463294
0.003727067133
0.005551692191
0.01772776052
0.0007912395596
0.008525126723
0
0
0
0.01473016044
0.01578029183
0.01404453852
0.009854368293
0
0.01422822661
0.01006520998
0.0001967393472
1.67E-02
0.001381237541
0
0
0.006713871488
0
0
0
0.01839546482
0
0
0
0.02432791461
0.01887955834
0
0
0.001543499092
0.005419460628
0
0.03676844547
0.01682429365
0.000120013876
0.00308399734
0.06119596034
0
0
0
0.01751375175
0
0
0.03885226203
0
0.01603707665
0
0.03233252017
0.03031818304
0.01037913066
0.0001403785346
0.03759034865
0
0
0.01053297626
0
0.03397740424
0
0.01798978276
0.01203522112
0.01099563834
0.02136893563
0.01538868646
0.002766021912
0
0.02564199287
0
0
0.02506644767
0
0.01777731471
0.04921548087
0
0.01302339911
0.0395901861
0.008462827391
0.02578439599
0
0.01732861475
0.001715495707
0.004692662754
0
0
0.0256927107
0
0.001195907555
0.0006669957502
0.01653771403
0.01275727114
0
0
0.008159017028
0
0.04481475909
0.02937496486
0
0
0
0.03096603538
0.00E+00
0
0
0.01783509695
0.002610813108
0
0
0
0
0.02637737793
0
0
0
0.01961864257
0
0
0
0.01824377989
0.01424721068
0
0
0.07304769607
2.92E-02
0.002012593543
0.04290219979
0
0.02048190696
0.04853838892
0
0.01027722362
0
0
0.03295206791
0
0
0.01513668056
0.03655804396
0
0.02883107276
0
0.00E+00
0
0
0.0280229065
0.001783348241
0
0
0.005625536493
0
0
0.03574548772
0.02991728695
0
0.01829786506
0.009008574813
0
0.01087317498
0
0
0.0339662098
0.0008318588062
0
0.004777061483
3.75E-06
0.009417798199
0
0
0
0
0
0
0
0
0.02185645012
0
0
0.00E+00
0
0.02741852004
0
0
0.03119684898
0
1.32E-02
0.01050593941
0.006933619966
0.01481784591
0
0
0.04157518295
0.01564422172
0
0.004013531707
0.02163948837
0.02741163659
0.02179596993
0
0
0.05193408316
0.05297956493
0.01150133698
0.03453813633
0.02348941252
0
0.04077701718
0.004426804857
0
0.02700567458
0
0
0.01426267303
0
0
0
0.01620192894
0
0.04615664809
0.03447003868
0.02283319272
0.005511545733
2.80E-02
0
0
0.02260493914
0
0.02990198212
0
0.00E+00
0.0004711918272
0
0
0
5.58E-03
0
0
0.009855373461
0
0
0
0
0.01032626737
0.02283147908
0.003830269836
0
0
0
0.000633518329
0.03525897739
0.02530530807
0.01995873335
0.03177431651
0
0
0
0
0.01647910647
0.0230651452
0
0.0283314274
0.02087588291
0
0
0
0.0208345923
0
0
0
0.02332660129
0
0
0
0.02602119128
0
0.005870955797
0
0.04259106903
0
0.0364279965
0.0155550916
0.01945728803
0
0
0.007933331426
0
0.01179605406
0.01453330187
0.006941591651
0
0.01030693261
0
0
0
0.004152567367
0.01440460242
0
0.01770917095
0.001881667668
0
0
0
0
0
0
0.02659650116
0.003485257622
0.01625771028
0
0
0
0.004778242224
0
0
0.004225452117
0.03356421466
0.007544079731
0
0.01144878295
0.03005164826
0
0
0.02748969684
0.02068188586
0.01574903195
0.02174501276
0.005810491706
0
0
0
0.01810024355
0.065736164
0.02315378809
0
0.01589520732
0
0.006796806145
0
0.02127953577
0
0.04059540086
0.03089236428
0.04895191249
0.004980940596
0.02894736981
0
0
0.05042688362
0.009262021784
0.008155659724
0
0
0
0.0165701499
0
0.04747702002
0.007749529902
0
0.02874680815
0
0
0
0
0.006210857181
0.002156867535
0
0.0192096095
0.009933811808
0.0004336262901
0.009556955119
0.00E+00
0.01714281439
0
0.00E+00
0.03227167722
0.01047713189
0
0
0.01604577044
0
0.02829973866
0.03770373067
0
0
0
0.01728077767
0
0
0.02030852349
0.01054442702
0.01230167737
0
0
0
0
0
0.02256686439
0.01372284005
0
0
0
0.03411903277
0.0217716282
0.02050947589
0.02404894167
0.01903770118
0.05706708734
6.10E-02
0
0.001102870648
0
0
0.00235951827
0
0
0
0.0008491031993
0.02005122656
0.02020019277
0.02803277995
0.01901538137
0.04265904201
0.02050280876
0.00155453577
0
0.04945457003
0
0.02033274314
0.00E+00
0.01585041288
0
0.007059748882
0
0
4.02E-03
0
0
0
0
0
0.02963515367
0.002349626662
0
0.01142491339
0.006519781786
0.001899378164
0.003902011837
0
0
0.01851118506
0
0
0.05008368839
0
0.006855986179
0
0.002127893031
0.04474536754
0.04061324731
0
0.0008692409238
0.02040014212
0
0.02122293877
0
0
0
0
0
0.02187298875
0
0.000228532204
0.004722370621
0.009276906807
0
0.001866051271
0.004128580397
0.0004890706681
0.03288400132
0.0109161304
0.01564112784
0.009507544273
0.01740875194
0
0
0
0
0.01981976937
0
0.02903257273
0.03523331897
0
0
0.03677504463
0.02608094273
0
0
0
0.02846282281
0
0
0
0.003473157305
0
0
0.01403727962
0.04082133244
0
0.02977638941
0
0
0.05498931872
0
0
0.01435234536
0.01187705365
1.63E-02
0
0.004046547256
0
0
0.01305420299
0.002987801852
0.002983113369
0.01853418989
0.02997615137
0.04185544641
0.02963874576
0.005983805523
0
0
0.0300938994
0.02282683408
0
0.03506856227
0
0
0.001253066883
0
0
0.008261397297
0.03996000404
0.009618824376
0.003217243174
0
0
0
0
0
0
0
0
0.007806541892
0
0
0.03057524078
0.01945111955
0.03985327718
0.03191166969
0
0
0
0.05252363388
0
0.002805281299
0.02162241296
0.004132148896
0
0
0.002277189428
0.03622690372
0.0223944053
0.009580029215
0
0.01536538912
0.007546795273
0
0.03068673868
0.01108827245
0.02037637267
0
0.006252424846
0.01790201931
0
0.01815079348
0.0079721915
0.009458719121
0.01316771234
0
0.007191716697
0
0
0.001310084778
0.01357111087
0
0.04087534025
0
0
0
0.04933365685
0
0
0.001061179512
0
0.002929303755
0.006342491135
0
0
0
0.02680879884
0
0.01707976158
0
0.007889780451
0.04129819272
0.00610249295
0
0.004573135803
0.01520794397
0.01893685558
0
0
0
0
0.020644207
0
0.0009177642094
0.01121423337
0
0.0213360726
0.02915686439
0.03703205249
0.02121789755
0.03823474872
0.006021460109
0.0142506092
0.02580720995
0
0.01539132897
0.0128673109
0.002218800631
0
2.19E-02
0.01126948917
0
0
0.00897389208
0.005547668831
0
0.02927069531
0
0
0.003854462661
0.0128559899
0.001982146998
0.02169179422
0
0.003979475112
0
0.02715018052
0.01643557668
0.02390440916
0
0.01377080846
0.03709151486
0
0
0.01503801543
0
0.03526840994
0.02991743919
0
0
0
0
0.01726765849
0
0.0070898173
0
0
0.008619968154
0.001233240182
0
0.02720125678
1.26E-02
0.04228199356
0
0
0.00957567069
0.008287478182
0
0
0.01907712301
0.00113880767
0
0.016244291
0.008403140582
0.001276333539
0
0.04315781913
0.0431852338
0.003508139642
0.03747510606
0.02536720325
0.006428987433
0
0
0
0.005934439177
0.03562112107
0.01041299338
0
0.02585508723
0.05262573362
0
0.0004130315346
0.01875990631
0.02887979421
0.01419381046
0
0.02221271344
0
0
0
0
0
0
0
0.02079206685
0.02754901605
0
0
0
0
0
0.01613055021
0.003635506266
0
0.004785329065
0.02990347581
0.001636609042
0
0
0
0
0
0.02633391745
0.003313152278
0.006363479677
0.003503542485
0.02223158907
0.0326518215
0
0.01452821347
0.03955003702
0
0
0
0
0.06119161679
0.02896723291
0.00287318755
0.002771474335
0
0
0
0.01218206442
0
0.0195961923
0
0
0.02781695767
0
0.005577216924
0.01113336309
0
0.007120145456
0.001036440947
0.02051115387
0
0
0.04226252038
0
0
0.01304962138
0.02762262694
0
0.0120065207
0.0071931192
0
0
0.01333028125
0
0
0
0.006786474476
0
0.01909802024
0
0.001888763901
0
0.02956090008
0
0.03322155751
0.01311610904
0.004216317075
0
0.002851510531
0
0.01323184712
0
0
0
0
0.002853181911
0
0
0
0
3.76E-02
0.02316900753
0.01647443549
0.02277629472
0.02240672871
0.01977648023
0.01843984279
0.04223862348
0
0.01217073051
0.003350615845
0.00420613428
0
0
0
0
0
0
0.01618441099
0
0
0.01922218635
0
0
0.02747917478
0.001919569747
0.01215296643
0.006431887928
0.009381618862
0
0.04445536066
0
0
0.01774643261
0.007225257624
0.02969886605
0
0.02351623265
0.02933056745
0.0416904243
0
0
0.01110067468
0
0.03337596843
0.02504664676
0.00411270646
0.038644549
0.02681959924
0.03638816427
0.01218159722
0
0.01439968776
0
0
0
0.03776710743
0
0
0
0
0.05343385119
0.001153820426
0.004963578882
0.008543860409
0.02530267808
0
0
0.004816190038
0
0.005519449895
0
8.28E-03
0.02432586373
0.02153923618
0
0.003731730109
0
0
0
0.01765968175
0.002570821523
0
0
0
0.03352983178
0.02450956217
0
0.01797683106
0
0.04052080025
0.03083562786
0
0.03064432817
0.03477984452
0.006970964097
0
0.03584235296
0
0
0.03522527884
0.02363752664
0.02332652723
0.02150648569
0.0003877897278
0.03924976763
0
0
0.01277352209
0
0
0.002519095629
0
0
0
0
0
0.04646843488
0
0.007562457603
0.02671824365
0.01675058661
0
0.007218126553
0.009082223101
0.02922608457
0
0
0
2.28E-02
0.02851805914
0
0.0006177391368
0.006724119171
0
0.04714973089
0.007577167318
0.002232732104
0
0.003197017136
0
0.0614409448
0
0
0.00E+00
0
0
0.01628947052
0
0
0
0.008329258556
0.01393974823
0.03576241733
2.83E-02
0.0006170106068
0.01792785269
0.02418434413
0.00296291131
0.007443325444
0.04360558459
0.007602752624
0
0.02358977003
0
0
0
0.01966304292
0
0
0
0.04053466495
0.03847677087
0.03482286228
0
0.01918583735
0
0.01309832979
0
0
0
0
0.01923858158
0.03475409074
0
0
0
0.01680080432
0.0076555286
0.01506833188
0
0.04429459821
0.03336532501
0
3.94E-03
0
0.01041521173
0.003255648613
0.001583304696
0
0
0
0
0
0.03258652005
0.03298047757
0.006324449483
0.02075144963
0
0
0
0
0
0.03788237739
0
0
0.03390815113
0.009375677881
0
0.02113347345
0.04997686084
0
0
0.0008812847607
0
0.02255357838
0
0.01555445703
0
0
0
0
0
0.04434602729
0
0.003947872844
0.008586653713
0.0272369533
0
0
0.006991309481
0.02470807802
0.01147485944
0.01617970006
0
0
0.002157853832
0
0
0
0.02475449159
0
0
0
0.02386937234
0
0.02266920099
0
0
0
0.03221904945
0.01887355743
0.007614172169
0
0.04719227217
0
0.03585551795
0.02884828882
0.01680287413
0.01051475301
0.01568575783
0.0113846986
0.003516523731
0
7.50E-05
0.02945487804
0.01731409214
0.007259577372
0
0.00E+00
0
5.09E-03
0.03232602405
0.02109490237
0.009219495556
0.01582988766
0.02625113422
0.04645989892
0
0.02723257376
0
0
1.47E-02
0.01437644532
0
0
0.0168609848
0.009943530676
0.004817205628
0.000112588425
0
0.004155133671
0.01436867677
0.04458043065
0
0
0.04683308225
0.003662970062
0
0.006608815022
0.002300034276
0
0
0
0
0
0
0
0.02096186992
0
0.003534147455
0
0.02295980059
0
0.001307143302
0.01295629127
0
0
0.00E+00
0.01804045115
0.004666552668
0.007952321883
0
0.007374721214
0.005609911335
0
0.003733633516
0.03341259911
0.005049804036
0.01168149352
0
0
0.0113338248
0.05192134152
0
0
0.02753971733
0.02261758873
0
6.61E-03
0
0
0.006333766628
0
0.01162434787
0
0
0.02211900145
0
0
0
0.006832072907
0.02210910283
0.005897862448
1.47E-02
0
0
0.01048056508
0
0
0.01088622467
0
0.005080577191
0
0.02542729224
0.02292379329
0.00E+00
0.001712835398
0.01647829465
0
0
0.01167308781
0.03460064957
0
0.002696640159
0.007717541182
0.0262056232
0.03238382504
0.001474685282
0.03238158351
0.02441691934
0
0
0
0
0
0.00E+00
0.0007040354453
0
0
0
0.03262720556
0.02860115726
0.08267700716
0
0
0.01127197316
0.005980600651
0
0
0
0
0
0
0
0
0
0
0.06740386047
0
0
0.01796560168
0.0351463289
0
0.009943220672
0.006821910683
0.00694106935
0
0
0.03681289061
0
0.02527226407
0.005766180772
0
0
0
0
0.008568176897
0.0145046211
0.03693494848
0
0
0
0.02952076412
0
0.01910188967
0.06449263344
0.05146129812
0.003389031558
0.04196750705
0
0
0
0.004174148602
0
0.01652986181
0
0.02601023577
0.00938451976
0.0195641211
0.01093544579
0
0.03428893112
0
0
0
0.02581858673
0.008757969225
0.005145382369
0.005489125067
0.003917335932
0
0
0
0.009683284967
0.009198640764
0.03114630065
0.0167758902
0.0152778639
0.01277526099
0.01170379327
0
0
0
0.03804779562
0.003938127178
0.001873200086
0
0
0
0.0007613347851
0
0.01903099269
0
0
0.009542619105
0.006029038818
0
0
0.02230174875
0.01414876091
0
0
0
0.01348525869
0.0002877637139
0.03201429181
0.01815095641
0.01191342098
0.03696560355
0.01738449407
0
0.03119720412
0
0.009919695638
0.0003293017312
0.005676818802
0
0.003688162982
0.00252723019
0
0.02497216531
0.009549931591
0.01310872734
0.03366957379
0.001981671489
0.008262628591
0.00761484229
0.01481962797
0
0.02000401065
0.008621304634
0
0.008164163128
0.04359301062
0
0
0.003806435519
0.03687873578
0.03110247927
0.00E+00
0
0.0126847393
0.006013198395
0.02935228857
0.04421078303
0
0.01213715582
0.02322703657
0.03043497171
0.006996790056
0.02360207451
0.001650483443
0
0
0
0.0218977181
0
0.01415263311
0.05261485298
0.01898547761
0.01675818031
0
0.01083677167
0.002105579394
0
0
0
0.01972810598
0
0.03647933731
0.005106052488
0.002075686982
0
0
0
0.01144781221
0
0
0
0
0
0
0.04633095301
0
0.02533618173
0.02119335992
0.03144833876
0.02919325882
0.002346260004
0
0.02565556938
0
0.01901824401
0.02059509845
0.02597469186
0
0
2.93E-02
0
0.0233645837
0
0.02963456362
0
0
0.004694342695
0.0351635784
0.01549461015
0.038099319
0
0.01867542695
0.02422230694
0.02333238006
0.01452309579
0.001112397833
0.009082322094
0
0.0240950289
0
0
0
0
0
0
0
0.01820047479
0
0
0
0
0.004364290718
0
0
0.03865668067
0
0
0.03932154888
0.02874883087
0.01182278134
0.008402705913
0.02763016237
0.02230430014
0.005634325913
0
0.01263913116
0
0
0
0
0
0.002527457327
0.04621380607
0.0261129706
0.003673309015
0.0279140191
0.03300892497
0.009959598833
0.006465277773
0.06157919242
0
0.04112397207
0
0.003781960288
0.02058900851
0.008675314263
0
0.008959290905
0.0310924621
0
0.004187304202
0.001242392647
0
0
0
0
0
0.01530660271
0.00E+00
0
0.004561305574
0.03029017733
0
0
0
0
0
0.02502096523
0
0.002591686969
0.009362484398
0
0.01779221777
0.01795243324
0
0.02310204474
0.008119984426
0.01564873648
0
0.03200502102
0
0
0
0.00E+00
0
0.01267753984
0.01746178121
0
0.03047079136
0
0.008873659926
0.04009206317
0.03275109939
0.01187549286
0.01892188488
0
0.0110307628
0
0
0.01008508647
0.03638969624
0.005895621879
0
0.005047464179
0
0
0
0.0183283031
0.01100405501
0
0
0.01012811127
0
0
0
0.01716883979
0.01466821699
0.04497509505
0.007976357926
0
0
0.01917305665
0.01548899232
0.02356418918
0.01121584142
0.01137830378
0.01449777234
0
0
0
0
0
0
0.005084014727
0.04142971361
0.008431325614
0
0
0
0
0.04983607217
0
0.0307689538
0
0
0
0.01356923943
0
0
0
0
0
0.06363995757
0.0249441224
0
0.01252798958
0.001560038464
0
0
0
0
0
0
0.02942709576
0
0
0.001755636278
0
0.01152782849
0.005848295686
0
0
0
0.02036912714
0
0
0
0.002069810926
0.03980205961
0
0.0032534385
0.02374819068
0
0
0
0.05780925364
2.80E-02
0.01804483368
0.04308170692
0.05198645077
0.0187212335
0.007938284815
0
0.01681596613
0.0002838791182
0.00181725915
0.0208769931
0
0.009929203164
0
0
0
0
0
0.02943042541
0.02556636366
0.02056503169
0
0.03119458897
0.002676977073
0.006651757858
0.02034706745
0.01633047943
0
0.05556138691
0
0.005000205477
0
0.01571625794
0.02218244413
0.03273700515
0
0
0
0
0.02622729004
0
0.02045243687
0
0.004447010702
0
0
0.01099911531
0.001500490729
0.03784049444
0.008210739568
0
3.26E-02
0
0.00E+00
0.05417060259
7.09E-03
0.003358667039
0
0.02536509637
0.01235864859
0
0.002161705339
0
0.04716286514
0
0
0.01095866395
0.01702247178
0.01503639133
0.003062353519
0
0.008157463764
0
0
0.0005770703503
3.06E-03
0
0.007607106971
0.02489518036
0
0.02147054968
0
0.01547446875
0
0.02121841825
0
0.0132388271
0.02684890959
0.04786272824
0.03328029913
0.03986721568
0
0.005149045157
0.03279758966
0
0.01408786837
0.004856034925
0.002482664824
0
0
0
0.01691328515
0.04751774986
0.02666871672
0.006672023906
0.01382073658
0.04425322052
0
0.008144482994
0.02194199094
0
0
0.01322670824
0.0005907927938
0
0.01672396898
0
0
0
0.0107134616
0
0
0
0
0
0.03626545107
0
0.0007365776265
0.03330124976
0
0
0.004287750528
0.01911961338
0.01341531319
0
0
0.002890733456
0.02118301653
0.01397283004
0.01505265778
0
0
0
0.0007656341512
0
0.01616734579
0.01264625331
0
0.02875259654
0
0.02874213896
0
0.02290816964
0
0
0
0
0
0
0
0
0
0.01121315329
9.19E-03
0.008308335641
0.005701084004
0.01525783693
0
0.00421028304
0
0.03184387765
0
0.004204992831
0.02848890814
0.06495867005
0
0.02169372618
0
0.01305659867
0
0
0
0.005769288493
0.001084194333
0.007835360761
0
0
0.01181101698
0
0
0.01712216568
0.005923439021
0
0.03629800641
0.05001049055
0
0
0
0
0
0
0
0
0.02575565872
0.01734514735
0
0.01004419782
0.03942153645
0.03299086139
0.0362373947
0.05775845312
0.02085690154
0.0166522652
0.01057015812
0
0
0
0.04070461133
0.01783256303
0
0
0.0218486554
0.002874955479
0.009685138754
0
0
0.008698705599
0.04444217161
0
0
0
0
0
0.04351717309
0
0.03492161218
0
0
0
0.02782757741
0
0
0
0.01681172311
0
0.001484988565
0
0
0.00933425559
0.01676705998
0.02377601596
0.01009867654
0.01029722879
0
0
0.01338308018
0
0
0.01379309676
0.01781798627
0
0.01495064352
0
0.01854814693
0.04554845913
0
0
0
0.01392532828
0.02189827859
0
0.01474037568
0.002405219829
0.04819218392
0.003064089164
0.038723272
0.02848496298
0.02613142476
0
0.02264306209
0.01257025854
0.007275984423
0
0
0
0.009825786235
0
0.007993451286
0.004632748368
0.03308149722
0.002365599541
0.02746437453
0
0.003995196542
0.004150612832
0.03507283721
0.004935765626
0.00E+00
0.03012862841
0.0002752822328
0
0
0.02031175484
0
0.02099095978
0.03042230458
0.02587872392
0
0
0
0.00E+00
0
0
0.02619563738
0
0
0
0.005891180639
0.02591837917
0.02106340505
0
0.02216460927
0.005905827524
0
0
0.05598169392
0.01206848036
0
0.001672241638
0.01846917384
0
0
0
0
5.11E-03
0
0
0.02948907429
0.0203465442
0
0.00E+00
0.006649732331
0
0.04569447735
0
0
0.0305638584
0.01359218676
0
0.01320290661
0.09616416555
0
0.02308127615
0.001410503654
0
0
0
0.00E+00
0.00500057521
0.004098351259
0
0
0.05560965182
0
0.03743074967
0
0
0
0.01388678251
0
0.004990652645
0
0.0363506622
0.04659163016
0
0.00E+00
0.0236986589
0.003574383827
0
0
0
0
0.007392718757
0.05874750625
0
0.002301956389
0
0
0
0
0
0
0
0.04441053877
0.001086407058
4.53E-03
3.01E-02
0
0.01428699597
0
0
0
0
0
0
0.01313707395
0.05284121452
0
0.0253260544
0
0.03578205007
0
0
0.04097787792
0
0
0
0.02950489384
0
0
0
0.0862764681
0
0
0
0
0
0.040278104
0
0
0
0
0
0.008136909042
0
0.01119602131
0.02896496177
0.04596347526
0
0.009463198749
0
0
0
0
0
0.04716372086
0
2.13E-02
0
0
0.02920074131
0.03367578494
0
0.006563412577
0
0.01433520527
0.002221367004
0
0.010217866
0.008360535832
0
0.01207544499
0.01386129193
0
0.03618958271
0.00415767118
0
0
0.02099996142
0.02713717743
0.01611808046
0.01268744119
0.03085388665
0.05311924012
0
0.04562481829
0.02630136354
0.009707438974
0
0
0
0.01260985384
0.008577006064
0
0
0
0
0.02766012845
0
0.02986680841
0
0.03295295394
0.02399028993
0.01284063788
0.02232419774
0.007692818291
0.006184639869
0
0.004085493437
0.00746458629
0.01302687021
0
0.008096061807
0.0187367664
0
0.04525834438
0.006332401754
0.004161470112
0.01739340824
0
0.03204200395
0
0
0.003227888543
0
0
0.00996935938
0.01282686582
0.02336521933
0
0
0
0
0
0.00210264063
0.0364948548
0
0
0.02187518278
0
0.00E+00
0.007892457312
0
0.00429552962
0
0
0.003387265931
0.03440695634
0.01699657909
0
0
0
0
0
0
0.03577747796
0.0587903887
0
0
0.043927769
0.0117441552
0
0
0.003689976932
0.02661212824
0
0
0
0.07326645878
0
0
0
0
0.00E+00
0
0.02081485421
0
0
0
0.02074874199
0
0
0
0.02874306863
0.006745014911
0.03209473296
0
0
0
0
0.01422883745
0.01793996155
0
0
0.04175404948
0
0
0
0
0.03038107081
0.001054429003
0
0
0.01741285851
0
0
0.01032019216
8.17E-05
0
0
0.001479488801
0
0
0
0.02159780417
0.0599574243
0.03028297244
0.009132521696
0
0.009691204042
0
0
0.005477402418
0.002352677312
0.02377438925
0
0.03855486403
0.04651213211
0
0
0
0.05397795375
0.01585371652
0
0.004936173667
0
0
0
0
0.02104479307
0
0.05656342293
0
0
0
0.009986678308
0
0.01056646049
0.008048291492
0
0.05545822851
0
0
0.01862352743
0
0.04587403736
0.01349727744
0
0.01049870314
0
0.01731535438
0.004161708897
0
0
0
0.004596774182
0.03927258047
0
0.007186706663
0
0.01916344899
0
0
0
0.01524388727
0.005590743313
0
0
0.07103873879
0.009565855555
0
0
0.02549196786
0
0
0.02207185684
0.03786125646
0
0.03448820951
0.01154016602
0.01494411273
0
0
0
0
0.002236751185
0.01106461196
0
0
0.04117454197
0
0.01295315704
0
0
0.001017993609
0
0
0
0
0.002231874523
0.004842616296
0
0
0.004965507815
0
0.00797358668
0
0.008681538751
0
0.003539769122
0
0.07350601559
0.03534178348
0
0.01949488203
0.03504052099
0.03712663309
0
0.03200386013
0.01069305612
0.0476557154
0.009324745878
0.03316173892
0
0
0
0.02649444513
0.001115439972
0
0.0414884206
0
0
0
0
0
0.04232466352
0.04514274432
0
0
0
0
0
0
0
0
0.01303463707
0.0161337846
0.03058756038
0
0.007977453444
0
0.02433599015
0
0.005136045797
0
0
0.0369903583
0.01461145901
0
0
0.02919211721
0.04044608965
0.01006646083
0.02576168877
0.005131050516
0
0.01470989688
0.006384668786
0
0.001985605881
0.01564915458
0
0
0
0
0.001702986794
0.00E+00
0.01126029098
0.001150907833
0
0.007589319273
0
0.0228190607
0.0395176425
0
0.00E+00
0.01639827129
0
0.0254606085
0
0.02092885671
0
0.0514681897
0.002335640717
0.01049159629
0
0.00806689491
0
0.02148255501
0
0.001206451512
0.04910330123
0.002130291276
0.001461769178
0
0
0.0009927687743
0.02788007943
0.03616142407
0
0.006038086613
0
0.0135484749
0
0
0
0
0.008242120179
0
0.01265914848
0
0
0.00121136093
0.02698073962
0.03436434659
0.004351576909
0
0.01041861528
0.01874118248
0
0.02817797889
0.02056942608
0.01455990079
0.03681852714
0
0.006663246637
0
0
0.0003698308195
0.03562528018
0
0.009096573887
1.37E-02
0
0.04007091679
0.0202850873
0
0.008961269033
0
0.01633662685
0.01942821447
0.01401230426
0
0
0.01046840897
0
0.0392882247
0.04988658333
0.0006230399236
0
0.01792121886
0
0
0
0.02488935436
0
0.03806198453
0
0
0.00203412181
0
0
0
0.006692078105
0
0.01306235386
0
0.03162903498
0
0.00566500147
0.0002759037678
0.00683345533
0.01044834378
0.03088778601
0
0
0.01214535039
0
0.01248600554
0.03758031588
0
0
0.002520711141
0.001884986857
0
0.02903197322
0
0.0363037756
0.009715377366
0.03643453568
0.05400852502
0
0.004115174272
0
0
0.01536061421
0
0
0
0
0
0
0.02647328965
0
0
0.01040982631
0.04355509999
0
0
0.007153499699
2.60E-02
0
0.05371295378
0
0
0.01703599755
0
0
0.03132032654
0
0.05910950746
0
0.01216331843
0
0.04100863855
0
0.004629390415
0
0
0.006771277323
0
0
0.03475960987
0.006652554631
0
0.0338910986
0.0231196548
0
0
0.0662536473
0
0.02396584676
0
0
0
0
0.03127940765
0.01136670555
0.02417016909
0
0.01849419364
0
0
0.01966571124
0.0199234129
0
0.04456929234
0
0
0
0
0
0
0
0.0007122972488
8.86E-05
0
0
0
0
0.003416391046
0.01104455509
0.0032122849
0.04980888079
0.01858524945
0
0.04871113326
0
0.04304492197
0.03616343132
0
0
0.0008566829617
0.02664610833
0
0
0
0.03379351931
0.0532759103
0
0.02170892835
0
2.67E-03
0
0
0
0.02184634563
0
0
0
0
0
0.04439028417
0
0
0.002429147729
0.01588320603
0.02991997544
0
0
0.02167089629
0.01467282826
0.03403536998
0
0.01674760073
0
0
0
0
0
0.05103967427
0.02571929844
0.01229684424
0
0.003914376832
0
0
0
0.009390125259
0.001374255857
0
0
0.02063971071
0.003593757043
0
0.0009088000111
0
0.01172410169
0.01004439303
0.05074376971
0.05437895891
0
0.007051566521
0.01106477339
0
0
0
0
0
0
0.007269990524
0.01957749849
0
0
0.0410671753
0
0.04069054293
0
0
0
0.01283985037
0
0.01645392772
0.04555086025
0.006385889967
0.01671605387
0
0.03267467989
0
0
0
0
0
0.02793930386
0
0
0
0
0
0.02742038393
0
0.01518403179
0.01081052935
0.01666077872
0
0
0.04144881561
0
0.002643445639
0.0414277656
0.00E+00
0
0.01780303827
0
0.04072246969
0.04460667095
0
0
0
0
0.009654848932
0
0
0.05047119243
0.01028815302
0
0
0.002361943672
0
0
0
0.0304643482
0.04522560815
0
0.02366860535
0
0.02779450752
0.03144732567
0
0.004662953771
0.0191715429
0
0
0
0
0.0003128079089
0
0.003090529747
0.00E+00
0.02231357619
0
0.03577746084
0.003456170934
0.006992316982
0.001036041788
0.06923884092
0.003476891095
0
0
0
0
0.02546603052
0
0
0.01371283385
0
0.04526650027
0
0
0.0007928614992
0
0
0
0
0
0.04162156804
0.01012449266
0
0.04441503241
0.03277852421
0.02085531294
0
0.02279377995
0.01472751247
0
0.01328723778
0.0403631269
0
0.05123858481
0
0
0
0.02408708284
0.001881534535
0.0002891330071
0
0
0.01569578269
0.002363722723
0.02905938168
0
0.003393035463
0.05482641139
0.01671894941
0.0400276136
0
0
0
0
0
0
0.001747050955
0
0.06590113459
0
0.02565248616
0
0.03177590601
0.01788498303
0
0.03463967956
0
0.01455609617
0
0
0
0.004137314832
0.0007870330479
8.90E-03
0
0
0
0
0
0.02105375792
0
0.01308454232
0.03107525969
0.01763020987
0
0
0.00346391855
0
0.01989558305
0
0.03945079954
0.007980025882
0
0.001881930341
0
0
0
0
0
0
0.01690732847
0.00045921993
0
0.03353112198
0.0324199444
0
0.00E+00
0.003234203329
0.00279833381
0.01024179535
0
0
0
0.00E+00
0
0.003238527225
0.02693871265
0
0.01278060029
0
0
0.04193342782
0.002198815089
0
0.00552138414
8.38E-03
0
0
0
0.04649372055
0.00E+00
0
0.01775574533
0.001561690783
0.00420266053
0
0
0
0
0.05055865308
0
0.02146634466
0.01818710777
0.02759136573
0.01973028798
0
0.01990381844
0.01251489442
0.02021543204
0
0
0
3.11E-05
0.005287581706
0.004051989763
0
0
0.02268629261
0
0.05164305811
0.007620287477
0
0
0
0
0
0.0002218317774
0
0.0358875404
0
1.88E-02
0
0.009543631132
0
0
0
0
0.02866855635
0.0127138849
0.008144865313
0
0.02298175732
0
0
0.0151131399
0.03553318278
0.002861987701
0.04246279299
0
0.00161013953
0.007181028003
0
0
0.04644579582
0.01302468861
0
0.05635727819
0.0439615464
0.02102417474
0.02532500673
0
0.0004996694102
0
0
0.01264905105
0.05875295214
0.007549244143
0.04063664989
0.00563890372
0
0.03203758217
0
0.03011800562
0.022669337
0
0
0
0.014208076
0
0.006472980433
0.005512054275
0.0127334713
0.01970689946
0.02561143239
0
0
0
0.005628442802
0
0.03699966387
0
0
0
0
0
0
0.04706198254
0.0422157249
0.04573603748
0.002992724068
0
0.02309900206
0
0
0
0
0
0
0.02817623585
0
0.03091940579
0
0.05780695287
0.02006485632
0
0.01587916642
0
0
0
0
0
0.01623828625
0
0.02074751514
0.007276322625
0.01844009033
0.04476478973
0.0277064868
0
0.0007690918786
0
0.01928938736
0.04659260084
0
0
0.009326149727
0.08401226403
0
0
0
0
0
0
0
0
0
0
0
0
0.02605984297
0
0.02740066833
0
0
0
0
0
0
0
0
0
0
0
0
0.02347481221
0
0
0
0
0.04537527473
0
0
0
0.02123390512
0.02792237283
0
0
0
0
0
0
0.0100389393
0
0.006222940253
0
0
0
0
0.01215418236
0
0.002477394928
0.001848832327
0.0255217862
0
0.06538433349
0.07027909485
0
0
0.003015107938
0.007517129118
0.0162259192
0.004515160321
0
0.00E+00
0.0437758019
0
0
0
0
0
0.02603248349
0.06505901865
0.02245466852
0.01345327463
0.01992550235
0
0
5.97E-03
0.006756800022
0.02560602252
0.04674836871
0.004189477418
0
0
0
0
0
0
0.003289416429
0
0.006163374685
0.01485669032
0
0
0.0330834764
0.03529664262
0.04192680531
0.01677679771
0
0.00862667957
0.02067879433
0.04935222968
0
0.0127577448
0.01545072617
0.02474102039
0
1.62E-02
0
0.03007342164
0
0
0.03251898923
0
0
0.005553145391
0
0.006623999174
0.002843815755
0
0
0.03604756947
0
0.02445462341
0.04560185219
0.02519519417
0
0.00E+00
0.01161381854
0.03140758307
0
0
0
0.01145326576
0.03140983465
0
0
0.006849527969
0
0
0
0.03447324046
0
0.006741025517
0
0.008490719249
0
0
0
0
0
0
0
0.02271203988
0.004089924234
0.01343006273
0.00E+00
0
0.02347407938
0.03165245132
0
0.02253383116
0
0
0.04882014504
0
0
0
0.0340208912
0
0
0.0403578871
0
0
0.03339190214
0
0
0.008522015574
0
0.04291206893
0.06620301211
0.02041244438
0
0
0
0
0
0
0.006470355595
0.03348982206
0
0
0
0
0
0
0.04780057812
0.02361814992
0
0.02020820045
0
0.02783871048
0.003383211278
0.001097125496
0.02166667214
0
0.03434811676
0.005846621229
0
0
0.05250995298
0.01341329391
0.01696257379
0
0.005075606191
0
0
0
0
0
0
0
6.05E-03
0
0
0.01257014228
0.005194227313
0
0
0.02870563404
0
0.02050950587
0
0.02527003291
0
0
0
0
0
0
0.03322573054
0.02287476449
0
0.05464253955
0.002753247911
0
0
0
0.003397310229
0.03984954602
0
0.006293942491
0.006230997177
0.04458617126
0
0
0
0.05530478478
0.02891438294
0.02448915148
0
0
0
0.03042175708
0.003580225624
0.01085410633
0
0
0.05459143012
0.01663937613
0
0
0.05639352887
0
0
0
0
0
0.03731862764
0
0
0
0
2.94E-03
0.02874501787
0.04264236569
0.03308868138
0.04308044435
0
0
0
0
0.01937360948
0
0
0
0.02914676102
0
0
0
0
0
0.06167689285
0.00800128317
0
0
0
0
0.06522170692
0.02679096731
0.008630998533
0
0
0
0
0
0
0
0
0
0.00333663935
0
0.005395341182
0.02862636609
0
0.04712410756
0.01345393392
0.02684471749
0.006322831559
0
0.02387765933
0
0.01531651636
0
0
0
0.01321578341
0.008479940651
0.003813060741
0.03632101873
0
0
0.004021709807
0.02199521872
0.009755474518
0.0004439034486
0.01940147137
0.03016099702
0.0377360822
0.03810818552
3.09E-02
0.02705707066
0.01708832853
0.0040277057
0.008532534222
0
0.005700147315
0
0
0
0.003067075631
0
0.03627722111
0
0.01538980314
0.007844702466
0.03547428069
0
0.01936687241
0.02578964455
0.01302421483
0
0
0
0.004525280038
0.004804187683
0
0.01588884746
0
0.02878197193
0.02120067784
0
0
0
0.01015248783
0.01407037145
0.006053753108
0
0.01835250146
0
0
0.001665780527
0.007324114147
0.02959981322
0
0
0.01471501626
0.01541833814
0
0
0.02692489885
0
0
0.006310860571
0.03150532988
0
0
0
0.01399513352
0
0
0
0.01135499583
0.02188714644
0.00845005887
0.008212115072
0
0
0.03548389277
0
0.004593675405
0
0.0003332632952
0.02323205282
0.02358611303
0
0
0.01440200368
0
0.03670707984
0.03432140575
0.01424773218
0.009558354436
0.01182965331
0
0.01197427253
0
0.004188424521
0.00217101461
0
0
0.03266754537
0.009471783889
0
0.004501275921
0.02136668049
0.005496233024
0.001393626875
0
0
0
0
0.001143516502
0.01816320677
0
0.02401360875
0
0.00493660312
0
0
0
0.01489411101
0.03169117959
0
0
0.005349817133
0.0097773243
0.005132930451
0
0
0.003886220561
0
0
0
0.03592945812
0.02766864046
0.04873245935
0.02547777866
0.01997805982
0.0199423806
0.01534319118
0
0.02874373071
0.0177872249
0
0
0.0101680204
0
0
0.01389276783
0.02905088574
0
0.001267119571
0.02069303702
0.02342479537
0.04327318966
0
0.02201237145
0.009275841427
0.002584157912
0
0
0
0.04480321498
0.02276313539
0.001248267771
0.02666847632
0.02969867821
0.00634868066
0.005078659602
0.001442805078
0
0.01111172055
0.01192678088
0.02441177376
0.002852499177
0
0.003968317765
0
0.007401170531
0
0
0.02340110055
0.01321526183
0
0.02289531811
0.00112383666
0.004099393589
0.01126190669
0
0.0164374552
0
1.84E-02
0
0.02320992138
0
0.02222740057
0.01439838922
0
0.01037706724
0
0
0.0447651631
0.01628190834
0
0
0.0243771968
0.04418379047
0.009358824453
0
0.009448147755
0.02532273732
0.0561670078
0.01477448309
0.03522936799
0
0.005802964172
0.00492902949
0
0
0.0283139453
0
0.01776251609
0
0.01062997411
0
0.01835740099
0
0
0.01006154205
0.01911466289
0.01555170226
0
0
0.03623893017
0.01082423678
0
0.01176261617
0
0.01807038791
0.01722297406
0
0
0
0
0
0
0
0.0129165021
0.01047580772
0.0127070434
0
0
0.005653848485
0
0
0
0.002134964131
0.002645199861
0
0.02999313405
0.008519460555
0
0.03978979872
0.02978968829
0.01235536476
0
0.02216222831
0
0.01002045043
0
0.02562647253
0.03182634597
0.001034786038
0
0
0.01674906645
0.02637186502
0
0.01364343092
0
0.0006833173921
0.005946540673
0
0
0
0.007642238726
0
0.02036958926
0.008529822391
0
0
0.001252747896
0
0.01436553104
0.002554847627
0.001129299894
0
2.59E-02
0
2.26E-02
0
0.03193709563
0
0
0
0.04339169994
0
0.001360665649
0
0
0.01640187238
0
0.00637359968
0.03730753541
0.02255852071
0.02557521057
0
0.006901675554
0
0.05496606439
0.02477071976
0
0.02461553218
3.00E-03
0.03684662784
0
0
0.00377791493
0.03367960559
0.05035791483
0.01348457392
0.0327049452
0
0
0
0
0
0.01609778403
0
0
0.02750376807
0.002030782343
0
0.05027427536
0.006303025624
0.01387093589
0.02407398264
0
0.007605054973
0
0
0
0
0.01560474105
0.003335991395
0.00600691735
0
0.02773327658
0
0.03170555957
0
0.01529961974
0
0.001754217905
0.005877003
0
0.01998388625
0.0006458664091
0.02425844102
0.0131008245
0.05211530268
0
0
0.004022862663
0.0173479634
0
0.002524719738
0.01915802389
0.01082840016
0
0
0
0
0.00547905069
0.02512607706
0
0.04353278578
0
0
0
0
0.01928824373
0
0.0006899894836
0.01212039391
0.0001529593636
0.03297530708
0
0.01285636927
0
0.02291903611
0
0
0
0.05160677582
0
0.0622216804
0
0
0
0.01304142909
0.03048127373
0.006907740508
0.028991163
0.008369260237
0
0
0
0
0
0
0
0
0
0
0.01074387167
0
0
0
0
0.006210813165
0
0
0.03609757786
0
0.034557251
0
7.42E-03
0.0265512562
0.002942249015
0
0.0203377911
0
0
0
0.0314851114
0
0.008645770969
0.03014084258
0
0.02264007418
0.0134710545
0.003133500215
0.01609447011
0.02236718065
0.00860091693
0.01012782245
0.01222520383
0.01804243005
0
0.05745457565
0.003262291586
0.01703695367
0.03766539823
0
0
0
0.01315345697
0.008937423954
0.008870435767
0
0.01745373252
0
0.009005038988
0.01650857305
0.02765562754
0.01839197408
0
0.04600855772
0.009431177189
0.006858889171
0.01494683567
0
0.01444343957
0.03890927095
0.04267052741
0
0.01724514591
0
0.03686959413
0
0
0
0.02665623699
0
1.11E-02
0.04234619657
0
0.0219301441
0.003665201812
0.02059672
2.98E-02
0.0151085128
0
0.003268907386
0
0.03801700006
0
0.002657145232
0
0.001608995925
0.05189489859
0.05727436493
0
0
0.01568725648
0.05415440789
0.03610326509
0.007848439434
0
0.003346125498
0.004967976672
0.01960579553
0.02922041425
0
0
0
0.05371039808
0
0
0
1.74E-02
0.002357048168
0.002895288868
0
0.01245946937
0.004485705745
0
0
0.01990693293
0
0
0.006198628592
0
0.01034587546
0
0
0.01023340743
0
0.0004734795539
0
0
0
0
0
0
0.004827083715
0
0
0
0
0
0.04126640172
0
0
0
0.02147140979
0
0
0.02898527249
0.03807849444
0.02310398455
0.01947081167
0.004115998971
0
0
0
0
0
0.02484400914
0
0.03018119163
0
0
0.04256795169
0
0
0.03469445999
0.002853240841
0
0
0.01334707569
0
0
9.95E-03
0.005826249518
0
0
0.0007993344546
0.01389681479
0
0
0.004861665041
0
0
0
0.04073293917
0.04125415855
0
0.01892728263
1.43E-02
0
0.007692321531
0.00E+00
0
0
0
0.04531064501
0
0
0
0
0
0.01315946671
0
0
0.03903172454
0.001134372891
0.03481638289
0.00E+00
0.03312054401
0
0
0.03459297106
0.01103985791
0
0
0.03881953743
0
0.03783926533
0
0.06326942668
0
0
0.04762920922
0
0.002571470955
0
0.01645065817
0
0.04482719204
0
0
0
0
0
0.02812768852
0.000959468537
0.007429852969
0
0.001126200538
0.05186550574
0.01906210188
0
0.008070006927
0.007248761951
0
0.02266747326
0.0001793767851
0.03878086542
0.0190600098
0
0
0.003639090658
0.00E+00
0
0
0
0.02146896079
0
0.0184555374
0.03561120862
0.01818770672
0.02824629415
0.02541559308
0.01777496786
0.008995693855
0.004301748882
0
0
0
0.002548632008
0.002911763669
0
0.04258392966
0.02579335479
0
0.003066060716
0.03924277282
0
0
0.01248407032
0.00534119358
0
0
0
0
0
0
0.04734624459
0
0.02544562788
0
0
0
0
0
0.01092085791
0
0.01625767152
0.03381468478
0
0.02140930739
0.031213419
0.001214667701
0.0160950811
0.0104671826
0.009595035403
0
0
0.02014999564
0
0.01281435591
0.01393667283
0.02295016807
0
0.01442259123
0
0.006047596986
0.01236474842
0.0226954633
0
0.0006492199565
0
0
0
0.01423209576
0.01980927427
0.005747645018
0.03161814334
0
0
0.002648989313
0
0
0
0.04012646458
0.003196120544
0.008093091905
3.28E-02
0
0.02021391342
0.005949437482
0
0.0570497202
0
0
0
0
0
0.02698884992
0.01577847515
0
0.02433204825
0
0.01299000437
0.01467116631
0.02088944477
0.00208115525
0
0
0.05647640547
0
0
0.008960456323
0.02122361099
8.73E-03
0.001131028906
0
0.01596239179
0.00182071169
0.03504551629
0.02485575182
0
0
0.0117019339
0.01537299074
0
0.02388548907
0
0
0.003491606358
0.02289411334
0.04140900471
0.007054643336
2.67E-03
0.03281789462
0.01135430114
0
0.03467769943
0.007377714507
0.03747593922
0
0
0
0.02807726372
0.002912237497
0
0
0.04086588918
0
0.02787365918
0
0
0.00E+00
0.01758619912
0.01079898854
0
0
0.01222056109
0.01056740911
0.007845434023
0.03004627565
0.004958164994
0.05238538646
0
0.01755017963
0
0
0.001753081125
0
0
0.01857612266
0
0.005164616021
0
0
0.02686133271
0
0.03082823808
0.01282144621
0.005861113293
0
0
0
0
0
0
0.001907806474
0.02909824314
0
0
0.01965135894
0
0.02846784984
0
0
0.005809317295
0
0
0.001158265027
0.04312846278
0.03421610527
0
0.01013116413
0.01619094256
0.01706420311
0
0.001241811518
0
0.01693786673
0.02434424898
0
0.001365445295
0.04521206014
0.03215706579
0.02051043408
0.02869123085
0
0.03854201061
0.01482192367
0.03014081401
0
0
0.03175140891
0
0.03715700248
0
0.03490874413
0
0
0.0312261884
0
0
0
0.001916109685
0.03108544693
0
0
0.01785013674
0
0.008406111981
0.002345456347
0
0
0.002042279005
0
0.04398879537
0
0.01310675072
0.03666972556
0
0
0
0
0.005362371231
0
0.0005703083772
0
0.0088513907
0
0
0
0.007824050773
0.02055641011
0.003597015105
0
0
0
0
0.01196068139
0.01889319319
0.03455645346
0
0
0.02388852097
0.01860213082
0
0.02648836909
0.01319853803
0
0
0.0172592298
0
0.01528190455
0
0.02009979969
0.03811194228
0
0
0
0
0.0218604558
0.009195874423
0.01390503498
0
0
0
0
0.01570397536
0.05693862667
0.006623118493
0
0.02536884045
0
0
0.00845437222
0
0.01167013562
0
0.01961181794
0.0453147401
0
0
0.01900256427
0
0.0145656732
0.05030872032
0
0.00799523905
0
0.03355406868
0
0
0
0.00E+00
0.03443796073
0
0
0.02164852378
0
0.03301856362
0
0
0
0.003053282699
0.004741774542
0
0
0
0
0.0002460801893
0.001683264766
0.003639221799
0
0.0306519664
0.009211032198
0.03883646046
0.004612730653
0.03580607428
3.42E-02
0
0
0
0.0003118735141
0
0
0.006832784038
0
0.008366673492
0.01717598718
0.03215837054
0.000930454178
0
1.05E-02
0.005862187552
0.01505985139
0
0
0
0.006522916338
0.006966772076
0.01533492951
0.009816284073
0.02379401342
0.02005528762
0
0.0175559532
0.04591173248
0
0.002335688102
0
0
0
0
0.02728450885
0
0.01586874179
0
0
0
6.91E-03
0.001212705215
0
0.01737292958
0.01795658706
0.03142410824
0.01228146132
0.004882927866
0.009044226065
0.02570431345
0.01385725857
0
0.01678018754
0.02878164754
0
0.02963118387
0
0.04933818598
0
0
0
0.01891005818
0.005453002455
0
0
0
0
0.06096041175
0
0
0
0.03164969817
0.03124335493
0
0
0
0.01986294745
0
0
0.001949430229
0.005005757058
0.01732456632
0.01777231036
0.002354553242
0.009345107637
0
0
0
0
0.009844770403
0.02184776156
0.00265904326
0.025377808
0.04853319469
0
0.002238641821
0
0.0206176478
0.01120625154
0
0.01461859343
0.01377446248
0.02118626089
0.008496365622
0
0
0
0
0.02560337836
0.04599400999
0
0.00632917527
0.002457183458
0
0.0176025009
0.04689188615
0.03864964599
0.01442168146
0.02588764043
0.02479323221
0
0
2.09E-02
0
0
0
0.02265891329
0
0.01299073589
0
0
0
0.0307454297
0.007149139802
0.005080620651
0
0
0.01339231807
0.04201968101
0.03364776428
0.002317513238
0.02731892521
0
0
0.002475923007
0.01728692402
0.007913211521
0.003899546803
0
0
0.04170785056
0.008108449284
0
0
0.02160658732
0
0.007894424294
0
0.003520757368
0
0.01574518579
0.002851660541
0
0.00783760095
0.04762584835
0.008047832473
0
0
0.0265132968
0.01610253606
0.008675076525
0.02394287947
0
0
0
0
0.03384082102
0.02230914254
0
0
0.007862289341
0.03027870452
0.03809479335
0
0.01214677156
0
0.01742692827
0.01113226009
0.02152323023
0.01202105586
0.002843326573
0
0
0
0.0278929222
0.01597783382
0
0
0.020161098
0
0.03205745537
0.02313886193
0.003757986247
3.95E-02
0.01475980176
0
0.009228406242
0.02004825816
0.04009777786
0
0.02231547015
0.02043065584
0
0.02532938845
0
0.01580826241
0.003680290742
0
0.00E+00
0.02472643077
0
0.01956031684
0.02288565291
0.01226660842
0
0.02554104169
0
0
0.00753766786
0
0.01463364353
0.02965837459
0.007349096177
0
0
0
0
0
0.03646792753
0
0
0.006354645821
0
0
0
0
0.01341136564
0.003417137806
0
0.007301789956
0.00837464169
0.02730652151
0
0.00E+00
0
0
0.02864395288
0
0
0
0
0
0
0.04049243964
0
5.07E-02
0
0
0.02775898263
0.01335298144
0.02309358061
0.01719169902
0
0
0
0.02256196485
0
0.01579923275
0
0.002483143813
3.91E-05
0.03080200627
0.00891379809
0.02365083133
0
0.05387948609
0
0
0
0.005141747949
0.01275796408
0.008714726374
0.01738966218
0.02069882656
0.00043691804
0.01751929767
0
0
0
0
0.001163704128
0
0.00E+00
0
0
0
0
0.008575576783
0.03744767441
0
0
0
0.0171016208
0.01539400557
0.02962303927
0
0.03436376206
0
0
0
0.005600897911
0.01834902394
0.01604439418
0
0.04401784495
0
0
0
0
0.02323241295
0.02352628984
0.0231494259
0.04003219338
0.04205879739
0.03800410338
0
0
0
0
0.0169783751
0
0.03691368699
0.01738941996
0
0
0
0.02413925508
0.02689696414
0
0
0.03130869293
0
0
0.01526485154
0
0.00E+00
0
0
0.02871772405
0
0
0.01571486403
0.006690181996
0
0.02201949398
0.003577474599
0.02000692718
0.004237802208
0.03777170769
0.03500399703
0
0
0
0.009114317162
0
0.01088057224
0.02831359874
0
0.004383346392
0.02290389516
0.006837623112
0
0
0.01561253203
0.01559052295
0
0
0.01936321416
0
0
0
0.007539511129
0
0
0
0.01850233318
0.01085738306
0
0
0.00915290028
0.01816887075
0
0
0.026565914
0.02319709236
0.01388391014
0
0.02724046458
0.009630107144
0
0
0
2.29E-03
0
0.03964539953
0
0.02198327984
0
0
0.01262350296
0.06869301429
0.03592405554
0.0006961192193
0.01400313915
0.00154243142
0.02706485958
0
0
0
0.005244903645
0.02451144079
0.05216685401
0.01739470351
0.03236071513
0
0.005930767487
0.05215696308
0
0
0
0
0.00479357097
0.01525628451
0
0.0258051042
0.0100735894
0.006322680027
0.01643192604
0.008076217776
0
0.00E+00
0
0.02753476662
0
0
0
0
0
0.05610287791
0.02882308839
0
0
0
0
0.04305539737
0
0.009489140195
0
0.03471443481
0.0331802705
0.003858819723
0
0.03850762507
0
0.03195423904
0.02281340699
0.02554144037
0.01257209843
0.02884102275
0
0
0
0.002973487483
0.008741744412
0.03540423691
0.0003240091131
0
0.0004623226895
0.02350641208
0.01833827401
0
0.04458606247
0.005698251039
0.01636694196
0.02547475307
0.02418752997
0
0.01218561264
0.00617779223
0
0.003646608723
0.02313220604
0.02122869558
0.01983459724
0.01576576406
0.007663248151
0.02553793875
0.02412692354
0
0
0.01097788159
0.008075853389
0
0
0.0302721229
0
0
0.0006757867396
0.009165031515
0
0.01730397907
0
0
0
0
0
0
0
0.01032683332
0.005974181149
0.01500741066
0.01197451366
0.007839411017
0.01406666241
0
0
0.01215704097
0.002155860336
0.0004363042331
0
0
0
0.01677731172
0
0.004864580625
0.007141199255
0
0
0.04102056656
0.007656947524
0
0.03131324768
0
0
0
0
0
0
0.01480084228
0
0
0.001879166891
0.03295935508
0.05096567774
1.18E-02
0.02792702789
0
0
0.02910091754
0
0.03096258456
0
0
0.0001857579203
0.02148176316
0.0052818476
0.01846587025
0.06371850807
0
0.01041056438
0
0
0
0.00E+00
0.005344704557
0.008422158273
0.03352829174
0.02765803549
0.02145974012
0
0.01239729311
0
0.02507334315
0
0.005818835931
0
0.001893680366
0
0
0
0
0
0.007501324975
0
0.02663670302
0
0.01479059056
0.01316396051
0.01969213806
0
0.002237121155
0.03010143236
0.002014909731
0
0.003464377829
0
0
0.02641851372
0.006809994824
0.01847969192
0
0
0
0
0
0
0
0
0
0.02076058091
0.03283851552
0.03383311564
0.01234101494
0.01022628167
0.03029516804
0.03131268764
0.02449432773
0
0.02169413149
0
0
0
0.04726760795
0
0
0
0
0.01961151982
0
0
0
0.004851491323
0.03160580095
0
0
0.01064730776
0.03539191536
0
0
0
0
0.03540324357
0.007533457917
0
0.008374236595
0
0
0
0.01791634395
0.01994014903
0
0
0.04634967349
0
0
0
0.004936141435
0
0.003781055558
0.02059421146
0.05876961706
0.01089907787
0
0.01387841096
0.002673373954
0
0
0.01500016913
0
0.01484249676
0.01744939172
0
0.009565245069
0.008741629688
0.01050836365
0.0223448135
0
0.02687857563
0
0.02677346072
0.02125473028
0.01885041289
0.003454841465
0
0.04297718921
0.0185033603
0
0
0.009335259517
0.0002935883144
0
0.03172815295
0.01662642691
0
0
0.00571415704
0.002189537865
0.00330664456
0.00E+00
0
0
0
0
0
0
0
0.0147094409
0.01113704631
0.004008259106
0
0
0.02735913644
0
0.03844870734
0
0
0.02724123212
0.0251123187
0
0.02714549007
0
0
0.0125652682
0
0.00E+00
0.05611468493
0
0.02418668007
0
0.0192634292
0
0.02358732174
0
0
0.06586412209
0.03761723655
0.008252186206
0
0
0
0.01292407628
0.04094496211
0
0.003925048784
0
0.03357818834
0
0
0
0
0.01259532307
0.0001152081153
0
0.003884134566
0.0005265700996
0
0
0
0
0.02107572834
0.01889511148
0.02786769532
0.009170121101
0
0
0.004072943718
0
0.06542923673
0
0.0069450748
0.02499784971
0.009737687727
0.0009661724447
0
0
0.003259658761
0
0.03483961555
0
0.005850041321
0.02133024356
0.01816442167
0
0.00411551426
0
0
0.02552314797
0
0
0
0.009658396956
0
0
0.0006769367867
0
0.0155313577
0
0.02997027145
0
0
0
0
0.0249753565
0.02266107171
0.04810941117
0.01516392087
0.04644420049
0
0.01482577093
0
0.009325050239
0
0
0
0.009148299883
0.01961670448
0.001234253013
0
0
0.01721747556
0.04930308512
0
0
0.01748271121
0
0.008430767449
0.03331589175
0.002884159248
0.008091768864
0
0
0.02663267306
0.01649286081
0.01368530527
0.04906636964
0.02360287034
0.02749871455
0.02822056913
0.01111361375
0.04322828944
0.02159041011
0.002584074266
0.01761070728
0.009926918472
0
0
0.006822882285
0.03371328699
0
0
0.002501507819
0.009393955313
0
0
0.03123563134
0.00726860864
0
0
0.01141129676
0.02579976313
0
0
0
0.01189966183
0
0.00656238859
0
0.01329698707
0.009988445337
0
0.01543240628
0.04575466229
0.002078326471
0
0
0.009532634965
0.01165940763
0.04141499862
0
0.004603943738
0.006166950891
0.007011218946
0.01284688959
0
0
0.0004576158297
0.05003441522
0
0
0.01255381823
0.0001332496822
0
0
0
0.0242387227
0.02116713912
0
0.03909107176
0.03875355288
0
0
0.0005608077373
0
0.00324538981
0.01068258243
0
0.02206762885
0
0.01391946925
0
0.01016089895
0
0
0
0
0.0305367033
0
0
0
0.009464359687
0.01940067694
2.07E-02
0
0.02133430222
0.01398950421
0.01584343353
0.04109956314
0
0.05343448704
0
0.01858643571
0.01885758701
0.03566140314
0.0001657940677
0.00048218059
0.00E+00
0
0.02092214438
0
0.001762646798
0
0.03628495922
0.01506968882
0.003443270598
0.01857489652
0
0
0.04026232921
0.02286691817
0
0
0
0.01189717434
0
0.00456688204
0
0.01927501382
0
0
0.02175375532
0.03666774903
0
0
0
6.64E-03
0
0
0
0
0
0.02032297031
0.03716490904
0.0257261008
0.02466285848
0
0.01591050883
0.01283047345
0
0
0.03962097904
0.001624252498
0.02543492852
0.03558641146
0.009930130105
0
0
0.02855970633
0
0.0195424907
0
0.009733509029
0
0.01888961436
0
0.02425010387
0.03164894293
0.001564257495
0.02336047961
0.0224736423
0.02157971274
0.00E+00
0
0
0
0.0006612035886
0
0
0
0.01463075402
0
0
0
0
0.02003699861
0.006564604361
0.02504063126
0.0002488073941
0
0.02071383506
0
0
0.04850230545
0.01665301488
0.01594216679
0
4.98E-02
0
0.0006752508387
0.01939068011
0.02440292212
0.01179066056
0
0.0354920744
0
0
0
0
0
0
0.0362330736
0
0.01851054123
0.06234531734
0.01104862534
0
0.05250131518
0
0
0.01681973172
0
0
0.02259205504
0
0.02457397797
0
0.001668896382
0.02267199777
0.02280863964
0
0.02959777184
0
0
0
0.01754083247
0
0
0
0.019900947
0
0
0
0
0.01197619745
0.03212179961
0
0
0.01171046767
0.02296520226
0
0.0433735371
0
0.003894617417
0
0.01226577634
0
0
0.01074606153
0
0
0
0
0.0257323321
0
0
0.01043936456
0
0
1.17E-02
0
0.05170655081
0
0.004523852744
0.01065876
0
0.0369546641
0.01806167199
0
0
0.001569298358
0
0.04845931489
0.008436725411
0.02608789598
0.04802928007
0.06198021678
0.01957996209
0.01072382487
0.005629470227
0
0.02354796337
0
0
0.0227782413
0
0
0
0
0
0.0001162413126
0
0
0
0.02847703904
0.001610602425
0
0
0.0153570544
0
0
0
0.03033865527
0.02335121121
0.04396272002
0.02573004387
0.01209552999
0.03766650432
0.0211384207
0
0.03040092771
0
0
0.00440845016
0
0.007423319024
0.009153828102
0.01636017736
0.02116965481
0.02437985191
0.00E+00
0.01419838788
0.03531251352
0
0
0.008189329559
0
0
0.004311615665
0.007464899482
0.002864592359
0
0.01670160741
0
0
0
0
0
0.007253930416
0
0
0.01539236033
0.02080527639
0.006715620559
0
0.01118832126
0.02746504683
0
0
0
0.02112009416
0
0
0.02906064229
0.02141091474
0.01717119733
0
0.0614171458
0
0.001592023154
0
0.04572499532
0
0.03088929305
0.0001599851064
0.01666538088
0
0
3.05E-02
0
0
0
0.009674535119
0.01959516317
0
0
2.07E-02
0.005321462408
0.01461873739
0
0.03327164978
0
0
0.009304018253
0
0.009650970738
0.01718156395
1.39E-02
0
0
0
0
0.006718223752
0.002262506909
0.03750485607
0
0.01397009007
4.96E-03
0.02024487331
0
0.0242472612
0
0.01720942397
0
0.008763098431
0.004601907237
0.0101078927
0.004407063647
0
0
0
0.0382811997
0.01206700778
3.52E-03
0
0.0286054725
0.03145626687
0
0.0110948716
0.04867509379
0
0.01429025921
0
0
0.04719782281
0.03215503832
0
0.02376504285
0.01113223888
0
0.04061390814
0.01195190927
0.033880163
0
0
0.01922381228
0
0.00213160782
0
0
0.003020302842
0
0.00E+00
0
0
0.00557914936
0.00267018952
0.03136672558
0
0.01805910175
0
0.01023028454
0
0.02078397376
0
0.007142609065
0.02973298963
0
0.0164035578
0
0.002105074407
0
0
0.01213766574
0
0
0
0
0.002194761896
0
0.006503687354
0
0.02070811986
0.0150009847
0.04742781879
0.000108340396
0
0.01797771638
0
0.02656317147
0.02951087518
0.03060351908
0.02076781813
0.02716110233
0
0.007533855026
0
0
0.04011885006
0
0
0
0.02462076558
0.002372225923
0.0172618031
0
0.01791060796
0
0.006355013576
0.000691454
0.03471130508
0
0
0
0.000201328685
0
0
0
0
0
0
0.04783586172
0.01490478541
0
0.02266338438
0.01029608818
0.003192882548
0
0
0.01505988898
0
0.02174009562
0
0
0.003076897711
0.009274475354
0.002217554572
0.0194816818
0.008919277941
0
0
0.02522889634
0.01162186968
0.01244281474
0.05060210995
0.03397284423
0
0.01178073115
0
0
0
0
0
0
0.005063620361
0
1.99E-02
0.005256503388
0
0.02104382537
0
0
0
0.008028555747
0.01714710053
0
0.01779866098
0
0.01134741524
0.02273450331
0
0
0.01421338774
0
0
0
0.01266365707
0
0
0.00607029675
0
0.04583368459
0.0001389530578
0.03032256334
0.03948727797
0.06217714502
0
0.01427629871
0.03255572308
0.01686515552
0
0.05396617891
0
0
0.0503110759
0
0
0.009342082975
0
0.04702144685
0.003961220585
0
0
0
0
0
0.01435366592
0.03656627225
0.002788617372
0.01950203157
0.02203186605
0.02203466146
0.04012206225
0
0.0227185891
0.01392645926
0.002159651149
0.005090058704
0.01085766231
0
0
0.02784929586
0.02112145675
0.04707880444
0
3.39E-02
0
0.018282042
0
0.0152652445
0
0
0
0.01417635722
0.03348263187
0.01591907926
0
0.01711587679
9.53E-06
0
0.01256878431
0
0
0
0
0
0.01733083902
0
0.04212311759
0
0.003099214706
0
0
0
0
0
0
0.02541959312
0
0
0.0001736891549
0.003542695047
0
0.03279902479
0.004588391992
0.05975200215
0
0
0
0
0
0.007987855652
0.02984294216
0.06916559289
0
1.84E-02
0
0.03645328442
0
0.03231978599
0.002555405072
0.03998070273
0.04364912898
0.001440978863
0
0.005955252843
0.001255602939
0
0
0.04631583322
0
0
0.00217012769
0
0
0.004701377324
0.04134114723
0
0
0
0
0.01224916396
0.01056369096
0
0
0.00918488671
0
0
0
0
0
0.04447932689
0
0
0.02594164198
0
0
0
0
0.03363559382
0
0
0
0.01476392243
0.03603299399
0
0.03172792181
0.009093876299
0
0
0.0200118127
0
0
0
0
0.02006126725
0.001062242711
0
0
0
0
0.002507265293
0
0.00524456822
0.02841898039
0.04048909819
0
0
0.006234818423
0.05184605548
0.007939874212
0
0
0
0
0.00E+00
0
0
0.01461581089
0
0
0.06527093323
0
0.007526758012
0
0
0.03753474033
0.006003603374
0.001001611267
0.02751503239
0.03186809579
0.01125054641
0
0
0
0
0
0.00E+00
0.0442429983
0.01401765748
0
0
0.01131063382
0
0.01213147869
0
0.01433290828
0
0
0.04200188703
0
0.04403177051
0.02058184032
0
0
0.001462518872
0.03592899711
0.00830748544
0.02061484332
0
0.0325876291
0
0.03045598062
0
0.01273414656
0.02808631274
0.01076510982
0
0
0.03432741021
0
0.003723161743
0.001883226136
0.0325195039
0
0
0
0.02486737291
0
0.02615718003
0
0
0.009293041248
0.04015208173
0
0.01528368388
0
0
0.03047829189
0
0.01373230102
0
0.0009373893174
0.01668041669
0.03757194767
0
0
0
0
0.04955506695
0
0
0
0
0
0
0.000166982578
0
0
0.02678485196
0
0.01304212533
0.02319045831
0.01561431977
0
0.04904316927
0
0
0.003764069799
0
0.009265775329
0
0.02615703906
0
0
0.02206740816
0
0.02270871415
0.01418985922
0
0
0.00334558379
0.006812367553
0.01413605424
0.06904298421
0.0207274876
0.04712816006
0.05981208623
0
0
0.01018849656
0
0.01883655275
0
0.01659773276
0
0.01883842055
0
0
0
0
0
0.01961829764
0
0
0
0
0
0.03336365564
0.02414231693
0
0
0
0.01454923897
0.007311469628
0.04144814422
0
0
0.04198695467
0.003284557968
0.01313769137
0.00229663772
0
0
0
0
0
0
0.02603426656
0.02339717443
0
0
0.03245499305
0.02195255593
0
0
0
0
0
0
0.05960593983
0
0
0
0.02970846497
0
0.001073821294
0
0
0.02305373453
0
0
0
0.006685829966
0.01006754502
0
3.49E-02
0
0
0.04837293999
0.004347225799
0
0.01672139475
0
0
0
0
0
0
0
0
0
0.02861373169
0
0.00187161006
0.0183823832
0
0
0.009972114051
0.01772933708
0.004858482285
0
0.03395857378
0
0.01030437801
0.003832862758
0.02717703391
0
0.004464348131
0.03614184988
0.009420251829
0.05135903239
0.01443678183
0
0.00141361305
0.009061639509
0
0
0.002427927512
0
0
0.003909855462
0
0
0.0238702528
0.00929492134
0.03498746623
0.02619495216
0.008135967063
0.04039803871
0.005339622611
0
0
0.03686498887
0
0.06204718737
0.007067957372
0.04755928332
0.006862405856
0.04823386718
0.005674481056
0.01639485749
0
0.01774024401
0
0.01924331897
0.01293194482
0.02560921279
0
0
0.01291080452
0.008744568945
0.01220921579
0
0.005580379292
0.006217934693
0.02683548126
0.01921859384
0.01434173135
0.0253663488
0
0
0.00853644799
0
0
0.008857870149
0.01492318456
0.02206326701
0
0.03196629751
0.006201248849
0.02625844988
0.01188923408
0.04979701559
0.04566039028
0.0001174372696
0
0.01315857283
0
0
0.006078032126
0.008109513701
0
0.0124179261
0
0.01491814073
0
0
0.03078240436
0.03009273985
0
0
0
0
0
0
0.02126739542
0
0
0.03003949617
0.00E+00
0
0
0
0
0
0.05792227126
0
0
0
0.01031934856
0
0.00567584536
0.003729715319
0.01812781891
0.007307571855
0.00E+00
0.02405400121
0.03006357498
0
0
0.02535431068
0.01306162535
0.001069860516
0.03911933444
0
0
0.00472715863
0.0216696001
0
0.05558455084
0.003407510221
0
0
0.03606859254
0
0.00E+00
0
0.001411288251
0.01917183892
0
0
0
0.02183066457
0
0
0.002742508014
0.005866283013
0
0.008818700964
0.008180130648
0.0005170218449
0.00642396216
0
1.87E-02
0.0234145664
0.03435130196
0
0.0301336216
0.01241623398
0
0
0.003518649662
0
0.01451161834
0
0.04002307787
0
0
0
0.03288033462
0.01936766101
0.001320877862
0.0003154351918
0.04886222696
0.03428026956
0
0
0
0
0.02735078701
0.002767369146
0.002608045552
0.00893294348
0.01397233319
0.02771817855
0.01511982174
0
0
0.01769746933
0.01792115278
0.0007416641536
0
0
0
0
0.01065751413
0
0
0.02928326935
0.007627832586
0.01060722271
0
0
1.73E-02
0
0.0120740373
0
0
0
0.0231536831
0
0
0.02547830998
0.0474211557
0.02109741716
0
0.01379853033
0.02034721933
0
0.04124723344
0.02134774112
0
0.0006318019193
0.03776459074
0.01261096718
0
0.01145496824
0
0.008072578788
0.008669318408
0
0.01056162939
0.002161492806
0.01806854692
0.0210345992
0
0.01288709345
0.03890348508
0.01234893108
0.007665813306
0.01616773671
0
0.012483989
0.02434836852
0
0.004536356977
0.01445715285
0
0.04381807702
0.0117999267
0.01771706594
0
0.05861276197
0
0.0110423594
0
0
0.03930750652
0
0
0.0120473468
0
0
0.04806113786
0.01185939704
0
0
0
0
0.01556386545
0
0
0
0
0.02982083426
0
0
0
0.01594533961
0
0
0.02369899494
0.006223414892
0
0.04420090398
0
0
0
0
0.01882093841
0
0.0008054704916
0.004563209592
0.00E+00
0.02071343723
0.02270659887
0.03108313379
0.02301848939
0
0.002905434238
0.03389572562
0
0.02031779892
0.024989399
0
0
0.02838570085
0
0
0.02732676619
0
0.02926556317
0.01471884272
0.04546516734
0.02665662791
0.003426228442
0.004215380641
0
0.0008341502024
0.01792301949
0
0
0.01062713316
0
0
0.02137317179
0
0.01812348516
0
0
0
0.01320152428
0.02412109078
0.007932765384
0.01728308156
0.00E+00
0
0.01592231563
0
0.06188831765
0
0
0
0
0
0
0
1.74E-02
0.0228200093
0
0.009629778157
0
0.01797163241
0.01176335646
0
0
0
0
0
0.0393815441
0.01506513442
0
0.02283064042
0.04567436737
0.02012325798
0.003525002489
0.01711293994
0.03421390253
0
0.01409147941
0.0136974823
0
0.009393510336
0
0
0.0119654477
0
0
0.006365531897
0
0
0.04203040393
0
0.02954424361
0
0.03890278722
3.81E-02
0
0.004061823184
0
0.008953206486
0
0
0.04006105048
2.65E-02
0
0.0004770147529
0.04705079006
0.01227630558
0.05557435736
0
0.03700670816
0
0
0.02789711264
0
0
0
0.01114677737
0
0.04059583283
0.0008203318673
0.02189273408
0
0
0
0.00E+00
0
0.02406261937
0
0.006056403011
0
0.008200255013
0.001474037248
0
0.03841154611
0
0
0.002170017783
0
0
0.003444795721
0.02913655767
0
0
0.009200198607
0
0
0
0
0
0.03466924338
0
0
0.01470344538
0
0
0.01409579335
0.009580125473
0
0.008127635402
0.005671236981
0
0
0.004333082545
0.009556259306
0.0200553168
0
0
0.01036099128
0.00302636781
0.0315662755
0
0
0
0.0003848052162
0.03445504973
0
0
0
0
0.02713237422
0.03095902985
0.02007594657
1.40E-02
0
0.02657570559
0.05951482611
0
0.01125248157
0.005606176548
0
0
0
0
0
0.03168767765
0
0.02298662536
0
0.0364577341
0
0.00E+00
0.01837404652
0
0.04248122051
0
0.03486294787
0
0
0
0.02719287751
0.01350720428
0
0.03060739811
0.0006559009363
0
0
0.0142560322
0
0
0
0
0
0.00E+00
0
0
0.01860515841
0.01150039504
0
0.007220285324
0.03813872315
0.04906840923
0
0
0
0.01243316574
0.03655307515
0.008647838414
0.03075630766
0.03046748154
0.01603460592
0
0.02876256374
0
0
0
0
0.04299352685
0.01290446698
0
0.008427626664
0.02729474888
0
0
0.005450294237
0
0
0.03804897199
0
0.02938491687
1.22E-02
0.01771646687
0
0
0
0
0
0
0.01510133361
0.03263310083
0.009611475938
0.05591990256
0.03062355728
0
0
0.008612425678
0
0.01152592327
0
0
0.03507012233
0.03754456956
0.003664253197
0
0
0.0249132355
0
0.009001799527
0
0
0.02697475303
0.01025003655
0.03467669324
0
0
0.01318762755
0.003673260435
0
0
0
0.02780344888
0
0.0244509195
0.04032141921
0
0.01273352355
0.0319846741
0.01345715486
0.01523494138
0
0
0
0
0.003575660527
0.01843606224
0.01733900855
0
0
0.03557625465
0.01038205454
0
0
0
0.002975263168
0
0.02475315036
0
0
0
0.01192682164
0.009802963633
0.03701965718
0
0.0301019846
0
0.01620004285
0.01675435197
0.02966358687
0.00E+00
0
0
0.02866959619
0
0
1.59E-02
0.01058233609
0
0
0.01136408434
0
0.01876102063
0.03155971684
0.01943066994
0
0.01283300109
0.01774424158
0.01114797212
0
0.009622283093
0.008234619348
0
0
0
0.02963655348
0.01321886224
0.02596736633
0
0.01338447062
0
0.02671011156
0.02127215404
0.0009647335952
0.01544017218
0.06295216366
0
0.01671759434
0
0
9.80E-03
0
0.01035198187
0
0
0
0
0
0
0
0
0.002396562879
0.03694334848
0
0
0
0.06124881123
0.06503814883
0
0
0
0.001525298348
0
0
0.02727669036
0.005087957527
0.00915076139
0.01020339379
0.004319274571
0.003866281313
0
0.00E+00
0.02357570705
0.05239680429
0
0.02419275853
0
0
0.01121045712
0.01133533836
0.01012424155
0
0
0.04412062767
0
0
0
0.006775116073
0.02461473664
0.05056749246
0
0.01624258603
0.01378050762
0.01446201475
0
0
0.01706818696
0
0
0
0
0.001997806397
0.001052089252
0
0.01023089896
0
0.05093240826
0
0
0.001149389764
0.0640470184
0.03682881236
0
0
0.05327872256
0
0
0
0
0.004068950428
9.82E-03
0
0
0.0153838306
0.05130677822
0
0.003868312332
0
0
0.01164478368
0.01637614804
0.01181251107
0
0
0
0.01045108955
0.003516705668
0
0.02789191334
0.007104001693
0.01953260769
0.009810332526
0
0.003774889064
0.01059338585
0.03115573278
0.0157615078
0
0
0.0419200295
0
0
0
0
0.05369348496
0
0.01983502306
0
0.02292860816
0
0
0.01230248115
0
0.01663864383
0
0
0
0
0
0.03588886843
0.05697937457
0.01490206789
0
0
0
0
0
0
0
0.01465919113
0
0.02604998883
0.03440241432
0.001863319821
0
0.02158049205
0.0186063491
0.01198757602
0
0.02662116527
0
0.02395800414
0.00E+00
0
0.04184330965
0
0.03509147325
0
0
0
0.02720968458
0
0
0.02063133681
0
0
0
0
0.00237615093
0
7.00E-04
0.01250941253
0.01708101322
0
0
0.003130058133
0.007848931729
0.01373376604
0
0
0.02053324641
0.003873311182
0.0252406225
0.002594562852
0.02811343629
0
0.02337976865
0.04733123859
0.003530317566
0.01290585699
0.03147540033
0
0
0.003995911516
0.01883761178
0.02283974877
0.0302528762
0.03769129986
0.001648218224
0
0.01570779775
0.04027658734
0.01546220589
0.023163545
0.01286174671
0.01659657371
0.03087659109
0.02979665715
0
0.004376382995
0.052741305
0
2.72E-03
0
0
0.01224641896
0
0
0.0003024283733
0.02358159419
0
0.008639495513
0.01796719883
0.02330772266
0
0
0.03627201497
0
0.004279934043
0
0
0
0
0.0108654841
0
0
0.007203993226
0
0.02398276327
0
0.005169842653
0.007274261503
0.02399386297
0
0.01814261313
0
0
0
0
0
0.004022707966
0.003166683045
0.004998401438
4.21E-03
0
0
0
0
0.03817978489
0.0004612434049
0.004137312359
0
0.04725420844
0.02244117256
0
0.01900472084
0.00E+00
0
0
0.01506454562
0
0
0.02958857426
0
0
0
0
0.02468179922
0
0.01218989607
0.01020055354
0
0.01329353186
0.02756499574
0.008309246064
0.005106921124
0.00E+00
0.01635544354
0
0
0.02966204023
0
0.03208240305
0.0232082059
0.01506742961
0.004521758787
0.00525685883
0.004891495104
0
0
0
0
0.008268251096
0.01141391167
0.004567122323
0.01856095349
0.02154663609
0.006683700685
0
0.02470212108
0.04450365296
0.02273987815
0.02190477964
0
0
0.00695701879
0
0
0
0
0.005856507427
0.01160756188
0.01531188446
0
0
0.0273663864
0.01106323832
0.01309187518
0.01004203421
0
0
0
0
0.01437546089
0.0293007032
0
0.04424363027
0
0.01352308116
0.03302734121
0.04519897738
0
0
0
0.007291845435
0.02088922712
0
0
0
0.003371715749
0
0.003163624192
0.002334068341
0.01041449946
0
0.008291885745
0.006136185665
0.02825192489
0.007151872249
0.00648095672
0
0.003674962942
0.02604208459
0.01394207767
0
0.03992751364
0.01720811822
0.02835579186
0
0.03923378462
0
0.03446889734
0.02141143404
0
0.04366079149
0
0.005647742023
0.03804949196
0
0
0.01824423912
0.006448118773
0
0.01428060901
0.005206071143
0.02270455197
0.01565786009
0.044789667
0.007431160318
0.01747058531
0
0.02018625612
0
0
0.00190006254
0.06283552393
0
0.007679118422
0
0
0.005624478549
0
0.01569826884
0
0
0.01886984874
0
0.002923177086
0.01611445462
0.016523724
0
0.0143426348
0.004064472711
0
0
0.006201732978
0.003891793542
0.02414472206
0
0
0
0.01178081345
0
0.02355081711
0
0
0.04954616201
0.01094210832
0
0
0
0.02573875555
0
0.0570000619
0
0
0
0
0.02484136309
7.03E-05
0.02055686137
0
0.03194573125
0
0.005966630187
0.003630810033
0
0
0
0.04892349683
0
0.01510672172
0.005967473355
0.01575372539
0
0
0.01873369759
0
0.01264519247
0
0
0
0.03296498598
0.004964544813
0.02570568003
0
0.02608205633
0
0
0.01111056594
0
0.01941694133
0.03140202324
0
0
0.03578831737
0.01395405155
0
0
0
0
0.03633038692
0.03213181422
0
0
0.01887812118
0.006460947514
0
1.51E-02
0.03146981002
0
0.00998216675
0
0
0
0
0
0.01502945655
0
0
0.004497073848
0
0.01347524045
0.009715063362
0
0.002740450579
0
0.03708146838
0.06502238974
0
0.006252150237
0
0
0.0155811556
0
0.02331155828
0
0.004122217103
0.02984291136
0.02582351853
0.001774211422
0
0.02562235657
0.01102904913
0
0
0.03581082096
0
0.01331192012
0.00E+00
0
0.01434093393
0.01158271147
0.03404354764
0
0.01173238105
1.63E-03
3.01E-02
0
0
0
0
0.02954366365
0
0.02575854631
0
0.009187118726
0.0143153815
0
0
0
0
0.04409187325
0.02855084188
0
0.002948022908
0
0
0.07458348306
0.008352890801
0.006142973155
0
0.004353982117
0
0.04824165821
0
0
0
0
0.009533868046
0.03207467708
0
0
0.009540728194
0.003294733561
0
0.009341639942
0
0.02452294199
0
0
0.02288615084
0.02606960727
0
0
0.02201765782
3.46E-02
0
0.01386543095
0.01802512643
0
0.02836169579
0.006890420149
0
0.005260960577
0
0
0
0.02623049688
0.03541451421
0
0
0.00638880206
0
0.003644023073
0
0
0.003330201288
0.01071169076
0
0
0
0.00150312951
0.01525825703
0
0
0.03124846299
3.57E-02
0
0.0305289162
0
0
0
0.01148013503
0.01309516673
0.0008055351717
0.00E+00
0
0
0.02485459627
0
0
0.0428890551
0
0
0.01231778
0
0.008404604201
0
0
0
0.02617877544
0.00519297951
0.02842810791
0.001124166603
0
0
0.02681463205
0.05770889881
0.004282444786
0.005031874605
0.0003050427544
0
0
0.01595208466
0.02305921977
0
0.01961339169
0.006994745167
0.03136022903
0
0
0
0.009941814521
0.02197072971
0
0.02965579105
0.04926929022
0.03165430465
0.03492116552
0
0
0
0
0
0.006750763694
0
0
0.00E+00
0
0
0.001149044819
0
0
0
0.01928799194
0.01342586813
0
0.01717111579
0.007964334795
0
0.02164030505
0
0
0
0.003365772003
0
0
0.05215838433
0.04308030372
0
0.01164854873
0
0
0.001510505676
0
0
0.004890095576
0.05766564677
0
0
0
0
0.02419472952
0
0
0
0.03039239692
0.01638482637
0.05286281895
0
0.01549591009
0
0.02735809743
0
0
0
0
0.006162588331
0
0
0.01320253002
0.03096706768
0.005699784755
0.01821567182
0.05063115566
0
0.01811242383
0.03238265157
0
0
0
0.02302817438
0
0.000765829561
0
0.01847803082
0
0.0487269037
0.02697552647
0
0.02405645396
0.07180550834
0
0
0
0
0
0.03691380032
0.0190865681
0.001917671741
0
0
0
0.03871455266
0
0.02813219289
0
0.03172570695
0.02590174613
0
0.007795549348
0.001097209618
0
0
0
0
0.01255671155
0
0.04152332384
0
0
0.01585548704
0.03054849211
0
0.007845539324
0.01186609749
0
0.02405061888
0
0.01638456736
0
0
0
0.02871536545
0
0.01094320834
0.00E+00
0.01916568094
0.005639347704
0
0.00E+00
0
0
0.02630655662
0.02227061108
0.003591443827
0
0.00E+00
0.02023056632
0.01252619176
0
0
0
0
0.02857006272
0
0.00E+00
0
0.002491694265
0.01495826283
0.02262750125
0.01292380124
0.009905887162
0
0
0.02174180862
0.02981728622
0.01839438023
0.01455864668
0.003612391448
0.01854896007
0.009964267644
0
0.03623625031
0
0
0
0.0265602427
0
0
0.01834934965
0.02212022507
0
4.51E-02
0
0.02570467454
0
0
0
0.0175224364
0.01206971123
0.00375888407
0
0
0
0.02722015649
0
0.04443737353
0.0325474781
0
0
0.007853311786
0.001178927988
0.01770462126
0.06494628754
0
0.003350489252
0.0359493832
0.03034703114
0.01900881477
0.001324978603
0.02386648855
0
0
0
0
0
0
0.02572172641
0
0.02094826708
0.02434972414
0.0432046928
0
0.02798785898
0
0
0
0
0.007736088513
0.01441275924
0
0.04041771346
0.03999567336
0.00E+00
0
0.0009035503256
0
0
0.02061428446
0
0.009498083
0
0
0.01663899894
0
0
0.008357998583
0.006762692381
0.01982822071
0.00414141317
0
0
0.03162463137
0
0
0.01776237937
0
0
0
0.04045719604
0.01773342987
0
0.02330587889
0.05276334096
0
0
0.01424798072
0
0.03018706598
0
0
0
0
0
0.003209196204
0.02433581159
0
0.01026663861
0.03947783649
0.04232187544
0
0
0.007365704467
0.008953804613
0.00E+00
0.03160320817
0
0.02355633767
0
0.02245438983
0.03022315655
0.009095488207
0
0.06113600848
0.005584945499
0
0
7.59E-03
0
0
0.007813369406
0
0
0.01846138319
0.001061105271
0.02276072588
0
0.0189295787
0.04337281062
0.03278835806
0
0
0.0236029571
0
0.02300919483
0
0.006896541238
0.00E+00
0.01087197898
0.01227336927
0
0
0.06429327971
0
0.008402718011
0.02571697621
0.003919761831
0.003497178094
0.006915309024
0
0
0
0
0.03143243809
0.0247380143
0
0.02003201224
0
0.01890610926
0.03147914257
0
0
0
0.03658689134
0
0
0.01311389006
0.007152957402
0
0
0
0.01282990797
0.03576060919
0
0.03155730949
0.04106795652
0.003368009173
0.00703535873
0
0.04214815065
0
0.02128884334
0
0
0.009895871718
0
0.01464475392
0
0.02640566508
0.04304098755
0.003577772711
0.01561458753
0
0
0
0
0
0.01190766902
0
0
0
0.02171688422
0
0.001337091358
0
0
0
0.06813249186
0.01115197684
0.01153671841
0
0
0
0
0.04422522792
0
0
0
0.02388407591
0.03465620202
0.01421399063
0
0
0
0
0
0
0
0.0280178413
0.04410019177
0.01990020263
0
0.01184409781
0.009960879942
0.02686638756
0.004303695425
0
0
0
0.008175512223
0.04592564918
0.02174182229
0
0.01330202641
0.0282074824
0
2.64E-02
0.03211843896
0
0
0
0
0.02116165664
0
0
0
0
0.01265661934
0.03884488758
0
0.002202657086
0.001767312938
0
0
0.01787398862
0.003532851081
0.00589227649
0.01962287368
0.02610595384
0.005481713965
0
0.03236382756
0.009510584363
0.03138808701
0
0.00E+00
0.04041699793
0.00E+00
0
0
0.03461604266
0.0265502321
0
0.01636797776
0
0
0
0
0
0.002804014533
0
0
0
0
0.008941107574
0.02375279915
0.01281097515
0
0.02762872174
0.01062856351
0.03625234246
0
0.0005367194661
0
0
0.0220216417
0
0
0.0009011247625
0
0.00600691719
0
0
0.04449581693
0
0
0.02429690641
0
7.44E-03
0
0.0003276078965
0.03615524687
0.01255687173
0.01650272344
0
0.01405277355
0.01085847441
0.01377483904
0
0
0
0.04734729487
0.01376669329
0.01243392919
0
0.0180386458
0
0.002632001832
0.01312740586
0.03351423638
0
0.02457731774
0
0.0001053609396
0
0
0
0
0
0.03900460111
0.01913621074
0.07743832772
0
0
0
0
0
0
0
0.0007419570255
0
0.006324948379
0.01113534185
0.03882699062
0
0.00E+00
0.002841977965
0
0
0.0289900515
0
0
0.02013501406
0
0
0
0
0
0.04435902061
0
0
0
0.03812219738
0
0
0
0.03059795908
0
0
0.01028376001
0
0
0.02791781462
0
0.05385678098
0.02685117979
0
0.003782962123
0.01029920809
0
0.00E+00
0.03987914499
0.01742028436
0.08256278726
0.06072780736
0.01020390107
0
0
0
0.03645227679
0
0.01432654936
0.021176376
0
0
0
0
0.01451267221
0
0.04654901104
0
0
0
0
0
0
0
0
0
0.02918964122
0.01329494993
0.005672728201
0.003443194424
0
0.01440712779
0.02174970654
0.01672470317
0.001629159104
0.04498845104
0
0
0.00324080866
0.0467859496
0
0.02555475798
0.05573608931
0.01489206205
0
0.01538476914
0
0.0177536979
0
0
0.02938927034
0.03688777006
0.006502525637
0
0.002790088041
0.006342385673
0.01597171783
0.008647597054
0.02867295993
0
0.0003810160379
0.01399775034
0.01004358196
0
3.10E-02
0.02011939418
0
0.0339207148
0.008307581409
0
0.01667273187
0.01357532128
0
0.02391063198
0
0
0.008367271187
0
0.001219928889
0
0
0.02600661015
0.02440579651
0
0.009790602192
0.0111218389
0.02481428905
0
0.01768811381
0
0.004089254868
0.0009619297568
0
0.04182914371
0.006259263976
0.01422153916
0
0.001224791488
0
0
0
0
0
0
0
0.009137751596
0
0
0.006892694897
0.005397707685
0
0.009985683278
0.0182312114
0.004695218295
0
0.02358687856
0.004732783737
0.04339787831
0.02926180959
0.00471157267
0.002212763527
0.008208289055
0
0
0
0.01118619048
0.02295671457
0
0
0.06799024051
0.009014067321
0
0
0
0
0
0.04303260918
0.004201215047
0.01140251648
0.01746520946
0.02865596103
0
0
0
0.03616428472
0
0.02549834318
0
0
0
0
0
0
0
0
0.004695994063
0
0.009739696582
0
0.003927342088
0.0761758922
0.001649450501
0.004319316686
0.06969224968
0
0
0.03642904244
0
0.001045335368
0.006981574044
0
0
0
0
0
0.01017675147
0.03920634329
0.009913603544
0.06910407107
0
0
0.02586914943
0
0
0
0
0.03181309963
0
0
0
0
0
0
0
0.01196391236
9.40E-04
0.01893636099
0.02234146918
0
0.02264908262
0.06639649842
0.02692734212
0.01146070227
0
0.05483656336
0
0.01583230863
0
0.001218999474
0
0.01865866199
0.008894467832
0
0
0
0
0.0182269111
0.01821317417
0
0
0
0
0.004197031429
0
0
0.01569147804
0.03894451821
0
0
0.04295627201
0.02482291324
0
0.0139965908
0.005530885778
0
0.01184034106
0
0.04451857586
0.01423682755
0.01083937701
0
0.02159783101
0.01788419827
0
0.02243572638
0.003878417309
7.15E-03
0
0
0
0
0
0.009191640793
0
0
0.01750029269
0
0.00875413341
0.009594660008
0.01799235018
0.01626037256
0.02250490583
0.00626652345
0.01752436411
0.02605500697
0.0045887395
0.005755349689
0
0
0.000819349691
0
0
0
0.02440789723
0
0
0.00722087195
0.02352143432
0.02139707582
0
0
0.02401422644
0
0
0.01709342754
0.02680131462
0
0
0
0
0
5.79E-03
0
0.01300987757
0.01818541349
0.01271207701
0.02736138168
0.03838271283
0
0
0.009741364305
0.02475725265
0.0212355727
0
0
0
0
0.00E+00
0
0.02553002026
0.02262128114
0.01132057064
0.01032777724
0.005845672577
0.001291375907
0.01663621037
0
0.02183399233
0.02220512559
0.01471743294
0.02154144103
0
0.02408965488
0
0.02727903951
0
0
0.03631835321
0
0
0.01199734596
0
0.00E+00
0.01853033013
0.03234585799
0
0
0.02615339358
0.004306459435
0
0
0.01228284542
0
0
0
0.03115325143
0.02330564054
0.005931069459
0.001031356339
0
0
0
0.01881232356
0.01238096251
0.03251218093
0
0
0.03848148557
0.03006797844
0
0
0.01280466013
0.03992627538
0
0.03134177424
0
0
0.03373047839
0
1.50E-05
0
0
0
0.03249239033
0
0
0.0024440053
0.03304858933
0
1.34E-02
0.0138013808
0
0.04722530576
0.004966430656
0.02551422161
0.02475289427
0.00E+00
0
0
0
0.04620241207
0
0
0.03716792283
0
0
0.005730265275
0.005759620639
0
0
0
0.001309746155
0.00252381541
0
0
0
0
0.009271878025
0.02364462104
0
1.53E-02
0.0007061523883
0.02615075211
0.05284434831
0.02247490682
0.0008780124459
0
0.002464005545
0.03950198909
0.006518285323
0.00196418977
0.01895033051
0.01358074368
0
0.0159957028
0.0454838198
0.007105830945
0
0.01734351144
0
0
0.0434059771
0
0
0.010681202
0.02476665986
0.05819417803
0.002590705937
0
0
0.005649969179
0.003460833315
0.00E+00
0.01959530116
0
0.0102897937
0.02886911886
0.00717914797
0.002255181727
0.01103993644
0.0114010211
0.002241820415
0
0
0.006072518166
0.002033143654
0
0
0.05183212186
0
0.00390940582
0
0.03129891526
0.0009275324518
0.003926831381
0
0.01927060932
0.02374582878
0.02143299996
0.01191436017
0.01948273919
0.01212886582
0.02830914738
0.01146948893
0.009278121106
0
0
0.001536405398
0
0
8.58E-03
0.0301933921
0
0.01804875282
0.002944251291
0
0
0.02610091059
0.01699418906
0
0
0.02254923969
0.02843896489
0
0
0.03182122281
0
0.004911579552
2.43E-02
0.01270752119
3.15E-02
0
0.02219435853
0.01656079574
0
0
0
0
0.02886056186
0.003066398612
5.27E-03
0
0.01950766982
0.00772681859
0
0.02976746028
0.003426486701
0
0.02564590592
0.008678902718
0
0
0
0
0
0.005236129925
0.003432313111
0.03676067216
0
0.01308462474
0.02515502367
0
0
0
0.04980887383
0.01333858485
1.69E-03
0.006454438339
0.03833337435
0
0
0
0.004471058589
0
0
0.0001959193345
0.02510751736
0
0.006813724501
0.007504418885
0.0138578883
0
0.02759293896
0
0
0.02307575708
0
0.0079666474
0.01852227711
0
0.01965023368
0
0.004987372114
0.008163370093
0
0
0
0.0203481968
0
0
0
0
0.005571993059
0
0
0.01420582138
0.003594360063
0
0
0.04247051749
0.04240672086
4.16E-02
0.03234732596
4.48E-02
0
0.04698910519
0.002698443252
0.02386362427
0.03357042309
0
0.01134566443
0
0
0
0
0.01154219669
0.004180882011
0.0008340834061
0
0.01113698943
0.009397938678
0.0003811058263
0.02317772375
0
0
0.009575202105
0
0
0.07320437283
0
0
0.02915367414
0
0.03007669595
0
0
0
0.0527625354
0
0.01761396628
0
0
0
0
0